Generating Population from [ 0.00000000e+00 -1.45799022e-12 -2.28980078e-13  4.62010753e-11 -1.75214813e-10 -1.83669770e-15  8.52944060e-16  2.29423303e-05 -2.04721003e-06 -1.59792834e-08  9.98214034e-10]
*******************************
***iteration: 0 Population is***
*******************************
Population scores:
[2.24066452e+10 2.90629015e+11]:[-9.80313577e-02 -1.35916464e-12 -2.31074368e-13  4.71141741e-11 -1.69847360e-10 -1.91154820e-15  8.56394671e-16  2.23033331e-05 -2.06084304e-06 -1.56376954e-08  9.99719644e-10]:11.065521734465374
[8.8404249e+10 1.8726572e+11]:[ 7.19922986e-02 -1.37418807e-12 -2.22075826e-13  4.71881235e-11 -1.71977204e-10 -1.86534863e-15  8.59557352e-16  2.27260670e-05 -2.00709742e-06 -1.68835665e-08  9.90080151e-10]:11.089925461685505
[1.35107232e+10 3.68296581e+11]:[ 0.00000000e+00 -1.45799022e-12 -2.28980078e-13  4.62010753e-11 -1.75214813e-10 -1.83669770e-15  8.52944060e-16  2.29423303e-05 -2.04721003e-06 -1.59792834e-08  9.98214034e-10]:11.138889068664273
[2.51427810e+10 4.54391367e+11]:[-9.07178522e-02 -1.49687884e-12 -2.30326446e-13  4.56757496e-11 -1.66314370e-10 -1.79405206e-15  8.62377232e-16  2.35945482e-05 -2.02660531e-06 -1.68941996e-08  1.00521967e-09]:11.243979535605417
[6.05522835e+11 6.35106314e+11]:[-9.36824111e-02 -1.39388391e-12 -2.30583829e-13  4.70353813e-11 -1.82178241e-10 -1.87398563e-15  8.52476000e-16  2.32573568e-05 -2.11980891e-06 -1.58442112e-08  9.88280673e-10]:11.789494022625798
[3.85667067e+11 1.62944719e+12]:[-7.68684990e-02 -1.49535777e-12 -2.22997167e-13  4.71768284e-11 -1.77994053e-10 -1.74890833e-15  8.59755419e-16  2.25861553e-05 -1.95839333e-06 -1.67617477e-08  1.00470051e-09]:11.914337925073077
[1.26273445e+12 3.83698274e+11]:[-2.79228370e-02 -1.98596499e-12 -1.86104567e-13  5.18629534e-11 -1.21790814e-10 -1.00382412e-15  8.02108100e-16  2.07014438e-05 -1.42597436e-06 -2.42185839e-08  9.11168334e-10]:11.980036017360758
[5.79274378e+12 1.43216179e+13]:[-4.14024507e-03 -1.93334276e-12 -1.65741754e-13  3.72667143e-11 -1.80745697e-10 -2.26272203e-15  7.90429476e-16  2.96951429e-05 -1.44561049e-06 -2.24505024e-08  9.34115453e-10]:12.943388142162224
[1.46298687e+13 3.15351793e+13]:[-1.82744572e-02 -1.50782348e-12 -2.82182471e-13  3.93391846e-11 -1.12039404e-10 -1.30321856e-15  8.96808918e-16  3.10003156e-05 -1.59080016e-06 -2.23865334e-08  1.02946836e-09]:13.312742659773559
[8.04868009e+13 1.64014974e+14]:[ 6.33533441e-03 -7.91157314e-13 -1.98648170e-13  5.00168650e-11 -2.31157667e-10 -1.22174441e-15  8.34755276e-16  3.02154256e-05 -1.10039698e-06 -1.92382375e-08  1.00354754e-09]:14.04029237581214
Selected: [0 2]
***************
***CROSSOVER***
***************
Population scores:
[2.24066452e+10 2.90629015e+11]:[-9.80313577e-02 -1.35916464e-12 -2.31074368e-13  4.71141741e-11 -1.69847360e-10 -1.91154820e-15  8.56394671e-16  2.23033331e-05 -2.06084304e-06 -1.56376954e-08  9.99719644e-10]:11.065521734465374
[1.35107232e+10 3.68296581e+11]:[ 0.00000000e+00 -1.45799022e-12 -2.28980078e-13  4.62010753e-11 -1.75214813e-10 -1.83669770e-15  8.52944060e-16  2.29423303e-05 -2.04721003e-06 -1.59792834e-08  9.98214034e-10]:11.138889068664273
&&&&&&&&&&&&&&&&&&&&&&&&
&&TOURNAMENT SELECTION&&
&&&&&&&&&&&&&&&&&&&&&&&&
parents:
[-9.80313577e-02 -1.35916464e-12 -2.31074368e-13  4.71141741e-11 -1.69847360e-10 -1.91154820e-15  8.56394671e-16  2.23033331e-05 -2.06084304e-06 -1.56376954e-08  9.99719644e-10]
[ 0.00000000e+00 -1.45799022e-12 -2.28980078e-13  4.62010753e-11 -1.75214813e-10 -1.83669770e-15  8.52944060e-16  2.29423303e-05 -2.04721003e-06 -1.59792834e-08  9.98214034e-10]
children:
[-4.31120407e-02 -1.36662624e-12 -2.30740700e-13  4.69380200e-11 -1.73788812e-10 -1.91621462e-15  8.54773749e-16  2.26280509e-05 -2.05451139e-06 -1.59750346e-08  9.98459163e-10]
[-6.29764392e-03 -1.35970363e-12 -2.31269132e-13  4.70478551e-11 -1.70248856e-10 -1.88037207e-15  8.55913975e-16  2.27162512e-05 -2.05672624e-06 -1.57658527e-08  9.99315320e-10]
Population scores:
[3.74764126e+10 2.44260140e+11]:[-4.31120407e-02 -1.36662624e-12 -2.30740700e-13  4.69380200e-11 -1.73788812e-10 -1.91621462e-15  8.54773749e-16  2.26280509e-05 -2.05451139e-06 -1.59750346e-08  9.98459163e-10]:11.04080289721267
[2.24066452e+10 2.90629015e+11]:[-9.80313577e-02 -1.35916464e-12 -2.31074368e-13  4.71141741e-11 -1.69847360e-10 -1.91154820e-15  8.56394671e-16  2.23033331e-05 -2.06084304e-06 -1.56376954e-08  9.99719644e-10]:11.065521734465374
[1.42731096e+10 3.41284003e+11]:[-6.29764392e-03 -1.35970363e-12 -2.31269132e-13  4.70478551e-11 -1.70248856e-10 -1.88037207e-15  8.55913975e-16  2.27162512e-05 -2.05672624e-06 -1.57658527e-08  9.99315320e-10]:11.109669385896474
[1.35107232e+10 3.68296581e+11]:[ 0.00000000e+00 -1.45799022e-12 -2.28980078e-13  4.62010753e-11 -1.75214813e-10 -1.83669770e-15  8.52944060e-16  2.29423303e-05 -2.04721003e-06 -1.59792834e-08  9.98214034e-10]:11.138889068664273
Selected for new population:
[-4.31120407e-02 -1.36662624e-12 -2.30740700e-13  4.69380200e-11 -1.73788812e-10 -1.91621462e-15  8.54773749e-16  2.26280509e-05 -2.05451139e-06 -1.59750346e-08  9.98459163e-10]
[-9.80313577e-02 -1.35916464e-12 -2.31074368e-13  4.71141741e-11 -1.69847360e-10 -1.91154820e-15  8.56394671e-16  2.23033331e-05 -2.06084304e-06 -1.56376954e-08  9.99719644e-10]
Selected: [0 3]
***************
***CROSSOVER***
***************
Population scores:
[2.24066452e+10 2.90629015e+11]:[-9.80313577e-02 -1.35916464e-12 -2.31074368e-13  4.71141741e-11 -1.69847360e-10 -1.91154820e-15  8.56394671e-16  2.23033331e-05 -2.06084304e-06 -1.56376954e-08  9.99719644e-10]:11.065521734465374
[2.51427810e+10 4.54391367e+11]:[-9.07178522e-02 -1.49687884e-12 -2.30326446e-13  4.56757496e-11 -1.66314370e-10 -1.79405206e-15  8.62377232e-16  2.35945482e-05 -2.02660531e-06 -1.68941996e-08  1.00521967e-09]:11.243979535605417
&&&&&&&&&&&&&&&&&&&&&&&&
&&TOURNAMENT SELECTION&&
&&&&&&&&&&&&&&&&&&&&&&&&
parents:
[-9.80313577e-02 -1.35916464e-12 -2.31074368e-13  4.71141741e-11 -1.69847360e-10 -1.91154820e-15  8.56394671e-16  2.23033331e-05 -2.06084304e-06 -1.56376954e-08  9.99719644e-10]
[-9.07178522e-02 -1.49687884e-12 -2.30326446e-13  4.56757496e-11 -1.66314370e-10 -1.79405206e-15  8.62377232e-16  2.35945482e-05 -2.02660531e-06 -1.68941996e-08  1.00521967e-09]
children:
[-9.00255632e-02 -1.34947000e-12 -2.30838688e-13  4.56815725e-11 -1.68302375e-10 -1.91579466e-15  8.59141810e-16  2.22998814e-05 -2.03654387e-06 -1.67645489e-08  1.00118794e-09]
[-9.60816846e-02 -1.42910502e-12 -2.30572674e-13  4.61732672e-11 -1.69706081e-10 -1.87369152e-15  8.56214522e-16  2.34929600e-05 -2.04122619e-06 -1.67600377e-08  1.00139759e-09]
Population scores:
[3.25111963e+10 2.42415891e+11]:[-9.60816846e-02 -1.42910502e-12 -2.30572674e-13  4.61732672e-11 -1.69706081e-10 -1.87369152e-15  8.56214522e-16  2.34929600e-05 -2.04122619e-06 -1.67600377e-08  1.00139759e-09]:11.02521506190489
[2.24066452e+10 2.90629015e+11]:[-9.80313577e-02 -1.35916464e-12 -2.31074368e-13  4.71141741e-11 -1.69847360e-10 -1.91154820e-15  8.56394671e-16  2.23033331e-05 -2.06084304e-06 -1.56376954e-08  9.99719644e-10]:11.065521734465374
[1.36325069e+11 2.06695962e+11]:[-9.00255632e-02 -1.34947000e-12 -2.30838688e-13  4.56815725e-11 -1.68302375e-10 -1.91579466e-15  8.59141810e-16  2.22998814e-05 -2.03654387e-06 -1.67645489e-08  1.00118794e-09]:11.206704152998661
[2.51427810e+10 4.54391367e+11]:[-9.07178522e-02 -1.49687884e-12 -2.30326446e-13  4.56757496e-11 -1.66314370e-10 -1.79405206e-15  8.62377232e-16  2.35945482e-05 -2.02660531e-06 -1.68941996e-08  1.00521967e-09]:11.243979535605417
Selected for new population:
[-9.60816846e-02 -1.42910502e-12 -2.30572674e-13  4.61732672e-11 -1.69706081e-10 -1.87369152e-15  8.56214522e-16  2.34929600e-05 -2.04122619e-06 -1.67600377e-08  1.00139759e-09]
[-9.80313577e-02 -1.35916464e-12 -2.31074368e-13  4.71141741e-11 -1.69847360e-10 -1.91154820e-15  8.56394671e-16  2.23033331e-05 -2.06084304e-06 -1.56376954e-08  9.99719644e-10]
Selected: [1 0]
***************
***CROSSOVER***
***************
Population scores:
[2.24066452e+10 2.90629015e+11]:[-9.80313577e-02 -1.35916464e-12 -2.31074368e-13  4.71141741e-11 -1.69847360e-10 -1.91154820e-15  8.56394671e-16  2.23033331e-05 -2.06084304e-06 -1.56376954e-08  9.99719644e-10]:11.065521734465374
[8.8404249e+10 1.8726572e+11]:[ 7.19922986e-02 -1.37418807e-12 -2.22075826e-13  4.71881235e-11 -1.71977204e-10 -1.86534863e-15  8.59557352e-16  2.27260670e-05 -2.00709742e-06 -1.68835665e-08  9.90080151e-10]:11.089925461685505
&&&&&&&&&&&&&&&&&&&&&&&&
&&TOURNAMENT SELECTION&&
&&&&&&&&&&&&&&&&&&&&&&&&
parents:
[ 7.19922986e-02 -1.37418807e-12 -2.22075826e-13  4.71881235e-11 -1.71977204e-10 -1.86534863e-15  8.59557352e-16  2.27260670e-05 -2.00709742e-06 -1.68835665e-08  9.90080151e-10]
[-9.80313577e-02 -1.35916464e-12 -2.31074368e-13  4.71141741e-11 -1.69847360e-10 -1.91154820e-15  8.56394671e-16  2.23033331e-05 -2.06084304e-06 -1.56376954e-08  9.99719644e-10]
children:
[-1.03268341e-01 -1.36719948e-12 -2.22690568e-13  4.71108523e-11 -1.70451070e-10 -1.91008609e-15  8.56379640e-16  2.27618811e-05 -2.05466520e-06 -1.68095181e-08  9.98000933e-10]
[ 5.03038653e-02 -1.36150189e-12 -2.31916760e-13  4.71499995e-11 -1.71965146e-10 -1.86742073e-15  8.59566283e-16  2.23426893e-05 -2.03609624e-06 -1.63257343e-08  9.91858498e-10]
Population scores:
[2.24066452e+10 2.90629015e+11]:[-9.80313577e-02 -1.35916464e-12 -2.31074368e-13  4.71141741e-11 -1.69847360e-10 -1.91154820e-15  8.56394671e-16  2.23033331e-05 -2.06084304e-06 -1.56376954e-08  9.99719644e-10]:11.065521734465374
[8.8404249e+10 1.8726572e+11]:[ 7.19922986e-02 -1.37418807e-12 -2.22075826e-13  4.71881235e-11 -1.71977204e-10 -1.86534863e-15  8.59557352e-16  2.27260670e-05 -2.00709742e-06 -1.68835665e-08  9.90080151e-10]:11.089925461685505
[1.10499597e+11 1.99566986e+11]:[ 5.03038653e-02 -1.36150189e-12 -2.31916760e-13  4.71499995e-11 -1.71965146e-10 -1.86742073e-15  8.59566283e-16  2.23426893e-05 -2.03609624e-06 -1.63257343e-08  9.91858498e-10]:11.151287651416446
[2.66842579e+11 2.79522051e+11]:[-1.03268341e-01 -1.36719948e-12 -2.22690568e-13  4.71108523e-11 -1.70451070e-10 -1.91008609e-15  8.56379640e-16  2.27618811e-05 -2.05466520e-06 -1.68095181e-08  9.98000933e-10]:11.433418408226023
Selected for new population:
[-9.80313577e-02 -1.35916464e-12 -2.31074368e-13  4.71141741e-11 -1.69847360e-10 -1.91154820e-15  8.56394671e-16  2.23033331e-05 -2.06084304e-06 -1.56376954e-08  9.99719644e-10]
[ 7.19922986e-02 -1.37418807e-12 -2.22075826e-13  4.71881235e-11 -1.71977204e-10 -1.86534863e-15  8.59557352e-16  2.27260670e-05 -2.00709742e-06 -1.68835665e-08  9.90080151e-10]
Selected: [1 0]
***************
***CROSSOVER***
***************
Population scores:
[2.24066452e+10 2.90629015e+11]:[-9.80313577e-02 -1.35916464e-12 -2.31074368e-13  4.71141741e-11 -1.69847360e-10 -1.91154820e-15  8.56394671e-16  2.23033331e-05 -2.06084304e-06 -1.56376954e-08  9.99719644e-10]:11.065521734465374
[8.8404249e+10 1.8726572e+11]:[ 7.19922986e-02 -1.37418807e-12 -2.22075826e-13  4.71881235e-11 -1.71977204e-10 -1.86534863e-15  8.59557352e-16  2.27260670e-05 -2.00709742e-06 -1.68835665e-08  9.90080151e-10]:11.089925461685505
&&&&&&&&&&&&&&&&&&&&&&&&
&&TOURNAMENT SELECTION&&
&&&&&&&&&&&&&&&&&&&&&&&&
parents:
[ 7.19922986e-02 -1.37418807e-12 -2.22075826e-13  4.71881235e-11 -1.71977204e-10 -1.86534863e-15  8.59557352e-16  2.27260670e-05 -2.00709742e-06 -1.68835665e-08  9.90080151e-10]
[-9.80313577e-02 -1.35916464e-12 -2.31074368e-13  4.71141741e-11 -1.69847360e-10 -1.91154820e-15  8.56394671e-16  2.23033331e-05 -2.06084304e-06 -1.56376954e-08  9.99719644e-10]
children:
[-1.13734976e-01 -1.36408150e-12 -2.24240317e-13  4.71759974e-11 -1.71233338e-10 -1.88493467e-15  8.56818998e-16  2.25782048e-05 -2.06241833e-06 -1.58426289e-08  9.91770744e-10]
[-3.40357813e-02 -1.36720648e-12 -2.23624762e-13  4.71126741e-11 -1.71746114e-10 -1.87478708e-15  8.57218911e-16  2.22704165e-05 -2.04005709e-06 -1.64676652e-08  1.00058876e-09]
Population scores:
[2.24066452e+10 2.90629015e+11]:[-9.80313577e-02 -1.35916464e-12 -2.31074368e-13  4.71141741e-11 -1.69847360e-10 -1.91154820e-15  8.56394671e-16  2.23033331e-05 -2.06084304e-06 -1.56376954e-08  9.99719644e-10]:11.065521734465374
[7.42525084e+10 2.12462708e+11]:[-3.40357813e-02 -1.36720648e-12 -2.23624762e-13  4.71126741e-11 -1.71746114e-10 -1.87478708e-15  8.57218911e-16  2.22704165e-05 -2.04005709e-06 -1.64676652e-08  1.00058876e-09]:11.088582839620273
[8.8404249e+10 1.8726572e+11]:[ 7.19922986e-02 -1.37418807e-12 -2.22075826e-13  4.71881235e-11 -1.71977204e-10 -1.86534863e-15  8.59557352e-16  2.27260670e-05 -2.00709742e-06 -1.68835665e-08  9.90080151e-10]:11.089925461685505
[1.04626346e+11 2.03409577e+11]:[-1.13734976e-01 -1.36408150e-12 -2.24240317e-13  4.71759974e-11 -1.71233338e-10 -1.88493467e-15  8.56818998e-16  2.25782048e-05 -2.06241833e-06 -1.58426289e-08  9.91770744e-10]:11.143640722476201
Selected for new population:
[-9.80313577e-02 -1.35916464e-12 -2.31074368e-13  4.71141741e-11 -1.69847360e-10 -1.91154820e-15  8.56394671e-16  2.23033331e-05 -2.06084304e-06 -1.56376954e-08  9.99719644e-10]
[-3.40357813e-02 -1.36720648e-12 -2.23624762e-13  4.71126741e-11 -1.71746114e-10 -1.87478708e-15  8.57218911e-16  2.22704165e-05 -2.04005709e-06 -1.64676652e-08  1.00058876e-09]
Selected: [0 1]
***************
***CROSSOVER***
***************
Population scores:
[2.24066452e+10 2.90629015e+11]:[-9.80313577e-02 -1.35916464e-12 -2.31074368e-13  4.71141741e-11 -1.69847360e-10 -1.91154820e-15  8.56394671e-16  2.23033331e-05 -2.06084304e-06 -1.56376954e-08  9.99719644e-10]:11.065521734465374
[8.8404249e+10 1.8726572e+11]:[ 7.19922986e-02 -1.37418807e-12 -2.22075826e-13  4.71881235e-11 -1.71977204e-10 -1.86534863e-15  8.59557352e-16  2.27260670e-05 -2.00709742e-06 -1.68835665e-08  9.90080151e-10]:11.089925461685505
&&&&&&&&&&&&&&&&&&&&&&&&
&&TOURNAMENT SELECTION&&
&&&&&&&&&&&&&&&&&&&&&&&&
parents:
[-9.80313577e-02 -1.35916464e-12 -2.31074368e-13  4.71141741e-11 -1.69847360e-10 -1.91154820e-15  8.56394671e-16  2.23033331e-05 -2.06084304e-06 -1.56376954e-08  9.99719644e-10]
[ 7.19922986e-02 -1.37418807e-12 -2.22075826e-13  4.71881235e-11 -1.71977204e-10 -1.86534863e-15  8.59557352e-16  2.27260670e-05 -2.00709742e-06 -1.68835665e-08  9.90080151e-10]
children:
[ 3.63579289e-02 -1.36640851e-12 -2.28579327e-13  4.71811078e-11 -1.72050256e-10 -1.88024467e-15  8.58777799e-16  2.27405331e-05 -2.06083752e-06 -1.56554056e-08  9.93083177e-10]
[-9.82861374e-02 -1.36053627e-12 -2.27732913e-13  4.71292149e-11 -1.70559561e-10 -1.88717340e-15  8.57855091e-16  2.26588297e-05 -2.02520417e-06 -1.66435892e-08  9.93008071e-10]
Population scores:
[3.52296875e+10 2.45257354e+11]:[ 3.63579289e-02 -1.36640851e-12 -2.28579327e-13  4.71811078e-11 -1.72050256e-10 -1.88024467e-15  8.58777799e-16  2.27405331e-05 -2.06083752e-06 -1.56554056e-08  9.93083177e-10]:11.036386816206797
[2.24066452e+10 2.90629015e+11]:[-9.80313577e-02 -1.35916464e-12 -2.31074368e-13  4.71141741e-11 -1.69847360e-10 -1.91154820e-15  8.56394671e-16  2.23033331e-05 -2.06084304e-06 -1.56376954e-08  9.99719644e-10]:11.065521734465374
[8.8404249e+10 1.8726572e+11]:[ 7.19922986e-02 -1.37418807e-12 -2.22075826e-13  4.71881235e-11 -1.71977204e-10 -1.86534863e-15  8.59557352e-16  2.27260670e-05 -2.00709742e-06 -1.68835665e-08  9.90080151e-10]:11.089925461685505
[9.48015899e+10 1.92147504e+11]:[-9.82861374e-02 -1.36053627e-12 -2.27732913e-13  4.71292149e-11 -1.70559561e-10 -1.88717340e-15  8.57855091e-16  2.26588297e-05 -2.02520417e-06 -1.66435892e-08  9.93008071e-10]:11.110160792658272
Selected for new population:
[ 3.63579289e-02 -1.36640851e-12 -2.28579327e-13  4.71811078e-11 -1.72050256e-10 -1.88024467e-15  8.58777799e-16  2.27405331e-05 -2.06083752e-06 -1.56554056e-08  9.93083177e-10]
[-9.80313577e-02 -1.35916464e-12 -2.31074368e-13  4.71141741e-11 -1.69847360e-10 -1.91154820e-15  8.56394671e-16  2.23033331e-05 -2.06084304e-06 -1.56376954e-08  9.99719644e-10]
Population scores:
[3.25111963e+10 2.42415891e+11]:[-9.60816846e-02 -1.42910502e-12 -2.30572674e-13  4.61732672e-11 -1.69706081e-10 -1.87369152e-15  8.56214522e-16  2.34929600e-05 -2.04122619e-06 -1.67600377e-08  1.00139759e-09]:11.02521506190489
[3.52296875e+10 2.45257354e+11]:[ 3.63579289e-02 -1.36640851e-12 -2.28579327e-13  4.71811078e-11 -1.72050256e-10 -1.88024467e-15  8.58777799e-16  2.27405331e-05 -2.06083752e-06 -1.56554056e-08  9.93083177e-10]:11.036386816206797
[3.74764126e+10 2.44260140e+11]:[-4.31120407e-02 -1.36662624e-12 -2.30740700e-13  4.69380200e-11 -1.73788812e-10 -1.91621462e-15  8.54773749e-16  2.26280509e-05 -2.05451139e-06 -1.59750346e-08  9.98459163e-10]:11.04080289721267
[2.24066452e+10 2.90629015e+11]:[-9.80313577e-02 -1.35916464e-12 -2.31074368e-13  4.71141741e-11 -1.69847360e-10 -1.91154820e-15  8.56394671e-16  2.23033331e-05 -2.06084304e-06 -1.56376954e-08  9.99719644e-10]:11.065521734465374
[7.42525084e+10 2.12462708e+11]:[-3.40357813e-02 -1.36720648e-12 -2.23624762e-13  4.71126741e-11 -1.71746114e-10 -1.87478708e-15  8.57218911e-16  2.22704165e-05 -2.04005709e-06 -1.64676652e-08  1.00058876e-09]:11.088582839620273
[8.8404249e+10 1.8726572e+11]:[ 7.19922986e-02 -1.37418807e-12 -2.22075826e-13  4.71881235e-11 -1.71977204e-10 -1.86534863e-15  8.59557352e-16  2.27260670e-05 -2.00709742e-06 -1.68835665e-08  9.90080151e-10]:11.089925461685505
[1.35107232e+10 3.68296581e+11]:[ 0.00000000e+00 -1.45799022e-12 -2.28980078e-13  4.62010753e-11 -1.75214813e-10 -1.83669770e-15  8.52944060e-16  2.29423303e-05 -2.04721003e-06 -1.59792834e-08  9.98214034e-10]:11.138889068664273
[2.51427810e+10 4.54391367e+11]:[-9.07178522e-02 -1.49687884e-12 -2.30326446e-13  4.56757496e-11 -1.66314370e-10 -1.79405206e-15  8.62377232e-16  2.35945482e-05 -2.02660531e-06 -1.68941996e-08  1.00521967e-09]:11.243979535605417
[6.05522835e+11 6.35106314e+11]:[-9.36824111e-02 -1.39388391e-12 -2.30583829e-13  4.70353813e-11 -1.82178241e-10 -1.87398563e-15  8.52476000e-16  2.32573568e-05 -2.11980891e-06 -1.58442112e-08  9.88280673e-10]:11.789494022625798
[3.85667067e+11 1.62944719e+12]:[-7.68684990e-02 -1.49535777e-12 -2.22997167e-13  4.71768284e-11 -1.77994053e-10 -1.74890833e-15  8.59755419e-16  2.25861553e-05 -1.95839333e-06 -1.67617477e-08  1.00470051e-09]:11.914337925073077
[1.26273445e+12 3.83698274e+11]:[-2.79228370e-02 -1.98596499e-12 -1.86104567e-13  5.18629534e-11 -1.21790814e-10 -1.00382412e-15  8.02108100e-16  2.07014438e-05 -1.42597436e-06 -2.42185839e-08  9.11168334e-10]:11.980036017360758
[5.79274378e+12 1.43216179e+13]:[-4.14024507e-03 -1.93334276e-12 -1.65741754e-13  3.72667143e-11 -1.80745697e-10 -2.26272203e-15  7.90429476e-16  2.96951429e-05 -1.44561049e-06 -2.24505024e-08  9.34115453e-10]:12.943388142162224
[1.46298687e+13 3.15351793e+13]:[-1.82744572e-02 -1.50782348e-12 -2.82182471e-13  3.93391846e-11 -1.12039404e-10 -1.30321856e-15  8.96808918e-16  3.10003156e-05 -1.59080016e-06 -2.23865334e-08  1.02946836e-09]:13.312742659773557
[8.04868009e+13 1.64014974e+14]:[ 6.33533441e-03 -7.91157314e-13 -1.98648170e-13  5.00168650e-11 -2.31157667e-10 -1.22174441e-15  8.34755276e-16  3.02154256e-05 -1.10039698e-06 -1.92382375e-08  1.00354754e-09]:14.04029237581214
%%%%%%%%%%%%%%%%%%%%%%%%%
%%%final - population%%%%
%%%%%%%%%%%%%%%%%%%%%%%%%
[-9.60816846e-02 -1.42910502e-12 -2.30572674e-13  4.61732672e-11 -1.69706081e-10 -1.87369152e-15  8.56214522e-16  2.34929600e-05 -2.04122619e-06 -1.67600377e-08  1.00139759e-09]:[3.25111963e+10 2.42415891e+11]
[ 3.63579289e-02 -1.36640851e-12 -2.28579327e-13  4.71811078e-11 -1.72050256e-10 -1.88024467e-15  8.58777799e-16  2.27405331e-05 -2.06083752e-06 -1.56554056e-08  9.93083177e-10]:[3.52296875e+10 2.45257354e+11]
[-4.31120407e-02 -1.36662624e-12 -2.30740700e-13  4.69380200e-11 -1.73788812e-10 -1.91621462e-15  8.54773749e-16  2.26280509e-05 -2.05451139e-06 -1.59750346e-08  9.98459163e-10]:[3.74764126e+10 2.44260140e+11]
[-9.80313577e-02 -1.35916464e-12 -2.31074368e-13  4.71141741e-11 -1.69847360e-10 -1.91154820e-15  8.56394671e-16  2.23033331e-05 -2.06084304e-06 -1.56376954e-08  9.99719644e-10]:[2.24066452e+10 2.90629015e+11]
[-3.40357813e-02 -1.36720648e-12 -2.23624762e-13  4.71126741e-11 -1.71746114e-10 -1.87478708e-15  8.57218911e-16  2.22704165e-05 -2.04005709e-06 -1.64676652e-08  1.00058876e-09]:[7.42525084e+10 2.12462708e+11]
[ 7.19922986e-02 -1.37418807e-12 -2.22075826e-13  4.71881235e-11 -1.71977204e-10 -1.86534863e-15  8.59557352e-16  2.27260670e-05 -2.00709742e-06 -1.68835665e-08  9.90080151e-10]:[8.8404249e+10 1.8726572e+11]
[ 0.00000000e+00 -1.45799022e-12 -2.28980078e-13  4.62010753e-11 -1.75214813e-10 -1.83669770e-15  8.52944060e-16  2.29423303e-05 -2.04721003e-06 -1.59792834e-08  9.98214034e-10]:[1.35107232e+10 3.68296581e+11]
[-9.07178522e-02 -1.49687884e-12 -2.30326446e-13  4.56757496e-11 -1.66314370e-10 -1.79405206e-15  8.62377232e-16  2.35945482e-05 -2.02660531e-06 -1.68941996e-08  1.00521967e-09]:[2.51427810e+10 4.54391367e+11]
[-9.36824111e-02 -1.39388391e-12 -2.30583829e-13  4.70353813e-11 -1.82178241e-10 -1.87398563e-15  8.52476000e-16  2.32573568e-05 -2.11980891e-06 -1.58442112e-08  9.88280673e-10]:[6.05522835e+11 6.35106314e+11]
[-7.68684990e-02 -1.49535777e-12 -2.22997167e-13  4.71768284e-11 -1.77994053e-10 -1.74890833e-15  8.59755419e-16  2.25861553e-05 -1.95839333e-06 -1.67617477e-08  1.00470051e-09]:[3.85667067e+11 1.62944719e+12]
