Generating Population from
[ 3.06771562e-02 -1.48962684e-12 -2.22917404e-13  4.58994703e-11 -1.68167143e-10 -1.80796912e-15  8.50197505e-16  2.36390256e-05 -2.08811178e-06 -1.62727890e-08  9.99639323e-10]
[ 3.85171780e-02 -1.49626745e-12 -2.22192537e-13  4.58948777e-11 -1.67475427e-10 -1.80791290e-15  8.53140135e-16  2.37048317e-05 -2.08859830e-06 -1.63502270e-08  9.96755027e-10]
*******************************
***iteration: 0 Population is***
*******************************
Population scores:
485:[7.10540396e+10 1.89690151e+11]:[ 3.93994807e-02 -1.45755882e-12 -2.20958610e-13  4.63554407e-11 -1.76759280e-10 -1.71904348e-15  8.60119843e-16  2.45570523e-05 -2.07222972e-06 -1.67534316e-08  9.96237373e-10]:11.294015285101374
456:[1.15038521e+11 2.05436230e+11]:[ 3.06771562e-02 -1.48962684e-12 -2.22917404e-13  4.58994703e-11 -1.68167143e-10 -1.80796912e-15  8.50197505e-16  2.36390256e-05 -2.08811178e-06 -1.62727890e-08  9.99639323e-10]:11.336339799530915
486:[3.23331653e+10 2.28182853e+11]:[ 3.75819154e-02 -1.50969232e-12 -2.12696174e-13  4.67376534e-11 -1.76674582e-10 -1.81539947e-15  8.46417438e-16  2.45355465e-05 -2.06059913e-06 -1.69081238e-08  1.00182076e-09]:11.364393701432048
91:[1.77895525e+11 2.27639440e+11]:[ 3.85171780e-02 -1.49626745e-12 -2.22192537e-13  4.58948777e-11 -1.67475427e-10 -1.80791290e-15  8.53140135e-16  2.37048317e-05 -2.08859830e-06 -1.63502270e-08  9.96755027e-10]:11.389925865461539
483:[6.15526755e+11 6.82119763e+11]:[ 3.08020825e-02 -1.45330108e-12 -2.15998436e-13  4.64257672e-11 -1.61493647e-10 -1.82506103e-15  8.55289878e-16  2.32659924e-05 -2.14406142e-06 -1.58957185e-08  9.98079991e-10]:11.871381686332215
482:[3.94301094e+11 1.80976583e+12]:[ 3.11976513e-02 -1.39738734e-12 -2.18929055e-13  4.53361301e-11 -1.66305657e-10 -1.89220043e-15  8.50515358e-16  2.46044358e-05 -2.00162450e-06 -1.63415865e-08  1.00188984e-09]:12.266982930345193
484:[5.63997077e+13 9.95982959e+13]:[ 3.38284195e-02 -2.16868133e-12 -1.96998762e-13  3.72304352e-11 -2.31626336e-10 -2.27131681e-15  8.87500941e-16  3.04092765e-05 -2.56582546e-06 -2.56904673e-08  1.01019849e-09]:14.022173686325086
487:[7.70400834e+13 1.41707222e+14]:[ 3.95148742e-02 -2.40965359e-12 -1.82643789e-13  4.15154374e-11 -2.08800474e-10 -1.62963154e-15  9.31789420e-16  2.54882486e-05 -2.64506063e-06 -2.34020988e-08  9.63772667e-10]:14.174383243383424
Selected: [4 0]
***************
***CROSSOVER***
***************
&&&&&&&&&&&&&&&&&&&&&&&&
&&TOURNAMENT SELECTION&&
&&&&&&&&&&&&&&&&&&&&&&&&
parents:
[ 3.08020825e-02 -1.45330108e-12 -2.15998436e-13  4.64257672e-11 -1.61493647e-10 -1.82506103e-15  8.55289878e-16  2.32659924e-05 -2.14406142e-06 -1.58957185e-08  9.98079991e-10]
[ 3.93994807e-02 -1.45755882e-12 -2.20958610e-13  4.63554407e-11 -1.76759280e-10 -1.71904348e-15  8.60119843e-16  2.45570523e-05 -2.07222972e-06 -1.67534316e-08  9.96237373e-10]
children:
[ 3.08020825e-02 -1.45755882e-12 -2.15998436e-13  4.64257672e-11 -1.76759280e-10 -1.71904348e-15  8.57489203e-16  2.78818105e-05 -2.14406142e-06 -1.67534316e-08  1.00468766e-09]
[ 3.93994807e-02 -1.45330108e-12 -2.20958610e-13  4.63554407e-11 -1.61493647e-10 -1.82506103e-15  8.55289878e-16  2.32659924e-05 -2.07222972e-06 -2.14376411e-08  9.98079991e-10]
Population scores:
485:[7.10540396e+10 1.89690151e+11]:[ 3.93994807e-02 -1.45755882e-12 -2.20958610e-13  4.63554407e-11 -1.76759280e-10 -1.71904348e-15  8.60119843e-16  2.45570523e-05 -2.07222972e-06 -1.67534316e-08  9.96237373e-10]:11.294015285101374
488:[7.60412525e+10 2.38351332e+11]:[ 3.08020825e-02 -1.45755882e-12 -2.15998436e-13  4.64257672e-11 -1.76759280e-10 -1.71904348e-15  8.57489203e-16  2.78818105e-05 -2.14406142e-06 -1.67534316e-08  1.00468766e-09]:11.390856462992701
483:[6.15526755e+11 6.82119763e+11]:[ 3.08020825e-02 -1.45330108e-12 -2.15998436e-13  4.64257672e-11 -1.61493647e-10 -1.82506103e-15  8.55289878e-16  2.32659924e-05 -2.14406142e-06 -1.58957185e-08  9.98079991e-10]:11.871381686332215
489:[6.50654281e+12 1.00364495e+13]:[ 3.93994807e-02 -1.45330108e-12 -2.20958610e-13  4.63554407e-11 -1.61493647e-10 -1.82506103e-15  8.55289878e-16  2.32659924e-05 -2.07222972e-06 -2.14376411e-08  9.98079991e-10]:13.028860026243107
Selected for new population:
[ 3.93994807e-02 -1.45755882e-12 -2.20958610e-13  4.63554407e-11 -1.76759280e-10 -1.71904348e-15  8.60119843e-16  2.45570523e-05 -2.07222972e-06 -1.67534316e-08  9.96237373e-10]
[ 3.08020825e-02 -1.45755882e-12 -2.15998436e-13  4.64257672e-11 -1.76759280e-10 -1.71904348e-15  8.57489203e-16  2.78818105e-05 -2.14406142e-06 -1.67534316e-08  1.00468766e-09]
Selected: [2 1]
***************
***CROSSOVER***
***************
&&&&&&&&&&&&&&&&&&&&&&&&
&&TOURNAMENT SELECTION&&
&&&&&&&&&&&&&&&&&&&&&&&&
parents:
[ 3.75819154e-02 -1.50969232e-12 -2.12696174e-13  4.67376534e-11 -1.76674582e-10 -1.81539947e-15  8.46417438e-16  2.45355465e-05 -2.06059913e-06 -1.69081238e-08  1.00182076e-09]
[ 3.06771562e-02 -1.48962684e-12 -2.22917404e-13  4.58994703e-11 -1.68167143e-10 -1.80796912e-15  8.50197505e-16  2.36390256e-05 -2.08811178e-06 -1.62727890e-08  9.99639323e-10]
children:
[ 3.65657827e-02 -1.48962684e-12 -2.22917404e-13  4.67376534e-11 -1.76674582e-10 -1.81539947e-15  8.50197505e-16  2.45355465e-05 -2.08811178e-06 -1.62727890e-08  9.99639323e-10]
[ 3.75819154e-02 -1.50969232e-12 -2.12696174e-13  4.58994703e-11 -1.68167143e-10 -1.80796912e-15  8.46417438e-16  2.36390256e-05 -2.06059913e-06 -1.69081238e-08  1.00182076e-09]
Population scores:
491:[1.02651564e+11 1.96120789e+11]:[ 3.75819154e-02 -1.50969232e-12 -2.12696174e-13  4.58994703e-11 -1.68167143e-10 -1.80796912e-15  8.46417438e-16  2.36390256e-05 -2.06059913e-06 -1.69081238e-08  1.00182076e-09]:11.314680119439249
456:[1.15038521e+11 2.05436230e+11]:[ 3.06771562e-02 -1.48962684e-12 -2.22917404e-13  4.58994703e-11 -1.68167143e-10 -1.80796912e-15  8.50197505e-16  2.36390256e-05 -2.08811178e-06 -1.62727890e-08  9.99639323e-10]:11.336339799530915
490:[4.33598197e+10 2.25193595e+11]:[ 3.65657827e-02 -1.48962684e-12 -2.22917404e-13  4.67376534e-11 -1.76674582e-10 -1.81539947e-15  8.50197505e-16  2.45355465e-05 -2.08811178e-06 -1.62727890e-08  9.99639323e-10]:11.360838655398075
486:[3.23331653e+10 2.28182853e+11]:[ 3.75819154e-02 -1.50969232e-12 -2.12696174e-13  4.67376534e-11 -1.76674582e-10 -1.81539947e-15  8.46417438e-16  2.45355465e-05 -2.06059913e-06 -1.69081238e-08  1.00182076e-09]:11.364393701432048
Selected for new population:
[ 3.75819154e-02 -1.50969232e-12 -2.12696174e-13  4.58994703e-11 -1.68167143e-10 -1.80796912e-15  8.46417438e-16  2.36390256e-05 -2.06059913e-06 -1.69081238e-08  1.00182076e-09]
[ 3.06771562e-02 -1.48962684e-12 -2.22917404e-13  4.58994703e-11 -1.68167143e-10 -1.80796912e-15  8.50197505e-16  2.36390256e-05 -2.08811178e-06 -1.62727890e-08  9.99639323e-10]
Selected: [0 3]
***************
***CROSSOVER***
***************
&&&&&&&&&&&&&&&&&&&&&&&&
&&TOURNAMENT SELECTION&&
&&&&&&&&&&&&&&&&&&&&&&&&
parents:
[ 3.93994807e-02 -1.45755882e-12 -2.20958610e-13  4.63554407e-11 -1.76759280e-10 -1.71904348e-15  8.60119843e-16  2.45570523e-05 -2.07222972e-06 -1.67534316e-08  9.96237373e-10]
[ 3.85171780e-02 -1.49626745e-12 -2.22192537e-13  4.58948777e-11 -1.67475427e-10 -1.80791290e-15  8.53140135e-16  2.37048317e-05 -2.08859830e-06 -1.63502270e-08  9.96755027e-10]
children:
[ 3.85171780e-02 -1.49626745e-12 -2.20958610e-13  4.73402721e-11 -1.76759280e-10 -1.80791290e-15  8.53140135e-16  2.51120907e-05 -2.07222972e-06 -1.72948183e-08  9.96755027e-10]
[ 3.06810966e-02 -1.45755882e-12 -2.14242003e-13  4.58948777e-11 -2.04224535e-10 -1.71904348e-15  8.60119843e-16  1.61164606e-05 -2.95656557e-06 -1.62601479e-08  9.96237373e-10]
Population scores:
485:[7.10540396e+10 1.89690151e+11]:[ 3.93994807e-02 -1.45755882e-12 -2.20958610e-13  4.63554407e-11 -1.76759280e-10 -1.71904348e-15  8.60119843e-16  2.45570523e-05 -2.07222972e-06 -1.67534316e-08  9.96237373e-10]:11.294015285101374
492:[1.80133208e+11 2.00794032e+11]:[ 3.85171780e-02 -1.49626745e-12 -2.20958610e-13  4.73402721e-11 -1.76759280e-10 -1.80791290e-15  8.53140135e-16  2.51120907e-05 -2.07222972e-06 -1.72948183e-08  9.96755027e-10]:11.340061912759444
91:[1.77895525e+11 2.27639440e+11]:[ 3.85171780e-02 -1.49626745e-12 -2.22192537e-13  4.58948777e-11 -1.67475427e-10 -1.80791290e-15  8.53140135e-16  2.37048317e-05 -2.08859830e-06 -1.63502270e-08  9.96755027e-10]:11.389925865461539
493:[9.19705042e+13 1.71249970e+14]:[ 3.06810966e-02 -1.45755882e-12 -2.14242003e-13  4.58948777e-11 -2.04224535e-10 -1.71904348e-15  8.60119843e-16  1.61164606e-05 -2.95656557e-06 -1.62601479e-08  9.96237373e-10]:14.256349715706511
Selected for new population:
[ 3.93994807e-02 -1.45755882e-12 -2.20958610e-13  4.63554407e-11 -1.76759280e-10 -1.71904348e-15  8.60119843e-16  2.45570523e-05 -2.07222972e-06 -1.67534316e-08  9.96237373e-10]
[ 3.85171780e-02 -1.49626745e-12 -2.20958610e-13  4.73402721e-11 -1.76759280e-10 -1.80791290e-15  8.53140135e-16  2.51120907e-05 -2.07222972e-06 -1.72948183e-08  9.96755027e-10]
Selected: [1 2]
***************
***CROSSOVER***
***************
&&&&&&&&&&&&&&&&&&&&&&&&
&&TOURNAMENT SELECTION&&
&&&&&&&&&&&&&&&&&&&&&&&&
parents:
[ 3.06771562e-02 -1.48962684e-12 -2.22917404e-13  4.58994703e-11 -1.68167143e-10 -1.80796912e-15  8.50197505e-16  2.36390256e-05 -2.08811178e-06 -1.62727890e-08  9.99639323e-10]
[ 3.75819154e-02 -1.50969232e-12 -2.12696174e-13  4.67376534e-11 -1.76674582e-10 -1.81539947e-15  8.46417438e-16  2.45355465e-05 -2.06059913e-06 -1.69081238e-08  1.00182076e-09]
children:
[ 3.75819154e-02 -1.48962684e-12 -2.22917404e-13  4.67376534e-11 -1.76674582e-10 -1.80796912e-15  8.50197505e-16  2.45355465e-05 -2.06059913e-06 -1.62727890e-08  1.00182076e-09]
[ 3.06771562e-02 -1.50969232e-12 -2.12696174e-13  4.58994703e-11 -1.68167143e-10 -1.81539947e-15  8.46417438e-16  2.36390256e-05 -2.08811178e-06 -1.69081238e-08  9.99639323e-10]
Population scores:
456:[1.15038521e+11 2.05436230e+11]:[ 3.06771562e-02 -1.48962684e-12 -2.22917404e-13  4.58994703e-11 -1.68167143e-10 -1.80796912e-15  8.50197505e-16  2.36390256e-05 -2.08811178e-06 -1.62727890e-08  9.99639323e-10]:11.336339799530915
486:[3.23331653e+10 2.28182853e+11]:[ 3.75819154e-02 -1.50969232e-12 -2.12696174e-13  4.67376534e-11 -1.76674582e-10 -1.81539947e-15  8.46417438e-16  2.45355465e-05 -2.06059913e-06 -1.69081238e-08  1.00182076e-09]:11.364393701432048
495:[3.69156622e+11 3.91044888e+11]:[ 3.06771562e-02 -1.50969232e-12 -2.12696174e-13  4.58994703e-11 -1.68167143e-10 -1.81539947e-15  8.46417438e-16  2.36390256e-05 -2.08811178e-06 -1.69081238e-08  9.99639323e-10]:11.63140373702529
494:[3.66672879e+10 5.48172083e+11]:[ 3.75819154e-02 -1.48962684e-12 -2.22917404e-13  4.67376534e-11 -1.76674582e-10 -1.80796912e-15  8.50197505e-16  2.45355465e-05 -2.06059913e-06 -1.62727890e-08  1.00182076e-09]:11.741812241724201
Selected for new population:
[ 3.06771562e-02 -1.48962684e-12 -2.22917404e-13  4.58994703e-11 -1.68167143e-10 -1.80796912e-15  8.50197505e-16  2.36390256e-05 -2.08811178e-06 -1.62727890e-08  9.99639323e-10]
[ 3.75819154e-02 -1.50969232e-12 -2.12696174e-13  4.67376534e-11 -1.76674582e-10 -1.81539947e-15  8.46417438e-16  2.45355465e-05 -2.06059913e-06 -1.69081238e-08  1.00182076e-09]
Population scores:
485:[7.10540396e+10 1.89690151e+11]:[ 3.93994807e-02 -1.45755882e-12 -2.20958610e-13  4.63554407e-11 -1.76759280e-10 -1.71904348e-15  8.60119843e-16  2.45570523e-05 -2.07222972e-06 -1.67534316e-08  9.96237373e-10]:11.294015285101374
491:[1.02651564e+11 1.96120789e+11]:[ 3.75819154e-02 -1.50969232e-12 -2.12696174e-13  4.58994703e-11 -1.68167143e-10 -1.80796912e-15  8.46417438e-16  2.36390256e-05 -2.06059913e-06 -1.69081238e-08  1.00182076e-09]:11.314680119439249
456:[1.15038521e+11 2.05436230e+11]:[ 3.06771562e-02 -1.48962684e-12 -2.22917404e-13  4.58994703e-11 -1.68167143e-10 -1.80796912e-15  8.50197505e-16  2.36390256e-05 -2.08811178e-06 -1.62727890e-08  9.99639323e-10]:11.336339799530915
492:[1.80133208e+11 2.00794032e+11]:[ 3.85171780e-02 -1.49626745e-12 -2.20958610e-13  4.73402721e-11 -1.76759280e-10 -1.80791290e-15  8.53140135e-16  2.51120907e-05 -2.07222972e-06 -1.72948183e-08  9.96755027e-10]:11.340061912759444
486:[3.23331653e+10 2.28182853e+11]:[ 3.75819154e-02 -1.50969232e-12 -2.12696174e-13  4.67376534e-11 -1.76674582e-10 -1.81539947e-15  8.46417438e-16  2.45355465e-05 -2.06059913e-06 -1.69081238e-08  1.00182076e-09]:11.364393701432048
91:[1.77895525e+11 2.27639440e+11]:[ 3.85171780e-02 -1.49626745e-12 -2.22192537e-13  4.58948777e-11 -1.67475427e-10 -1.80791290e-15  8.53140135e-16  2.37048317e-05 -2.08859830e-06 -1.63502270e-08  9.96755027e-10]:11.389925865461539
488:[7.60412525e+10 2.38351332e+11]:[ 3.08020825e-02 -1.45755882e-12 -2.15998436e-13  4.64257672e-11 -1.76759280e-10 -1.71904348e-15  8.57489203e-16  2.78818105e-05 -2.14406142e-06 -1.67534316e-08  1.00468766e-09]:11.390856462992701
483:[6.15526755e+11 6.82119763e+11]:[ 3.08020825e-02 -1.45330108e-12 -2.15998436e-13  4.64257672e-11 -1.61493647e-10 -1.82506103e-15  8.55289878e-16  2.32659924e-05 -2.14406142e-06 -1.58957185e-08  9.98079991e-10]:11.871381686332215
482:[3.94301094e+11 1.80976583e+12]:[ 3.11976513e-02 -1.39738734e-12 -2.18929055e-13  4.53361301e-11 -1.66305657e-10 -1.89220043e-15  8.50515358e-16  2.46044358e-05 -2.00162450e-06 -1.63415865e-08  1.00188984e-09]:12.266982930345193
484:[5.63997077e+13 9.95982959e+13]:[ 3.38284195e-02 -2.16868133e-12 -1.96998762e-13  3.72304352e-11 -2.31626336e-10 -2.27131681e-15  8.87500941e-16  3.04092765e-05 -2.56582546e-06 -2.56904673e-08  1.01019849e-09]:14.022173686325086
487:[7.70400834e+13 1.41707222e+14]:[ 3.95148742e-02 -2.40965359e-12 -1.82643789e-13  4.15154374e-11 -2.08800474e-10 -1.62963154e-15  9.31789420e-16  2.54882486e-05 -2.64506063e-06 -2.34020988e-08  9.63772667e-10]:14.174383243383424
*******************************
***iteration: 1 Population is***
*******************************
Population scores:
485:[7.10540396e+10 1.89690151e+11]:[ 3.93994807e-02 -1.45755882e-12 -2.20958610e-13  4.63554407e-11 -1.76759280e-10 -1.71904348e-15  8.60119843e-16  2.45570523e-05 -2.07222972e-06 -1.67534316e-08  9.96237373e-10]:11.294015285101374
491:[1.02651564e+11 1.96120789e+11]:[ 3.75819154e-02 -1.50969232e-12 -2.12696174e-13  4.58994703e-11 -1.68167143e-10 -1.80796912e-15  8.46417438e-16  2.36390256e-05 -2.06059913e-06 -1.69081238e-08  1.00182076e-09]:11.314680119439249
456:[1.15038521e+11 2.05436230e+11]:[ 3.06771562e-02 -1.48962684e-12 -2.22917404e-13  4.58994703e-11 -1.68167143e-10 -1.80796912e-15  8.50197505e-16  2.36390256e-05 -2.08811178e-06 -1.62727890e-08  9.99639323e-10]:11.336339799530915
492:[1.80133208e+11 2.00794032e+11]:[ 3.85171780e-02 -1.49626745e-12 -2.20958610e-13  4.73402721e-11 -1.76759280e-10 -1.80791290e-15  8.53140135e-16  2.51120907e-05 -2.07222972e-06 -1.72948183e-08  9.96755027e-10]:11.340061912759444
486:[3.23331653e+10 2.28182853e+11]:[ 3.75819154e-02 -1.50969232e-12 -2.12696174e-13  4.67376534e-11 -1.76674582e-10 -1.81539947e-15  8.46417438e-16  2.45355465e-05 -2.06059913e-06 -1.69081238e-08  1.00182076e-09]:11.364393701432048
91:[1.77895525e+11 2.27639440e+11]:[ 3.85171780e-02 -1.49626745e-12 -2.22192537e-13  4.58948777e-11 -1.67475427e-10 -1.80791290e-15  8.53140135e-16  2.37048317e-05 -2.08859830e-06 -1.63502270e-08  9.96755027e-10]:11.389925865461539
488:[7.60412525e+10 2.38351332e+11]:[ 3.08020825e-02 -1.45755882e-12 -2.15998436e-13  4.64257672e-11 -1.76759280e-10 -1.71904348e-15  8.57489203e-16  2.78818105e-05 -2.14406142e-06 -1.67534316e-08  1.00468766e-09]:11.390856462992701
483:[6.15526755e+11 6.82119763e+11]:[ 3.08020825e-02 -1.45330108e-12 -2.15998436e-13  4.64257672e-11 -1.61493647e-10 -1.82506103e-15  8.55289878e-16  2.32659924e-05 -2.14406142e-06 -1.58957185e-08  9.98079991e-10]:11.871381686332215
Selected: [5 3]
***************
***CROSSOVER***
***************
&&&&&&&&&&&&&&&&&&&&&&&&
&&TOURNAMENT SELECTION&&
&&&&&&&&&&&&&&&&&&&&&&&&
parents:
[ 3.85171780e-02 -1.49626745e-12 -2.22192537e-13  4.58948777e-11 -1.67475427e-10 -1.80791290e-15  8.53140135e-16  2.37048317e-05 -2.08859830e-06 -1.63502270e-08  9.96755027e-10]
[ 3.85171780e-02 -1.49626745e-12 -2.20958610e-13  4.73402721e-11 -1.76759280e-10 -1.80791290e-15  8.53140135e-16  2.51120907e-05 -2.07222972e-06 -1.72948183e-08  9.96755027e-10]
children:
[ 3.85171780e-02 -1.49626745e-12 -2.20958610e-13  4.73402721e-11 -1.76759280e-10 -1.80791290e-15  7.92612318e-16  2.51120907e-05 -2.08859830e-06 -1.72948183e-08  9.96755027e-10]
[ 3.85171780e-02 -1.49626745e-12 -2.15573479e-13  4.58948777e-11 -1.67475427e-10 -1.80791290e-15  8.53140135e-16  2.37048317e-05 -2.07222972e-06 -2.35923124e-08  9.96755027e-10]
Population scores:
492:[1.80133208e+11 2.00794032e+11]:[ 3.85171780e-02 -1.49626745e-12 -2.20958610e-13  4.73402721e-11 -1.76759280e-10 -1.80791290e-15  8.53140135e-16  2.51120907e-05 -2.07222972e-06 -1.72948183e-08  9.96755027e-10]:11.340061912759444
91:[1.77895525e+11 2.27639440e+11]:[ 3.85171780e-02 -1.49626745e-12 -2.22192537e-13  4.58948777e-11 -1.67475427e-10 -1.80791290e-15  8.53140135e-16  2.37048317e-05 -2.08859830e-06 -1.63502270e-08  9.96755027e-10]:11.389925865461539
496:[3.23158007e+11 3.14821162e+11]:[ 3.85171780e-02 -1.49626745e-12 -2.20958610e-13  4.73402721e-11 -1.76759280e-10 -1.80791290e-15  7.92612318e-16  2.51120907e-05 -2.08859830e-06 -1.72948183e-08  9.96755027e-10]:11.540500858977786
497:[1.17806690e+13 1.92062005e+13]:[ 3.85171780e-02 -1.49626745e-12 -2.15573479e-13  4.58948777e-11 -1.67475427e-10 -1.80791290e-15  8.53140135e-16  2.37048317e-05 -2.07222972e-06 -2.35923124e-08  9.96755027e-10]:13.309295108448543
Selected for new population:
[ 3.85171780e-02 -1.49626745e-12 -2.20958610e-13  4.73402721e-11 -1.76759280e-10 -1.80791290e-15  8.53140135e-16  2.51120907e-05 -2.07222972e-06 -1.72948183e-08  9.96755027e-10]
[ 3.85171780e-02 -1.49626745e-12 -2.22192537e-13  4.58948777e-11 -1.67475427e-10 -1.80791290e-15  8.53140135e-16  2.37048317e-05 -2.08859830e-06 -1.63502270e-08  9.96755027e-10]
Selected: [1 6]
***************
***CROSSOVER***
***************
&&&&&&&&&&&&&&&&&&&&&&&&
&&TOURNAMENT SELECTION&&
&&&&&&&&&&&&&&&&&&&&&&&&
parents:
[ 3.75819154e-02 -1.50969232e-12 -2.12696174e-13  4.58994703e-11 -1.68167143e-10 -1.80796912e-15  8.46417438e-16  2.36390256e-05 -2.06059913e-06 -1.69081238e-08  1.00182076e-09]
[ 3.08020825e-02 -1.45755882e-12 -2.15998436e-13  4.64257672e-11 -1.76759280e-10 -1.71904348e-15  8.57489203e-16  2.78818105e-05 -2.14406142e-06 -1.67534316e-08  1.00468766e-09]
children:
[ 4.38095638e-02 -1.45755882e-12 -2.15998436e-13  4.64257672e-11 -9.86080775e-11 -1.71904348e-15  9.50896448e-16  2.79575485e-05 -2.14406142e-06 -1.67534316e-08  1.00468766e-09]
[ 3.08020825e-02 -1.50969232e-12 -2.12696174e-13  4.65108747e-11 -1.76759280e-10 -1.80796912e-15  8.46417438e-16  2.89120448e-05 -2.70398732e-06 -1.69081238e-08  1.00182076e-09]
Population scores:
491:[1.02651564e+11 1.96120789e+11]:[ 3.75819154e-02 -1.50969232e-12 -2.12696174e-13  4.58994703e-11 -1.68167143e-10 -1.80796912e-15  8.46417438e-16  2.36390256e-05 -2.06059913e-06 -1.69081238e-08  1.00182076e-09]:11.314680119439249
488:[7.60412525e+10 2.38351332e+11]:[ 3.08020825e-02 -1.45755882e-12 -2.15998436e-13  4.64257672e-11 -1.76759280e-10 -1.71904348e-15  8.57489203e-16  2.78818105e-05 -2.14406142e-06 -1.67534316e-08  1.00468766e-09]:11.390856462992701
498:[7.50848901e+10 2.48485361e+11]:[ 4.38095638e-02 -1.45755882e-12 -2.15998436e-13  4.64257672e-11 -9.86080775e-11 -1.71904348e-15  9.50896448e-16  2.79575485e-05 -2.14406142e-06 -1.67534316e-08  1.00468766e-09]:11.408229531973058
499:[2.70551038e+13 4.61136642e+13]:[ 3.08020825e-02 -1.50969232e-12 -2.12696174e-13  4.65108747e-11 -1.76759280e-10 -1.80796912e-15  8.46417438e-16  2.89120448e-05 -2.70398732e-06 -1.69081238e-08  1.00182076e-09]:13.688590432322597
Selected for new population:
[ 3.75819154e-02 -1.50969232e-12 -2.12696174e-13  4.58994703e-11 -1.68167143e-10 -1.80796912e-15  8.46417438e-16  2.36390256e-05 -2.06059913e-06 -1.69081238e-08  1.00182076e-09]
[ 3.08020825e-02 -1.45755882e-12 -2.15998436e-13  4.64257672e-11 -1.76759280e-10 -1.71904348e-15  8.57489203e-16  2.78818105e-05 -2.14406142e-06 -1.67534316e-08  1.00468766e-09]
Selected: [0 1]
***************
***CROSSOVER***
***************
&&&&&&&&&&&&&&&&&&&&&&&&
&&TOURNAMENT SELECTION&&
&&&&&&&&&&&&&&&&&&&&&&&&
parents:
[ 3.93994807e-02 -1.45755882e-12 -2.20958610e-13  4.63554407e-11 -1.76759280e-10 -1.71904348e-15  8.60119843e-16  2.45570523e-05 -2.07222972e-06 -1.67534316e-08  9.96237373e-10]
[ 3.75819154e-02 -1.50969232e-12 -2.12696174e-13  4.58994703e-11 -1.68167143e-10 -1.80796912e-15  8.46417438e-16  2.36390256e-05 -2.06059913e-06 -1.69081238e-08  1.00182076e-09]
children:
[ 3.75819154e-02 -1.47828856e-12 -2.12696174e-13  4.58994703e-11 -1.75434248e-10 -1.80796912e-15  8.46417438e-16  2.36390256e-05 -2.06059913e-06 -1.74937046e-08  1.00182076e-09]
[ 3.93994807e-02 -1.50969232e-12 -2.20958610e-13  4.63554407e-11 -1.68167143e-10 -1.71485919e-15  8.60119843e-16  2.45570523e-05 -2.07222972e-06 -1.65589873e-08  9.96237373e-10]
Population scores:
485:[7.10540396e+10 1.89690151e+11]:[ 3.93994807e-02 -1.45755882e-12 -2.20958610e-13  4.63554407e-11 -1.76759280e-10 -1.71904348e-15  8.60119843e-16  2.45570523e-05 -2.07222972e-06 -1.67534316e-08  9.96237373e-10]:11.294015285101374
491:[1.02651564e+11 1.96120789e+11]:[ 3.75819154e-02 -1.50969232e-12 -2.12696174e-13  4.58994703e-11 -1.68167143e-10 -1.80796912e-15  8.46417438e-16  2.36390256e-05 -2.06059913e-06 -1.69081238e-08  1.00182076e-09]:11.314680119439249
501:[3.86419904e+10 2.17810249e+11]:[ 3.93994807e-02 -1.50969232e-12 -2.20958610e-13  4.63554407e-11 -1.68167143e-10 -1.71485919e-15  8.60119843e-16  2.45570523e-05 -2.07222972e-06 -1.65589873e-08  9.96237373e-10]:11.345715635336909
500:[3.22217322e+11 3.35490785e+11]:[ 3.75819154e-02 -1.47828856e-12 -2.12696174e-13  4.58994703e-11 -1.75434248e-10 -1.80796912e-15  8.46417438e-16  2.36390256e-05 -2.06059913e-06 -1.74937046e-08  1.00182076e-09]:11.565508413327533
Selected for new population:
[ 3.93994807e-02 -1.45755882e-12 -2.20958610e-13  4.63554407e-11 -1.76759280e-10 -1.71904348e-15  8.60119843e-16  2.45570523e-05 -2.07222972e-06 -1.67534316e-08  9.96237373e-10]
[ 3.75819154e-02 -1.50969232e-12 -2.12696174e-13  4.58994703e-11 -1.68167143e-10 -1.80796912e-15  8.46417438e-16  2.36390256e-05 -2.06059913e-06 -1.69081238e-08  1.00182076e-09]
Selected: [4 6]
***************
***CROSSOVER***
***************
&&&&&&&&&&&&&&&&&&&&&&&&
&&TOURNAMENT SELECTION&&
&&&&&&&&&&&&&&&&&&&&&&&&
parents:
[ 3.75819154e-02 -1.50969232e-12 -2.12696174e-13  4.67376534e-11 -1.76674582e-10 -1.81539947e-15  8.46417438e-16  2.45355465e-05 -2.06059913e-06 -1.69081238e-08  1.00182076e-09]
[ 3.08020825e-02 -1.45755882e-12 -2.15998436e-13  4.64257672e-11 -1.76759280e-10 -1.71904348e-15  8.57489203e-16  2.78818105e-05 -2.14406142e-06 -1.67534316e-08  1.00468766e-09]
children:
[ 3.08020825e-02 -1.45755882e-12 -2.12696174e-13  4.64257672e-11 -1.76759280e-10 -9.88075175e-16  8.57489203e-16  2.78818105e-05 -2.14406142e-06 -1.69081238e-08  1.00468766e-09]
[ 3.75819154e-02 -1.50969232e-12 -2.15998436e-13  4.67376534e-11 -1.76674582e-10 -1.71904348e-15  8.46417438e-16  2.45355465e-05 -2.06059913e-06 -1.67534316e-08  1.00182076e-09]
Population scores:
486:[3.23331653e+10 2.28182853e+11]:[ 3.75819154e-02 -1.50969232e-12 -2.12696174e-13  4.67376534e-11 -1.76674582e-10 -1.81539947e-15  8.46417438e-16  2.45355465e-05 -2.06059913e-06 -1.69081238e-08  1.00182076e-09]:11.364393701432048
488:[7.60412525e+10 2.38351332e+11]:[ 3.08020825e-02 -1.45755882e-12 -2.15998436e-13  4.64257672e-11 -1.76759280e-10 -1.71904348e-15  8.57489203e-16  2.78818105e-05 -2.14406142e-06 -1.67534316e-08  1.00468766e-09]:11.390856462992701
503:[1.44728951e+10 3.16415475e+11]:[ 3.75819154e-02 -1.50969232e-12 -2.15998436e-13  4.67376534e-11 -1.76674582e-10 -1.71904348e-15  8.46417438e-16  2.45355465e-05 -2.06059913e-06 -1.67534316e-08  1.00182076e-09]:11.50223965593036
502:[1.63021348e+11 5.64026157e+11]:[ 3.08020825e-02 -1.45755882e-12 -2.12696174e-13  4.64257672e-11 -1.76759280e-10 -9.88075175e-16  8.57489203e-16  2.78818105e-05 -2.14406142e-06 -1.69081238e-08  1.00468766e-09]:11.763673743687969
Selected for new population:
[ 3.75819154e-02 -1.50969232e-12 -2.12696174e-13  4.67376534e-11 -1.76674582e-10 -1.81539947e-15  8.46417438e-16  2.45355465e-05 -2.06059913e-06 -1.69081238e-08  1.00182076e-09]
[ 3.08020825e-02 -1.45755882e-12 -2.15998436e-13  4.64257672e-11 -1.76759280e-10 -1.71904348e-15  8.57489203e-16  2.78818105e-05 -2.14406142e-06 -1.67534316e-08  1.00468766e-09]
Population scores:
485:[7.10540396e+10 1.89690151e+11]:[ 3.93994807e-02 -1.45755882e-12 -2.20958610e-13  4.63554407e-11 -1.76759280e-10 -1.71904348e-15  8.60119843e-16  2.45570523e-05 -2.07222972e-06 -1.67534316e-08  9.96237373e-10]:11.294015285101374
491:[1.02651564e+11 1.96120789e+11]:[ 3.75819154e-02 -1.50969232e-12 -2.12696174e-13  4.58994703e-11 -1.68167143e-10 -1.80796912e-15  8.46417438e-16  2.36390256e-05 -2.06059913e-06 -1.69081238e-08  1.00182076e-09]:11.314680119439249
456:[1.15038521e+11 2.05436230e+11]:[ 3.06771562e-02 -1.48962684e-12 -2.22917404e-13  4.58994703e-11 -1.68167143e-10 -1.80796912e-15  8.50197505e-16  2.36390256e-05 -2.08811178e-06 -1.62727890e-08  9.99639323e-10]:11.336339799530915
492:[1.80133208e+11 2.00794032e+11]:[ 3.85171780e-02 -1.49626745e-12 -2.20958610e-13  4.73402721e-11 -1.76759280e-10 -1.80791290e-15  8.53140135e-16  2.51120907e-05 -2.07222972e-06 -1.72948183e-08  9.96755027e-10]:11.340061912759444
486:[3.23331653e+10 2.28182853e+11]:[ 3.75819154e-02 -1.50969232e-12 -2.12696174e-13  4.67376534e-11 -1.76674582e-10 -1.81539947e-15  8.46417438e-16  2.45355465e-05 -2.06059913e-06 -1.69081238e-08  1.00182076e-09]:11.364393701432048
91:[1.77895525e+11 2.27639440e+11]:[ 3.85171780e-02 -1.49626745e-12 -2.22192537e-13  4.58948777e-11 -1.67475427e-10 -1.80791290e-15  8.53140135e-16  2.37048317e-05 -2.08859830e-06 -1.63502270e-08  9.96755027e-10]:11.389925865461539
488:[7.60412525e+10 2.38351332e+11]:[ 3.08020825e-02 -1.45755882e-12 -2.15998436e-13  4.64257672e-11 -1.76759280e-10 -1.71904348e-15  8.57489203e-16  2.78818105e-05 -2.14406142e-06 -1.67534316e-08  1.00468766e-09]:11.390856462992701
483:[6.15526755e+11 6.82119763e+11]:[ 3.08020825e-02 -1.45330108e-12 -2.15998436e-13  4.64257672e-11 -1.61493647e-10 -1.82506103e-15  8.55289878e-16  2.32659924e-05 -2.14406142e-06 -1.58957185e-08  9.98079991e-10]:11.871381686332215
*******************************
***iteration: 2 Population is***
*******************************
Population scores:
485:[7.10540396e+10 1.89690151e+11]:[ 3.93994807e-02 -1.45755882e-12 -2.20958610e-13  4.63554407e-11 -1.76759280e-10 -1.71904348e-15  8.60119843e-16  2.45570523e-05 -2.07222972e-06 -1.67534316e-08  9.96237373e-10]:11.294015285101374
491:[1.02651564e+11 1.96120789e+11]:[ 3.75819154e-02 -1.50969232e-12 -2.12696174e-13  4.58994703e-11 -1.68167143e-10 -1.80796912e-15  8.46417438e-16  2.36390256e-05 -2.06059913e-06 -1.69081238e-08  1.00182076e-09]:11.314680119439249
456:[1.15038521e+11 2.05436230e+11]:[ 3.06771562e-02 -1.48962684e-12 -2.22917404e-13  4.58994703e-11 -1.68167143e-10 -1.80796912e-15  8.50197505e-16  2.36390256e-05 -2.08811178e-06 -1.62727890e-08  9.99639323e-10]:11.336339799530915
492:[1.80133208e+11 2.00794032e+11]:[ 3.85171780e-02 -1.49626745e-12 -2.20958610e-13  4.73402721e-11 -1.76759280e-10 -1.80791290e-15  8.53140135e-16  2.51120907e-05 -2.07222972e-06 -1.72948183e-08  9.96755027e-10]:11.340061912759444
486:[3.23331653e+10 2.28182853e+11]:[ 3.75819154e-02 -1.50969232e-12 -2.12696174e-13  4.67376534e-11 -1.76674582e-10 -1.81539947e-15  8.46417438e-16  2.45355465e-05 -2.06059913e-06 -1.69081238e-08  1.00182076e-09]:11.364393701432048
91:[1.77895525e+11 2.27639440e+11]:[ 3.85171780e-02 -1.49626745e-12 -2.22192537e-13  4.58948777e-11 -1.67475427e-10 -1.80791290e-15  8.53140135e-16  2.37048317e-05 -2.08859830e-06 -1.63502270e-08  9.96755027e-10]:11.389925865461539
488:[7.60412525e+10 2.38351332e+11]:[ 3.08020825e-02 -1.45755882e-12 -2.15998436e-13  4.64257672e-11 -1.76759280e-10 -1.71904348e-15  8.57489203e-16  2.78818105e-05 -2.14406142e-06 -1.67534316e-08  1.00468766e-09]:11.390856462992701
483:[6.15526755e+11 6.82119763e+11]:[ 3.08020825e-02 -1.45330108e-12 -2.15998436e-13  4.64257672e-11 -1.61493647e-10 -1.82506103e-15  8.55289878e-16  2.32659924e-05 -2.14406142e-06 -1.58957185e-08  9.98079991e-10]:11.871381686332215
Selected: [1 3]
***************
***CROSSOVER***
***************
&&&&&&&&&&&&&&&&&&&&&&&&
&&TOURNAMENT SELECTION&&
&&&&&&&&&&&&&&&&&&&&&&&&
parents:
[ 3.75819154e-02 -1.50969232e-12 -2.12696174e-13  4.58994703e-11 -1.68167143e-10 -1.80796912e-15  8.46417438e-16  2.36390256e-05 -2.06059913e-06 -1.69081238e-08  1.00182076e-09]
[ 3.85171780e-02 -1.49626745e-12 -2.20958610e-13  4.73402721e-11 -1.76759280e-10 -1.80791290e-15  8.53140135e-16  2.51120907e-05 -2.07222972e-06 -1.72948183e-08  9.96755027e-10]
children:
[ 3.75819154e-02 -1.49626745e-12 -2.20958610e-13  4.58994703e-11 -1.76759280e-10 -1.80796912e-15  8.46417438e-16  2.51120907e-05 -2.02268983e-06 -1.69801193e-08  9.89439137e-10]
[ 3.85171780e-02 -1.50969232e-12 -2.12696174e-13  4.73402721e-11 -1.68167143e-10 -1.80791290e-15  8.53140135e-16  2.36390256e-05 -2.06059913e-06 -1.72948183e-08  1.00182076e-09]
Population scores:
491:[1.02651564e+11 1.96120789e+11]:[ 3.75819154e-02 -1.50969232e-12 -2.12696174e-13  4.58994703e-11 -1.68167143e-10 -1.80796912e-15  8.46417438e-16  2.36390256e-05 -2.06059913e-06 -1.69081238e-08  1.00182076e-09]:11.314680119439249
492:[1.80133208e+11 2.00794032e+11]:[ 3.85171780e-02 -1.49626745e-12 -2.20958610e-13  4.73402721e-11 -1.76759280e-10 -1.80791290e-15  8.53140135e-16  2.51120907e-05 -2.07222972e-06 -1.72948183e-08  9.96755027e-10]:11.340061912759444
505:[2.32782507e+11 2.59706373e+11]:[ 3.85171780e-02 -1.50969232e-12 -2.12696174e-13  4.73402721e-11 -1.68167143e-10 -1.80791290e-15  8.53140135e-16  2.36390256e-05 -2.06059913e-06 -1.72948183e-08  1.00182076e-09]:11.451762838390103
504:[1.55951253e+10 3.54136705e+11]:[ 3.75819154e-02 -1.49626745e-12 -2.20958610e-13  4.58994703e-11 -1.76759280e-10 -1.80796912e-15  8.46417438e-16  2.51120907e-05 -2.02268983e-06 -1.69801193e-08  9.89439137e-10]:11.55107924732482
Selected for new population:
[ 3.75819154e-02 -1.50969232e-12 -2.12696174e-13  4.58994703e-11 -1.68167143e-10 -1.80796912e-15  8.46417438e-16  2.36390256e-05 -2.06059913e-06 -1.69081238e-08  1.00182076e-09]
[ 3.85171780e-02 -1.49626745e-12 -2.20958610e-13  4.73402721e-11 -1.76759280e-10 -1.80791290e-15  8.53140135e-16  2.51120907e-05 -2.07222972e-06 -1.72948183e-08  9.96755027e-10]
Selected: [3 5]
***************
***CROSSOVER***
***************
&&&&&&&&&&&&&&&&&&&&&&&&
&&TOURNAMENT SELECTION&&
&&&&&&&&&&&&&&&&&&&&&&&&
parents:
[ 3.85171780e-02 -1.49626745e-12 -2.20958610e-13  4.73402721e-11 -1.76759280e-10 -1.80791290e-15  8.53140135e-16  2.51120907e-05 -2.07222972e-06 -1.72948183e-08  9.96755027e-10]
[ 3.85171780e-02 -1.49626745e-12 -2.22192537e-13  4.58948777e-11 -1.67475427e-10 -1.80791290e-15  8.53140135e-16  2.37048317e-05 -2.08859830e-06 -1.63502270e-08  9.96755027e-10]
children:
[ 3.85171780e-02 -1.49626745e-12 -2.22192537e-13  4.54285827e-11 -1.67475427e-10 -1.73188110e-15  8.53140135e-16  2.34830227e-05 -2.08859830e-06 -1.63502270e-08  9.96755027e-10]
[ 3.85171780e-02 -1.49626745e-12 -2.20958610e-13  4.73402721e-11 -1.76759280e-10 -1.80791290e-15  8.53140135e-16  2.51120907e-05 -2.07222972e-06 -1.72948183e-08  9.97361734e-10]
Population scores:
507:[1.6975107e+11 1.9573579e+11]:[ 3.85171780e-02 -1.49626745e-12 -2.20958610e-13  4.73402721e-11 -1.76759280e-10 -1.80791290e-15  8.53140135e-16  2.51120907e-05 -2.07222972e-06 -1.72948183e-08  9.97361734e-10]:11.32778973799641
492:[1.80133208e+11 2.00794032e+11]:[ 3.85171780e-02 -1.49626745e-12 -2.20958610e-13  4.73402721e-11 -1.76759280e-10 -1.80791290e-15  8.53140135e-16  2.51120907e-05 -2.07222972e-06 -1.72948183e-08  9.96755027e-10]:11.340061912759444
91:[1.77895525e+11 2.27639440e+11]:[ 3.85171780e-02 -1.49626745e-12 -2.22192537e-13  4.58948777e-11 -1.67475427e-10 -1.80791290e-15  8.53140135e-16  2.37048317e-05 -2.08859830e-06 -1.63502270e-08  9.96755027e-10]:11.389925865461539
506:[1.77601227e+11 2.41521653e+11]:[ 3.85171780e-02 -1.49626745e-12 -2.22192537e-13  4.54285827e-11 -1.67475427e-10 -1.73188110e-15  8.53140135e-16  2.34830227e-05 -2.08859830e-06 -1.63502270e-08  9.96755027e-10]:11.413771992174661
Selected for new population:
[ 3.85171780e-02 -1.49626745e-12 -2.20958610e-13  4.73402721e-11 -1.76759280e-10 -1.80791290e-15  8.53140135e-16  2.51120907e-05 -2.07222972e-06 -1.72948183e-08  9.97361734e-10]
[ 3.85171780e-02 -1.49626745e-12 -2.20958610e-13  4.73402721e-11 -1.76759280e-10 -1.80791290e-15  8.53140135e-16  2.51120907e-05 -2.07222972e-06 -1.72948183e-08  9.96755027e-10]
Selected: [3 1]
***************
***CROSSOVER***
***************
&&&&&&&&&&&&&&&&&&&&&&&&
&&TOURNAMENT SELECTION&&
&&&&&&&&&&&&&&&&&&&&&&&&
parents:
[ 3.85171780e-02 -1.49626745e-12 -2.20958610e-13  4.73402721e-11 -1.76759280e-10 -1.80791290e-15  8.53140135e-16  2.51120907e-05 -2.07222972e-06 -1.72948183e-08  9.96755027e-10]
[ 3.75819154e-02 -1.50969232e-12 -2.12696174e-13  4.58994703e-11 -1.68167143e-10 -1.80796912e-15  8.46417438e-16  2.36390256e-05 -2.06059913e-06 -1.69081238e-08  1.00182076e-09]
children:
[ 3.73868716e-02 -1.50969232e-12 -2.12696174e-13  4.58994703e-11 -1.76759280e-10 -1.80791290e-15  9.46879352e-16  2.36390256e-05 -2.06059913e-06 -1.69081238e-08  1.00182076e-09]
[ 3.85171780e-02 -1.49626745e-12 -2.54553680e-13  4.73402721e-11 -1.61175065e-10 -1.80796912e-15  8.55005851e-16  2.51120907e-05 -2.07222972e-06 -1.80793769e-08  9.93691064e-10]
Population scores:
508:[1.02633330e+11 1.96122326e+11]:[ 3.73868716e-02 -1.50969232e-12 -2.12696174e-13  4.58994703e-11 -1.76759280e-10 -1.80791290e-15  9.46879352e-16  2.36390256e-05 -2.06059913e-06 -1.69081238e-08  1.00182076e-09]:11.314679516184677
491:[1.02651564e+11 1.96120789e+11]:[ 3.75819154e-02 -1.50969232e-12 -2.12696174e-13  4.58994703e-11 -1.68167143e-10 -1.80796912e-15  8.46417438e-16  2.36390256e-05 -2.06059913e-06 -1.69081238e-08  1.00182076e-09]:11.314680119439249
492:[1.80133208e+11 2.00794032e+11]:[ 3.85171780e-02 -1.49626745e-12 -2.20958610e-13  4.73402721e-11 -1.76759280e-10 -1.80791290e-15  8.53140135e-16  2.51120907e-05 -2.07222972e-06 -1.72948183e-08  9.96755027e-10]:11.340061912759444
509:[6.75906233e+11 7.02195604e+11]:[ 3.85171780e-02 -1.49626745e-12 -2.54553680e-13  4.73402721e-11 -1.61175065e-10 -1.80796912e-15  8.55005851e-16  2.51120907e-05 -2.07222972e-06 -1.80793769e-08  9.93691064e-10]:11.886370136615229
Selected for new population:
[ 3.73868716e-02 -1.50969232e-12 -2.12696174e-13  4.58994703e-11 -1.76759280e-10 -1.80791290e-15  9.46879352e-16  2.36390256e-05 -2.06059913e-06 -1.69081238e-08  1.00182076e-09]
[ 3.75819154e-02 -1.50969232e-12 -2.12696174e-13  4.58994703e-11 -1.68167143e-10 -1.80796912e-15  8.46417438e-16  2.36390256e-05 -2.06059913e-06 -1.69081238e-08  1.00182076e-09]
Selected: [5 2]
***************
***CROSSOVER***
***************
&&&&&&&&&&&&&&&&&&&&&&&&
&&TOURNAMENT SELECTION&&
&&&&&&&&&&&&&&&&&&&&&&&&
parents:
[ 3.85171780e-02 -1.49626745e-12 -2.22192537e-13  4.58948777e-11 -1.67475427e-10 -1.80791290e-15  8.53140135e-16  2.37048317e-05 -2.08859830e-06 -1.63502270e-08  9.96755027e-10]
[ 3.06771562e-02 -1.48962684e-12 -2.22917404e-13  4.58994703e-11 -1.68167143e-10 -1.80796912e-15  8.50197505e-16  2.36390256e-05 -2.08811178e-06 -1.62727890e-08  9.99639323e-10]
children:
[ 3.06771562e-02 -1.48962684e-12 -2.22917404e-13  4.58994703e-11 -1.71387510e-10 -1.74051814e-15  8.50197505e-16  2.36390256e-05 -2.08859830e-06 -1.62727890e-08  9.99639323e-10]
[ 3.85171780e-02 -1.49626745e-12 -2.22192537e-13  4.58504353e-11 -2.10133338e-10 -1.80796912e-15  8.53140135e-16  2.37048317e-05 -2.08811178e-06 -1.63502270e-08  9.94569019e-10]
Population scores:
456:[1.15038521e+11 2.05436230e+11]:[ 3.06771562e-02 -1.48962684e-12 -2.22917404e-13  4.58994703e-11 -1.68167143e-10 -1.80796912e-15  8.50197505e-16  2.36390256e-05 -2.08811178e-06 -1.62727890e-08  9.99639323e-10]:11.336339799530915
510:[9.63724680e+10 2.07760205e+11]:[ 3.06771562e-02 -1.48962684e-12 -2.22917404e-13  4.58994703e-11 -1.71387510e-10 -1.74051814e-15  8.50197505e-16  2.36390256e-05 -2.08859830e-06 -1.62727890e-08  9.99639323e-10]:11.3372544495469
91:[1.77895525e+11 2.27639440e+11]:[ 3.85171780e-02 -1.49626745e-12 -2.22192537e-13  4.58948777e-11 -1.67475427e-10 -1.80791290e-15  8.53140135e-16  2.37048317e-05 -2.08859830e-06 -1.63502270e-08  9.96755027e-10]:11.389925865461539
511:[2.13797897e+11 2.48417784e+11]:[ 3.85171780e-02 -1.49626745e-12 -2.22192537e-13  4.58504353e-11 -2.10133338e-10 -1.80796912e-15  8.53140135e-16  2.37048317e-05 -2.08811178e-06 -1.63502270e-08  9.94569019e-10]:11.431038039480844
Selected for new population:
[ 3.06771562e-02 -1.48962684e-12 -2.22917404e-13  4.58994703e-11 -1.68167143e-10 -1.80796912e-15  8.50197505e-16  2.36390256e-05 -2.08811178e-06 -1.62727890e-08  9.99639323e-10]
[ 3.06771562e-02 -1.48962684e-12 -2.22917404e-13  4.58994703e-11 -1.71387510e-10 -1.74051814e-15  8.50197505e-16  2.36390256e-05 -2.08859830e-06 -1.62727890e-08  9.99639323e-10]
Population scores:
485:[7.10540396e+10 1.89690151e+11]:[ 3.93994807e-02 -1.45755882e-12 -2.20958610e-13  4.63554407e-11 -1.76759280e-10 -1.71904348e-15  8.60119843e-16  2.45570523e-05 -2.07222972e-06 -1.67534316e-08  9.96237373e-10]:11.294015285101374
508:[1.02633330e+11 1.96122326e+11]:[ 3.73868716e-02 -1.50969232e-12 -2.12696174e-13  4.58994703e-11 -1.76759280e-10 -1.80791290e-15  9.46879352e-16  2.36390256e-05 -2.06059913e-06 -1.69081238e-08  1.00182076e-09]:11.314679516184677
491:[1.02651564e+11 1.96120789e+11]:[ 3.75819154e-02 -1.50969232e-12 -2.12696174e-13  4.58994703e-11 -1.68167143e-10 -1.80796912e-15  8.46417438e-16  2.36390256e-05 -2.06059913e-06 -1.69081238e-08  1.00182076e-09]:11.314680119439249
507:[1.6975107e+11 1.9573579e+11]:[ 3.85171780e-02 -1.49626745e-12 -2.20958610e-13  4.73402721e-11 -1.76759280e-10 -1.80791290e-15  8.53140135e-16  2.51120907e-05 -2.07222972e-06 -1.72948183e-08  9.97361734e-10]:11.32778973799641
456:[1.15038521e+11 2.05436230e+11]:[ 3.06771562e-02 -1.48962684e-12 -2.22917404e-13  4.58994703e-11 -1.68167143e-10 -1.80796912e-15  8.50197505e-16  2.36390256e-05 -2.08811178e-06 -1.62727890e-08  9.99639323e-10]:11.336339799530915
510:[9.63724680e+10 2.07760205e+11]:[ 3.06771562e-02 -1.48962684e-12 -2.22917404e-13  4.58994703e-11 -1.71387510e-10 -1.74051814e-15  8.50197505e-16  2.36390256e-05 -2.08859830e-06 -1.62727890e-08  9.99639323e-10]:11.3372544495469
492:[1.80133208e+11 2.00794032e+11]:[ 3.85171780e-02 -1.49626745e-12 -2.20958610e-13  4.73402721e-11 -1.76759280e-10 -1.80791290e-15  8.53140135e-16  2.51120907e-05 -2.07222972e-06 -1.72948183e-08  9.96755027e-10]:11.340061912759444
486:[3.23331653e+10 2.28182853e+11]:[ 3.75819154e-02 -1.50969232e-12 -2.12696174e-13  4.67376534e-11 -1.76674582e-10 -1.81539947e-15  8.46417438e-16  2.45355465e-05 -2.06059913e-06 -1.69081238e-08  1.00182076e-09]:11.364393701432048
91:[1.77895525e+11 2.27639440e+11]:[ 3.85171780e-02 -1.49626745e-12 -2.22192537e-13  4.58948777e-11 -1.67475427e-10 -1.80791290e-15  8.53140135e-16  2.37048317e-05 -2.08859830e-06 -1.63502270e-08  9.96755027e-10]:11.389925865461539
488:[7.60412525e+10 2.38351332e+11]:[ 3.08020825e-02 -1.45755882e-12 -2.15998436e-13  4.64257672e-11 -1.76759280e-10 -1.71904348e-15  8.57489203e-16  2.78818105e-05 -2.14406142e-06 -1.67534316e-08  1.00468766e-09]:11.390856462992701
483:[6.15526755e+11 6.82119763e+11]:[ 3.08020825e-02 -1.45330108e-12 -2.15998436e-13  4.64257672e-11 -1.61493647e-10 -1.82506103e-15  8.55289878e-16  2.32659924e-05 -2.14406142e-06 -1.58957185e-08  9.98079991e-10]:11.871381686332215
*******************************
***iteration: 3 Population is***
*******************************
Population scores:
485:[7.10540396e+10 1.89690151e+11]:[ 3.93994807e-02 -1.45755882e-12 -2.20958610e-13  4.63554407e-11 -1.76759280e-10 -1.71904348e-15  8.60119843e-16  2.45570523e-05 -2.07222972e-06 -1.67534316e-08  9.96237373e-10]:11.294015285101374
508:[1.02633330e+11 1.96122326e+11]:[ 3.73868716e-02 -1.50969232e-12 -2.12696174e-13  4.58994703e-11 -1.76759280e-10 -1.80791290e-15  9.46879352e-16  2.36390256e-05 -2.06059913e-06 -1.69081238e-08  1.00182076e-09]:11.314679516184677
491:[1.02651564e+11 1.96120789e+11]:[ 3.75819154e-02 -1.50969232e-12 -2.12696174e-13  4.58994703e-11 -1.68167143e-10 -1.80796912e-15  8.46417438e-16  2.36390256e-05 -2.06059913e-06 -1.69081238e-08  1.00182076e-09]:11.314680119439249
507:[1.6975107e+11 1.9573579e+11]:[ 3.85171780e-02 -1.49626745e-12 -2.20958610e-13  4.73402721e-11 -1.76759280e-10 -1.80791290e-15  8.53140135e-16  2.51120907e-05 -2.07222972e-06 -1.72948183e-08  9.97361734e-10]:11.32778973799641
456:[1.15038521e+11 2.05436230e+11]:[ 3.06771562e-02 -1.48962684e-12 -2.22917404e-13  4.58994703e-11 -1.68167143e-10 -1.80796912e-15  8.50197505e-16  2.36390256e-05 -2.08811178e-06 -1.62727890e-08  9.99639323e-10]:11.336339799530915
510:[9.63724680e+10 2.07760205e+11]:[ 3.06771562e-02 -1.48962684e-12 -2.22917404e-13  4.58994703e-11 -1.71387510e-10 -1.74051814e-15  8.50197505e-16  2.36390256e-05 -2.08859830e-06 -1.62727890e-08  9.99639323e-10]:11.3372544495469
492:[1.80133208e+11 2.00794032e+11]:[ 3.85171780e-02 -1.49626745e-12 -2.20958610e-13  4.73402721e-11 -1.76759280e-10 -1.80791290e-15  8.53140135e-16  2.51120907e-05 -2.07222972e-06 -1.72948183e-08  9.96755027e-10]:11.340061912759444
486:[3.23331653e+10 2.28182853e+11]:[ 3.75819154e-02 -1.50969232e-12 -2.12696174e-13  4.67376534e-11 -1.76674582e-10 -1.81539947e-15  8.46417438e-16  2.45355465e-05 -2.06059913e-06 -1.69081238e-08  1.00182076e-09]:11.364393701432048
Selected: [2 1]
***************
***CROSSOVER***
***************
&&&&&&&&&&&&&&&&&&&&&&&&
&&TOURNAMENT SELECTION&&
&&&&&&&&&&&&&&&&&&&&&&&&
parents:
[ 3.75819154e-02 -1.50969232e-12 -2.12696174e-13  4.58994703e-11 -1.68167143e-10 -1.80796912e-15  8.46417438e-16  2.36390256e-05 -2.06059913e-06 -1.69081238e-08  1.00182076e-09]
[ 3.73868716e-02 -1.50969232e-12 -2.12696174e-13  4.58994703e-11 -1.76759280e-10 -1.80791290e-15  9.46879352e-16  2.36390256e-05 -2.06059913e-06 -1.69081238e-08  1.00182076e-09]
children:
[ 3.73868716e-02 -1.50969232e-12 -3.02907507e-13  4.58994703e-11 -1.76759280e-10 -1.80791290e-15  9.46879352e-16  2.36390256e-05 -2.06059913e-06 -2.29295673e-08  1.00182076e-09]
[ 3.75819154e-02 -1.50969232e-12 -2.12696174e-13  4.58994703e-11 -1.68167143e-10 -1.80796912e-15  8.47071276e-16  2.36390256e-05 -2.72651538e-06 -1.67748336e-08  1.00182076e-09]
Population scores:
508:[1.02633330e+11 1.96122326e+11]:[ 3.73868716e-02 -1.50969232e-12 -2.12696174e-13  4.58994703e-11 -1.76759280e-10 -1.80791290e-15  9.46879352e-16  2.36390256e-05 -2.06059913e-06 -1.69081238e-08  1.00182076e-09]:11.314679516184677
491:[1.02651564e+11 1.96120789e+11]:[ 3.75819154e-02 -1.50969232e-12 -2.12696174e-13  4.58994703e-11 -1.68167143e-10 -1.80796912e-15  8.46417438e-16  2.36390256e-05 -2.06059913e-06 -1.69081238e-08  1.00182076e-09]:11.314680119439249
512:[8.67309799e+12 1.37312971e+13]:[ 3.73868716e-02 -1.50969232e-12 -3.02907507e-13  4.58994703e-11 -1.76759280e-10 -1.80791290e-15  9.46879352e-16  2.36390256e-05 -2.06059913e-06 -2.29295673e-08  1.00182076e-09]:13.164311414591312
513:[3.95474503e+13 7.03452694e+13]:[ 3.75819154e-02 -1.50969232e-12 -2.12696174e-13  4.58994703e-11 -1.68167143e-10 -1.80796912e-15  8.47071276e-16  2.36390256e-05 -2.72651538e-06 -1.67748336e-08  1.00182076e-09]:13.87098889832509
Selected for new population:
[ 3.73868716e-02 -1.50969232e-12 -2.12696174e-13  4.58994703e-11 -1.76759280e-10 -1.80791290e-15  9.46879352e-16  2.36390256e-05 -2.06059913e-06 -1.69081238e-08  1.00182076e-09]
[ 3.75819154e-02 -1.50969232e-12 -2.12696174e-13  4.58994703e-11 -1.68167143e-10 -1.80796912e-15  8.46417438e-16  2.36390256e-05 -2.06059913e-06 -1.69081238e-08  1.00182076e-09]
Selected: [3 5]
***************
***CROSSOVER***
***************
&&&&&&&&&&&&&&&&&&&&&&&&
&&TOURNAMENT SELECTION&&
&&&&&&&&&&&&&&&&&&&&&&&&
parents:
[ 3.85171780e-02 -1.49626745e-12 -2.20958610e-13  4.73402721e-11 -1.76759280e-10 -1.80791290e-15  8.53140135e-16  2.51120907e-05 -2.07222972e-06 -1.72948183e-08  9.97361734e-10]
[ 3.06771562e-02 -1.48962684e-12 -2.22917404e-13  4.58994703e-11 -1.71387510e-10 -1.74051814e-15  8.50197505e-16  2.36390256e-05 -2.08859830e-06 -1.62727890e-08  9.99639323e-10]
children:
[ 3.06771562e-02 -1.48962684e-12 -2.20958610e-13  4.58994703e-11 -1.71387510e-10 -1.80791290e-15  8.50197505e-16  2.36390256e-05 -2.07222972e-06 -1.69885720e-08  9.97361734e-10]
[ 3.85171780e-02 -1.49626745e-12 -2.22917404e-13  4.73402721e-11 -1.76759280e-10 -1.74051814e-15  8.46798726e-16  2.51120907e-05 -2.08859830e-06 -1.64229304e-08  9.66927486e-10]
Population scores:
507:[1.6975107e+11 1.9573579e+11]:[ 3.85171780e-02 -1.49626745e-12 -2.20958610e-13  4.73402721e-11 -1.76759280e-10 -1.80791290e-15  8.53140135e-16  2.51120907e-05 -2.07222972e-06 -1.72948183e-08  9.97361734e-10]:11.32778973799641
510:[9.63724680e+10 2.07760205e+11]:[ 3.06771562e-02 -1.48962684e-12 -2.22917404e-13  4.58994703e-11 -1.71387510e-10 -1.74051814e-15  8.50197505e-16  2.36390256e-05 -2.08859830e-06 -1.62727890e-08  9.99639323e-10]:11.3372544495469
514:[2.97046945e+11 3.15393486e+11]:[ 3.06771562e-02 -1.48962684e-12 -2.20958610e-13  4.58994703e-11 -1.71387510e-10 -1.80791290e-15  8.50197505e-16  2.36390256e-05 -2.07222972e-06 -1.69885720e-08  9.97361734e-10]:11.537942669868288
515:[6.27708927e+11 6.20908007e+11]:[ 3.85171780e-02 -1.49626745e-12 -2.22917404e-13  4.73402721e-11 -1.76759280e-10 -1.74051814e-15  8.46798726e-16  2.51120907e-05 -2.08859830e-06 -1.64229304e-08  9.66927486e-10]:11.834852176826338
Selected for new population:
[ 3.85171780e-02 -1.49626745e-12 -2.20958610e-13  4.73402721e-11 -1.76759280e-10 -1.80791290e-15  8.53140135e-16  2.51120907e-05 -2.07222972e-06 -1.72948183e-08  9.97361734e-10]
[ 3.06771562e-02 -1.48962684e-12 -2.22917404e-13  4.58994703e-11 -1.71387510e-10 -1.74051814e-15  8.50197505e-16  2.36390256e-05 -2.08859830e-06 -1.62727890e-08  9.99639323e-10]
Selected: [1 4]
***************
***CROSSOVER***
***************
&&&&&&&&&&&&&&&&&&&&&&&&
&&TOURNAMENT SELECTION&&
&&&&&&&&&&&&&&&&&&&&&&&&
parents:
[ 3.73868716e-02 -1.50969232e-12 -2.12696174e-13  4.58994703e-11 -1.76759280e-10 -1.80791290e-15  9.46879352e-16  2.36390256e-05 -2.06059913e-06 -1.69081238e-08  1.00182076e-09]
[ 3.06771562e-02 -1.48962684e-12 -2.22917404e-13  4.58994703e-11 -1.68167143e-10 -1.80796912e-15  8.50197505e-16  2.36390256e-05 -2.08811178e-06 -1.62727890e-08  9.99639323e-10]
children:
[ 3.06771562e-02 -1.48962684e-12 -2.22917404e-13  4.58994703e-11 -1.76759280e-10 -1.80796912e-15  8.50197505e-16  2.36390256e-05 -2.08811178e-06 -1.78460433e-08  1.69931708e-09]
[ 3.73868716e-02 -1.50969232e-12 -2.12696174e-13  4.58994703e-11 -1.68167143e-10 -1.80791290e-15  9.46879352e-16  2.45543237e-05 -2.06059913e-06 -1.62727890e-08  9.99639323e-10]
Population scores:
508:[1.02633330e+11 1.96122326e+11]:[ 3.73868716e-02 -1.50969232e-12 -2.12696174e-13  4.58994703e-11 -1.76759280e-10 -1.80791290e-15  9.46879352e-16  2.36390256e-05 -2.06059913e-06 -1.69081238e-08  1.00182076e-09]:11.314679516184677
456:[1.15038521e+11 2.05436230e+11]:[ 3.06771562e-02 -1.48962684e-12 -2.22917404e-13  4.58994703e-11 -1.68167143e-10 -1.80796912e-15  8.50197505e-16  2.36390256e-05 -2.08811178e-06 -1.62727890e-08  9.99639323e-10]:11.336339799530915
517:[2.64950649e+10 4.78924022e+11]:[ 3.73868716e-02 -1.50969232e-12 -2.12696174e-13  4.58994703e-11 -1.68167143e-10 -1.80791290e-15  9.46879352e-16  2.45543237e-05 -2.06059913e-06 -1.62727890e-08  9.99639323e-10]:11.682662606673622
516:[1.93512508e+14 3.81000115e+14]:[ 3.06771562e-02 -1.48962684e-12 -2.22917404e-13  4.58994703e-11 -1.76759280e-10 -1.80796912e-15  8.50197505e-16  2.36390256e-05 -2.08811178e-06 -1.78460433e-08  1.69931708e-09]:14.602441313951992
Selected for new population:
[ 3.73868716e-02 -1.50969232e-12 -2.12696174e-13  4.58994703e-11 -1.76759280e-10 -1.80791290e-15  9.46879352e-16  2.36390256e-05 -2.06059913e-06 -1.69081238e-08  1.00182076e-09]
[ 3.06771562e-02 -1.48962684e-12 -2.22917404e-13  4.58994703e-11 -1.68167143e-10 -1.80796912e-15  8.50197505e-16  2.36390256e-05 -2.08811178e-06 -1.62727890e-08  9.99639323e-10]
Selected: [0 7]
***************
***CROSSOVER***
***************
&&&&&&&&&&&&&&&&&&&&&&&&
&&TOURNAMENT SELECTION&&
&&&&&&&&&&&&&&&&&&&&&&&&
parents:
[ 3.93994807e-02 -1.45755882e-12 -2.20958610e-13  4.63554407e-11 -1.76759280e-10 -1.71904348e-15  8.60119843e-16  2.45570523e-05 -2.07222972e-06 -1.67534316e-08  9.96237373e-10]
[ 3.75819154e-02 -1.50969232e-12 -2.12696174e-13  4.67376534e-11 -1.76674582e-10 -1.81539947e-15  8.46417438e-16  2.45355465e-05 -2.06059913e-06 -1.69081238e-08  1.00182076e-09]
children:
[ 3.75819154e-02 -1.58677657e-12 -2.20958610e-13  5.35151654e-11 -1.76759280e-10 -1.71904348e-15  8.46417438e-16  2.45355465e-05 -2.07222972e-06 -1.69081238e-08  1.00182076e-09]
[ 3.93994807e-02 -1.45755882e-12 -2.12696174e-13  4.63554407e-11 -1.76674582e-10 -1.88145057e-15  8.60119843e-16  2.45570523e-05 -2.06059913e-06 -1.67534316e-08  9.96237373e-10]
Population scores:
519:[6.34988748e+10 1.90222446e+11]:[ 3.93994807e-02 -1.45755882e-12 -2.12696174e-13  4.63554407e-11 -1.76674582e-10 -1.88145057e-15  8.60119843e-16  2.45570523e-05 -2.06059913e-06 -1.67534316e-08  9.96237373e-10]:11.293522392237065
485:[7.10540396e+10 1.89690151e+11]:[ 3.93994807e-02 -1.45755882e-12 -2.20958610e-13  4.63554407e-11 -1.76759280e-10 -1.71904348e-15  8.60119843e-16  2.45570523e-05 -2.07222972e-06 -1.67534316e-08  9.96237373e-10]:11.294015285101374
518:[4.99856885e+10 2.04549677e+11]:[ 3.75819154e-02 -1.58677657e-12 -2.20958610e-13  5.35151654e-11 -1.76759280e-10 -1.71904348e-15  8.46417438e-16  2.45355465e-05 -2.07222972e-06 -1.69081238e-08  1.00182076e-09]:11.321284029332107
486:[3.23331653e+10 2.28182853e+11]:[ 3.75819154e-02 -1.50969232e-12 -2.12696174e-13  4.67376534e-11 -1.76674582e-10 -1.81539947e-15  8.46417438e-16  2.45355465e-05 -2.06059913e-06 -1.69081238e-08  1.00182076e-09]:11.364393701432048
Selected for new population:
[ 3.93994807e-02 -1.45755882e-12 -2.12696174e-13  4.63554407e-11 -1.76674582e-10 -1.88145057e-15  8.60119843e-16  2.45570523e-05 -2.06059913e-06 -1.67534316e-08  9.96237373e-10]
[ 3.93994807e-02 -1.45755882e-12 -2.20958610e-13  4.63554407e-11 -1.76759280e-10 -1.71904348e-15  8.60119843e-16  2.45570523e-05 -2.07222972e-06 -1.67534316e-08  9.96237373e-10]
Population scores:
519:[6.34988748e+10 1.90222446e+11]:[ 3.93994807e-02 -1.45755882e-12 -2.12696174e-13  4.63554407e-11 -1.76674582e-10 -1.88145057e-15  8.60119843e-16  2.45570523e-05 -2.06059913e-06 -1.67534316e-08  9.96237373e-10]:11.293522392237065
485:[7.10540396e+10 1.89690151e+11]:[ 3.93994807e-02 -1.45755882e-12 -2.20958610e-13  4.63554407e-11 -1.76759280e-10 -1.71904348e-15  8.60119843e-16  2.45570523e-05 -2.07222972e-06 -1.67534316e-08  9.96237373e-10]:11.294015285101374
508:[1.02633330e+11 1.96122326e+11]:[ 3.73868716e-02 -1.50969232e-12 -2.12696174e-13  4.58994703e-11 -1.76759280e-10 -1.80791290e-15  9.46879352e-16  2.36390256e-05 -2.06059913e-06 -1.69081238e-08  1.00182076e-09]:11.314679516184677
491:[1.02651564e+11 1.96120789e+11]:[ 3.75819154e-02 -1.50969232e-12 -2.12696174e-13  4.58994703e-11 -1.68167143e-10 -1.80796912e-15  8.46417438e-16  2.36390256e-05 -2.06059913e-06 -1.69081238e-08  1.00182076e-09]:11.314680119439249
507:[1.6975107e+11 1.9573579e+11]:[ 3.85171780e-02 -1.49626745e-12 -2.20958610e-13  4.73402721e-11 -1.76759280e-10 -1.80791290e-15  8.53140135e-16  2.51120907e-05 -2.07222972e-06 -1.72948183e-08  9.97361734e-10]:11.32778973799641
456:[1.15038521e+11 2.05436230e+11]:[ 3.06771562e-02 -1.48962684e-12 -2.22917404e-13  4.58994703e-11 -1.68167143e-10 -1.80796912e-15  8.50197505e-16  2.36390256e-05 -2.08811178e-06 -1.62727890e-08  9.99639323e-10]:11.336339799530915
510:[9.63724680e+10 2.07760205e+11]:[ 3.06771562e-02 -1.48962684e-12 -2.22917404e-13  4.58994703e-11 -1.71387510e-10 -1.74051814e-15  8.50197505e-16  2.36390256e-05 -2.08859830e-06 -1.62727890e-08  9.99639323e-10]:11.3372544495469
492:[1.80133208e+11 2.00794032e+11]:[ 3.85171780e-02 -1.49626745e-12 -2.20958610e-13  4.73402721e-11 -1.76759280e-10 -1.80791290e-15  8.53140135e-16  2.51120907e-05 -2.07222972e-06 -1.72948183e-08  9.96755027e-10]:11.340061912759444
486:[3.23331653e+10 2.28182853e+11]:[ 3.75819154e-02 -1.50969232e-12 -2.12696174e-13  4.67376534e-11 -1.76674582e-10 -1.81539947e-15  8.46417438e-16  2.45355465e-05 -2.06059913e-06 -1.69081238e-08  1.00182076e-09]:11.364393701432048
%%%%%%%%%%%%%%%%%%%%%%%%%
%%%final - population%%%%
%%%%%%%%%%%%%%%%%%%%%%%%%
[ 3.93994807e-02 -1.45755882e-12 -2.12696174e-13  4.63554407e-11 -1.76674582e-10 -1.88145057e-15  8.60119843e-16  2.45570523e-05 -2.06059913e-06 -1.67534316e-08  9.96237373e-10]:[6.34988748e+10 1.90222446e+11]
[ 3.93994807e-02 -1.45755882e-12 -2.20958610e-13  4.63554407e-11 -1.76759280e-10 -1.71904348e-15  8.60119843e-16  2.45570523e-05 -2.07222972e-06 -1.67534316e-08  9.96237373e-10]:[7.10540396e+10 1.89690151e+11]
[ 3.73868716e-02 -1.50969232e-12 -2.12696174e-13  4.58994703e-11 -1.76759280e-10 -1.80791290e-15  9.46879352e-16  2.36390256e-05 -2.06059913e-06 -1.69081238e-08  1.00182076e-09]:[1.02633330e+11 1.96122326e+11]
[ 3.75819154e-02 -1.50969232e-12 -2.12696174e-13  4.58994703e-11 -1.68167143e-10 -1.80796912e-15  8.46417438e-16  2.36390256e-05 -2.06059913e-06 -1.69081238e-08  1.00182076e-09]:[1.02651564e+11 1.96120789e+11]
[ 3.85171780e-02 -1.49626745e-12 -2.20958610e-13  4.73402721e-11 -1.76759280e-10 -1.80791290e-15  8.53140135e-16  2.51120907e-05 -2.07222972e-06 -1.72948183e-08  9.97361734e-10]:[1.6975107e+11 1.9573579e+11]
[ 3.06771562e-02 -1.48962684e-12 -2.22917404e-13  4.58994703e-11 -1.68167143e-10 -1.80796912e-15  8.50197505e-16  2.36390256e-05 -2.08811178e-06 -1.62727890e-08  9.99639323e-10]:[1.15038521e+11 2.05436230e+11]
[ 3.06771562e-02 -1.48962684e-12 -2.22917404e-13  4.58994703e-11 -1.71387510e-10 -1.74051814e-15  8.50197505e-16  2.36390256e-05 -2.08859830e-06 -1.62727890e-08  9.99639323e-10]:[9.63724680e+10 2.07760205e+11]
[ 3.85171780e-02 -1.49626745e-12 -2.20958610e-13  4.73402721e-11 -1.76759280e-10 -1.80791290e-15  8.53140135e-16  2.51120907e-05 -2.07222972e-06 -1.72948183e-08  9.96755027e-10]:[1.80133208e+11 2.00794032e+11]
