Generating Population from
[ 3.85171780e-02 -1.49626745e-12 -2.22192537e-13  4.58504353e-11 -2.10133338e-10 -1.80796912e-15  8.53140135e-16  2.37048317e-05 -2.08811178e-06 -1.63502270e-08  9.94569019e-10]
*******************************
***iteration: 0 Population is***
*******************************
Population scores:
521:[2.46489859e+10 2.59466534e+11]:[ 3.83007741e-02 -1.53956031e-12 -2.31967294e-13  4.57574403e-11 -2.05712207e-10 -1.87901357e-15  8.49159076e-16  2.30366659e-05 -2.02261472e-06 -1.60552505e-08  9.84615738e-10]:11.41818761892212
511:[2.13797897e+11 2.48417784e+11]:[ 3.85171780e-02 -1.49626745e-12 -2.22192537e-13  4.58504353e-11 -2.10133338e-10 -1.80796912e-15  8.53140135e-16  2.37048317e-05 -2.08811178e-06 -1.63502270e-08  9.94569019e-10]:11.431038039480844
524:[9.88882612e+11 5.27584510e+11]:[ 4.25171312e-02 -7.20059763e-13 -2.66116156e-13  3.70341394e-11 -1.94056212e-10 -2.56446403e-15  8.03142001e-16  1.76066034e-05 -2.23955369e-06 -6.51833559e-09  9.15283765e-10]:11.796902199859558
520:[6.11587642e+11 7.22365080e+11]:[ 3.76792630e-02 -1.48512580e-12 -2.31511850e-13  4.67387334e-11 -2.17120066e-10 -1.76457531e-15  8.58572674e-16  2.27704688e-05 -2.14073264e-06 -1.60361727e-08  1.00226749e-09]:11.894052217443402
522:[1.79934904e+12 2.34499721e+12]:[ 3.79996967e-02 -1.52662339e-12 -2.18847250e-13  4.68054018e-11 -2.10321410e-10 -1.84304720e-15  8.48303453e-16  2.31104938e-05 -2.11872189e-06 -1.71448453e-08  9.87975112e-10]:12.402249706398585
523:[8.20100753e+13 1.52673714e+14]:[ 4.75424884e-02 -2.14420002e-12 -2.45343464e-13  5.34318964e-11 -2.81834481e-10 -1.87522088e-15  9.50636505e-16  1.72844814e-05 -2.93890003e-06 -1.98133157e-08  1.07982605e-09]:14.206487809485798
Selected: [0 1]
***************
***CROSSOVER***
***************
&&&&&&&&&&&&&&&&&&&&&&&&
&&TOURNAMENT SELECTION&&
&&&&&&&&&&&&&&&&&&&&&&&&
parents:
[ 3.83007741e-02 -1.53956031e-12 -2.31967294e-13  4.57574403e-11 -2.05712207e-10 -1.87901357e-15  8.49159076e-16  2.30366659e-05 -2.02261472e-06 -1.60552505e-08  9.84615738e-10]
[ 3.85171780e-02 -1.49626745e-12 -2.22192537e-13  4.58504353e-11 -2.10133338e-10 -1.80796912e-15  8.53140135e-16  2.37048317e-05 -2.08811178e-06 -1.63502270e-08  9.94569019e-10]
children:
[ 3.85171780e-02 -1.53956031e-12 -2.22192537e-13  4.58504353e-11 -1.32316300e-10 -1.80796912e-15  8.92760598e-16  2.37048317e-05 -1.89211063e-06 -1.63502270e-08  9.84615738e-10]
[ 3.83007741e-02 -1.49626745e-12 -2.31967294e-13  4.57574403e-11 -2.10133338e-10 -1.87901357e-15  8.58206736e-16  2.30366659e-05 -2.02261472e-06 -1.60552505e-08  1.00147441e-09]
Population scores:
521:[2.46489859e+10 2.59466534e+11]:[ 3.83007741e-02 -1.53956031e-12 -2.31967294e-13  4.57574403e-11 -2.05712207e-10 -1.87901357e-15  8.49159076e-16  2.30366659e-05 -2.02261472e-06 -1.60552505e-08  9.84615738e-10]:11.41818761892212
511:[2.13797897e+11 2.48417784e+11]:[ 3.85171780e-02 -1.49626745e-12 -2.22192537e-13  4.58504353e-11 -2.10133338e-10 -1.80796912e-15  8.53140135e-16  2.37048317e-05 -2.08811178e-06 -1.63502270e-08  9.94569019e-10]:11.431038039480844
526:[8.23650216e+10 7.89062352e+11]:[ 3.83007741e-02 -1.49626745e-12 -2.31967294e-13  4.57574403e-11 -2.10133338e-10 -1.87901357e-15  8.58206736e-16  2.30366659e-05 -2.02261472e-06 -1.60552505e-08  1.00147441e-09]:11.901621139868713
525:[1.27432421e+12 4.00282707e+12]:[ 3.85171780e-02 -1.53956031e-12 -2.22192537e-13  4.58504353e-11 -1.32316300e-10 -1.80796912e-15  8.92760598e-16  2.37048317e-05 -1.89211063e-06 -1.63502270e-08  9.84615738e-10]:12.615977337869863
Selected for new population:
[ 3.83007741e-02 -1.53956031e-12 -2.31967294e-13  4.57574403e-11 -2.05712207e-10 -1.87901357e-15  8.49159076e-16  2.30366659e-05 -2.02261472e-06 -1.60552505e-08  9.84615738e-10]
[ 3.85171780e-02 -1.49626745e-12 -2.22192537e-13  4.58504353e-11 -2.10133338e-10 -1.80796912e-15  8.53140135e-16  2.37048317e-05 -2.08811178e-06 -1.63502270e-08  9.94569019e-10]
Selected: [1 0]
***************
***CROSSOVER***
***************
&&&&&&&&&&&&&&&&&&&&&&&&
&&TOURNAMENT SELECTION&&
&&&&&&&&&&&&&&&&&&&&&&&&
parents:
[ 3.85171780e-02 -1.49626745e-12 -2.22192537e-13  4.58504353e-11 -2.10133338e-10 -1.80796912e-15  8.53140135e-16  2.37048317e-05 -2.08811178e-06 -1.63502270e-08  9.94569019e-10]
[ 3.83007741e-02 -1.53956031e-12 -2.31967294e-13  4.57574403e-11 -2.05712207e-10 -1.87901357e-15  8.49159076e-16  2.30366659e-05 -2.02261472e-06 -1.60552505e-08  9.84615738e-10]
children:
[ 3.83007741e-02 -1.47226661e-12 -2.31967294e-13  4.57574403e-11 -2.05712207e-10 -1.87901357e-15  8.49159076e-16  2.30366659e-05 -1.15492506e-06 -1.60552505e-08  9.94569019e-10]
[ 3.85171780e-02 -1.49626745e-12 -2.22192537e-13  4.58504353e-11 -2.10133338e-10 -1.80796912e-15  8.53140135e-16  2.37048317e-05 -2.02261472e-06 -8.82108386e-09  9.84615738e-10]
Population scores:
521:[2.46489859e+10 2.59466534e+11]:[ 3.83007741e-02 -1.53956031e-12 -2.31967294e-13  4.57574403e-11 -2.05712207e-10 -1.87901357e-15  8.49159076e-16  2.30366659e-05 -2.02261472e-06 -1.60552505e-08  9.84615738e-10]:11.41818761892212
511:[2.13797897e+11 2.48417784e+11]:[ 3.85171780e-02 -1.49626745e-12 -2.22192537e-13  4.58504353e-11 -2.10133338e-10 -1.80796912e-15  8.53140135e-16  2.37048317e-05 -2.08811178e-06 -1.63502270e-08  9.94569019e-10]:11.431038039480844
528:[1.05141933e+13 2.41198711e+13]:[ 3.85171780e-02 -1.49626745e-12 -2.22192537e-13  4.58504353e-11 -2.10133338e-10 -1.80796912e-15  8.53140135e-16  2.37048317e-05 -2.02261472e-06 -8.82108386e-09  9.84615738e-10]:13.400905480314755
527:[6.40245569e+13 1.33341715e+14]:[ 3.83007741e-02 -1.47226661e-12 -2.31967294e-13  4.57574403e-11 -2.05712207e-10 -1.87901357e-15  8.49159076e-16  2.30366659e-05 -1.15492506e-06 -1.60552505e-08  9.94569019e-10]:14.145333701932078
Selected for new population:
[ 3.83007741e-02 -1.53956031e-12 -2.31967294e-13  4.57574403e-11 -2.05712207e-10 -1.87901357e-15  8.49159076e-16  2.30366659e-05 -2.02261472e-06 -1.60552505e-08  9.84615738e-10]
[ 3.85171780e-02 -1.49626745e-12 -2.22192537e-13  4.58504353e-11 -2.10133338e-10 -1.80796912e-15  8.53140135e-16  2.37048317e-05 -2.08811178e-06 -1.63502270e-08  9.94569019e-10]
Selected: [0 1]
***************
***CROSSOVER***
***************
&&&&&&&&&&&&&&&&&&&&&&&&
&&TOURNAMENT SELECTION&&
&&&&&&&&&&&&&&&&&&&&&&&&
parents:
[ 3.83007741e-02 -1.53956031e-12 -2.31967294e-13  4.57574403e-11 -2.05712207e-10 -1.87901357e-15  8.49159076e-16  2.30366659e-05 -2.02261472e-06 -1.60552505e-08  9.84615738e-10]
[ 3.85171780e-02 -1.49626745e-12 -2.22192537e-13  4.58504353e-11 -2.10133338e-10 -1.80796912e-15  8.53140135e-16  2.37048317e-05 -2.08811178e-06 -1.63502270e-08  9.94569019e-10]
children:
[ 3.83007741e-02 -1.53956031e-12 -2.22192537e-13  4.58504353e-11 -2.05712207e-10 -1.87901357e-15  9.44616518e-16  3.19169647e-05 -2.02261472e-06 -1.63502270e-08  9.84615738e-10]
[ 3.85171780e-02 -1.05570487e-12 -2.31967294e-13  4.57574403e-11 -2.10133338e-10 -1.80796912e-15  8.49159076e-16  2.30366659e-05 -2.08811178e-06 -1.69324881e-08  9.94569019e-10]
Population scores:
521:[2.46489859e+10 2.59466534e+11]:[ 3.83007741e-02 -1.53956031e-12 -2.31967294e-13  4.57574403e-11 -2.05712207e-10 -1.87901357e-15  8.49159076e-16  2.30366659e-05 -2.02261472e-06 -1.60552505e-08  9.84615738e-10]:11.41818761892212
511:[2.13797897e+11 2.48417784e+11]:[ 3.85171780e-02 -1.49626745e-12 -2.22192537e-13  4.58504353e-11 -2.10133338e-10 -1.80796912e-15  8.53140135e-16  2.37048317e-05 -2.08811178e-06 -1.63502270e-08  9.94569019e-10]:11.431038039480844
530:[6.89210455e+11 7.74498157e+11]:[ 3.85171780e-02 -1.05570487e-12 -2.31967294e-13  4.57574403e-11 -2.10133338e-10 -1.80796912e-15  8.49159076e-16  2.30366659e-05 -2.08811178e-06 -1.69324881e-08  9.94569019e-10]:11.926043484654624
529:[2.12331054e+12 6.05089890e+12]:[ 3.83007741e-02 -1.53956031e-12 -2.22192537e-13  4.58504353e-11 -2.05712207e-10 -1.87901357e-15  9.44616518e-16  3.19169647e-05 -2.02261472e-06 -1.63502270e-08  9.84615738e-10]:12.79679835676111
Selected for new population:
[ 3.83007741e-02 -1.53956031e-12 -2.31967294e-13  4.57574403e-11 -2.05712207e-10 -1.87901357e-15  8.49159076e-16  2.30366659e-05 -2.02261472e-06 -1.60552505e-08  9.84615738e-10]
[ 3.85171780e-02 -1.49626745e-12 -2.22192537e-13  4.58504353e-11 -2.10133338e-10 -1.80796912e-15  8.53140135e-16  2.37048317e-05 -2.08811178e-06 -1.63502270e-08  9.94569019e-10]
Population scores:
521:[2.46489859e+10 2.59466534e+11]:[ 3.83007741e-02 -1.53956031e-12 -2.31967294e-13  4.57574403e-11 -2.05712207e-10 -1.87901357e-15  8.49159076e-16  2.30366659e-05 -2.02261472e-06 -1.60552505e-08  9.84615738e-10]:11.41818761892212
511:[2.13797897e+11 2.48417784e+11]:[ 3.85171780e-02 -1.49626745e-12 -2.22192537e-13  4.58504353e-11 -2.10133338e-10 -1.80796912e-15  8.53140135e-16  2.37048317e-05 -2.08811178e-06 -1.63502270e-08  9.94569019e-10]:11.431038039480844
524:[9.88882612e+11 5.27584510e+11]:[ 4.25171312e-02 -7.20059763e-13 -2.66116156e-13  3.70341394e-11 -1.94056212e-10 -2.56446403e-15  8.03142001e-16  1.76066034e-05 -2.23955369e-06 -6.51833559e-09  9.15283765e-10]:11.796902199859558
520:[6.11587642e+11 7.22365080e+11]:[ 3.76792630e-02 -1.48512580e-12 -2.31511850e-13  4.67387334e-11 -2.17120066e-10 -1.76457531e-15  8.58572674e-16  2.27704688e-05 -2.14073264e-06 -1.60361727e-08  1.00226749e-09]:11.894052217443402
522:[1.79934904e+12 2.34499721e+12]:[ 3.79996967e-02 -1.52662339e-12 -2.18847250e-13  4.68054018e-11 -2.10321410e-10 -1.84304720e-15  8.48303453e-16  2.31104938e-05 -2.11872189e-06 -1.71448453e-08  9.87975112e-10]:12.402249706398585
523:[8.20100753e+13 1.52673714e+14]:[ 4.75424884e-02 -2.14420002e-12 -2.45343464e-13  5.34318964e-11 -2.81834481e-10 -1.87522088e-15  9.50636505e-16  1.72844814e-05 -2.93890003e-06 -1.98133157e-08  1.07982605e-09]:14.206487809485798
*******************************
***iteration: 1 Population is***
*******************************
Population scores:
521:[2.46489859e+10 2.59466534e+11]:[ 3.83007741e-02 -1.53956031e-12 -2.31967294e-13  4.57574403e-11 -2.05712207e-10 -1.87901357e-15  8.49159076e-16  2.30366659e-05 -2.02261472e-06 -1.60552505e-08  9.84615738e-10]:11.41818761892212
511:[2.13797897e+11 2.48417784e+11]:[ 3.85171780e-02 -1.49626745e-12 -2.22192537e-13  4.58504353e-11 -2.10133338e-10 -1.80796912e-15  8.53140135e-16  2.37048317e-05 -2.08811178e-06 -1.63502270e-08  9.94569019e-10]:11.431038039480844
524:[9.88882612e+11 5.27584510e+11]:[ 4.25171312e-02 -7.20059763e-13 -2.66116156e-13  3.70341394e-11 -1.94056212e-10 -2.56446403e-15  8.03142001e-16  1.76066034e-05 -2.23955369e-06 -6.51833559e-09  9.15283765e-10]:11.796902199859558
520:[6.11587642e+11 7.22365080e+11]:[ 3.76792630e-02 -1.48512580e-12 -2.31511850e-13  4.67387334e-11 -2.17120066e-10 -1.76457531e-15  8.58572674e-16  2.27704688e-05 -2.14073264e-06 -1.60361727e-08  1.00226749e-09]:11.894052217443402
522:[1.79934904e+12 2.34499721e+12]:[ 3.79996967e-02 -1.52662339e-12 -2.18847250e-13  4.68054018e-11 -2.10321410e-10 -1.84304720e-15  8.48303453e-16  2.31104938e-05 -2.11872189e-06 -1.71448453e-08  9.87975112e-10]:12.402249706398585
523:[8.20100753e+13 1.52673714e+14]:[ 4.75424884e-02 -2.14420002e-12 -2.45343464e-13  5.34318964e-11 -2.81834481e-10 -1.87522088e-15  9.50636505e-16  1.72844814e-05 -2.93890003e-06 -1.98133157e-08  1.07982605e-09]:14.206487809485798
Selected: [1 0]
***************
***CROSSOVER***
***************
&&&&&&&&&&&&&&&&&&&&&&&&
&&TOURNAMENT SELECTION&&
&&&&&&&&&&&&&&&&&&&&&&&&
parents:
[ 3.85171780e-02 -1.49626745e-12 -2.22192537e-13  4.58504353e-11 -2.10133338e-10 -1.80796912e-15  8.53140135e-16  2.37048317e-05 -2.08811178e-06 -1.63502270e-08  9.94569019e-10]
[ 3.83007741e-02 -1.53956031e-12 -2.31967294e-13  4.57574403e-11 -2.05712207e-10 -1.87901357e-15  8.49159076e-16  2.30366659e-05 -2.02261472e-06 -1.60552505e-08  9.84615738e-10]
children:
[ 3.85171780e-02 -1.53956031e-12 -2.22192537e-13  4.57574403e-11 -2.10133338e-10 -1.80796912e-15  8.49159076e-16  3.14884497e-05 -2.02261472e-06 -1.63502270e-08  9.94569019e-10]
[ 3.83007741e-02 -1.49626745e-12 -2.31967294e-13  4.58504353e-11 -2.05712207e-10 -1.87901357e-15  8.53140135e-16  2.37048317e-05 -2.08811178e-06 -1.60552505e-08  9.85968345e-10]
Population scores:
521:[2.46489859e+10 2.59466534e+11]:[ 3.83007741e-02 -1.53956031e-12 -2.31967294e-13  4.57574403e-11 -2.05712207e-10 -1.87901357e-15  8.49159076e-16  2.30366659e-05 -2.02261472e-06 -1.60552505e-08  9.84615738e-10]:11.41818761892212
511:[2.13797897e+11 2.48417784e+11]:[ 3.85171780e-02 -1.49626745e-12 -2.22192537e-13  4.58504353e-11 -2.10133338e-10 -1.80796912e-15  8.53140135e-16  2.37048317e-05 -2.08811178e-06 -1.63502270e-08  9.94569019e-10]:11.431038039480844
532:[3.09041744e+11 3.01890582e+11]:[ 3.83007741e-02 -1.49626745e-12 -2.31967294e-13  4.58504353e-11 -2.05712207e-10 -1.87901357e-15  8.53140135e-16  2.37048317e-05 -2.08811178e-06 -1.60552505e-08  9.85968345e-10]:11.522176475374982
531:[2.61203809e+12 7.15654315e+12]:[ 3.85171780e-02 -1.53956031e-12 -2.22192537e-13  4.57574403e-11 -2.10133338e-10 -1.80796912e-15  8.49159076e-16  3.14884497e-05 -2.02261472e-06 -1.63502270e-08  9.94569019e-10]:12.870272014259392
Selected for new population:
[ 3.83007741e-02 -1.53956031e-12 -2.31967294e-13  4.57574403e-11 -2.05712207e-10 -1.87901357e-15  8.49159076e-16  2.30366659e-05 -2.02261472e-06 -1.60552505e-08  9.84615738e-10]
[ 3.85171780e-02 -1.49626745e-12 -2.22192537e-13  4.58504353e-11 -2.10133338e-10 -1.80796912e-15  8.53140135e-16  2.37048317e-05 -2.08811178e-06 -1.63502270e-08  9.94569019e-10]
Selected: [1 0]
***************
***CROSSOVER***
***************
&&&&&&&&&&&&&&&&&&&&&&&&
&&TOURNAMENT SELECTION&&
&&&&&&&&&&&&&&&&&&&&&&&&
parents:
[ 3.85171780e-02 -1.49626745e-12 -2.22192537e-13  4.58504353e-11 -2.10133338e-10 -1.80796912e-15  8.53140135e-16  2.37048317e-05 -2.08811178e-06 -1.63502270e-08  9.94569019e-10]
[ 3.83007741e-02 -1.53956031e-12 -2.31967294e-13  4.57574403e-11 -2.05712207e-10 -1.87901357e-15  8.49159076e-16  2.30366659e-05 -2.02261472e-06 -1.60552505e-08  9.84615738e-10]
children:
[ 3.83007741e-02 -1.53956031e-12 -2.18314748e-13  4.57574403e-11 -2.10133338e-10 -1.80796912e-15  8.49159076e-16  2.30366659e-05 -2.10803703e-06 -1.63502270e-08  1.02070243e-09]
[ 3.85171780e-02 -1.49626745e-12 -2.31967294e-13  4.58504353e-11 -2.05712207e-10 -1.86236197e-15  8.51573431e-16  2.37048317e-05 -2.03519996e-06 -1.60552505e-08  9.84615738e-10]
Population scores:
533:[5.18452596e+10 2.48408636e+11]:[ 3.83007741e-02 -1.53956031e-12 -2.18314748e-13  4.57574403e-11 -2.10133338e-10 -1.80796912e-15  8.49159076e-16  2.30366659e-05 -2.10803703e-06 -1.63502270e-08  1.02070243e-09]:11.404137538304166
521:[2.46489859e+10 2.59466534e+11]:[ 3.83007741e-02 -1.53956031e-12 -2.31967294e-13  4.57574403e-11 -2.05712207e-10 -1.87901357e-15  8.49159076e-16  2.30366659e-05 -2.02261472e-06 -1.60552505e-08  9.84615738e-10]:11.41818761892212
511:[2.13797897e+11 2.48417784e+11]:[ 3.85171780e-02 -1.49626745e-12 -2.22192537e-13  4.58504353e-11 -2.10133338e-10 -1.80796912e-15  8.53140135e-16  2.37048317e-05 -2.08811178e-06 -1.63502270e-08  9.94569019e-10]:11.431038039480844
534:[2.14688948e+10 2.69549948e+11]:[ 3.85171780e-02 -1.49626745e-12 -2.31967294e-13  4.58504353e-11 -2.05712207e-10 -1.86236197e-15  8.51573431e-16  2.37048317e-05 -2.03519996e-06 -1.60552505e-08  9.84615738e-10]:11.43408458363533
Selected for new population:
[ 3.83007741e-02 -1.53956031e-12 -2.18314748e-13  4.57574403e-11 -2.10133338e-10 -1.80796912e-15  8.49159076e-16  2.30366659e-05 -2.10803703e-06 -1.63502270e-08  1.02070243e-09]
[ 3.83007741e-02 -1.53956031e-12 -2.31967294e-13  4.57574403e-11 -2.05712207e-10 -1.87901357e-15  8.49159076e-16  2.30366659e-05 -2.02261472e-06 -1.60552505e-08  9.84615738e-10]
Selected: [0 1]
***************
***CROSSOVER***
***************
&&&&&&&&&&&&&&&&&&&&&&&&
&&TOURNAMENT SELECTION&&
&&&&&&&&&&&&&&&&&&&&&&&&
parents:
[ 3.83007741e-02 -1.53956031e-12 -2.31967294e-13  4.57574403e-11 -2.05712207e-10 -1.87901357e-15  8.49159076e-16  2.30366659e-05 -2.02261472e-06 -1.60552505e-08  9.84615738e-10]
[ 3.85171780e-02 -1.49626745e-12 -2.22192537e-13  4.58504353e-11 -2.10133338e-10 -1.80796912e-15  8.53140135e-16  2.37048317e-05 -2.08811178e-06 -1.63502270e-08  9.94569019e-10]
children:
[ 3.78741247e-02 -1.49626745e-12 -2.82312213e-13  4.58504353e-11 -2.05712207e-10 -1.54923250e-15  8.49159076e-16  2.37048317e-05 -2.08811178e-06 -1.59062126e-08  9.94569019e-10]
[ 3.83007741e-02 -1.53956031e-12 -2.22192537e-13  4.57123418e-11 -2.01065101e-10 -1.80796912e-15  8.53140135e-16  2.30366659e-05 -2.02261472e-06 -1.60552505e-08  9.84615738e-10]
Population scores:
535:[3.68045345e+10 2.52884234e+11]:[ 3.78741247e-02 -1.49626745e-12 -2.82312213e-13  4.58504353e-11 -2.05712207e-10 -1.54923250e-15  8.49159076e-16  2.37048317e-05 -2.08811178e-06 -1.59062126e-08  9.94569019e-10]:11.409196881907965
521:[2.46489859e+10 2.59466534e+11]:[ 3.83007741e-02 -1.53956031e-12 -2.31967294e-13  4.57574403e-11 -2.05712207e-10 -1.87901357e-15  8.49159076e-16  2.30366659e-05 -2.02261472e-06 -1.60552505e-08  9.84615738e-10]:11.41818761892212
511:[2.13797897e+11 2.48417784e+11]:[ 3.85171780e-02 -1.49626745e-12 -2.22192537e-13  4.58504353e-11 -2.10133338e-10 -1.80796912e-15  8.53140135e-16  2.37048317e-05 -2.08811178e-06 -1.63502270e-08  9.94569019e-10]:11.431038039480844
536:[1.76298045e+10 2.84530758e+11]:[ 3.83007741e-02 -1.53956031e-12 -2.22192537e-13  4.57123418e-11 -2.01065101e-10 -1.80796912e-15  8.53140135e-16  2.30366659e-05 -2.02261472e-06 -1.60552505e-08  9.84615738e-10]:11.456811849156514
Selected for new population:
[ 3.78741247e-02 -1.49626745e-12 -2.82312213e-13  4.58504353e-11 -2.05712207e-10 -1.54923250e-15  8.49159076e-16  2.37048317e-05 -2.08811178e-06 -1.59062126e-08  9.94569019e-10]
[ 3.83007741e-02 -1.53956031e-12 -2.31967294e-13  4.57574403e-11 -2.05712207e-10 -1.87901357e-15  8.49159076e-16  2.30366659e-05 -2.02261472e-06 -1.60552505e-08  9.84615738e-10]
Population scores:
533:[5.18452596e+10 2.48408636e+11]:[ 3.83007741e-02 -1.53956031e-12 -2.18314748e-13  4.57574403e-11 -2.10133338e-10 -1.80796912e-15  8.49159076e-16  2.30366659e-05 -2.10803703e-06 -1.63502270e-08  1.02070243e-09]:11.404137538304166
535:[3.68045345e+10 2.52884234e+11]:[ 3.78741247e-02 -1.49626745e-12 -2.82312213e-13  4.58504353e-11 -2.05712207e-10 -1.54923250e-15  8.49159076e-16  2.37048317e-05 -2.08811178e-06 -1.59062126e-08  9.94569019e-10]:11.409196881907965
521:[2.46489859e+10 2.59466534e+11]:[ 3.83007741e-02 -1.53956031e-12 -2.31967294e-13  4.57574403e-11 -2.05712207e-10 -1.87901357e-15  8.49159076e-16  2.30366659e-05 -2.02261472e-06 -1.60552505e-08  9.84615738e-10]:11.41818761892212
511:[2.13797897e+11 2.48417784e+11]:[ 3.85171780e-02 -1.49626745e-12 -2.22192537e-13  4.58504353e-11 -2.10133338e-10 -1.80796912e-15  8.53140135e-16  2.37048317e-05 -2.08811178e-06 -1.63502270e-08  9.94569019e-10]:11.431038039480844
524:[9.88882612e+11 5.27584510e+11]:[ 4.25171312e-02 -7.20059763e-13 -2.66116156e-13  3.70341394e-11 -1.94056212e-10 -2.56446403e-15  8.03142001e-16  1.76066034e-05 -2.23955369e-06 -6.51833559e-09  9.15283765e-10]:11.796902199859558
520:[6.11587642e+11 7.22365080e+11]:[ 3.76792630e-02 -1.48512580e-12 -2.31511850e-13  4.67387334e-11 -2.17120066e-10 -1.76457531e-15  8.58572674e-16  2.27704688e-05 -2.14073264e-06 -1.60361727e-08  1.00226749e-09]:11.894052217443402
522:[1.79934904e+12 2.34499721e+12]:[ 3.79996967e-02 -1.52662339e-12 -2.18847250e-13  4.68054018e-11 -2.10321410e-10 -1.84304720e-15  8.48303453e-16  2.31104938e-05 -2.11872189e-06 -1.71448453e-08  9.87975112e-10]:12.402249706398585
523:[8.20100753e+13 1.52673714e+14]:[ 4.75424884e-02 -2.14420002e-12 -2.45343464e-13  5.34318964e-11 -2.81834481e-10 -1.87522088e-15  9.50636505e-16  1.72844814e-05 -2.93890003e-06 -1.98133157e-08  1.07982605e-09]:14.206487809485798
*******************************
***iteration: 2 Population is***
*******************************
Population scores:
533:[5.18452596e+10 2.48408636e+11]:[ 3.83007741e-02 -1.53956031e-12 -2.18314748e-13  4.57574403e-11 -2.10133338e-10 -1.80796912e-15  8.49159076e-16  2.30366659e-05 -2.10803703e-06 -1.63502270e-08  1.02070243e-09]:11.404137538304166
535:[3.68045345e+10 2.52884234e+11]:[ 3.78741247e-02 -1.49626745e-12 -2.82312213e-13  4.58504353e-11 -2.05712207e-10 -1.54923250e-15  8.49159076e-16  2.37048317e-05 -2.08811178e-06 -1.59062126e-08  9.94569019e-10]:11.409196881907965
521:[2.46489859e+10 2.59466534e+11]:[ 3.83007741e-02 -1.53956031e-12 -2.31967294e-13  4.57574403e-11 -2.05712207e-10 -1.87901357e-15  8.49159076e-16  2.30366659e-05 -2.02261472e-06 -1.60552505e-08  9.84615738e-10]:11.41818761892212
511:[2.13797897e+11 2.48417784e+11]:[ 3.85171780e-02 -1.49626745e-12 -2.22192537e-13  4.58504353e-11 -2.10133338e-10 -1.80796912e-15  8.53140135e-16  2.37048317e-05 -2.08811178e-06 -1.63502270e-08  9.94569019e-10]:11.431038039480844
524:[9.88882612e+11 5.27584510e+11]:[ 4.25171312e-02 -7.20059763e-13 -2.66116156e-13  3.70341394e-11 -1.94056212e-10 -2.56446403e-15  8.03142001e-16  1.76066034e-05 -2.23955369e-06 -6.51833559e-09  9.15283765e-10]:11.796902199859558
520:[6.11587642e+11 7.22365080e+11]:[ 3.76792630e-02 -1.48512580e-12 -2.31511850e-13  4.67387334e-11 -2.17120066e-10 -1.76457531e-15  8.58572674e-16  2.27704688e-05 -2.14073264e-06 -1.60361727e-08  1.00226749e-09]:11.894052217443402
Selected: [3 2]
***************
***CROSSOVER***
***************
&&&&&&&&&&&&&&&&&&&&&&&&
&&TOURNAMENT SELECTION&&
&&&&&&&&&&&&&&&&&&&&&&&&
parents:
[ 3.85171780e-02 -1.49626745e-12 -2.22192537e-13  4.58504353e-11 -2.10133338e-10 -1.80796912e-15  8.53140135e-16  2.37048317e-05 -2.08811178e-06 -1.63502270e-08  9.94569019e-10]
[ 3.83007741e-02 -1.53956031e-12 -2.31967294e-13  4.57574403e-11 -2.05712207e-10 -1.87901357e-15  8.49159076e-16  2.30366659e-05 -2.02261472e-06 -1.60552505e-08  9.84615738e-10]
children:
[ 3.69730793e-02 -1.53956031e-12 -2.31967294e-13  4.58504353e-11 -2.05712207e-10 -1.87901357e-15  8.49159076e-16  2.37048317e-05 -2.02261472e-06 -2.04980998e-08  9.84615738e-10]
[ 3.83007741e-02 -1.49626745e-12 -1.59644125e-13  4.57574403e-11 -2.10133338e-10 -1.80796912e-15  8.53889029e-16  2.30366659e-05 -2.08811178e-06 -1.63502270e-08  9.94569019e-10]
Population scores:
521:[2.46489859e+10 2.59466534e+11]:[ 3.83007741e-02 -1.53956031e-12 -2.31967294e-13  4.57574403e-11 -2.05712207e-10 -1.87901357e-15  8.49159076e-16  2.30366659e-05 -2.02261472e-06 -1.60552505e-08  9.84615738e-10]:11.41818761892212
511:[2.13797897e+11 2.48417784e+11]:[ 3.85171780e-02 -1.49626745e-12 -2.22192537e-13  4.58504353e-11 -2.10133338e-10 -1.80796912e-15  8.53140135e-16  2.37048317e-05 -2.08811178e-06 -1.63502270e-08  9.94569019e-10]:11.431038039480844
538:[3.37117886e+11 3.67856218e+11]:[ 3.83007741e-02 -1.49626745e-12 -1.59644125e-13  4.57574403e-11 -2.10133338e-10 -1.80796912e-15  8.53889029e-16  2.30366659e-05 -2.08811178e-06 -1.63502270e-08  9.94569019e-10]:11.603759105107008
537:[3.72594232e+12 5.21296123e+12]:[ 3.69730793e-02 -1.53956031e-12 -2.31967294e-13  4.58504353e-11 -2.05712207e-10 -1.87901357e-15  8.49159076e-16  2.37048317e-05 -2.02261472e-06 -2.04980998e-08  9.84615738e-10]:12.747066368710065
Selected for new population:
[ 3.83007741e-02 -1.53956031e-12 -2.31967294e-13  4.57574403e-11 -2.05712207e-10 -1.87901357e-15  8.49159076e-16  2.30366659e-05 -2.02261472e-06 -1.60552505e-08  9.84615738e-10]
[ 3.85171780e-02 -1.49626745e-12 -2.22192537e-13  4.58504353e-11 -2.10133338e-10 -1.80796912e-15  8.53140135e-16  2.37048317e-05 -2.08811178e-06 -1.63502270e-08  9.94569019e-10]
Selected: [3 2]
***************
***CROSSOVER***
***************
&&&&&&&&&&&&&&&&&&&&&&&&
&&TOURNAMENT SELECTION&&
&&&&&&&&&&&&&&&&&&&&&&&&
parents:
[ 3.85171780e-02 -1.49626745e-12 -2.22192537e-13  4.58504353e-11 -2.10133338e-10 -1.80796912e-15  8.53140135e-16  2.37048317e-05 -2.08811178e-06 -1.63502270e-08  9.94569019e-10]
[ 3.83007741e-02 -1.53956031e-12 -2.31967294e-13  4.57574403e-11 -2.05712207e-10 -1.87901357e-15  8.49159076e-16  2.30366659e-05 -2.02261472e-06 -1.60552505e-08  9.84615738e-10]
children:
[ 3.85171780e-02 -1.49626745e-12 -2.29102065e-13  4.57574403e-11 -2.10133338e-10 -1.87901357e-15  8.53140135e-16  2.30366659e-05 -2.02261472e-06 -1.60552505e-08  9.84615738e-10]
[ 4.41203537e-02 -1.53956031e-12 -2.31967294e-13  4.58504353e-11 -2.03904282e-10 -1.74885782e-15  7.95673669e-16  2.37048317e-05 -1.65132152e-06 -1.63502270e-08  9.94569019e-10]
Population scores:
521:[2.46489859e+10 2.59466534e+11]:[ 3.83007741e-02 -1.53956031e-12 -2.31967294e-13  4.57574403e-11 -2.05712207e-10 -1.87901357e-15  8.49159076e-16  2.30366659e-05 -2.02261472e-06 -1.60552505e-08  9.84615738e-10]:11.41818761892212
539:[2.46489859e+10 2.59466534e+11]:[ 3.85171780e-02 -1.49626745e-12 -2.29102065e-13  4.57574403e-11 -2.10133338e-10 -1.87901357e-15  8.53140135e-16  2.30366659e-05 -2.02261472e-06 -1.60552505e-08  9.84615738e-10]:11.41818761894171
511:[2.13797897e+11 2.48417784e+11]:[ 3.85171780e-02 -1.49626745e-12 -2.22192537e-13  4.58504353e-11 -2.10133338e-10 -1.80796912e-15  8.53140135e-16  2.37048317e-05 -2.08811178e-06 -1.63502270e-08  9.94569019e-10]:11.431038039480844
540:[1.26396163e+13 2.85415974e+13]:[ 4.41203537e-02 -1.53956031e-12 -2.31967294e-13  4.58504353e-11 -2.03904282e-10 -1.74885782e-15  7.95673669e-16  2.37048317e-05 -1.65132152e-06 -1.63502270e-08  9.94569019e-10]:13.474297271230617
Selected for new population:
[ 3.83007741e-02 -1.53956031e-12 -2.31967294e-13  4.57574403e-11 -2.05712207e-10 -1.87901357e-15  8.49159076e-16  2.30366659e-05 -2.02261472e-06 -1.60552505e-08  9.84615738e-10]
[ 3.85171780e-02 -1.49626745e-12 -2.29102065e-13  4.57574403e-11 -2.10133338e-10 -1.87901357e-15  8.53140135e-16  2.30366659e-05 -2.02261472e-06 -1.60552505e-08  9.84615738e-10]
Selected: [2 1]
***************
***CROSSOVER***
***************
&&&&&&&&&&&&&&&&&&&&&&&&
&&TOURNAMENT SELECTION&&
&&&&&&&&&&&&&&&&&&&&&&&&
parents:
[ 3.83007741e-02 -1.53956031e-12 -2.31967294e-13  4.57574403e-11 -2.05712207e-10 -1.87901357e-15  8.49159076e-16  2.30366659e-05 -2.02261472e-06 -1.60552505e-08  9.84615738e-10]
[ 3.78741247e-02 -1.49626745e-12 -2.82312213e-13  4.58504353e-11 -2.05712207e-10 -1.54923250e-15  8.49159076e-16  2.37048317e-05 -2.08811178e-06 -1.59062126e-08  9.94569019e-10]
children:
[ 4.67512742e-02 -1.53956031e-12 -2.82312213e-13  4.58504353e-11 -2.05712207e-10 -1.54923250e-15  8.49159076e-16  2.37048317e-05 -2.08811178e-06 -1.59062126e-08  9.84615738e-10]
[ 3.83007741e-02 -1.49626745e-12 -2.31967294e-13  3.60331171e-11 -2.05712207e-10 -1.87901357e-15  8.49159076e-16  2.30366659e-05 -2.10825726e-06 -1.60552505e-08  9.94569019e-10]
Population scores:
541:[1.29481870e+11 2.20898437e+11]:[ 4.67512742e-02 -1.53956031e-12 -2.82312213e-13  4.58504353e-11 -2.05712207e-10 -1.54923250e-15  8.49159076e-16  2.37048317e-05 -2.08811178e-06 -1.59062126e-08  9.84615738e-10]:11.368931105283053
535:[3.68045345e+10 2.52884234e+11]:[ 3.78741247e-02 -1.49626745e-12 -2.82312213e-13  4.58504353e-11 -2.05712207e-10 -1.54923250e-15  8.49159076e-16  2.37048317e-05 -2.08811178e-06 -1.59062126e-08  9.94569019e-10]:11.409196881907965
521:[2.46489859e+10 2.59466534e+11]:[ 3.83007741e-02 -1.53956031e-12 -2.31967294e-13  4.57574403e-11 -2.05712207e-10 -1.87901357e-15  8.49159076e-16  2.30366659e-05 -2.02261472e-06 -1.60552505e-08  9.84615738e-10]:11.41818761892212
542:[4.53154942e+11 4.74348107e+11]:[ 3.83007741e-02 -1.49626745e-12 -2.31967294e-13  3.60331171e-11 -2.05712207e-10 -1.87901357e-15  8.49159076e-16  2.30366659e-05 -2.10825726e-06 -1.60552505e-08  9.94569019e-10]:11.715722298765693
Selected for new population:
[ 4.67512742e-02 -1.53956031e-12 -2.82312213e-13  4.58504353e-11 -2.05712207e-10 -1.54923250e-15  8.49159076e-16  2.37048317e-05 -2.08811178e-06 -1.59062126e-08  9.84615738e-10]
[ 3.78741247e-02 -1.49626745e-12 -2.82312213e-13  4.58504353e-11 -2.05712207e-10 -1.54923250e-15  8.49159076e-16  2.37048317e-05 -2.08811178e-06 -1.59062126e-08  9.94569019e-10]
Population scores:
541:[1.29481870e+11 2.20898437e+11]:[ 4.67512742e-02 -1.53956031e-12 -2.82312213e-13  4.58504353e-11 -2.05712207e-10 -1.54923250e-15  8.49159076e-16  2.37048317e-05 -2.08811178e-06 -1.59062126e-08  9.84615738e-10]:11.368931105283053
533:[5.18452596e+10 2.48408636e+11]:[ 3.83007741e-02 -1.53956031e-12 -2.18314748e-13  4.57574403e-11 -2.10133338e-10 -1.80796912e-15  8.49159076e-16  2.30366659e-05 -2.10803703e-06 -1.63502270e-08  1.02070243e-09]:11.404137538304166
535:[3.68045345e+10 2.52884234e+11]:[ 3.78741247e-02 -1.49626745e-12 -2.82312213e-13  4.58504353e-11 -2.05712207e-10 -1.54923250e-15  8.49159076e-16  2.37048317e-05 -2.08811178e-06 -1.59062126e-08  9.94569019e-10]:11.409196881907965
521:[2.46489859e+10 2.59466534e+11]:[ 3.83007741e-02 -1.53956031e-12 -2.31967294e-13  4.57574403e-11 -2.05712207e-10 -1.87901357e-15  8.49159076e-16  2.30366659e-05 -2.02261472e-06 -1.60552505e-08  9.84615738e-10]:11.41818761892212
539:[2.46489859e+10 2.59466534e+11]:[ 3.85171780e-02 -1.49626745e-12 -2.29102065e-13  4.57574403e-11 -2.10133338e-10 -1.87901357e-15  8.53140135e-16  2.30366659e-05 -2.02261472e-06 -1.60552505e-08  9.84615738e-10]:11.41818761894171
511:[2.13797897e+11 2.48417784e+11]:[ 3.85171780e-02 -1.49626745e-12 -2.22192537e-13  4.58504353e-11 -2.10133338e-10 -1.80796912e-15  8.53140135e-16  2.37048317e-05 -2.08811178e-06 -1.63502270e-08  9.94569019e-10]:11.431038039480844
524:[9.88882612e+11 5.27584510e+11]:[ 4.25171312e-02 -7.20059763e-13 -2.66116156e-13  3.70341394e-11 -1.94056212e-10 -2.56446403e-15  8.03142001e-16  1.76066034e-05 -2.23955369e-06 -6.51833559e-09  9.15283765e-10]:11.796902199859558
520:[6.11587642e+11 7.22365080e+11]:[ 3.76792630e-02 -1.48512580e-12 -2.31511850e-13  4.67387334e-11 -2.17120066e-10 -1.76457531e-15  8.58572674e-16  2.27704688e-05 -2.14073264e-06 -1.60361727e-08  1.00226749e-09]:11.894052217443402
%%%%%%%%%%%%%%%%%%%%%%%%%
%%%final - population%%%%
%%%%%%%%%%%%%%%%%%%%%%%%%
[ 4.67512742e-02 -1.53956031e-12 -2.82312213e-13  4.58504353e-11 -2.05712207e-10 -1.54923250e-15  8.49159076e-16  2.37048317e-05 -2.08811178e-06 -1.59062126e-08  9.84615738e-10]:[1.29481870e+11 2.20898437e+11]
[ 3.83007741e-02 -1.53956031e-12 -2.18314748e-13  4.57574403e-11 -2.10133338e-10 -1.80796912e-15  8.49159076e-16  2.30366659e-05 -2.10803703e-06 -1.63502270e-08  1.02070243e-09]:[5.18452596e+10 2.48408636e+11]
[ 3.78741247e-02 -1.49626745e-12 -2.82312213e-13  4.58504353e-11 -2.05712207e-10 -1.54923250e-15  8.49159076e-16  2.37048317e-05 -2.08811178e-06 -1.59062126e-08  9.94569019e-10]:[3.68045345e+10 2.52884234e+11]
[ 3.83007741e-02 -1.53956031e-12 -2.31967294e-13  4.57574403e-11 -2.05712207e-10 -1.87901357e-15  8.49159076e-16  2.30366659e-05 -2.02261472e-06 -1.60552505e-08  9.84615738e-10]:[2.46489859e+10 2.59466534e+11]
[ 3.85171780e-02 -1.49626745e-12 -2.29102065e-13  4.57574403e-11 -2.10133338e-10 -1.87901357e-15  8.53140135e-16  2.30366659e-05 -2.02261472e-06 -1.60552505e-08  9.84615738e-10]:[2.46489859e+10 2.59466534e+11]
[ 3.85171780e-02 -1.49626745e-12 -2.22192537e-13  4.58504353e-11 -2.10133338e-10 -1.80796912e-15  8.53140135e-16  2.37048317e-05 -2.08811178e-06 -1.63502270e-08  9.94569019e-10]:[2.13797897e+11 2.48417784e+11]
