Generating Population from
[ 4.67512742e-02 -1.53956031e-12 -2.82312213e-13  4.58504353e-11 -2.05712207e-10 -1.54923250e-15  8.49159076e-16  2.37048317e-05 -2.08811178e-06 -1.59062126e-08  9.84615738e-10]
[ 6.26201057e-02 -1.41539557e-12 -2.22596627e-13  4.60572928e-11 -1.75504831e-10 -1.82855845e-15  8.53064488e-16  2.37259063e-05 -2.05062007e-06 -1.67000556e-08  9.92839951e-10]
*******************************
***iteration: 0 Population is***
*******************************
Population scores:
21:[1.05659295e+11 1.85628912e+11]:[ 6.26201057e-02 -1.41539557e-12 -2.22596627e-13  4.60572928e-11 -1.75504831e-10 -1.82855845e-15  8.53064488e-16  2.37259063e-05 -2.05062007e-06 -1.67000556e-08  9.92839951e-10]:11.292687584262804
541:[1.29481870e+11 2.20898437e+11]:[ 4.67512742e-02 -1.53956031e-12 -2.82312213e-13  4.58504353e-11 -2.05712207e-10 -1.54923250e-15  8.49159076e-16  2.37048317e-05 -2.08811178e-06 -1.59062126e-08  9.84615738e-10]:11.368931105283053
564:[3.22627371e+10 2.53726302e+11]:[ 6.27154864e-02 -1.50790708e-12 -2.13748287e-13  4.61364639e-11 -1.66853838e-10 -1.82681975e-15  8.61488666e-16  2.30529595e-05 -2.00892546e-06 -1.69183174e-08  9.94984433e-10]:11.409852974915141
559:[3.10784247e+11 3.52923828e+11]:[ 4.71374910e-02 -1.59302909e-12 -2.77348043e-13  4.59941017e-11 -2.09865238e-10 -1.62369261e-15  8.47959182e-16  2.37504012e-05 -2.10024124e-06 -1.59911300e-08  9.83051626e-10]:11.584333771727422
560:[5.03401583e+11 6.43345497e+11]:[ 4.68576492e-02 -1.60609744e-12 -2.74605737e-13  4.64555672e-11 -2.06195075e-10 -1.45355404e-15  8.54708957e-16  2.36904075e-05 -2.14584709e-06 -1.60257621e-08  9.92495810e-10]:11.841162713824218
563:[1.30575159e+12 1.63597777e+12]:[ 6.35810124e-02 -1.33727601e-12 -2.30631580e-13  4.66927066e-11 -1.73984016e-10 -1.78246529e-15  8.62051463e-16  2.34953409e-05 -2.12002169e-06 -1.70401323e-08  9.90904191e-10]:12.247126654892197
561:[1.14140559e+13 2.10393461e+13]:[ 4.95844152e-02 -7.56714685e-13 -3.14089295e-13  4.03908748e-11 -1.15831027e-10 -1.01482972e-15  8.91646485e-16  1.86274148e-05 -1.49561753e-06 -2.32175615e-08  1.07585218e-09]:13.345976259094794
566:[1.43001002e+13 2.88315610e+13]:[ 5.46082288e-02 -2.18241988e-12 -1.41242472e-13  4.54793206e-11 -1.44810449e-10 -9.98162639e-16  7.73048997e-16  3.27475614e-05 -2.27359332e-06 -9.46601074e-09  1.02571151e-09]:13.480891471145172
565:[7.66882648e+13 1.36760082e+14]:[ 6.89461495e-02 -6.82518108e-13 -2.48415340e-13  4.84050978e-11 -1.79382689e-10 -2.13401561e-15  8.59610799e-16  3.28838435e-05 -2.85377901e-06 -2.27531603e-08  9.90223786e-10]:14.159654130365992
562:[7.69780092e+13 1.44321416e+14]:[ 5.66306455e-02 -1.02799543e-12 -2.37243085e-13  5.11408732e-11 -1.77995472e-10 -9.06912532e-16  9.23892645e-16  2.63546830e-05 -2.57078942e-06 -2.26784083e-08  8.91826583e-10]:14.1818984918475
Selected: [1 0]
***************
***CROSSOVER***
***************
&&&&&&&&&&&&&&&&&&&&&&&&
&&TOURNAMENT SELECTION&&
&&&&&&&&&&&&&&&&&&&&&&&&
parents:
[ 4.67512742e-02 -1.53956031e-12 -2.82312213e-13  4.58504353e-11 -2.05712207e-10 -1.54923250e-15  8.49159076e-16  2.37048317e-05 -2.08811178e-06 -1.59062126e-08  9.84615738e-10]
[ 6.26201057e-02 -1.41539557e-12 -2.22596627e-13  4.60572928e-11 -1.75504831e-10 -1.82855845e-15  8.53064488e-16  2.37259063e-05 -2.05062007e-06 -1.67000556e-08  9.92839951e-10]
children:
[ 6.26201057e-02 -1.41539557e-12 -2.22596627e-13  4.60572928e-11 -1.13262959e-10 -1.54923250e-15  8.53064488e-16  2.44134990e-05 -2.08811178e-06 -1.67000556e-08  9.84615738e-10]
[ 3.89067336e-02 -1.53956031e-12 -2.82312213e-13  4.58504353e-11 -2.05712207e-10 -1.82855845e-15  8.49159076e-16  2.58380251e-05 -2.05062007e-06 -1.59062126e-08  9.92839951e-10]
Population scores:
21:[1.05659295e+11 1.85628912e+11]:[ 6.26201057e-02 -1.41539557e-12 -2.22596627e-13  4.60572928e-11 -1.75504831e-10 -1.82855845e-15  8.53064488e-16  2.37259063e-05 -2.05062007e-06 -1.67000556e-08  9.92839951e-10]:11.292687584262804
541:[1.29481870e+11 2.20898437e+11]:[ 4.67512742e-02 -1.53956031e-12 -2.82312213e-13  4.58504353e-11 -2.05712207e-10 -1.54923250e-15  8.49159076e-16  2.37048317e-05 -2.08811178e-06 -1.59062126e-08  9.84615738e-10]:11.368931105283053
567:[3.10069625e+11 3.57509997e+11]:[ 6.26201057e-02 -1.41539557e-12 -2.22596627e-13  4.60572928e-11 -1.13262959e-10 -1.54923250e-15  8.53064488e-16  2.44134990e-05 -2.08811178e-06 -1.67000556e-08  9.84615738e-10]:11.589409981076868
568:[2.16310553e+11 1.20303776e+12]:[ 3.89067336e-02 -1.53956031e-12 -2.82312213e-13  4.58504353e-11 -2.05712207e-10 -1.82855845e-15  8.49159076e-16  2.58380251e-05 -2.05062007e-06 -1.59062126e-08  9.92839951e-10]:12.088018660026187
Selected for new population:
[ 6.26201057e-02 -1.41539557e-12 -2.22596627e-13  4.60572928e-11 -1.75504831e-10 -1.82855845e-15  8.53064488e-16  2.37259063e-05 -2.05062007e-06 -1.67000556e-08  9.92839951e-10]
[ 4.67512742e-02 -1.53956031e-12 -2.82312213e-13  4.58504353e-11 -2.05712207e-10 -1.54923250e-15  8.49159076e-16  2.37048317e-05 -2.08811178e-06 -1.59062126e-08  9.84615738e-10]
Selected: [3 0]
***************
***CROSSOVER***
***************
&&&&&&&&&&&&&&&&&&&&&&&&
&&TOURNAMENT SELECTION&&
&&&&&&&&&&&&&&&&&&&&&&&&
parents:
[ 4.71374910e-02 -1.59302909e-12 -2.77348043e-13  4.59941017e-11 -2.09865238e-10 -1.62369261e-15  8.47959182e-16  2.37504012e-05 -2.10024124e-06 -1.59911300e-08  9.83051626e-10]
[ 6.26201057e-02 -1.41539557e-12 -2.22596627e-13  4.60572928e-11 -1.75504831e-10 -1.82855845e-15  8.53064488e-16  2.37259063e-05 -2.05062007e-06 -1.67000556e-08  9.92839951e-10]
children:
[ 6.26201057e-02 -1.59302909e-12 -1.29385461e-13  4.60572928e-11 -2.09865238e-10 -1.82855845e-15  8.47959182e-16  2.37259063e-05 -2.10024124e-06 -1.67000556e-08  1.08980438e-09]
[ 4.71374910e-02 -1.41539557e-12 -2.77348043e-13  4.59941017e-11 -1.75504831e-10 -1.53635968e-15  8.53064488e-16  2.37504012e-05 -2.52879526e-06 -1.59911300e-08  9.83051626e-10]
Population scores:
21:[1.05659295e+11 1.85628912e+11]:[ 6.26201057e-02 -1.41539557e-12 -2.22596627e-13  4.60572928e-11 -1.75504831e-10 -1.82855845e-15  8.53064488e-16  2.37259063e-05 -2.05062007e-06 -1.67000556e-08  9.92839951e-10]:11.292687584262804
559:[3.10784247e+11 3.52923828e+11]:[ 4.71374910e-02 -1.59302909e-12 -2.77348043e-13  4.59941017e-11 -2.09865238e-10 -1.62369261e-15  8.47959182e-16  2.37504012e-05 -2.10024124e-06 -1.59911300e-08  9.83051626e-10]:11.584333771727422
569:[1.74025328e+12 5.09165709e+12]:[ 6.26201057e-02 -1.59302909e-12 -1.29385461e-13  4.60572928e-11 -2.09865238e-10 -1.82855845e-15  8.47959182e-16  2.37259063e-05 -2.10024124e-06 -1.67000556e-08  1.08980438e-09]:12.721454662889258
570:[1.92977975e+13 3.35257566e+13]:[ 4.71374910e-02 -1.41539557e-12 -2.77348043e-13  4.59941017e-11 -1.75504831e-10 -1.53635968e-15  8.53064488e-16  2.37504012e-05 -2.52879526e-06 -1.59911300e-08  9.83051626e-10]:13.549684059987499
Selected for new population:
[ 6.26201057e-02 -1.41539557e-12 -2.22596627e-13  4.60572928e-11 -1.75504831e-10 -1.82855845e-15  8.53064488e-16  2.37259063e-05 -2.05062007e-06 -1.67000556e-08  9.92839951e-10]
[ 4.71374910e-02 -1.59302909e-12 -2.77348043e-13  4.59941017e-11 -2.09865238e-10 -1.62369261e-15  8.47959182e-16  2.37504012e-05 -2.10024124e-06 -1.59911300e-08  9.83051626e-10]
Selected: [0 1]
***************
***CROSSOVER***
***************
&&&&&&&&&&&&&&&&&&&&&&&&
&&TOURNAMENT SELECTION&&
&&&&&&&&&&&&&&&&&&&&&&&&
parents:
[ 6.26201057e-02 -1.41539557e-12 -2.22596627e-13  4.60572928e-11 -1.75504831e-10 -1.82855845e-15  8.53064488e-16  2.37259063e-05 -2.05062007e-06 -1.67000556e-08  9.92839951e-10]
[ 4.67512742e-02 -1.53956031e-12 -2.82312213e-13  4.58504353e-11 -2.05712207e-10 -1.54923250e-15  8.49159076e-16  2.37048317e-05 -2.08811178e-06 -1.59062126e-08  9.84615738e-10]
children:
[ 4.67512742e-02 -1.41539557e-12 -2.82312213e-13  4.58504353e-11 -2.05712207e-10 -1.54923250e-15  8.49159076e-16  2.37048317e-05 -2.08811178e-06 -1.59062126e-08  9.97304306e-10]
[ 6.34270430e-02 -1.53956031e-12 -2.22596627e-13  4.60572928e-11 -1.75504831e-10 -1.90341609e-15  9.44937653e-16  2.37259063e-05 -2.05062007e-06 -1.67000556e-08  9.92839951e-10]
Population scores:
21:[1.05659295e+11 1.85628912e+11]:[ 6.26201057e-02 -1.41539557e-12 -2.22596627e-13  4.60572928e-11 -1.75504831e-10 -1.82855845e-15  8.53064488e-16  2.37259063e-05 -2.05062007e-06 -1.67000556e-08  9.92839951e-10]:11.292687584262804
572:[1.32996672e+11 1.86365426e+11]:[ 6.34270430e-02 -1.53956031e-12 -2.22596627e-13  4.60572928e-11 -1.75504831e-10 -1.90341609e-15  9.44937653e-16  2.37259063e-05 -2.05062007e-06 -1.67000556e-08  9.92839951e-10]:11.300302146009667
541:[1.29481870e+11 2.20898437e+11]:[ 4.67512742e-02 -1.53956031e-12 -2.82312213e-13  4.58504353e-11 -2.05712207e-10 -1.54923250e-15  8.49159076e-16  2.37048317e-05 -2.08811178e-06 -1.59062126e-08  9.84615738e-10]:11.368931105283053
571:[2.70869960e+10 2.91473951e+11]:[ 4.67512742e-02 -1.41539557e-12 -2.82312213e-13  4.58504353e-11 -2.05712207e-10 -1.54923250e-15  8.49159076e-16  2.37048317e-05 -2.08811178e-06 -1.59062126e-08  9.97304306e-10]:11.468617056001083
Selected for new population:
[ 6.26201057e-02 -1.41539557e-12 -2.22596627e-13  4.60572928e-11 -1.75504831e-10 -1.82855845e-15  8.53064488e-16  2.37259063e-05 -2.05062007e-06 -1.67000556e-08  9.92839951e-10]
[ 6.34270430e-02 -1.53956031e-12 -2.22596627e-13  4.60572928e-11 -1.75504831e-10 -1.90341609e-15  9.44937653e-16  2.37259063e-05 -2.05062007e-06 -1.67000556e-08  9.92839951e-10]
Selected: [1 0]
***************
***CROSSOVER***
***************
&&&&&&&&&&&&&&&&&&&&&&&&
&&TOURNAMENT SELECTION&&
&&&&&&&&&&&&&&&&&&&&&&&&
parents:
[ 4.67512742e-02 -1.53956031e-12 -2.82312213e-13  4.58504353e-11 -2.05712207e-10 -1.54923250e-15  8.49159076e-16  2.37048317e-05 -2.08811178e-06 -1.59062126e-08  9.84615738e-10]
[ 6.26201057e-02 -1.41539557e-12 -2.22596627e-13  4.60572928e-11 -1.75504831e-10 -1.82855845e-15  8.53064488e-16  2.37259063e-05 -2.05062007e-06 -1.67000556e-08  9.92839951e-10]
children:
[ 4.67512742e-02 -1.53956031e-12 -2.22596627e-13  4.60572928e-11 -1.75504831e-10 -1.54923250e-15  8.53064488e-16  2.37259063e-05 -2.08811178e-06 -1.59062126e-08  9.87778243e-10]
[ 6.26201057e-02 -1.41539557e-12 -2.16293592e-13  4.58504353e-11 -1.56818800e-10 -1.82855845e-15  8.49159076e-16  2.37048317e-05 -2.08588497e-06 -1.67000556e-08  9.92839951e-10]
Population scores:
21:[1.05659295e+11 1.85628912e+11]:[ 6.26201057e-02 -1.41539557e-12 -2.22596627e-13  4.60572928e-11 -1.75504831e-10 -1.82855845e-15  8.53064488e-16  2.37259063e-05 -2.05062007e-06 -1.67000556e-08  9.92839951e-10]:11.292687584262804
573:[8.84267190e+10 2.12162162e+11]:[ 4.67512742e-02 -1.53956031e-12 -2.22596627e-13  4.60572928e-11 -1.75504831e-10 -1.54923250e-15  8.53064488e-16  2.37259063e-05 -2.08811178e-06 -1.59062126e-08  9.87778243e-10]:11.344401772493079
541:[1.29481870e+11 2.20898437e+11]:[ 4.67512742e-02 -1.53956031e-12 -2.82312213e-13  4.58504353e-11 -2.05712207e-10 -1.54923250e-15  8.49159076e-16  2.37048317e-05 -2.08811178e-06 -1.59062126e-08  9.84615738e-10]:11.368931105283053
574:[4.05134464e+11 4.15400063e+11]:[ 6.26201057e-02 -1.41539557e-12 -2.16293592e-13  4.58504353e-11 -1.56818800e-10 -1.82855845e-15  8.49159076e-16  2.37048317e-05 -2.08588497e-06 -1.67000556e-08  9.92839951e-10]:11.658882461370524
Selected for new population:
[ 6.26201057e-02 -1.41539557e-12 -2.22596627e-13  4.60572928e-11 -1.75504831e-10 -1.82855845e-15  8.53064488e-16  2.37259063e-05 -2.05062007e-06 -1.67000556e-08  9.92839951e-10]
[ 4.67512742e-02 -1.53956031e-12 -2.22596627e-13  4.60572928e-11 -1.75504831e-10 -1.54923250e-15  8.53064488e-16  2.37259063e-05 -2.08811178e-06 -1.59062126e-08  9.87778243e-10]
Selected: [1 2]
***************
***CROSSOVER***
***************
&&&&&&&&&&&&&&&&&&&&&&&&
&&TOURNAMENT SELECTION&&
&&&&&&&&&&&&&&&&&&&&&&&&
parents:
[ 4.67512742e-02 -1.53956031e-12 -2.82312213e-13  4.58504353e-11 -2.05712207e-10 -1.54923250e-15  8.49159076e-16  2.37048317e-05 -2.08811178e-06 -1.59062126e-08  9.84615738e-10]
[ 6.27154864e-02 -1.50790708e-12 -2.13748287e-13  4.61364639e-11 -1.66853838e-10 -1.82681975e-15  8.61488666e-16  2.30529595e-05 -2.00892546e-06 -1.69183174e-08  9.94984433e-10]
children:
[ 4.67512742e-02 -1.50790708e-12 -2.82312213e-13  4.61364639e-11 -1.66853838e-10 -1.77036341e-15  8.49159076e-16  2.30529595e-05 -2.00892546e-06 -1.69390121e-08  9.94984433e-10]
[ 6.27154864e-02 -1.53956031e-12 -2.13748287e-13  4.58406126e-11 -2.05712207e-10 -1.54923250e-15  8.67736414e-16  2.37048317e-05 -2.02871543e-06 -1.59062126e-08  9.84615738e-10]
Population scores:
541:[1.29481870e+11 2.20898437e+11]:[ 4.67512742e-02 -1.53956031e-12 -2.82312213e-13  4.58504353e-11 -2.05712207e-10 -1.54923250e-15  8.49159076e-16  2.37048317e-05 -2.08811178e-06 -1.59062126e-08  9.84615738e-10]:11.368931105283053
564:[3.22627371e+10 2.53726302e+11]:[ 6.27154864e-02 -1.50790708e-12 -2.13748287e-13  4.61364639e-11 -1.66853838e-10 -1.82681975e-15  8.61488666e-16  2.30529595e-05 -2.00892546e-06 -1.69183174e-08  9.94984433e-10]:11.409852974915141
575:[2.82682319e+10 2.65698329e+11]:[ 4.67512742e-02 -1.50790708e-12 -2.82312213e-13  4.61364639e-11 -1.66853838e-10 -1.77036341e-15  8.49159076e-16  2.30529595e-05 -2.00892546e-06 -1.69390121e-08  9.94984433e-10]:11.428984971784732
576:[6.25836933e+10 6.08298217e+11]:[ 6.27154864e-02 -1.53956031e-12 -2.13748287e-13  4.58406126e-11 -2.05712207e-10 -1.54923250e-15  8.67736414e-16  2.37048317e-05 -2.02871543e-06 -1.59062126e-08  9.84615738e-10]:11.788561877789334
Selected for new population:
[ 4.67512742e-02 -1.53956031e-12 -2.82312213e-13  4.58504353e-11 -2.05712207e-10 -1.54923250e-15  8.49159076e-16  2.37048317e-05 -2.08811178e-06 -1.59062126e-08  9.84615738e-10]
[ 6.27154864e-02 -1.50790708e-12 -2.13748287e-13  4.61364639e-11 -1.66853838e-10 -1.82681975e-15  8.61488666e-16  2.30529595e-05 -2.00892546e-06 -1.69183174e-08  9.94984433e-10]
Population scores:
21:[1.05659295e+11 1.85628912e+11]:[ 6.26201057e-02 -1.41539557e-12 -2.22596627e-13  4.60572928e-11 -1.75504831e-10 -1.82855845e-15  8.53064488e-16  2.37259063e-05 -2.05062007e-06 -1.67000556e-08  9.92839951e-10]:11.292687584262804
572:[1.32996672e+11 1.86365426e+11]:[ 6.34270430e-02 -1.53956031e-12 -2.22596627e-13  4.60572928e-11 -1.75504831e-10 -1.90341609e-15  9.44937653e-16  2.37259063e-05 -2.05062007e-06 -1.67000556e-08  9.92839951e-10]:11.300302146009667
573:[8.84267190e+10 2.12162162e+11]:[ 4.67512742e-02 -1.53956031e-12 -2.22596627e-13  4.60572928e-11 -1.75504831e-10 -1.54923250e-15  8.53064488e-16  2.37259063e-05 -2.08811178e-06 -1.59062126e-08  9.87778243e-10]:11.344401772493079
541:[1.29481870e+11 2.20898437e+11]:[ 4.67512742e-02 -1.53956031e-12 -2.82312213e-13  4.58504353e-11 -2.05712207e-10 -1.54923250e-15  8.49159076e-16  2.37048317e-05 -2.08811178e-06 -1.59062126e-08  9.84615738e-10]:11.368931105283053
564:[3.22627371e+10 2.53726302e+11]:[ 6.27154864e-02 -1.50790708e-12 -2.13748287e-13  4.61364639e-11 -1.66853838e-10 -1.82681975e-15  8.61488666e-16  2.30529595e-05 -2.00892546e-06 -1.69183174e-08  9.94984433e-10]:11.409852974915141
559:[3.10784247e+11 3.52923828e+11]:[ 4.71374910e-02 -1.59302909e-12 -2.77348043e-13  4.59941017e-11 -2.09865238e-10 -1.62369261e-15  8.47959182e-16  2.37504012e-05 -2.10024124e-06 -1.59911300e-08  9.83051626e-10]:11.584333771727422
560:[5.03401583e+11 6.43345497e+11]:[ 4.68576492e-02 -1.60609744e-12 -2.74605737e-13  4.64555672e-11 -2.06195075e-10 -1.45355404e-15  8.54708957e-16  2.36904075e-05 -2.14584709e-06 -1.60257621e-08  9.92495810e-10]:11.841162713824218
563:[1.30575159e+12 1.63597777e+12]:[ 6.35810124e-02 -1.33727601e-12 -2.30631580e-13  4.66927066e-11 -1.73984016e-10 -1.78246529e-15  8.62051463e-16  2.34953409e-05 -2.12002169e-06 -1.70401323e-08  9.90904191e-10]:12.247126654892197
561:[1.14140559e+13 2.10393461e+13]:[ 4.95844152e-02 -7.56714685e-13 -3.14089295e-13  4.03908748e-11 -1.15831027e-10 -1.01482972e-15  8.91646485e-16  1.86274148e-05 -1.49561753e-06 -2.32175615e-08  1.07585218e-09]:13.345976259094794
566:[1.43001002e+13 2.88315610e+13]:[ 5.46082288e-02 -2.18241988e-12 -1.41242472e-13  4.54793206e-11 -1.44810449e-10 -9.98162639e-16  7.73048997e-16  3.27475614e-05 -2.27359332e-06 -9.46601074e-09  1.02571151e-09]:13.480891471145172
565:[7.66882648e+13 1.36760082e+14]:[ 6.89461495e-02 -6.82518108e-13 -2.48415340e-13  4.84050978e-11 -1.79382689e-10 -2.13401561e-15  8.59610799e-16  3.28838435e-05 -2.85377901e-06 -2.27531603e-08  9.90223786e-10]:14.159654130365992
562:[7.69780092e+13 1.44321416e+14]:[ 5.66306455e-02 -1.02799543e-12 -2.37243085e-13  5.11408732e-11 -1.77995472e-10 -9.06912532e-16  9.23892645e-16  2.63546830e-05 -2.57078942e-06 -2.26784083e-08  8.91826583e-10]:14.1818984918475
*******************************
***iteration: 1 Population is***
*******************************
Population scores:
21:[1.05659295e+11 1.85628912e+11]:[ 6.26201057e-02 -1.41539557e-12 -2.22596627e-13  4.60572928e-11 -1.75504831e-10 -1.82855845e-15  8.53064488e-16  2.37259063e-05 -2.05062007e-06 -1.67000556e-08  9.92839951e-10]:11.292687584262804
572:[1.32996672e+11 1.86365426e+11]:[ 6.34270430e-02 -1.53956031e-12 -2.22596627e-13  4.60572928e-11 -1.75504831e-10 -1.90341609e-15  9.44937653e-16  2.37259063e-05 -2.05062007e-06 -1.67000556e-08  9.92839951e-10]:11.300302146009667
573:[8.84267190e+10 2.12162162e+11]:[ 4.67512742e-02 -1.53956031e-12 -2.22596627e-13  4.60572928e-11 -1.75504831e-10 -1.54923250e-15  8.53064488e-16  2.37259063e-05 -2.08811178e-06 -1.59062126e-08  9.87778243e-10]:11.344401772493079
541:[1.29481870e+11 2.20898437e+11]:[ 4.67512742e-02 -1.53956031e-12 -2.82312213e-13  4.58504353e-11 -2.05712207e-10 -1.54923250e-15  8.49159076e-16  2.37048317e-05 -2.08811178e-06 -1.59062126e-08  9.84615738e-10]:11.368931105283053
564:[3.22627371e+10 2.53726302e+11]:[ 6.27154864e-02 -1.50790708e-12 -2.13748287e-13  4.61364639e-11 -1.66853838e-10 -1.82681975e-15  8.61488666e-16  2.30529595e-05 -2.00892546e-06 -1.69183174e-08  9.94984433e-10]:11.409852974915141
559:[3.10784247e+11 3.52923828e+11]:[ 4.71374910e-02 -1.59302909e-12 -2.77348043e-13  4.59941017e-11 -2.09865238e-10 -1.62369261e-15  8.47959182e-16  2.37504012e-05 -2.10024124e-06 -1.59911300e-08  9.83051626e-10]:11.584333771727422
560:[5.03401583e+11 6.43345497e+11]:[ 4.68576492e-02 -1.60609744e-12 -2.74605737e-13  4.64555672e-11 -2.06195075e-10 -1.45355404e-15  8.54708957e-16  2.36904075e-05 -2.14584709e-06 -1.60257621e-08  9.92495810e-10]:11.841162713824218
563:[1.30575159e+12 1.63597777e+12]:[ 6.35810124e-02 -1.33727601e-12 -2.30631580e-13  4.66927066e-11 -1.73984016e-10 -1.78246529e-15  8.62051463e-16  2.34953409e-05 -2.12002169e-06 -1.70401323e-08  9.90904191e-10]:12.247126654892197
561:[1.14140559e+13 2.10393461e+13]:[ 4.95844152e-02 -7.56714685e-13 -3.14089295e-13  4.03908748e-11 -1.15831027e-10 -1.01482972e-15  8.91646485e-16  1.86274148e-05 -1.49561753e-06 -2.32175615e-08  1.07585218e-09]:13.345976259094794
566:[1.43001002e+13 2.88315610e+13]:[ 5.46082288e-02 -2.18241988e-12 -1.41242472e-13  4.54793206e-11 -1.44810449e-10 -9.98162639e-16  7.73048997e-16  3.27475614e-05 -2.27359332e-06 -9.46601074e-09  1.02571151e-09]:13.480891471145172
Selected: [3 5]
***************
***CROSSOVER***
***************
&&&&&&&&&&&&&&&&&&&&&&&&
&&TOURNAMENT SELECTION&&
&&&&&&&&&&&&&&&&&&&&&&&&
parents:
[ 4.67512742e-02 -1.53956031e-12 -2.82312213e-13  4.58504353e-11 -2.05712207e-10 -1.54923250e-15  8.49159076e-16  2.37048317e-05 -2.08811178e-06 -1.59062126e-08  9.84615738e-10]
[ 4.71374910e-02 -1.59302909e-12 -2.77348043e-13  4.59941017e-11 -2.09865238e-10 -1.62369261e-15  8.47959182e-16  2.37504012e-05 -2.10024124e-06 -1.59911300e-08  9.83051626e-10]
children:
[ 4.67512742e-02 -1.59302909e-12 -2.77348043e-13  4.41269927e-11 -2.09865238e-10 -1.62369261e-15  8.47959182e-16  2.37048317e-05 -2.06633788e-06 -1.59911300e-08  9.83051626e-10]
[ 4.71374910e-02 -1.53956031e-12 -2.82312213e-13  4.59941017e-11 -2.05712207e-10 -1.54923250e-15  8.49159076e-16  2.37504012e-05 -2.08811178e-06 -1.59062126e-08  9.84615738e-10]
Population scores:
577:[7.49044033e+10 1.96730725e+11]:[ 4.67512742e-02 -1.59302909e-12 -2.77348043e-13  4.41269927e-11 -2.09865238e-10 -1.62369261e-15  8.47959182e-16  2.37048317e-05 -2.06633788e-06 -1.59911300e-08  9.83051626e-10]:11.31010074967153
578:[1.24381092e+11 2.17766072e+11]:[ 4.71374910e-02 -1.53956031e-12 -2.82312213e-13  4.59941017e-11 -2.05712207e-10 -1.54923250e-15  8.49159076e-16  2.37504012e-05 -2.08811178e-06 -1.59062126e-08  9.84615738e-10]:11.362113208275208
541:[1.29481870e+11 2.20898437e+11]:[ 4.67512742e-02 -1.53956031e-12 -2.82312213e-13  4.58504353e-11 -2.05712207e-10 -1.54923250e-15  8.49159076e-16  2.37048317e-05 -2.08811178e-06 -1.59062126e-08  9.84615738e-10]:11.368931105283053
559:[3.10784247e+11 3.52923828e+11]:[ 4.71374910e-02 -1.59302909e-12 -2.77348043e-13  4.59941017e-11 -2.09865238e-10 -1.62369261e-15  8.47959182e-16  2.37504012e-05 -2.10024124e-06 -1.59911300e-08  9.83051626e-10]:11.584333771727422
Selected for new population:
[ 4.67512742e-02 -1.59302909e-12 -2.77348043e-13  4.41269927e-11 -2.09865238e-10 -1.62369261e-15  8.47959182e-16  2.37048317e-05 -2.06633788e-06 -1.59911300e-08  9.83051626e-10]
[ 4.71374910e-02 -1.53956031e-12 -2.82312213e-13  4.59941017e-11 -2.05712207e-10 -1.54923250e-15  8.49159076e-16  2.37504012e-05 -2.08811178e-06 -1.59062126e-08  9.84615738e-10]
Selected: [1 3]
***************
***CROSSOVER***
***************
&&&&&&&&&&&&&&&&&&&&&&&&
&&TOURNAMENT SELECTION&&
&&&&&&&&&&&&&&&&&&&&&&&&
parents:
[ 6.34270430e-02 -1.53956031e-12 -2.22596627e-13  4.60572928e-11 -1.75504831e-10 -1.90341609e-15  9.44937653e-16  2.37259063e-05 -2.05062007e-06 -1.67000556e-08  9.92839951e-10]
[ 4.67512742e-02 -1.53956031e-12 -2.82312213e-13  4.58504353e-11 -2.05712207e-10 -1.54923250e-15  8.49159076e-16  2.37048317e-05 -2.08811178e-06 -1.59062126e-08  9.84615738e-10]
children:
[ 4.67512742e-02 -1.53956031e-12 -2.22596627e-13  4.58504353e-11 -2.41723184e-10 -1.90341609e-15  8.49159076e-16  2.37048317e-05 -2.08811178e-06 -1.71077947e-08  9.84615738e-10]
[ 6.34270430e-02 -1.53956031e-12 -2.82312213e-13  4.60572928e-11 -1.97181014e-10 -1.54923250e-15  9.47661293e-16  2.37259063e-05 -2.05062007e-06 -1.45072618e-08  9.92839951e-10]
Population scores:
572:[1.32996672e+11 1.86365426e+11]:[ 6.34270430e-02 -1.53956031e-12 -2.22596627e-13  4.60572928e-11 -1.75504831e-10 -1.90341609e-15  9.44937653e-16  2.37259063e-05 -2.05062007e-06 -1.67000556e-08  9.92839951e-10]:11.300302146009667
541:[1.29481870e+11 2.20898437e+11]:[ 4.67512742e-02 -1.53956031e-12 -2.82312213e-13  4.58504353e-11 -2.05712207e-10 -1.54923250e-15  8.49159076e-16  2.37048317e-05 -2.08811178e-06 -1.59062126e-08  9.84615738e-10]:11.368931105283053
579:[1.09304846e+12 1.24059429e+12]:[ 4.67512742e-02 -1.53956031e-12 -2.22596627e-13  4.58504353e-11 -2.41723184e-10 -1.90341609e-15  8.49159076e-16  2.37048317e-05 -2.08811178e-06 -1.71077947e-08  9.84615738e-10]:12.130301319574512
580:[6.78410214e+11 2.35628985e+12]:[ 6.34270430e-02 -1.53956031e-12 -2.82312213e-13  4.60572928e-11 -1.97181014e-10 -1.54923250e-15  9.47661293e-16  2.37259063e-05 -2.05062007e-06 -1.45072618e-08  9.92839951e-10]:12.384556061643597
Selected for new population:
[ 6.34270430e-02 -1.53956031e-12 -2.22596627e-13  4.60572928e-11 -1.75504831e-10 -1.90341609e-15  9.44937653e-16  2.37259063e-05 -2.05062007e-06 -1.67000556e-08  9.92839951e-10]
[ 4.67512742e-02 -1.53956031e-12 -2.82312213e-13  4.58504353e-11 -2.05712207e-10 -1.54923250e-15  8.49159076e-16  2.37048317e-05 -2.08811178e-06 -1.59062126e-08  9.84615738e-10]
Selected: [1 0]
***************
***CROSSOVER***
***************
&&&&&&&&&&&&&&&&&&&&&&&&
&&TOURNAMENT SELECTION&&
&&&&&&&&&&&&&&&&&&&&&&&&
parents:
[ 6.34270430e-02 -1.53956031e-12 -2.22596627e-13  4.60572928e-11 -1.75504831e-10 -1.90341609e-15  9.44937653e-16  2.37259063e-05 -2.05062007e-06 -1.67000556e-08  9.92839951e-10]
[ 6.26201057e-02 -1.41539557e-12 -2.22596627e-13  4.60572928e-11 -1.75504831e-10 -1.82855845e-15  8.53064488e-16  2.37259063e-05 -2.05062007e-06 -1.67000556e-08  9.92839951e-10]
children:
[ 6.26201057e-02 -2.06693381e-12 -2.22596627e-13  4.38606184e-11 -1.75504831e-10 -1.82855845e-15  9.35693093e-16  2.37259063e-05 -2.05062007e-06 -1.67000556e-08  9.92839951e-10]
[ 6.16940517e-02 -1.41539557e-12 -2.18440391e-13  4.60572928e-11 -1.75504831e-10 -1.90341609e-15  8.53064488e-16  2.37259063e-05 -2.05062007e-06 -1.67000556e-08  9.92839951e-10]
Population scores:
21:[1.05659295e+11 1.85628912e+11]:[ 6.26201057e-02 -1.41539557e-12 -2.22596627e-13  4.60572928e-11 -1.75504831e-10 -1.82855845e-15  8.53064488e-16  2.37259063e-05 -2.05062007e-06 -1.67000556e-08  9.92839951e-10]:11.292687584262804
581:[1.05659295e+11 1.85628912e+11]:[ 6.26201057e-02 -2.06693381e-12 -2.22596627e-13  4.38606184e-11 -1.75504831e-10 -1.82855845e-15  9.35693093e-16  2.37259063e-05 -2.05062007e-06 -1.67000556e-08  9.92839951e-10]:11.29268758426289
572:[1.32996672e+11 1.86365426e+11]:[ 6.34270430e-02 -1.53956031e-12 -2.22596627e-13  4.60572928e-11 -1.75504831e-10 -1.90341609e-15  9.44937653e-16  2.37259063e-05 -2.05062007e-06 -1.67000556e-08  9.92839951e-10]:11.300302146009667
582:[1.32996672e+11 1.86365427e+11]:[ 6.16940517e-02 -1.41539557e-12 -2.18440391e-13  4.60572928e-11 -1.75504831e-10 -1.90341609e-15  8.53064488e-16  2.37259063e-05 -2.05062007e-06 -1.67000556e-08  9.92839951e-10]:11.300302147034296
Selected for new population:
[ 6.26201057e-02 -1.41539557e-12 -2.22596627e-13  4.60572928e-11 -1.75504831e-10 -1.82855845e-15  8.53064488e-16  2.37259063e-05 -2.05062007e-06 -1.67000556e-08  9.92839951e-10]
[ 6.26201057e-02 -2.06693381e-12 -2.22596627e-13  4.38606184e-11 -1.75504831e-10 -1.82855845e-15  9.35693093e-16  2.37259063e-05 -2.05062007e-06 -1.67000556e-08  9.92839951e-10]
Selected: [2 3]
***************
***CROSSOVER***
***************
&&&&&&&&&&&&&&&&&&&&&&&&
&&TOURNAMENT SELECTION&&
&&&&&&&&&&&&&&&&&&&&&&&&
parents:
[ 4.67512742e-02 -1.53956031e-12 -2.22596627e-13  4.60572928e-11 -1.75504831e-10 -1.54923250e-15  8.53064488e-16  2.37259063e-05 -2.08811178e-06 -1.59062126e-08  9.87778243e-10]
[ 4.67512742e-02 -1.53956031e-12 -2.82312213e-13  4.58504353e-11 -2.05712207e-10 -1.54923250e-15  8.49159076e-16  2.37048317e-05 -2.08811178e-06 -1.59062126e-08  9.84615738e-10]
children:
[ 4.67512742e-02 -1.53956031e-12 -2.82312213e-13  4.60572928e-11 -2.05712207e-10 -1.54923250e-15  8.49159076e-16  2.37048317e-05 -2.08811178e-06 -1.59062126e-08  9.84615738e-10]
[ 4.85424451e-02 -1.53956031e-12 -2.22596627e-13  4.58504353e-11 -1.75504831e-10 -1.54923250e-15  8.53064488e-16  2.39471209e-05 -1.21348500e-06 -1.59062126e-08  9.87778243e-10]
Population scores:
573:[8.84267190e+10 2.12162162e+11]:[ 4.67512742e-02 -1.53956031e-12 -2.22596627e-13  4.60572928e-11 -1.75504831e-10 -1.54923250e-15  8.53064488e-16  2.37259063e-05 -2.08811178e-06 -1.59062126e-08  9.87778243e-10]:11.344401772493079
583:[1.29481870e+11 2.20898437e+11]:[ 4.67512742e-02 -1.53956031e-12 -2.82312213e-13  4.60572928e-11 -2.05712207e-10 -1.54923250e-15  8.49159076e-16  2.37048317e-05 -2.08811178e-06 -1.59062126e-08  9.84615738e-10]:11.368931105283043
541:[1.29481870e+11 2.20898437e+11]:[ 4.67512742e-02 -1.53956031e-12 -2.82312213e-13  4.58504353e-11 -2.05712207e-10 -1.54923250e-15  8.49159076e-16  2.37048317e-05 -2.08811178e-06 -1.59062126e-08  9.84615738e-10]:11.368931105283053
584:[5.97243006e+13 1.23533032e+14]:[ 4.85424451e-02 -1.53956031e-12 -2.22596627e-13  4.58504353e-11 -1.75504831e-10 -1.54923250e-15  8.53064488e-16  2.39471209e-05 -1.21348500e-06 -1.59062126e-08  9.87778243e-10]:14.112288084704192
Selected for new population:
[ 4.67512742e-02 -1.53956031e-12 -2.22596627e-13  4.60572928e-11 -1.75504831e-10 -1.54923250e-15  8.53064488e-16  2.37259063e-05 -2.08811178e-06 -1.59062126e-08  9.87778243e-10]
[ 4.67512742e-02 -1.53956031e-12 -2.82312213e-13  4.60572928e-11 -2.05712207e-10 -1.54923250e-15  8.49159076e-16  2.37048317e-05 -2.08811178e-06 -1.59062126e-08  9.84615738e-10]
Selected: [1 2]
***************
***CROSSOVER***
***************
&&&&&&&&&&&&&&&&&&&&&&&&
&&TOURNAMENT SELECTION&&
&&&&&&&&&&&&&&&&&&&&&&&&
parents:
[ 6.34270430e-02 -1.53956031e-12 -2.22596627e-13  4.60572928e-11 -1.75504831e-10 -1.90341609e-15  9.44937653e-16  2.37259063e-05 -2.05062007e-06 -1.67000556e-08  9.92839951e-10]
[ 4.67512742e-02 -1.53956031e-12 -2.22596627e-13  4.60572928e-11 -1.75504831e-10 -1.54923250e-15  8.53064488e-16  2.37259063e-05 -2.08811178e-06 -1.59062126e-08  9.87778243e-10]
children:
[ 4.67512742e-02 -1.53956031e-12 -2.22596627e-13  4.60572928e-11 -1.75504831e-10 -1.54923250e-15  8.53064488e-16  2.37259063e-05 -2.08811178e-06 -1.67000556e-08  9.95273264e-10]
[ 6.34270430e-02 -1.53956031e-12 -2.22596627e-13  4.60572928e-11 -1.75504831e-10 -1.90341609e-15  9.44937653e-16  2.37259063e-05 -2.05062007e-06 -2.13041512e-08  9.87778243e-10]
Population scores:
572:[1.32996672e+11 1.86365426e+11]:[ 6.34270430e-02 -1.53956031e-12 -2.22596627e-13  4.60572928e-11 -1.75504831e-10 -1.90341609e-15  9.44937653e-16  2.37259063e-05 -2.05062007e-06 -1.67000556e-08  9.92839951e-10]:11.300302146009667
573:[8.84267190e+10 2.12162162e+11]:[ 4.67512742e-02 -1.53956031e-12 -2.22596627e-13  4.60572928e-11 -1.75504831e-10 -1.54923250e-15  8.53064488e-16  2.37259063e-05 -2.08811178e-06 -1.59062126e-08  9.87778243e-10]:11.344401772493079
585:[2.10859339e+11 2.89535716e+11]:[ 4.67512742e-02 -1.53956031e-12 -2.22596627e-13  4.60572928e-11 -1.75504831e-10 -1.54923250e-15  8.53064488e-16  2.37259063e-05 -2.08811178e-06 -1.67000556e-08  9.95273264e-10]:11.492231722082694
586:[6.11971794e+12 9.20710645e+12]:[ 6.34270430e-02 -1.53956031e-12 -2.22596627e-13  4.60572928e-11 -1.75504831e-10 -1.90341609e-15  9.44937653e-16  2.37259063e-05 -2.05062007e-06 -2.13041512e-08  9.87778243e-10]:12.992070720742927
Selected for new population:
[ 6.34270430e-02 -1.53956031e-12 -2.22596627e-13  4.60572928e-11 -1.75504831e-10 -1.90341609e-15  9.44937653e-16  2.37259063e-05 -2.05062007e-06 -1.67000556e-08  9.92839951e-10]
[ 4.67512742e-02 -1.53956031e-12 -2.22596627e-13  4.60572928e-11 -1.75504831e-10 -1.54923250e-15  8.53064488e-16  2.37259063e-05 -2.08811178e-06 -1.59062126e-08  9.87778243e-10]
Population scores:
21:[1.05659295e+11 1.85628912e+11]:[ 6.26201057e-02 -1.41539557e-12 -2.22596627e-13  4.60572928e-11 -1.75504831e-10 -1.82855845e-15  8.53064488e-16  2.37259063e-05 -2.05062007e-06 -1.67000556e-08  9.92839951e-10]:11.292687584262804
581:[1.05659295e+11 1.85628912e+11]:[ 6.26201057e-02 -2.06693381e-12 -2.22596627e-13  4.38606184e-11 -1.75504831e-10 -1.82855845e-15  9.35693093e-16  2.37259063e-05 -2.05062007e-06 -1.67000556e-08  9.92839951e-10]:11.29268758426289
572:[1.32996672e+11 1.86365426e+11]:[ 6.34270430e-02 -1.53956031e-12 -2.22596627e-13  4.60572928e-11 -1.75504831e-10 -1.90341609e-15  9.44937653e-16  2.37259063e-05 -2.05062007e-06 -1.67000556e-08  9.92839951e-10]:11.300302146009667
577:[7.49044033e+10 1.96730725e+11]:[ 4.67512742e-02 -1.59302909e-12 -2.77348043e-13  4.41269927e-11 -2.09865238e-10 -1.62369261e-15  8.47959182e-16  2.37048317e-05 -2.06633788e-06 -1.59911300e-08  9.83051626e-10]:11.31010074967153
573:[8.84267190e+10 2.12162162e+11]:[ 4.67512742e-02 -1.53956031e-12 -2.22596627e-13  4.60572928e-11 -1.75504831e-10 -1.54923250e-15  8.53064488e-16  2.37259063e-05 -2.08811178e-06 -1.59062126e-08  9.87778243e-10]:11.344401772493079
578:[1.24381092e+11 2.17766072e+11]:[ 4.71374910e-02 -1.53956031e-12 -2.82312213e-13  4.59941017e-11 -2.05712207e-10 -1.54923250e-15  8.49159076e-16  2.37504012e-05 -2.08811178e-06 -1.59062126e-08  9.84615738e-10]:11.362113208275208
583:[1.29481870e+11 2.20898437e+11]:[ 4.67512742e-02 -1.53956031e-12 -2.82312213e-13  4.60572928e-11 -2.05712207e-10 -1.54923250e-15  8.49159076e-16  2.37048317e-05 -2.08811178e-06 -1.59062126e-08  9.84615738e-10]:11.368931105283043
541:[1.29481870e+11 2.20898437e+11]:[ 4.67512742e-02 -1.53956031e-12 -2.82312213e-13  4.58504353e-11 -2.05712207e-10 -1.54923250e-15  8.49159076e-16  2.37048317e-05 -2.08811178e-06 -1.59062126e-08  9.84615738e-10]:11.368931105283053
564:[3.22627371e+10 2.53726302e+11]:[ 6.27154864e-02 -1.50790708e-12 -2.13748287e-13  4.61364639e-11 -1.66853838e-10 -1.82681975e-15  8.61488666e-16  2.30529595e-05 -2.00892546e-06 -1.69183174e-08  9.94984433e-10]:11.409852974915141
559:[3.10784247e+11 3.52923828e+11]:[ 4.71374910e-02 -1.59302909e-12 -2.77348043e-13  4.59941017e-11 -2.09865238e-10 -1.62369261e-15  8.47959182e-16  2.37504012e-05 -2.10024124e-06 -1.59911300e-08  9.83051626e-10]:11.584333771727422
560:[5.03401583e+11 6.43345497e+11]:[ 4.68576492e-02 -1.60609744e-12 -2.74605737e-13  4.64555672e-11 -2.06195075e-10 -1.45355404e-15  8.54708957e-16  2.36904075e-05 -2.14584709e-06 -1.60257621e-08  9.92495810e-10]:11.841162713824218
563:[1.30575159e+12 1.63597777e+12]:[ 6.35810124e-02 -1.33727601e-12 -2.30631580e-13  4.66927066e-11 -1.73984016e-10 -1.78246529e-15  8.62051463e-16  2.34953409e-05 -2.12002169e-06 -1.70401323e-08  9.90904191e-10]:12.247126654892197
561:[1.14140559e+13 2.10393461e+13]:[ 4.95844152e-02 -7.56714685e-13 -3.14089295e-13  4.03908748e-11 -1.15831027e-10 -1.01482972e-15  8.91646485e-16  1.86274148e-05 -1.49561753e-06 -2.32175615e-08  1.07585218e-09]:13.345976259094794
566:[1.43001002e+13 2.88315610e+13]:[ 5.46082288e-02 -2.18241988e-12 -1.41242472e-13  4.54793206e-11 -1.44810449e-10 -9.98162639e-16  7.73048997e-16  3.27475614e-05 -2.27359332e-06 -9.46601074e-09  1.02571151e-09]:13.480891471145172
*******************************
***iteration: 2 Population is***
*******************************
Population scores:
21:[1.05659295e+11 1.85628912e+11]:[ 6.26201057e-02 -1.41539557e-12 -2.22596627e-13  4.60572928e-11 -1.75504831e-10 -1.82855845e-15  8.53064488e-16  2.37259063e-05 -2.05062007e-06 -1.67000556e-08  9.92839951e-10]:11.292687584262804
581:[1.05659295e+11 1.85628912e+11]:[ 6.26201057e-02 -2.06693381e-12 -2.22596627e-13  4.38606184e-11 -1.75504831e-10 -1.82855845e-15  9.35693093e-16  2.37259063e-05 -2.05062007e-06 -1.67000556e-08  9.92839951e-10]:11.29268758426289
572:[1.32996672e+11 1.86365426e+11]:[ 6.34270430e-02 -1.53956031e-12 -2.22596627e-13  4.60572928e-11 -1.75504831e-10 -1.90341609e-15  9.44937653e-16  2.37259063e-05 -2.05062007e-06 -1.67000556e-08  9.92839951e-10]:11.300302146009667
577:[7.49044033e+10 1.96730725e+11]:[ 4.67512742e-02 -1.59302909e-12 -2.77348043e-13  4.41269927e-11 -2.09865238e-10 -1.62369261e-15  8.47959182e-16  2.37048317e-05 -2.06633788e-06 -1.59911300e-08  9.83051626e-10]:11.31010074967153
573:[8.84267190e+10 2.12162162e+11]:[ 4.67512742e-02 -1.53956031e-12 -2.22596627e-13  4.60572928e-11 -1.75504831e-10 -1.54923250e-15  8.53064488e-16  2.37259063e-05 -2.08811178e-06 -1.59062126e-08  9.87778243e-10]:11.344401772493079
578:[1.24381092e+11 2.17766072e+11]:[ 4.71374910e-02 -1.53956031e-12 -2.82312213e-13  4.59941017e-11 -2.05712207e-10 -1.54923250e-15  8.49159076e-16  2.37504012e-05 -2.08811178e-06 -1.59062126e-08  9.84615738e-10]:11.362113208275208
583:[1.29481870e+11 2.20898437e+11]:[ 4.67512742e-02 -1.53956031e-12 -2.82312213e-13  4.60572928e-11 -2.05712207e-10 -1.54923250e-15  8.49159076e-16  2.37048317e-05 -2.08811178e-06 -1.59062126e-08  9.84615738e-10]:11.368931105283043
541:[1.29481870e+11 2.20898437e+11]:[ 4.67512742e-02 -1.53956031e-12 -2.82312213e-13  4.58504353e-11 -2.05712207e-10 -1.54923250e-15  8.49159076e-16  2.37048317e-05 -2.08811178e-06 -1.59062126e-08  9.84615738e-10]:11.368931105283053
564:[3.22627371e+10 2.53726302e+11]:[ 6.27154864e-02 -1.50790708e-12 -2.13748287e-13  4.61364639e-11 -1.66853838e-10 -1.82681975e-15  8.61488666e-16  2.30529595e-05 -2.00892546e-06 -1.69183174e-08  9.94984433e-10]:11.409852974915141
559:[3.10784247e+11 3.52923828e+11]:[ 4.71374910e-02 -1.59302909e-12 -2.77348043e-13  4.59941017e-11 -2.09865238e-10 -1.62369261e-15  8.47959182e-16  2.37504012e-05 -2.10024124e-06 -1.59911300e-08  9.83051626e-10]:11.584333771727422
Selected: [7 2]
***************
***CROSSOVER***
***************
&&&&&&&&&&&&&&&&&&&&&&&&
&&TOURNAMENT SELECTION&&
&&&&&&&&&&&&&&&&&&&&&&&&
parents:
[ 4.67512742e-02 -1.53956031e-12 -2.82312213e-13  4.58504353e-11 -2.05712207e-10 -1.54923250e-15  8.49159076e-16  2.37048317e-05 -2.08811178e-06 -1.59062126e-08  9.84615738e-10]
[ 6.34270430e-02 -1.53956031e-12 -2.22596627e-13  4.60572928e-11 -1.75504831e-10 -1.90341609e-15  9.44937653e-16  2.37259063e-05 -2.05062007e-06 -1.67000556e-08  9.92839951e-10]
children:
[ 6.34270430e-02 -1.53956031e-12 -2.82312213e-13  4.60572928e-11 -1.87614219e-10 -1.54923250e-15  9.44937653e-16  2.37048317e-05 -2.05062007e-06 -1.67000556e-08  9.92839951e-10]
[ 4.64498872e-02 -1.53956031e-12 -2.13842264e-13  4.51544476e-11 -1.75504831e-10 -1.90341609e-15  8.49159076e-16  2.37259063e-05 -2.08811178e-06 -1.59062126e-08  9.84615738e-10]
Population scores:
572:[1.32996672e+11 1.86365426e+11]:[ 6.34270430e-02 -1.53956031e-12 -2.22596627e-13  4.60572928e-11 -1.75504831e-10 -1.90341609e-15  9.44937653e-16  2.37259063e-05 -2.05062007e-06 -1.67000556e-08  9.92839951e-10]:11.300302146009667
587:[4.11461515e+10 2.18688020e+11]:[ 6.34270430e-02 -1.53956031e-12 -2.82312213e-13  4.60572928e-11 -1.87614219e-10 -1.54923250e-15  9.44937653e-16  2.37048317e-05 -2.05062007e-06 -1.67000556e-08  9.92839951e-10]:11.34792032268889
541:[1.29481870e+11 2.20898437e+11]:[ 4.67512742e-02 -1.53956031e-12 -2.82312213e-13  4.58504353e-11 -2.05712207e-10 -1.54923250e-15  8.49159076e-16  2.37048317e-05 -2.08811178e-06 -1.59062126e-08  9.84615738e-10]:11.368931105283053
588:[2.83063333e+11 2.73168901e+11]:[ 4.64498872e-02 -1.53956031e-12 -2.13842264e-13  4.51544476e-11 -1.75504831e-10 -1.90341609e-15  8.49159076e-16  2.37259063e-05 -2.08811178e-06 -1.59062126e-08  9.84615738e-10]:11.479251641871201
Selected for new population:
[ 6.34270430e-02 -1.53956031e-12 -2.22596627e-13  4.60572928e-11 -1.75504831e-10 -1.90341609e-15  9.44937653e-16  2.37259063e-05 -2.05062007e-06 -1.67000556e-08  9.92839951e-10]
[ 6.34270430e-02 -1.53956031e-12 -2.82312213e-13  4.60572928e-11 -1.87614219e-10 -1.54923250e-15  9.44937653e-16  2.37048317e-05 -2.05062007e-06 -1.67000556e-08  9.92839951e-10]
Selected: [3 1]
***************
***CROSSOVER***
***************
&&&&&&&&&&&&&&&&&&&&&&&&
&&TOURNAMENT SELECTION&&
&&&&&&&&&&&&&&&&&&&&&&&&
parents:
[ 4.67512742e-02 -1.59302909e-12 -2.77348043e-13  4.41269927e-11 -2.09865238e-10 -1.62369261e-15  8.47959182e-16  2.37048317e-05 -2.06633788e-06 -1.59911300e-08  9.83051626e-10]
[ 6.26201057e-02 -2.06693381e-12 -2.22596627e-13  4.38606184e-11 -1.75504831e-10 -1.82855845e-15  9.35693093e-16  2.37259063e-05 -2.05062007e-06 -1.67000556e-08  9.92839951e-10]
children:
[ 6.26201057e-02 -2.06693381e-12 -2.22596627e-13  4.36926922e-11 -2.09865238e-10 -1.64092555e-15  9.35693093e-16  2.30941027e-05 -2.05062007e-06 -1.67000556e-08  9.92839951e-10]
[ 4.67512742e-02 -1.59302909e-12 -2.77348043e-13  4.41269927e-11 -1.75504831e-10 -1.62369261e-15  8.47959182e-16  2.37048317e-05 -2.06633788e-06 -1.59911300e-08  9.83051626e-10]
Population scores:
581:[1.05659295e+11 1.85628912e+11]:[ 6.26201057e-02 -2.06693381e-12 -2.22596627e-13  4.38606184e-11 -1.75504831e-10 -1.82855845e-15  9.35693093e-16  2.37259063e-05 -2.05062007e-06 -1.67000556e-08  9.92839951e-10]:11.29268758426289
590:[7.49044032e+10 1.96730725e+11]:[ 4.67512742e-02 -1.59302909e-12 -2.77348043e-13  4.41269927e-11 -1.75504831e-10 -1.62369261e-15  8.47959182e-16  2.37048317e-05 -2.06633788e-06 -1.59911300e-08  9.83051626e-10]:11.310100749639094
577:[7.49044033e+10 1.96730725e+11]:[ 4.67512742e-02 -1.59302909e-12 -2.77348043e-13  4.41269927e-11 -2.09865238e-10 -1.62369261e-15  8.47959182e-16  2.37048317e-05 -2.06633788e-06 -1.59911300e-08  9.83051626e-10]:11.31010074967153
589:[1.17044845e+11 2.11978051e+11]:[ 6.26201057e-02 -2.06693381e-12 -2.22596627e-13  4.36926922e-11 -2.09865238e-10 -1.64092555e-15  9.35693093e-16  2.30941027e-05 -2.05062007e-06 -1.67000556e-08  9.92839951e-10]:11.3496320776736
Selected for new population:
[ 6.26201057e-02 -2.06693381e-12 -2.22596627e-13  4.38606184e-11 -1.75504831e-10 -1.82855845e-15  9.35693093e-16  2.37259063e-05 -2.05062007e-06 -1.67000556e-08  9.92839951e-10]
[ 4.67512742e-02 -1.59302909e-12 -2.77348043e-13  4.41269927e-11 -1.75504831e-10 -1.62369261e-15  8.47959182e-16  2.37048317e-05 -2.06633788e-06 -1.59911300e-08  9.83051626e-10]
Selected: [2 6]
***************
***CROSSOVER***
***************
&&&&&&&&&&&&&&&&&&&&&&&&
&&TOURNAMENT SELECTION&&
&&&&&&&&&&&&&&&&&&&&&&&&
parents:
[ 6.34270430e-02 -1.53956031e-12 -2.22596627e-13  4.60572928e-11 -1.75504831e-10 -1.90341609e-15  9.44937653e-16  2.37259063e-05 -2.05062007e-06 -1.67000556e-08  9.92839951e-10]
[ 4.67512742e-02 -1.53956031e-12 -2.82312213e-13  4.60572928e-11 -2.05712207e-10 -1.54923250e-15  8.49159076e-16  2.37048317e-05 -2.08811178e-06 -1.59062126e-08  9.84615738e-10]
children:
[ 4.67512742e-02 -1.49435082e-12 -2.19077946e-13  5.12511825e-11 -2.05712207e-10 -1.54923250e-15  8.49159076e-16  2.37048317e-05 -2.08811178e-06 -1.59062126e-08  9.92839951e-10]
[ 6.34270430e-02 -1.53956031e-12 -2.82312213e-13  4.60572928e-11 -1.75504831e-10 -1.90341609e-15  9.44937653e-16  2.37259063e-05 -2.02910917e-06 -1.67000556e-08  9.84615738e-10]
Population scores:
592:[1.21474780e+11 1.73731222e+11]:[ 6.34270430e-02 -1.53956031e-12 -2.82312213e-13  4.60572928e-11 -1.75504831e-10 -1.90341609e-15  9.44937653e-16  2.37259063e-05 -2.02910917e-06 -1.67000556e-08  9.84615738e-10]:11.269229627373594
572:[1.32996672e+11 1.86365426e+11]:[ 6.34270430e-02 -1.53956031e-12 -2.22596627e-13  4.60572928e-11 -1.75504831e-10 -1.90341609e-15  9.44937653e-16  2.37259063e-05 -2.05062007e-06 -1.67000556e-08  9.92839951e-10]:11.300302146009667
583:[1.29481870e+11 2.20898437e+11]:[ 4.67512742e-02 -1.53956031e-12 -2.82312213e-13  4.60572928e-11 -2.05712207e-10 -1.54923250e-15  8.49159076e-16  2.37048317e-05 -2.08811178e-06 -1.59062126e-08  9.84615738e-10]:11.368931105283043
591:[4.64505851e+10 2.35118113e+11]:[ 4.67512742e-02 -1.49435082e-12 -2.19077946e-13  5.12511825e-11 -2.05712207e-10 -1.54923250e-15  8.49159076e-16  2.37048317e-05 -2.08811178e-06 -1.59062126e-08  9.92839951e-10]:11.379782474325863
Selected for new population:
[ 6.34270430e-02 -1.53956031e-12 -2.82312213e-13  4.60572928e-11 -1.75504831e-10 -1.90341609e-15  9.44937653e-16  2.37259063e-05 -2.02910917e-06 -1.67000556e-08  9.84615738e-10]
[ 6.34270430e-02 -1.53956031e-12 -2.22596627e-13  4.60572928e-11 -1.75504831e-10 -1.90341609e-15  9.44937653e-16  2.37259063e-05 -2.05062007e-06 -1.67000556e-08  9.92839951e-10]
Selected: [0 4]
***************
***CROSSOVER***
***************
&&&&&&&&&&&&&&&&&&&&&&&&
&&TOURNAMENT SELECTION&&
&&&&&&&&&&&&&&&&&&&&&&&&
parents:
[ 6.26201057e-02 -1.41539557e-12 -2.22596627e-13  4.60572928e-11 -1.75504831e-10 -1.82855845e-15  8.53064488e-16  2.37259063e-05 -2.05062007e-06 -1.67000556e-08  9.92839951e-10]
[ 4.67512742e-02 -1.53956031e-12 -2.22596627e-13  4.60572928e-11 -1.75504831e-10 -1.54923250e-15  8.53064488e-16  2.37259063e-05 -2.08811178e-06 -1.59062126e-08  9.87778243e-10]
children:
[ 4.67512742e-02 -1.41539557e-12 -2.22235207e-13  4.60572928e-11 -1.75504831e-10 -1.54923250e-15  8.53064488e-16  2.37259063e-05 -2.08811178e-06 -1.59062126e-08  9.87778243e-10]
[ 6.26201057e-02 -6.53153380e-13 -2.22596627e-13  4.60572928e-11 -1.75504831e-10 -1.82855845e-15  8.53064488e-16  2.37259063e-05 -2.05062007e-06 -1.67000556e-08  9.92839951e-10]
Population scores:
21:[1.05659295e+11 1.85628912e+11]:[ 6.26201057e-02 -1.41539557e-12 -2.22596627e-13  4.60572928e-11 -1.75504831e-10 -1.82855845e-15  8.53064488e-16  2.37259063e-05 -2.05062007e-06 -1.67000556e-08  9.92839951e-10]:11.292687584262804
594:[1.05659295e+11 1.85628912e+11]:[ 6.26201057e-02 -6.53153380e-13 -2.22596627e-13  4.60572928e-11 -1.75504831e-10 -1.82855845e-15  8.53064488e-16  2.37259063e-05 -2.05062007e-06 -1.67000556e-08  9.92839951e-10]:11.292687584262804
573:[8.84267190e+10 2.12162162e+11]:[ 4.67512742e-02 -1.53956031e-12 -2.22596627e-13  4.60572928e-11 -1.75504831e-10 -1.54923250e-15  8.53064488e-16  2.37259063e-05 -2.08811178e-06 -1.59062126e-08  9.87778243e-10]:11.344401772493079
593:[8.84267190e+10 2.12162162e+11]:[ 4.67512742e-02 -1.41539557e-12 -2.22235207e-13  4.60572928e-11 -1.75504831e-10 -1.54923250e-15  8.53064488e-16  2.37259063e-05 -2.08811178e-06 -1.59062126e-08  9.87778243e-10]:11.344401772493079
Selected for new population:
[ 6.26201057e-02 -1.41539557e-12 -2.22596627e-13  4.60572928e-11 -1.75504831e-10 -1.82855845e-15  8.53064488e-16  2.37259063e-05 -2.05062007e-06 -1.67000556e-08  9.92839951e-10]
[ 6.26201057e-02 -6.53153380e-13 -2.22596627e-13  4.60572928e-11 -1.75504831e-10 -1.82855845e-15  8.53064488e-16  2.37259063e-05 -2.05062007e-06 -1.67000556e-08  9.92839951e-10]
Selected: [3 6]
***************
***CROSSOVER***
***************
&&&&&&&&&&&&&&&&&&&&&&&&
&&TOURNAMENT SELECTION&&
&&&&&&&&&&&&&&&&&&&&&&&&
parents:
[ 4.67512742e-02 -1.59302909e-12 -2.77348043e-13  4.41269927e-11 -2.09865238e-10 -1.62369261e-15  8.47959182e-16  2.37048317e-05 -2.06633788e-06 -1.59911300e-08  9.83051626e-10]
[ 4.67512742e-02 -1.53956031e-12 -2.82312213e-13  4.60572928e-11 -2.05712207e-10 -1.54923250e-15  8.49159076e-16  2.37048317e-05 -2.08811178e-06 -1.59062126e-08  9.84615738e-10]
children:
[ 4.67512742e-02 -1.59302909e-12 -2.90379617e-13  4.60572928e-11 -2.02019073e-10 -1.17329264e-15  8.47959182e-16  2.37048317e-05 -2.06633788e-06 -1.59062126e-08  9.79855128e-10]
[ 4.67512742e-02 -1.53956031e-12 -2.77348043e-13  4.41269927e-11 -2.05712207e-10 -1.62369261e-15  8.49159076e-16  2.37048317e-05 -2.08811178e-06 -1.59911300e-08  9.83051626e-10]
Population scores:
577:[7.49044033e+10 1.96730725e+11]:[ 4.67512742e-02 -1.59302909e-12 -2.77348043e-13  4.41269927e-11 -2.09865238e-10 -1.62369261e-15  8.47959182e-16  2.37048317e-05 -2.06633788e-06 -1.59911300e-08  9.83051626e-10]:11.31010074967153
583:[1.29481870e+11 2.20898437e+11]:[ 4.67512742e-02 -1.53956031e-12 -2.82312213e-13  4.60572928e-11 -2.05712207e-10 -1.54923250e-15  8.49159076e-16  2.37048317e-05 -2.08811178e-06 -1.59062126e-08  9.84615738e-10]:11.368931105283043
596:[2.10210554e+11 2.61240601e+11]:[ 4.67512742e-02 -1.53956031e-12 -2.77348043e-13  4.41269927e-11 -2.05712207e-10 -1.62369261e-15  8.49159076e-16  2.37048317e-05 -2.08811178e-06 -1.59911300e-08  9.83051626e-10]:11.450651886267138
595:[4.41104886e+10 2.95552627e+11]:[ 4.67512742e-02 -1.59302909e-12 -2.90379617e-13  4.60572928e-11 -2.02019073e-10 -1.17329264e-15  8.47959182e-16  2.37048317e-05 -2.06633788e-06 -1.59062126e-08  9.79855128e-10]:11.477068667448533
Selected for new population:
[ 4.67512742e-02 -1.59302909e-12 -2.77348043e-13  4.41269927e-11 -2.09865238e-10 -1.62369261e-15  8.47959182e-16  2.37048317e-05 -2.06633788e-06 -1.59911300e-08  9.83051626e-10]
[ 4.67512742e-02 -1.53956031e-12 -2.82312213e-13  4.60572928e-11 -2.05712207e-10 -1.54923250e-15  8.49159076e-16  2.37048317e-05 -2.08811178e-06 -1.59062126e-08  9.84615738e-10]
Population scores:
592:[1.21474780e+11 1.73731222e+11]:[ 6.34270430e-02 -1.53956031e-12 -2.82312213e-13  4.60572928e-11 -1.75504831e-10 -1.90341609e-15  9.44937653e-16  2.37259063e-05 -2.02910917e-06 -1.67000556e-08  9.84615738e-10]:11.269229627373594
21:[1.05659295e+11 1.85628912e+11]:[ 6.26201057e-02 -1.41539557e-12 -2.22596627e-13  4.60572928e-11 -1.75504831e-10 -1.82855845e-15  8.53064488e-16  2.37259063e-05 -2.05062007e-06 -1.67000556e-08  9.92839951e-10]:11.292687584262804
594:[1.05659295e+11 1.85628912e+11]:[ 6.26201057e-02 -6.53153380e-13 -2.22596627e-13  4.60572928e-11 -1.75504831e-10 -1.82855845e-15  8.53064488e-16  2.37259063e-05 -2.05062007e-06 -1.67000556e-08  9.92839951e-10]:11.292687584262804
581:[1.05659295e+11 1.85628912e+11]:[ 6.26201057e-02 -2.06693381e-12 -2.22596627e-13  4.38606184e-11 -1.75504831e-10 -1.82855845e-15  9.35693093e-16  2.37259063e-05 -2.05062007e-06 -1.67000556e-08  9.92839951e-10]:11.29268758426289
572:[1.32996672e+11 1.86365426e+11]:[ 6.34270430e-02 -1.53956031e-12 -2.22596627e-13  4.60572928e-11 -1.75504831e-10 -1.90341609e-15  9.44937653e-16  2.37259063e-05 -2.05062007e-06 -1.67000556e-08  9.92839951e-10]:11.300302146009667
590:[7.49044032e+10 1.96730725e+11]:[ 4.67512742e-02 -1.59302909e-12 -2.77348043e-13  4.41269927e-11 -1.75504831e-10 -1.62369261e-15  8.47959182e-16  2.37048317e-05 -2.06633788e-06 -1.59911300e-08  9.83051626e-10]:11.310100749639094
577:[7.49044033e+10 1.96730725e+11]:[ 4.67512742e-02 -1.59302909e-12 -2.77348043e-13  4.41269927e-11 -2.09865238e-10 -1.62369261e-15  8.47959182e-16  2.37048317e-05 -2.06633788e-06 -1.59911300e-08  9.83051626e-10]:11.31010074967153
573:[8.84267190e+10 2.12162162e+11]:[ 4.67512742e-02 -1.53956031e-12 -2.22596627e-13  4.60572928e-11 -1.75504831e-10 -1.54923250e-15  8.53064488e-16  2.37259063e-05 -2.08811178e-06 -1.59062126e-08  9.87778243e-10]:11.344401772493079
587:[4.11461515e+10 2.18688020e+11]:[ 6.34270430e-02 -1.53956031e-12 -2.82312213e-13  4.60572928e-11 -1.87614219e-10 -1.54923250e-15  9.44937653e-16  2.37048317e-05 -2.05062007e-06 -1.67000556e-08  9.92839951e-10]:11.34792032268889
578:[1.24381092e+11 2.17766072e+11]:[ 4.71374910e-02 -1.53956031e-12 -2.82312213e-13  4.59941017e-11 -2.05712207e-10 -1.54923250e-15  8.49159076e-16  2.37504012e-05 -2.08811178e-06 -1.59062126e-08  9.84615738e-10]:11.362113208275208
583:[1.29481870e+11 2.20898437e+11]:[ 4.67512742e-02 -1.53956031e-12 -2.82312213e-13  4.60572928e-11 -2.05712207e-10 -1.54923250e-15  8.49159076e-16  2.37048317e-05 -2.08811178e-06 -1.59062126e-08  9.84615738e-10]:11.368931105283043
541:[1.29481870e+11 2.20898437e+11]:[ 4.67512742e-02 -1.53956031e-12 -2.82312213e-13  4.58504353e-11 -2.05712207e-10 -1.54923250e-15  8.49159076e-16  2.37048317e-05 -2.08811178e-06 -1.59062126e-08  9.84615738e-10]:11.368931105283053
564:[3.22627371e+10 2.53726302e+11]:[ 6.27154864e-02 -1.50790708e-12 -2.13748287e-13  4.61364639e-11 -1.66853838e-10 -1.82681975e-15  8.61488666e-16  2.30529595e-05 -2.00892546e-06 -1.69183174e-08  9.94984433e-10]:11.409852974915141
559:[3.10784247e+11 3.52923828e+11]:[ 4.71374910e-02 -1.59302909e-12 -2.77348043e-13  4.59941017e-11 -2.09865238e-10 -1.62369261e-15  8.47959182e-16  2.37504012e-05 -2.10024124e-06 -1.59911300e-08  9.83051626e-10]:11.584333771727422
*******************************
***iteration: 3 Population is***
*******************************
Population scores:
592:[1.21474780e+11 1.73731222e+11]:[ 6.34270430e-02 -1.53956031e-12 -2.82312213e-13  4.60572928e-11 -1.75504831e-10 -1.90341609e-15  9.44937653e-16  2.37259063e-05 -2.02910917e-06 -1.67000556e-08  9.84615738e-10]:11.269229627373594
21:[1.05659295e+11 1.85628912e+11]:[ 6.26201057e-02 -1.41539557e-12 -2.22596627e-13  4.60572928e-11 -1.75504831e-10 -1.82855845e-15  8.53064488e-16  2.37259063e-05 -2.05062007e-06 -1.67000556e-08  9.92839951e-10]:11.292687584262804
594:[1.05659295e+11 1.85628912e+11]:[ 6.26201057e-02 -6.53153380e-13 -2.22596627e-13  4.60572928e-11 -1.75504831e-10 -1.82855845e-15  8.53064488e-16  2.37259063e-05 -2.05062007e-06 -1.67000556e-08  9.92839951e-10]:11.292687584262804
581:[1.05659295e+11 1.85628912e+11]:[ 6.26201057e-02 -2.06693381e-12 -2.22596627e-13  4.38606184e-11 -1.75504831e-10 -1.82855845e-15  9.35693093e-16  2.37259063e-05 -2.05062007e-06 -1.67000556e-08  9.92839951e-10]:11.29268758426289
572:[1.32996672e+11 1.86365426e+11]:[ 6.34270430e-02 -1.53956031e-12 -2.22596627e-13  4.60572928e-11 -1.75504831e-10 -1.90341609e-15  9.44937653e-16  2.37259063e-05 -2.05062007e-06 -1.67000556e-08  9.92839951e-10]:11.300302146009667
590:[7.49044032e+10 1.96730725e+11]:[ 4.67512742e-02 -1.59302909e-12 -2.77348043e-13  4.41269927e-11 -1.75504831e-10 -1.62369261e-15  8.47959182e-16  2.37048317e-05 -2.06633788e-06 -1.59911300e-08  9.83051626e-10]:11.310100749639094
577:[7.49044033e+10 1.96730725e+11]:[ 4.67512742e-02 -1.59302909e-12 -2.77348043e-13  4.41269927e-11 -2.09865238e-10 -1.62369261e-15  8.47959182e-16  2.37048317e-05 -2.06633788e-06 -1.59911300e-08  9.83051626e-10]:11.31010074967153
573:[8.84267190e+10 2.12162162e+11]:[ 4.67512742e-02 -1.53956031e-12 -2.22596627e-13  4.60572928e-11 -1.75504831e-10 -1.54923250e-15  8.53064488e-16  2.37259063e-05 -2.08811178e-06 -1.59062126e-08  9.87778243e-10]:11.344401772493079
587:[4.11461515e+10 2.18688020e+11]:[ 6.34270430e-02 -1.53956031e-12 -2.82312213e-13  4.60572928e-11 -1.87614219e-10 -1.54923250e-15  9.44937653e-16  2.37048317e-05 -2.05062007e-06 -1.67000556e-08  9.92839951e-10]:11.34792032268889
578:[1.24381092e+11 2.17766072e+11]:[ 4.71374910e-02 -1.53956031e-12 -2.82312213e-13  4.59941017e-11 -2.05712207e-10 -1.54923250e-15  8.49159076e-16  2.37504012e-05 -2.08811178e-06 -1.59062126e-08  9.84615738e-10]:11.362113208275208
Selected: [0 5]
***************
***CROSSOVER***
***************
&&&&&&&&&&&&&&&&&&&&&&&&
&&TOURNAMENT SELECTION&&
&&&&&&&&&&&&&&&&&&&&&&&&
parents:
[ 6.34270430e-02 -1.53956031e-12 -2.82312213e-13  4.60572928e-11 -1.75504831e-10 -1.90341609e-15  9.44937653e-16  2.37259063e-05 -2.02910917e-06 -1.67000556e-08  9.84615738e-10]
[ 4.67512742e-02 -1.59302909e-12 -2.77348043e-13  4.41269927e-11 -1.75504831e-10 -1.62369261e-15  8.47959182e-16  2.37048317e-05 -2.06633788e-06 -1.59911300e-08  9.83051626e-10]
children:
[ 4.67512742e-02 -1.59302909e-12 -2.83663351e-13  3.80017539e-11 -1.82441417e-10 -1.62369261e-15  9.44937653e-16  2.37048317e-05 -2.06633788e-06 -1.59911300e-08  1.02539413e-09]
[ 6.34270430e-02 -1.53956031e-12 -2.89687199e-13  4.60572928e-11 -1.34025345e-10 -1.90341609e-15  8.47959182e-16  1.44740209e-05 -2.02910917e-06 -1.67000556e-08  9.83051626e-10]
Population scores:
592:[1.21474780e+11 1.73731222e+11]:[ 6.34270430e-02 -1.53956031e-12 -2.82312213e-13  4.60572928e-11 -1.75504831e-10 -1.90341609e-15  9.44937653e-16  2.37259063e-05 -2.02910917e-06 -1.67000556e-08  9.84615738e-10]:11.269229627373594
590:[7.49044032e+10 1.96730725e+11]:[ 4.67512742e-02 -1.59302909e-12 -2.77348043e-13  4.41269927e-11 -1.75504831e-10 -1.62369261e-15  8.47959182e-16  2.37048317e-05 -2.06633788e-06 -1.59911300e-08  9.83051626e-10]:11.310100749639094
597:[4.58374886e+11 1.84916319e+12]:[ 4.67512742e-02 -1.59302909e-12 -2.83663351e-13  3.80017539e-11 -1.82441417e-10 -1.62369261e-15  9.44937653e-16  2.37048317e-05 -2.06633788e-06 -1.59911300e-08  1.02539413e-09]:12.277609369179446
598:[4.42912769e+12 6.62121045e+12]:[ 6.34270430e-02 -1.53956031e-12 -2.89687199e-13  4.60572928e-11 -1.34025345e-10 -1.90341609e-15  8.47959182e-16  1.44740209e-05 -2.02910917e-06 -1.67000556e-08  9.83051626e-10]:12.849058266116069
Selected for new population:
[ 6.34270430e-02 -1.53956031e-12 -2.82312213e-13  4.60572928e-11 -1.75504831e-10 -1.90341609e-15  9.44937653e-16  2.37259063e-05 -2.02910917e-06 -1.67000556e-08  9.84615738e-10]
[ 4.67512742e-02 -1.59302909e-12 -2.77348043e-13  4.41269927e-11 -1.75504831e-10 -1.62369261e-15  8.47959182e-16  2.37048317e-05 -2.06633788e-06 -1.59911300e-08  9.83051626e-10]
Selected: [3 0]
***************
***CROSSOVER***
***************
&&&&&&&&&&&&&&&&&&&&&&&&
&&TOURNAMENT SELECTION&&
&&&&&&&&&&&&&&&&&&&&&&&&
parents:
[ 6.26201057e-02 -2.06693381e-12 -2.22596627e-13  4.38606184e-11 -1.75504831e-10 -1.82855845e-15  9.35693093e-16  2.37259063e-05 -2.05062007e-06 -1.67000556e-08  9.92839951e-10]
[ 6.34270430e-02 -1.53956031e-12 -2.82312213e-13  4.60572928e-11 -1.75504831e-10 -1.90341609e-15  9.44937653e-16  2.37259063e-05 -2.02910917e-06 -1.67000556e-08  9.84615738e-10]
children:
[ 6.26201057e-02 -2.06693381e-12 -2.82312213e-13  4.60572928e-11 -1.67788708e-10 -2.36966989e-15  9.44937653e-16  2.37259063e-05 -2.02910917e-06 -1.67000556e-08  9.84615738e-10]
[ 6.34270430e-02 -1.53956031e-12 -2.22596627e-13  4.10291004e-11 -1.75504831e-10 -1.90341609e-15  9.35693093e-16  2.37259063e-05 -2.05062007e-06 -1.67000556e-08  9.82146738e-10]
Population scores:
592:[1.21474780e+11 1.73731222e+11]:[ 6.34270430e-02 -1.53956031e-12 -2.82312213e-13  4.60572928e-11 -1.75504831e-10 -1.90341609e-15  9.44937653e-16  2.37259063e-05 -2.02910917e-06 -1.67000556e-08  9.84615738e-10]:11.269229627373594
581:[1.05659295e+11 1.85628912e+11]:[ 6.26201057e-02 -2.06693381e-12 -2.22596627e-13  4.38606184e-11 -1.75504831e-10 -1.82855845e-15  9.35693093e-16  2.37259063e-05 -2.05062007e-06 -1.67000556e-08  9.92839951e-10]:11.29268758426289
599:[3.77357857e+11 2.60880360e+11]:[ 6.26201057e-02 -2.06693381e-12 -2.82312213e-13  4.60572928e-11 -1.67788708e-10 -2.36966989e-15  9.44937653e-16  2.37259063e-05 -2.02910917e-06 -1.67000556e-08  9.84615738e-10]:11.475113285698628
600:[3.41561636e+11 3.14454467e+11]:[ 6.34270430e-02 -1.53956031e-12 -2.22596627e-13  4.10291004e-11 -1.75504831e-10 -1.90341609e-15  9.35693093e-16  2.37259063e-05 -2.05062007e-06 -1.67000556e-08  9.82146738e-10]:11.542340626614177
Selected for new population:
[ 6.34270430e-02 -1.53956031e-12 -2.82312213e-13  4.60572928e-11 -1.75504831e-10 -1.90341609e-15  9.44937653e-16  2.37259063e-05 -2.02910917e-06 -1.67000556e-08  9.84615738e-10]
[ 6.26201057e-02 -2.06693381e-12 -2.22596627e-13  4.38606184e-11 -1.75504831e-10 -1.82855845e-15  9.35693093e-16  2.37259063e-05 -2.05062007e-06 -1.67000556e-08  9.92839951e-10]
Selected: [2 8]
***************
***CROSSOVER***
***************
&&&&&&&&&&&&&&&&&&&&&&&&
&&TOURNAMENT SELECTION&&
&&&&&&&&&&&&&&&&&&&&&&&&
parents:
[ 6.26201057e-02 -6.53153380e-13 -2.22596627e-13  4.60572928e-11 -1.75504831e-10 -1.82855845e-15  8.53064488e-16  2.37259063e-05 -2.05062007e-06 -1.67000556e-08  9.92839951e-10]
[ 6.34270430e-02 -1.53956031e-12 -2.82312213e-13  4.60572928e-11 -1.87614219e-10 -1.54923250e-15  9.44937653e-16  2.37048317e-05 -2.05062007e-06 -1.67000556e-08  9.92839951e-10]
children:
[ 6.18061367e-02 -1.53956031e-12 -2.82312213e-13  4.60572928e-11 -1.75504831e-10 -1.54923250e-15  9.57999780e-16  2.37048317e-05 -2.80473812e-06 -1.67000556e-08  1.06910646e-09]
[ 6.34270430e-02 -6.53153380e-13 -2.22596627e-13  4.60572928e-11 -1.87614219e-10 -1.88376639e-15  8.53064488e-16  2.37259063e-05 -2.05062007e-06 -1.67000556e-08  9.98307853e-10]
Population scores:
594:[1.05659295e+11 1.85628912e+11]:[ 6.26201057e-02 -6.53153380e-13 -2.22596627e-13  4.60572928e-11 -1.75504831e-10 -1.82855845e-15  8.53064488e-16  2.37259063e-05 -2.05062007e-06 -1.67000556e-08  9.92839951e-10]:11.292687584262804
602:[6.14062238e+10 1.99590326e+11]:[ 6.34270430e-02 -6.53153380e-13 -2.22596627e-13  4.60572928e-11 -1.87614219e-10 -1.88376639e-15  8.53064488e-16  2.37259063e-05 -2.05062007e-06 -1.67000556e-08  9.98307853e-10]:11.313299627550316
587:[4.11461515e+10 2.18688020e+11]:[ 6.34270430e-02 -1.53956031e-12 -2.82312213e-13  4.60572928e-11 -1.87614219e-10 -1.54923250e-15  9.44937653e-16  2.37048317e-05 -2.05062007e-06 -1.67000556e-08  9.92839951e-10]:11.34792032268889
601:[2.90821102e+13 5.21778156e+13]:[ 6.18061367e-02 -1.53956031e-12 -2.82312213e-13  4.60572928e-11 -1.75504831e-10 -1.54923250e-15  9.57999780e-16  2.37048317e-05 -2.80473812e-06 -1.67000556e-08  1.06910646e-09]:13.741041447502147
Selected for new population:
[ 6.26201057e-02 -6.53153380e-13 -2.22596627e-13  4.60572928e-11 -1.75504831e-10 -1.82855845e-15  8.53064488e-16  2.37259063e-05 -2.05062007e-06 -1.67000556e-08  9.92839951e-10]
[ 6.34270430e-02 -6.53153380e-13 -2.22596627e-13  4.60572928e-11 -1.87614219e-10 -1.88376639e-15  8.53064488e-16  2.37259063e-05 -2.05062007e-06 -1.67000556e-08  9.98307853e-10]
Selected: [6 4]
***************
***CROSSOVER***
***************
&&&&&&&&&&&&&&&&&&&&&&&&
&&TOURNAMENT SELECTION&&
&&&&&&&&&&&&&&&&&&&&&&&&
parents:
[ 4.67512742e-02 -1.59302909e-12 -2.77348043e-13  4.41269927e-11 -2.09865238e-10 -1.62369261e-15  8.47959182e-16  2.37048317e-05 -2.06633788e-06 -1.59911300e-08  9.83051626e-10]
[ 6.34270430e-02 -1.53956031e-12 -2.22596627e-13  4.60572928e-11 -1.75504831e-10 -1.90341609e-15  9.44937653e-16  2.37259063e-05 -2.05062007e-06 -1.67000556e-08  9.92839951e-10]
children:
[ 6.34270430e-02 -1.53956031e-12 -2.22596627e-13  4.70129040e-11 -1.75504831e-10 -1.55914741e-15  9.44937653e-16  1.98003907e-05 -2.06633788e-06 -1.67000556e-08  9.92839951e-10]
[ 4.67512742e-02 -1.59302909e-12 -2.77348043e-13  4.41269927e-11 -2.09865238e-10 -1.90341609e-15  7.50286416e-16  2.37259063e-05 -2.05062007e-06 -1.59911300e-08  9.83051626e-10]
Population scores:
604:[7.61671652e+10 1.85898268e+11]:[ 4.67512742e-02 -1.59302909e-12 -2.77348043e-13  4.41269927e-11 -2.09865238e-10 -1.90341609e-15  7.50286416e-16  2.37259063e-05 -2.05062007e-06 -1.59911300e-08  9.83051626e-10]:11.286714600022538
572:[1.32996672e+11 1.86365426e+11]:[ 6.34270430e-02 -1.53956031e-12 -2.22596627e-13  4.60572928e-11 -1.75504831e-10 -1.90341609e-15  9.44937653e-16  2.37259063e-05 -2.05062007e-06 -1.67000556e-08  9.92839951e-10]:11.300302146009667
577:[7.49044033e+10 1.96730725e+11]:[ 4.67512742e-02 -1.59302909e-12 -2.77348043e-13  4.41269927e-11 -2.09865238e-10 -1.62369261e-15  8.47959182e-16  2.37048317e-05 -2.06633788e-06 -1.59911300e-08  9.83051626e-10]:11.31010074967153
603:[1.09077202e+12 1.49972224e+12]:[ 6.34270430e-02 -1.53956031e-12 -2.22596627e-13  4.70129040e-11 -1.75504831e-10 -1.55914741e-15  9.44937653e-16  1.98003907e-05 -2.06633788e-06 -1.67000556e-08  9.92839951e-10]:12.206501906957017
Selected for new population:
[ 4.67512742e-02 -1.59302909e-12 -2.77348043e-13  4.41269927e-11 -2.09865238e-10 -1.90341609e-15  7.50286416e-16  2.37259063e-05 -2.05062007e-06 -1.59911300e-08  9.83051626e-10]
[ 6.34270430e-02 -1.53956031e-12 -2.22596627e-13  4.60572928e-11 -1.75504831e-10 -1.90341609e-15  9.44937653e-16  2.37259063e-05 -2.05062007e-06 -1.67000556e-08  9.92839951e-10]
Selected: [5 2]
***************
***CROSSOVER***
***************
&&&&&&&&&&&&&&&&&&&&&&&&
&&TOURNAMENT SELECTION&&
&&&&&&&&&&&&&&&&&&&&&&&&
parents:
[ 4.67512742e-02 -1.59302909e-12 -2.77348043e-13  4.41269927e-11 -1.75504831e-10 -1.62369261e-15  8.47959182e-16  2.37048317e-05 -2.06633788e-06 -1.59911300e-08  9.83051626e-10]
[ 6.26201057e-02 -6.53153380e-13 -2.22596627e-13  4.60572928e-11 -1.75504831e-10 -1.82855845e-15  8.53064488e-16  2.37259063e-05 -2.05062007e-06 -1.67000556e-08  9.92839951e-10]
children:
[ 6.26201057e-02 -6.53153380e-13 -1.73933114e-13  4.60572928e-11 -1.71740462e-10 -1.82855845e-15  8.53074701e-16  2.37048317e-05 -2.05062007e-06 -1.63053186e-08  9.92839951e-10]
[ 4.67512742e-02 -1.81076574e-12 -2.77348043e-13  4.41269927e-11 -1.75504831e-10 -1.62369261e-15  8.53064488e-16  2.37259063e-05 -2.06633788e-06 -1.59911300e-08  9.83051626e-10]
Population scores:
594:[1.05659295e+11 1.85628912e+11]:[ 6.26201057e-02 -6.53153380e-13 -2.22596627e-13  4.60572928e-11 -1.75504831e-10 -1.82855845e-15  8.53064488e-16  2.37259063e-05 -2.05062007e-06 -1.67000556e-08  9.92839951e-10]:11.292687584262804
606:[7.31641461e+10 1.96801047e+11]:[ 4.67512742e-02 -1.81076574e-12 -2.77348043e-13  4.41269927e-11 -1.75504831e-10 -1.62369261e-15  8.53064488e-16  2.37259063e-05 -2.06633788e-06 -1.59911300e-08  9.83051626e-10]:11.309880157950875
590:[7.49044032e+10 1.96730725e+11]:[ 4.67512742e-02 -1.59302909e-12 -2.77348043e-13  4.41269927e-11 -1.75504831e-10 -1.62369261e-15  8.47959182e-16  2.37048317e-05 -2.06633788e-06 -1.59911300e-08  9.83051626e-10]:11.310100749639094
605:[3.21129933e+10 2.33305842e+11]:[ 6.26201057e-02 -6.53153380e-13 -1.73933114e-13  4.60572928e-11 -1.71740462e-10 -1.82855845e-15  8.53074701e-16  2.37048317e-05 -2.05062007e-06 -1.63053186e-08  9.92839951e-10]:11.373862620835482
Selected for new population:
[ 6.26201057e-02 -6.53153380e-13 -2.22596627e-13  4.60572928e-11 -1.75504831e-10 -1.82855845e-15  8.53064488e-16  2.37259063e-05 -2.05062007e-06 -1.67000556e-08  9.92839951e-10]
[ 4.67512742e-02 -1.81076574e-12 -2.77348043e-13  4.41269927e-11 -1.75504831e-10 -1.62369261e-15  8.53064488e-16  2.37259063e-05 -2.06633788e-06 -1.59911300e-08  9.83051626e-10]
Population scores:
592:[1.21474780e+11 1.73731222e+11]:[ 6.34270430e-02 -1.53956031e-12 -2.82312213e-13  4.60572928e-11 -1.75504831e-10 -1.90341609e-15  9.44937653e-16  2.37259063e-05 -2.02910917e-06 -1.67000556e-08  9.84615738e-10]:11.269229627373594
604:[7.61671652e+10 1.85898268e+11]:[ 4.67512742e-02 -1.59302909e-12 -2.77348043e-13  4.41269927e-11 -2.09865238e-10 -1.90341609e-15  7.50286416e-16  2.37259063e-05 -2.05062007e-06 -1.59911300e-08  9.83051626e-10]:11.286714600022538
21:[1.05659295e+11 1.85628912e+11]:[ 6.26201057e-02 -1.41539557e-12 -2.22596627e-13  4.60572928e-11 -1.75504831e-10 -1.82855845e-15  8.53064488e-16  2.37259063e-05 -2.05062007e-06 -1.67000556e-08  9.92839951e-10]:11.292687584262804
594:[1.05659295e+11 1.85628912e+11]:[ 6.26201057e-02 -6.53153380e-13 -2.22596627e-13  4.60572928e-11 -1.75504831e-10 -1.82855845e-15  8.53064488e-16  2.37259063e-05 -2.05062007e-06 -1.67000556e-08  9.92839951e-10]:11.292687584262804
581:[1.05659295e+11 1.85628912e+11]:[ 6.26201057e-02 -2.06693381e-12 -2.22596627e-13  4.38606184e-11 -1.75504831e-10 -1.82855845e-15  9.35693093e-16  2.37259063e-05 -2.05062007e-06 -1.67000556e-08  9.92839951e-10]:11.29268758426289
572:[1.32996672e+11 1.86365426e+11]:[ 6.34270430e-02 -1.53956031e-12 -2.22596627e-13  4.60572928e-11 -1.75504831e-10 -1.90341609e-15  9.44937653e-16  2.37259063e-05 -2.05062007e-06 -1.67000556e-08  9.92839951e-10]:11.300302146009667
606:[7.31641461e+10 1.96801047e+11]:[ 4.67512742e-02 -1.81076574e-12 -2.77348043e-13  4.41269927e-11 -1.75504831e-10 -1.62369261e-15  8.53064488e-16  2.37259063e-05 -2.06633788e-06 -1.59911300e-08  9.83051626e-10]:11.309880157950875
590:[7.49044032e+10 1.96730725e+11]:[ 4.67512742e-02 -1.59302909e-12 -2.77348043e-13  4.41269927e-11 -1.75504831e-10 -1.62369261e-15  8.47959182e-16  2.37048317e-05 -2.06633788e-06 -1.59911300e-08  9.83051626e-10]:11.310100749639094
577:[7.49044033e+10 1.96730725e+11]:[ 4.67512742e-02 -1.59302909e-12 -2.77348043e-13  4.41269927e-11 -2.09865238e-10 -1.62369261e-15  8.47959182e-16  2.37048317e-05 -2.06633788e-06 -1.59911300e-08  9.83051626e-10]:11.31010074967153
602:[6.14062238e+10 1.99590326e+11]:[ 6.34270430e-02 -6.53153380e-13 -2.22596627e-13  4.60572928e-11 -1.87614219e-10 -1.88376639e-15  8.53064488e-16  2.37259063e-05 -2.05062007e-06 -1.67000556e-08  9.98307853e-10]:11.313299627550316
573:[8.84267190e+10 2.12162162e+11]:[ 4.67512742e-02 -1.53956031e-12 -2.22596627e-13  4.60572928e-11 -1.75504831e-10 -1.54923250e-15  8.53064488e-16  2.37259063e-05 -2.08811178e-06 -1.59062126e-08  9.87778243e-10]:11.344401772493079
587:[4.11461515e+10 2.18688020e+11]:[ 6.34270430e-02 -1.53956031e-12 -2.82312213e-13  4.60572928e-11 -1.87614219e-10 -1.54923250e-15  9.44937653e-16  2.37048317e-05 -2.05062007e-06 -1.67000556e-08  9.92839951e-10]:11.34792032268889
578:[1.24381092e+11 2.17766072e+11]:[ 4.71374910e-02 -1.53956031e-12 -2.82312213e-13  4.59941017e-11 -2.05712207e-10 -1.54923250e-15  8.49159076e-16  2.37504012e-05 -2.08811178e-06 -1.59062126e-08  9.84615738e-10]:11.362113208275208
*******************************
***iteration: 4 Population is***
*******************************
Population scores:
592:[1.21474780e+11 1.73731222e+11]:[ 6.34270430e-02 -1.53956031e-12 -2.82312213e-13  4.60572928e-11 -1.75504831e-10 -1.90341609e-15  9.44937653e-16  2.37259063e-05 -2.02910917e-06 -1.67000556e-08  9.84615738e-10]:11.269229627373594
604:[7.61671652e+10 1.85898268e+11]:[ 4.67512742e-02 -1.59302909e-12 -2.77348043e-13  4.41269927e-11 -2.09865238e-10 -1.90341609e-15  7.50286416e-16  2.37259063e-05 -2.05062007e-06 -1.59911300e-08  9.83051626e-10]:11.286714600022538
21:[1.05659295e+11 1.85628912e+11]:[ 6.26201057e-02 -1.41539557e-12 -2.22596627e-13  4.60572928e-11 -1.75504831e-10 -1.82855845e-15  8.53064488e-16  2.37259063e-05 -2.05062007e-06 -1.67000556e-08  9.92839951e-10]:11.292687584262804
594:[1.05659295e+11 1.85628912e+11]:[ 6.26201057e-02 -6.53153380e-13 -2.22596627e-13  4.60572928e-11 -1.75504831e-10 -1.82855845e-15  8.53064488e-16  2.37259063e-05 -2.05062007e-06 -1.67000556e-08  9.92839951e-10]:11.292687584262804
581:[1.05659295e+11 1.85628912e+11]:[ 6.26201057e-02 -2.06693381e-12 -2.22596627e-13  4.38606184e-11 -1.75504831e-10 -1.82855845e-15  9.35693093e-16  2.37259063e-05 -2.05062007e-06 -1.67000556e-08  9.92839951e-10]:11.29268758426289
572:[1.32996672e+11 1.86365426e+11]:[ 6.34270430e-02 -1.53956031e-12 -2.22596627e-13  4.60572928e-11 -1.75504831e-10 -1.90341609e-15  9.44937653e-16  2.37259063e-05 -2.05062007e-06 -1.67000556e-08  9.92839951e-10]:11.300302146009667
606:[7.31641461e+10 1.96801047e+11]:[ 4.67512742e-02 -1.81076574e-12 -2.77348043e-13  4.41269927e-11 -1.75504831e-10 -1.62369261e-15  8.53064488e-16  2.37259063e-05 -2.06633788e-06 -1.59911300e-08  9.83051626e-10]:11.309880157950875
590:[7.49044032e+10 1.96730725e+11]:[ 4.67512742e-02 -1.59302909e-12 -2.77348043e-13  4.41269927e-11 -1.75504831e-10 -1.62369261e-15  8.47959182e-16  2.37048317e-05 -2.06633788e-06 -1.59911300e-08  9.83051626e-10]:11.310100749639094
577:[7.49044033e+10 1.96730725e+11]:[ 4.67512742e-02 -1.59302909e-12 -2.77348043e-13  4.41269927e-11 -2.09865238e-10 -1.62369261e-15  8.47959182e-16  2.37048317e-05 -2.06633788e-06 -1.59911300e-08  9.83051626e-10]:11.31010074967153
602:[6.14062238e+10 1.99590326e+11]:[ 6.34270430e-02 -6.53153380e-13 -2.22596627e-13  4.60572928e-11 -1.87614219e-10 -1.88376639e-15  8.53064488e-16  2.37259063e-05 -2.05062007e-06 -1.67000556e-08  9.98307853e-10]:11.313299627550316
Selected: [6 8]
***************
***CROSSOVER***
***************
&&&&&&&&&&&&&&&&&&&&&&&&
&&TOURNAMENT SELECTION&&
&&&&&&&&&&&&&&&&&&&&&&&&
parents:
[ 4.67512742e-02 -1.81076574e-12 -2.77348043e-13  4.41269927e-11 -1.75504831e-10 -1.62369261e-15  8.53064488e-16  2.37259063e-05 -2.06633788e-06 -1.59911300e-08  9.83051626e-10]
[ 4.67512742e-02 -1.59302909e-12 -2.77348043e-13  4.41269927e-11 -2.09865238e-10 -1.62369261e-15  8.47959182e-16  2.37048317e-05 -2.06633788e-06 -1.59911300e-08  9.83051626e-10]
children:
[ 4.67512742e-02 -1.64784450e-12 -2.77348043e-13  4.36569164e-11 -1.75504831e-10 -1.62369261e-15  8.47959182e-16  2.37048317e-05 -2.06633788e-06 -1.59911300e-08  9.83051626e-10]
[ 4.67512742e-02 -2.00117006e-12 -2.77348043e-13  4.41269927e-11 -2.09865238e-10 -1.69785253e-15  8.53064488e-16  2.37259063e-05 -2.06633788e-06 -1.59911300e-08  9.05317718e-10]
Population scores:
606:[7.31641461e+10 1.96801047e+11]:[ 4.67512742e-02 -1.81076574e-12 -2.77348043e-13  4.41269927e-11 -1.75504831e-10 -1.62369261e-15  8.53064488e-16  2.37259063e-05 -2.06633788e-06 -1.59911300e-08  9.83051626e-10]:11.309880157950875
607:[7.49044032e+10 1.96730725e+11]:[ 4.67512742e-02 -1.64784450e-12 -2.77348043e-13  4.36569164e-11 -1.75504831e-10 -1.62369261e-15  8.47959182e-16  2.37048317e-05 -2.06633788e-06 -1.59911300e-08  9.83051626e-10]:11.310100749639107
577:[7.49044033e+10 1.96730725e+11]:[ 4.67512742e-02 -1.59302909e-12 -2.77348043e-13  4.41269927e-11 -2.09865238e-10 -1.62369261e-15  8.47959182e-16  2.37048317e-05 -2.06633788e-06 -1.59911300e-08  9.83051626e-10]:11.31010074967153
608:[3.74741241e+12 5.33105486e+12]:[ 4.67512742e-02 -2.00117006e-12 -2.77348043e-13  4.41269927e-11 -2.09865238e-10 -1.69785253e-15  8.53064488e-16  2.37259063e-05 -2.06633788e-06 -1.59911300e-08  9.05317718e-10]:12.756316248000005
Selected for new population:
[ 4.67512742e-02 -1.81076574e-12 -2.77348043e-13  4.41269927e-11 -1.75504831e-10 -1.62369261e-15  8.53064488e-16  2.37259063e-05 -2.06633788e-06 -1.59911300e-08  9.83051626e-10]
[ 4.67512742e-02 -1.64784450e-12 -2.77348043e-13  4.36569164e-11 -1.75504831e-10 -1.62369261e-15  8.47959182e-16  2.37048317e-05 -2.06633788e-06 -1.59911300e-08  9.83051626e-10]
Selected: [7 8]
***************
***CROSSOVER***
***************
&&&&&&&&&&&&&&&&&&&&&&&&
&&TOURNAMENT SELECTION&&
&&&&&&&&&&&&&&&&&&&&&&&&
parents:
[ 4.67512742e-02 -1.59302909e-12 -2.77348043e-13  4.41269927e-11 -1.75504831e-10 -1.62369261e-15  8.47959182e-16  2.37048317e-05 -2.06633788e-06 -1.59911300e-08  9.83051626e-10]
[ 4.67512742e-02 -1.59302909e-12 -2.77348043e-13  4.41269927e-11 -2.09865238e-10 -1.62369261e-15  8.47959182e-16  2.37048317e-05 -2.06633788e-06 -1.59911300e-08  9.83051626e-10]
children:
[ 4.75741541e-02 -1.59302909e-12 -2.77348043e-13  4.41269927e-11 -2.13790362e-10 -1.39502640e-15  8.57096725e-16  2.37048317e-05 -2.06633788e-06 -1.59911300e-08  9.83051626e-10]
[ 4.67512742e-02 -1.59302909e-12 -2.77348043e-13  4.41269927e-11 -1.75504831e-10 -1.62369261e-15  8.46726178e-16  2.37048317e-05 -1.39943891e-06 -1.59911300e-08  9.83051626e-10]
Population scores:
590:[7.49044032e+10 1.96730725e+11]:[ 4.67512742e-02 -1.59302909e-12 -2.77348043e-13  4.41269927e-11 -1.75504831e-10 -1.62369261e-15  8.47959182e-16  2.37048317e-05 -2.06633788e-06 -1.59911300e-08  9.83051626e-10]:11.310100749639094
577:[7.49044033e+10 1.96730725e+11]:[ 4.67512742e-02 -1.59302909e-12 -2.77348043e-13  4.41269927e-11 -2.09865238e-10 -1.62369261e-15  8.47959182e-16  2.37048317e-05 -2.06633788e-06 -1.59911300e-08  9.83051626e-10]:11.31010074967153
609:[4.01580697e+10 2.40323219e+11]:[ 4.75741541e-02 -1.59302909e-12 -2.77348043e-13  4.41269927e-11 -2.13790362e-10 -1.39502640e-15  8.57096725e-16  2.37048317e-05 -2.06633788e-06 -1.59911300e-08  9.83051626e-10]:11.387992838172693
610:[3.38572892e+13 7.17517344e+13]:[ 4.67512742e-02 -1.59302909e-12 -2.77348043e-13  4.41269927e-11 -1.75504831e-10 -1.62369261e-15  8.46726178e-16  2.37048317e-05 -1.39943891e-06 -1.59911300e-08  9.83051626e-10]:13.875856529194856
Selected for new population:
[ 4.67512742e-02 -1.59302909e-12 -2.77348043e-13  4.41269927e-11 -1.75504831e-10 -1.62369261e-15  8.47959182e-16  2.37048317e-05 -2.06633788e-06 -1.59911300e-08  9.83051626e-10]
[ 4.67512742e-02 -1.59302909e-12 -2.77348043e-13  4.41269927e-11 -2.09865238e-10 -1.62369261e-15  8.47959182e-16  2.37048317e-05 -2.06633788e-06 -1.59911300e-08  9.83051626e-10]
Selected: [8 6]
***************
***CROSSOVER***
***************
&&&&&&&&&&&&&&&&&&&&&&&&
&&TOURNAMENT SELECTION&&
&&&&&&&&&&&&&&&&&&&&&&&&
parents:
[ 4.67512742e-02 -1.59302909e-12 -2.77348043e-13  4.41269927e-11 -2.09865238e-10 -1.62369261e-15  8.47959182e-16  2.37048317e-05 -2.06633788e-06 -1.59911300e-08  9.83051626e-10]
[ 4.67512742e-02 -1.81076574e-12 -2.77348043e-13  4.41269927e-11 -1.75504831e-10 -1.62369261e-15  8.53064488e-16  2.37259063e-05 -2.06633788e-06 -1.59911300e-08  9.83051626e-10]
children:
[ 4.67512742e-02 -1.81076574e-12 -2.77348043e-13  3.43446389e-11 -2.15708807e-10 -1.62369261e-15  8.47959182e-16  2.37259063e-05 -2.06633788e-06 -1.59911300e-08  9.83051626e-10]
[ 4.67512742e-02 -1.59302909e-12 -2.77348043e-13  3.46864943e-11 -1.75504831e-10 -2.37926623e-15  8.53064488e-16  2.37048317e-05 -2.06633788e-06 -1.59911300e-08  8.94890570e-10]
Population scores:
606:[7.31641461e+10 1.96801047e+11]:[ 4.67512742e-02 -1.81076574e-12 -2.77348043e-13  4.41269927e-11 -1.75504831e-10 -1.62369261e-15  8.53064488e-16  2.37259063e-05 -2.06633788e-06 -1.59911300e-08  9.83051626e-10]:11.309880157950875
611:[7.31641461e+10 1.96801047e+11]:[ 4.67512742e-02 -1.81076574e-12 -2.77348043e-13  3.43446389e-11 -2.15708807e-10 -1.62369261e-15  8.47959182e-16  2.37259063e-05 -2.06633788e-06 -1.59911300e-08  9.83051626e-10]:11.309880157986658
577:[7.49044033e+10 1.96730725e+11]:[ 4.67512742e-02 -1.59302909e-12 -2.77348043e-13  4.41269927e-11 -2.09865238e-10 -1.62369261e-15  8.47959182e-16  2.37048317e-05 -2.06633788e-06 -1.59911300e-08  9.83051626e-10]:11.31010074967153
612:[6.45207801e+12 8.90552024e+12]:[ 4.67512742e-02 -1.59302909e-12 -2.77348043e-13  3.46864943e-11 -1.75504831e-10 -2.37926623e-15  8.53064488e-16  2.37048317e-05 -2.06633788e-06 -1.59911300e-08  8.94890570e-10]:12.98003647845367
Selected for new population:
[ 4.67512742e-02 -1.81076574e-12 -2.77348043e-13  4.41269927e-11 -1.75504831e-10 -1.62369261e-15  8.53064488e-16  2.37259063e-05 -2.06633788e-06 -1.59911300e-08  9.83051626e-10]
[ 4.67512742e-02 -1.81076574e-12 -2.77348043e-13  3.43446389e-11 -2.15708807e-10 -1.62369261e-15  8.47959182e-16  2.37259063e-05 -2.06633788e-06 -1.59911300e-08  9.83051626e-10]
Selected: [0 7]
***************
***CROSSOVER***
***************
&&&&&&&&&&&&&&&&&&&&&&&&
&&TOURNAMENT SELECTION&&
&&&&&&&&&&&&&&&&&&&&&&&&
parents:
[ 6.34270430e-02 -1.53956031e-12 -2.82312213e-13  4.60572928e-11 -1.75504831e-10 -1.90341609e-15  9.44937653e-16  2.37259063e-05 -2.02910917e-06 -1.67000556e-08  9.84615738e-10]
[ 4.67512742e-02 -1.59302909e-12 -2.77348043e-13  4.41269927e-11 -1.75504831e-10 -1.62369261e-15  8.47959182e-16  2.37048317e-05 -2.06633788e-06 -1.59911300e-08  9.83051626e-10]
children:
[ 4.59468261e-02 -1.59302909e-12 -2.77348043e-13  4.41269927e-11 -1.75504831e-10 -1.05569210e-15  8.47959182e-16  2.37048317e-05 -2.07601181e-06 -1.67000556e-08  9.83051626e-10]
[ 6.34270430e-02 -1.55985103e-12 -2.82312213e-13  5.48608786e-11 -1.75504831e-10 -1.90341609e-15  9.44937653e-16  2.37259063e-05 -2.06633788e-06 -1.59911300e-08  9.84615738e-10]
Population scores:
592:[1.21474780e+11 1.73731222e+11]:[ 6.34270430e-02 -1.53956031e-12 -2.82312213e-13  4.60572928e-11 -1.75504831e-10 -1.90341609e-15  9.44937653e-16  2.37259063e-05 -2.02910917e-06 -1.67000556e-08  9.84615738e-10]:11.269229627373594
614:[1.41831720e+11 1.87655998e+11]:[ 6.34270430e-02 -1.55985103e-12 -2.82312213e-13  5.48608786e-11 -1.75504831e-10 -1.90341609e-15  9.44937653e-16  2.37259063e-05 -2.06633788e-06 -1.59911300e-08  9.84615738e-10]:11.30500545160272
590:[7.49044032e+10 1.96730725e+11]:[ 4.67512742e-02 -1.59302909e-12 -2.77348043e-13  4.41269927e-11 -1.75504831e-10 -1.62369261e-15  8.47959182e-16  2.37048317e-05 -2.06633788e-06 -1.59911300e-08  9.83051626e-10]:11.310100749639094
613:[1.55306057e+11 3.10429538e+11]:[ 4.59468261e-02 -1.59302909e-12 -2.77348043e-13  4.41269927e-11 -1.75504831e-10 -1.05569210e-15  8.47959182e-16  2.37048317e-05 -2.07601181e-06 -1.67000556e-08  9.83051626e-10]:11.513164500537766
Selected for new population:
[ 6.34270430e-02 -1.53956031e-12 -2.82312213e-13  4.60572928e-11 -1.75504831e-10 -1.90341609e-15  9.44937653e-16  2.37259063e-05 -2.02910917e-06 -1.67000556e-08  9.84615738e-10]
[ 6.34270430e-02 -1.55985103e-12 -2.82312213e-13  5.48608786e-11 -1.75504831e-10 -1.90341609e-15  9.44937653e-16  2.37259063e-05 -2.06633788e-06 -1.59911300e-08  9.84615738e-10]
Selected: [1 2]
***************
***CROSSOVER***
***************
&&&&&&&&&&&&&&&&&&&&&&&&
&&TOURNAMENT SELECTION&&
&&&&&&&&&&&&&&&&&&&&&&&&
parents:
[ 4.67512742e-02 -1.59302909e-12 -2.77348043e-13  4.41269927e-11 -2.09865238e-10 -1.90341609e-15  7.50286416e-16  2.37259063e-05 -2.05062007e-06 -1.59911300e-08  9.83051626e-10]
[ 6.26201057e-02 -1.41539557e-12 -2.22596627e-13  4.60572928e-11 -1.75504831e-10 -1.82855845e-15  8.53064488e-16  2.37259063e-05 -2.05062007e-06 -1.67000556e-08  9.92839951e-10]
children:
[ 4.67512742e-02 -9.11678841e-13 -2.30964915e-13  4.57341116e-11 -1.75504831e-10 -1.82855845e-15  7.50286416e-16  2.37259063e-05 -2.05062007e-06 -1.67000556e-08  9.83051626e-10]
[ 5.88056172e-02 -1.59302909e-12 -2.22596627e-13  4.41269927e-11 -2.09865238e-10 -1.90341609e-15  8.53064488e-16  2.37259063e-05 -2.05062007e-06 -1.59911300e-08  9.92839951e-10]
Population scores:
604:[7.61671652e+10 1.85898268e+11]:[ 4.67512742e-02 -1.59302909e-12 -2.77348043e-13  4.41269927e-11 -2.09865238e-10 -1.90341609e-15  7.50286416e-16  2.37259063e-05 -2.05062007e-06 -1.59911300e-08  9.83051626e-10]:11.286714600022538
21:[1.05659295e+11 1.85628912e+11]:[ 6.26201057e-02 -1.41539557e-12 -2.22596627e-13  4.60572928e-11 -1.75504831e-10 -1.82855845e-15  8.53064488e-16  2.37259063e-05 -2.05062007e-06 -1.67000556e-08  9.92839951e-10]:11.292687584262804
615:[2.75322988e+11 2.71763163e+11]:[ 4.67512742e-02 -9.11678841e-13 -2.30964915e-13  4.57341116e-11 -1.75504831e-10 -1.82855845e-15  7.50286416e-16  2.37259063e-05 -2.05062007e-06 -1.67000556e-08  9.83051626e-10]:11.476100131358669
616:[1.67472957e+10 3.23384148e+11]:[ 5.88056172e-02 -1.59302909e-12 -2.22596627e-13  4.41269927e-11 -2.09865238e-10 -1.90341609e-15  8.53064488e-16  2.37259063e-05 -2.05062007e-06 -1.59911300e-08  9.92839951e-10]:11.511962031903291
Selected for new population:
[ 4.67512742e-02 -1.59302909e-12 -2.77348043e-13  4.41269927e-11 -2.09865238e-10 -1.90341609e-15  7.50286416e-16  2.37259063e-05 -2.05062007e-06 -1.59911300e-08  9.83051626e-10]
[ 6.26201057e-02 -1.41539557e-12 -2.22596627e-13  4.60572928e-11 -1.75504831e-10 -1.82855845e-15  8.53064488e-16  2.37259063e-05 -2.05062007e-06 -1.67000556e-08  9.92839951e-10]
Population scores:
592:[1.21474780e+11 1.73731222e+11]:[ 6.34270430e-02 -1.53956031e-12 -2.82312213e-13  4.60572928e-11 -1.75504831e-10 -1.90341609e-15  9.44937653e-16  2.37259063e-05 -2.02910917e-06 -1.67000556e-08  9.84615738e-10]:11.269229627373594
604:[7.61671652e+10 1.85898268e+11]:[ 4.67512742e-02 -1.59302909e-12 -2.77348043e-13  4.41269927e-11 -2.09865238e-10 -1.90341609e-15  7.50286416e-16  2.37259063e-05 -2.05062007e-06 -1.59911300e-08  9.83051626e-10]:11.286714600022538
21:[1.05659295e+11 1.85628912e+11]:[ 6.26201057e-02 -1.41539557e-12 -2.22596627e-13  4.60572928e-11 -1.75504831e-10 -1.82855845e-15  8.53064488e-16  2.37259063e-05 -2.05062007e-06 -1.67000556e-08  9.92839951e-10]:11.292687584262804
594:[1.05659295e+11 1.85628912e+11]:[ 6.26201057e-02 -6.53153380e-13 -2.22596627e-13  4.60572928e-11 -1.75504831e-10 -1.82855845e-15  8.53064488e-16  2.37259063e-05 -2.05062007e-06 -1.67000556e-08  9.92839951e-10]:11.292687584262804
581:[1.05659295e+11 1.85628912e+11]:[ 6.26201057e-02 -2.06693381e-12 -2.22596627e-13  4.38606184e-11 -1.75504831e-10 -1.82855845e-15  9.35693093e-16  2.37259063e-05 -2.05062007e-06 -1.67000556e-08  9.92839951e-10]:11.29268758426289
572:[1.32996672e+11 1.86365426e+11]:[ 6.34270430e-02 -1.53956031e-12 -2.22596627e-13  4.60572928e-11 -1.75504831e-10 -1.90341609e-15  9.44937653e-16  2.37259063e-05 -2.05062007e-06 -1.67000556e-08  9.92839951e-10]:11.300302146009667
614:[1.41831720e+11 1.87655998e+11]:[ 6.34270430e-02 -1.55985103e-12 -2.82312213e-13  5.48608786e-11 -1.75504831e-10 -1.90341609e-15  9.44937653e-16  2.37259063e-05 -2.06633788e-06 -1.59911300e-08  9.84615738e-10]:11.30500545160272
606:[7.31641461e+10 1.96801047e+11]:[ 4.67512742e-02 -1.81076574e-12 -2.77348043e-13  4.41269927e-11 -1.75504831e-10 -1.62369261e-15  8.53064488e-16  2.37259063e-05 -2.06633788e-06 -1.59911300e-08  9.83051626e-10]:11.309880157950875
611:[7.31641461e+10 1.96801047e+11]:[ 4.67512742e-02 -1.81076574e-12 -2.77348043e-13  3.43446389e-11 -2.15708807e-10 -1.62369261e-15  8.47959182e-16  2.37259063e-05 -2.06633788e-06 -1.59911300e-08  9.83051626e-10]:11.309880157986658
590:[7.49044032e+10 1.96730725e+11]:[ 4.67512742e-02 -1.59302909e-12 -2.77348043e-13  4.41269927e-11 -1.75504831e-10 -1.62369261e-15  8.47959182e-16  2.37048317e-05 -2.06633788e-06 -1.59911300e-08  9.83051626e-10]:11.310100749639094
607:[7.49044032e+10 1.96730725e+11]:[ 4.67512742e-02 -1.64784450e-12 -2.77348043e-13  4.36569164e-11 -1.75504831e-10 -1.62369261e-15  8.47959182e-16  2.37048317e-05 -2.06633788e-06 -1.59911300e-08  9.83051626e-10]:11.310100749639107
577:[7.49044033e+10 1.96730725e+11]:[ 4.67512742e-02 -1.59302909e-12 -2.77348043e-13  4.41269927e-11 -2.09865238e-10 -1.62369261e-15  8.47959182e-16  2.37048317e-05 -2.06633788e-06 -1.59911300e-08  9.83051626e-10]:11.31010074967153
602:[6.14062238e+10 1.99590326e+11]:[ 6.34270430e-02 -6.53153380e-13 -2.22596627e-13  4.60572928e-11 -1.87614219e-10 -1.88376639e-15  8.53064488e-16  2.37259063e-05 -2.05062007e-06 -1.67000556e-08  9.98307853e-10]:11.313299627550316
%%%%%%%%%%%%%%%%%%%%%%%%%
%%%final - population%%%%
%%%%%%%%%%%%%%%%%%%%%%%%%
592:[ 6.34270430e-02 -1.53956031e-12 -2.82312213e-13  4.60572928e-11 -1.75504831e-10 -1.90341609e-15  9.44937653e-16  2.37259063e-05 -2.02910917e-06 -1.67000556e-08  9.84615738e-10]:[1.21474780e+11 1.73731222e+11]
604:[ 4.67512742e-02 -1.59302909e-12 -2.77348043e-13  4.41269927e-11 -2.09865238e-10 -1.90341609e-15  7.50286416e-16  2.37259063e-05 -2.05062007e-06 -1.59911300e-08  9.83051626e-10]:[7.61671652e+10 1.85898268e+11]
21:[ 6.26201057e-02 -1.41539557e-12 -2.22596627e-13  4.60572928e-11 -1.75504831e-10 -1.82855845e-15  8.53064488e-16  2.37259063e-05 -2.05062007e-06 -1.67000556e-08  9.92839951e-10]:[1.05659295e+11 1.85628912e+11]
594:[ 6.26201057e-02 -6.53153380e-13 -2.22596627e-13  4.60572928e-11 -1.75504831e-10 -1.82855845e-15  8.53064488e-16  2.37259063e-05 -2.05062007e-06 -1.67000556e-08  9.92839951e-10]:[1.05659295e+11 1.85628912e+11]
581:[ 6.26201057e-02 -2.06693381e-12 -2.22596627e-13  4.38606184e-11 -1.75504831e-10 -1.82855845e-15  9.35693093e-16  2.37259063e-05 -2.05062007e-06 -1.67000556e-08  9.92839951e-10]:[1.05659295e+11 1.85628912e+11]
572:[ 6.34270430e-02 -1.53956031e-12 -2.22596627e-13  4.60572928e-11 -1.75504831e-10 -1.90341609e-15  9.44937653e-16  2.37259063e-05 -2.05062007e-06 -1.67000556e-08  9.92839951e-10]:[1.32996672e+11 1.86365426e+11]
614:[ 6.34270430e-02 -1.55985103e-12 -2.82312213e-13  5.48608786e-11 -1.75504831e-10 -1.90341609e-15  9.44937653e-16  2.37259063e-05 -2.06633788e-06 -1.59911300e-08  9.84615738e-10]:[1.41831720e+11 1.87655998e+11]
606:[ 4.67512742e-02 -1.81076574e-12 -2.77348043e-13  4.41269927e-11 -1.75504831e-10 -1.62369261e-15  8.53064488e-16  2.37259063e-05 -2.06633788e-06 -1.59911300e-08  9.83051626e-10]:[7.31641461e+10 1.96801047e+11]
611:[ 4.67512742e-02 -1.81076574e-12 -2.77348043e-13  3.43446389e-11 -2.15708807e-10 -1.62369261e-15  8.47959182e-16  2.37259063e-05 -2.06633788e-06 -1.59911300e-08  9.83051626e-10]:[7.31641461e+10 1.96801047e+11]
590:[ 4.67512742e-02 -1.59302909e-12 -2.77348043e-13  4.41269927e-11 -1.75504831e-10 -1.62369261e-15  8.47959182e-16  2.37048317e-05 -2.06633788e-06 -1.59911300e-08  9.83051626e-10]:[7.49044032e+10 1.96730725e+11]
