Generating Population from
[ 4.67512742e-02 -1.53956031e-12 -2.82312213e-13  4.58504353e-11 -2.05712207e-10 -1.54923250e-15  8.49159076e-16  2.37048317e-05 -2.08811178e-06 -1.59062126e-08  9.84615738e-10]
[ 6.34270430e-02 -1.55985103e-12 -2.82312213e-13  5.48608786e-11 -1.75504831e-10 -1.90341609e-15  9.44937653e-16  2.37259063e-05 -2.06633788e-06 -1.59911300e-08  9.84615738e-10]
*******************************
***iteration: 0 Population is***
*******************************
Population scores:
614:[1.41831720e+11 1.87655998e+11]:[ 6.34270430e-02 -1.55985103e-12 -2.82312213e-13  5.48608786e-11 -1.75504831e-10 -1.90341609e-15  9.44937653e-16  2.37259063e-05 -2.06633788e-06 -1.59911300e-08  9.84615738e-10]:11.30500545160272
541:[1.29481870e+11 2.20898437e+11]:[ 4.67512742e-02 -1.53956031e-12 -2.82312213e-13  4.58504353e-11 -2.05712207e-10 -1.54923250e-15  8.49159076e-16  2.37048317e-05 -2.08811178e-06 -1.59062126e-08  9.84615738e-10]:11.368931105283053
618:[4.15269881e+10 2.66243326e+11]:[ 4.58309983e-02 -1.50872939e-12 -2.75221803e-13  4.63176272e-11 -1.96491368e-10 -1.53275386e-15  8.52753850e-16  2.30416191e-05 -2.09441314e-06 -1.52737517e-08  9.89871166e-10]:11.432000302369428
621:[1.03988886e+11 8.28609460e+11]:[ 6.27921499e-02 -1.57152672e-12 -2.84431094e-13  5.44509728e-11 -1.81216125e-10 -1.83981994e-15  9.35737258e-16  2.38134302e-05 -1.97368974e-06 -1.66392741e-08  9.86278471e-10]:11.923766282562688
617:[3.25764988e+11 1.42931698e+12]:[ 4.63493090e-02 -1.58390648e-12 -2.85308224e-13  4.54168470e-11 -2.04048466e-10 -1.54001576e-15  8.51543891e-16  2.37811829e-05 -2.04680631e-06 -1.50438802e-08  9.89440361e-10]:12.164915728705298
622:[1.25563087e+12 1.45329785e+12]:[ 6.27662347e-02 -1.51844771e-12 -2.81423155e-13  5.41170513e-11 -1.69835320e-10 -1.89650968e-15  9.43979307e-16  2.45548561e-05 -2.13538983e-06 -1.67648862e-08  9.86810766e-10]:12.198343881357674
624:[1.31373922e+13 1.98509183e+13]:[ 5.67362919e-02 -8.55331195e-13 -2.74646973e-13  5.01888379e-11 -1.14422795e-10 -1.48486048e-15  9.95834854e-16  1.38822914e-05 -1.66539034e-06 -2.59481194e-08  9.49917489e-10]:13.325611245724009
620:[1.51478326e+13 2.66524147e+13]:[ 3.69835362e-02 -1.75000061e-12 -3.37923536e-13  3.91879742e-11 -1.75601320e-10 -1.41323480e-15  8.59576401e-16  2.15739367e-05 -2.21295344e-06 -2.36952042e-08  1.04543121e-09]:13.44974364637342
623:[2.44972738e+13 4.92856861e+13]:[ 6.57124710e-02 -1.10338877e-12 -3.61742026e-13  6.38707820e-11 -1.56484697e-10 -1.67417072e-15  9.63989982e-16  2.49399407e-05 -1.14516682e-06 -2.55816427e-08  1.01263601e-09]:13.713787924130342
619:[3.34286914e+13 6.72622321e+13]:[ 4.24030793e-02 -1.37753635e-12 -2.17089252e-13  5.24838920e-11 -1.31178465e-10 -7.76245485e-16  8.44096320e-16  2.76763051e-05 -1.56036096e-06 -2.03314570e-08  1.08205868e-09]:13.848836080056719
Selected: [2 0]
***************
***CROSSOVER***
***************
&&&&&&&&&&&&&&&&&&&&&&&&
&&TOURNAMENT SELECTION&&
&&&&&&&&&&&&&&&&&&&&&&&&
parents:
[ 4.58309983e-02 -1.50872939e-12 -2.75221803e-13  4.63176272e-11 -1.96491368e-10 -1.53275386e-15  8.52753850e-16  2.30416191e-05 -2.09441314e-06 -1.52737517e-08  9.89871166e-10]
[ 6.34270430e-02 -1.55985103e-12 -2.82312213e-13  5.48608786e-11 -1.75504831e-10 -1.90341609e-15  9.44937653e-16  2.37259063e-05 -2.06633788e-06 -1.59911300e-08  9.84615738e-10]
children:
[ 6.38259820e-02 -1.50872939e-12 -2.75221803e-13  5.56212746e-11 -1.96491368e-10 -1.53275386e-15  9.50025380e-16  2.46944554e-05 -2.15845771e-06 -1.69476134e-08  9.84615738e-10]
[ 4.58309983e-02 -1.55985103e-12 -2.02789072e-13  4.63176272e-11 -1.75504831e-10 -1.90341609e-15  8.52753850e-16  2.30416191e-05 -2.09441314e-06 -1.30661573e-08  9.88585244e-10]
Population scores:
614:[1.41831720e+11 1.87655998e+11]:[ 6.34270430e-02 -1.55985103e-12 -2.82312213e-13  5.48608786e-11 -1.75504831e-10 -1.90341609e-15  9.44937653e-16  2.37259063e-05 -2.06633788e-06 -1.59911300e-08  9.84615738e-10]:11.30500545160272
618:[4.15269881e+10 2.66243326e+11]:[ 4.58309983e-02 -1.50872939e-12 -2.75221803e-13  4.63176272e-11 -1.96491368e-10 -1.53275386e-15  8.52753850e-16  2.30416191e-05 -2.09441314e-06 -1.52737517e-08  9.89871166e-10]:11.432000302369428
626:[4.55711103e+11 1.87995787e+12]:[ 4.58309983e-02 -1.55985103e-12 -2.02789072e-13  4.63176272e-11 -1.75504831e-10 -1.90341609e-15  8.52753850e-16  2.30416191e-05 -2.09441314e-06 -1.30661573e-08  9.88585244e-10]:12.284550058758839
625:[1.52396290e+12 2.06087556e+12]:[ 6.38259820e-02 -1.50872939e-12 -2.75221803e-13  5.56212746e-11 -1.96491368e-10 -1.53275386e-15  9.50025380e-16  2.46944554e-05 -2.15845771e-06 -1.69476134e-08  9.84615738e-10]:12.34503476117779
Selected for new population:
[ 6.34270430e-02 -1.55985103e-12 -2.82312213e-13  5.48608786e-11 -1.75504831e-10 -1.90341609e-15  9.44937653e-16  2.37259063e-05 -2.06633788e-06 -1.59911300e-08  9.84615738e-10]
[ 4.58309983e-02 -1.50872939e-12 -2.75221803e-13  4.63176272e-11 -1.96491368e-10 -1.53275386e-15  8.52753850e-16  2.30416191e-05 -2.09441314e-06 -1.52737517e-08  9.89871166e-10]
Selected: [0 2]
***************
***CROSSOVER***
***************
&&&&&&&&&&&&&&&&&&&&&&&&
&&TOURNAMENT SELECTION&&
&&&&&&&&&&&&&&&&&&&&&&&&
parents:
[ 6.34270430e-02 -1.55985103e-12 -2.82312213e-13  5.48608786e-11 -1.75504831e-10 -1.90341609e-15  9.44937653e-16  2.37259063e-05 -2.06633788e-06 -1.59911300e-08  9.84615738e-10]
[ 4.58309983e-02 -1.50872939e-12 -2.75221803e-13  4.63176272e-11 -1.96491368e-10 -1.53275386e-15  8.52753850e-16  2.30416191e-05 -2.09441314e-06 -1.52737517e-08  9.89871166e-10]
children:
[ 4.67337259e-02 -1.50872939e-12 -2.75221803e-13  5.48608786e-11 -1.96491368e-10 -1.90341609e-15  9.38345326e-16  2.37259063e-05 -2.06633788e-06 -1.59911300e-08  1.03315921e-09]
[ 6.34270430e-02 -1.55985103e-12 -2.82312213e-13  4.63176272e-11 -1.75504831e-10 -1.53275386e-15  8.52753850e-16  2.32758332e-05 -2.09441314e-06 -1.52737517e-08  9.84615738e-10]
Population scores:
614:[1.41831720e+11 1.87655998e+11]:[ 6.34270430e-02 -1.55985103e-12 -2.82312213e-13  5.48608786e-11 -1.75504831e-10 -1.90341609e-15  9.44937653e-16  2.37259063e-05 -2.06633788e-06 -1.59911300e-08  9.84615738e-10]:11.30500545160272
628:[6.29832693e+10 2.31398562e+11]:[ 6.34270430e-02 -1.55985103e-12 -2.82312213e-13  4.63176272e-11 -1.75504831e-10 -1.53275386e-15  8.52753850e-16  2.32758332e-05 -2.09441314e-06 -1.52737517e-08  9.84615738e-10]:11.376023497327935
618:[4.15269881e+10 2.66243326e+11]:[ 4.58309983e-02 -1.50872939e-12 -2.75221803e-13  4.63176272e-11 -1.96491368e-10 -1.53275386e-15  8.52753850e-16  2.30416191e-05 -2.09441314e-06 -1.52737517e-08  9.89871166e-10]:11.432000302369428
627:[4.75566831e+11 2.05096195e+12]:[ 4.67337259e-02 -1.50872939e-12 -2.75221803e-13  5.48608786e-11 -1.96491368e-10 -1.90341609e-15  9.38345326e-16  2.37259063e-05 -2.06633788e-06 -1.59911300e-08  1.03315921e-09]:12.32191283026938
Selected for new population:
[ 6.34270430e-02 -1.55985103e-12 -2.82312213e-13  5.48608786e-11 -1.75504831e-10 -1.90341609e-15  9.44937653e-16  2.37259063e-05 -2.06633788e-06 -1.59911300e-08  9.84615738e-10]
[ 6.34270430e-02 -1.55985103e-12 -2.82312213e-13  4.63176272e-11 -1.75504831e-10 -1.53275386e-15  8.52753850e-16  2.32758332e-05 -2.09441314e-06 -1.52737517e-08  9.84615738e-10]
Selected: [1 2]
***************
***CROSSOVER***
***************
&&&&&&&&&&&&&&&&&&&&&&&&
&&TOURNAMENT SELECTION&&
&&&&&&&&&&&&&&&&&&&&&&&&
parents:
[ 4.67512742e-02 -1.53956031e-12 -2.82312213e-13  4.58504353e-11 -2.05712207e-10 -1.54923250e-15  8.49159076e-16  2.37048317e-05 -2.08811178e-06 -1.59062126e-08  9.84615738e-10]
[ 4.58309983e-02 -1.50872939e-12 -2.75221803e-13  4.63176272e-11 -1.96491368e-10 -1.53275386e-15  8.52753850e-16  2.30416191e-05 -2.09441314e-06 -1.52737517e-08  9.89871166e-10]
children:
[ 4.58309983e-02 -1.50872939e-12 -2.75221803e-13  4.58504353e-11 -1.96737310e-10 -1.53275386e-15  8.52753850e-16  2.30416191e-05 -2.09441314e-06 -1.52737517e-08  9.84615738e-10]
[ 4.67512742e-02 -1.53956031e-12 -2.82312213e-13  4.63176272e-11 -2.05712207e-10 -1.54923250e-15  8.49159076e-16  2.37048317e-05 -2.08811178e-06 -1.65119416e-08  9.50038317e-10]
Population scores:
541:[1.29481870e+11 2.20898437e+11]:[ 4.67512742e-02 -1.53956031e-12 -2.82312213e-13  4.58504353e-11 -2.05712207e-10 -1.54923250e-15  8.49159076e-16  2.37048317e-05 -2.08811178e-06 -1.59062126e-08  9.84615738e-10]:11.368931105283053
629:[7.83124620e+10 2.27479472e+11]:[ 4.58309983e-02 -1.50872939e-12 -2.75221803e-13  4.58504353e-11 -1.96737310e-10 -1.53275386e-15  8.52753850e-16  2.30416191e-05 -2.09441314e-06 -1.52737517e-08  9.84615738e-10]:11.371641709773462
618:[4.15269881e+10 2.66243326e+11]:[ 4.58309983e-02 -1.50872939e-12 -2.75221803e-13  4.63176272e-11 -1.96491368e-10 -1.53275386e-15  8.52753850e-16  2.30416191e-05 -2.09441314e-06 -1.52737517e-08  9.89871166e-10]:11.432000302369428
630:[1.76942904e+12 2.38942647e+12]:[ 4.67512742e-02 -1.53956031e-12 -2.82312213e-13  4.63176272e-11 -2.05712207e-10 -1.54923250e-15  8.49159076e-16  2.37048317e-05 -2.08811178e-06 -1.65119416e-08  9.50038317e-10]:12.409319163499864
Selected for new population:
[ 4.67512742e-02 -1.53956031e-12 -2.82312213e-13  4.58504353e-11 -2.05712207e-10 -1.54923250e-15  8.49159076e-16  2.37048317e-05 -2.08811178e-06 -1.59062126e-08  9.84615738e-10]
[ 4.58309983e-02 -1.50872939e-12 -2.75221803e-13  4.58504353e-11 -1.96737310e-10 -1.53275386e-15  8.52753850e-16  2.30416191e-05 -2.09441314e-06 -1.52737517e-08  9.84615738e-10]
Selected: [2 0]
***************
***CROSSOVER***
***************
&&&&&&&&&&&&&&&&&&&&&&&&
&&TOURNAMENT SELECTION&&
&&&&&&&&&&&&&&&&&&&&&&&&
parents:
[ 4.58309983e-02 -1.50872939e-12 -2.75221803e-13  4.63176272e-11 -1.96491368e-10 -1.53275386e-15  8.52753850e-16  2.30416191e-05 -2.09441314e-06 -1.52737517e-08  9.89871166e-10]
[ 6.34270430e-02 -1.55985103e-12 -2.82312213e-13  5.48608786e-11 -1.75504831e-10 -1.90341609e-15  9.44937653e-16  2.37259063e-05 -2.06633788e-06 -1.59911300e-08  9.84615738e-10]
children:
[ 4.58309983e-02 -1.50872939e-12 -2.82312213e-13  4.63176272e-11 -2.01166195e-10 -1.90341609e-15  8.52753850e-16  2.37259063e-05 -2.06633788e-06 -1.59911300e-08  9.89871166e-10]
[ 6.34270430e-02 -1.55985103e-12 -2.75221803e-13  5.48608786e-11 -1.75504831e-10 -1.82704392e-15  8.47828200e-16  2.30416191e-05 -2.11218098e-06 -1.52737517e-08  9.84615738e-10]
Population scores:
631:[7.47153572e+10 1.94050765e+11]:[ 4.58309983e-02 -1.50872939e-12 -2.82312213e-13  4.63176272e-11 -2.01166195e-10 -1.90341609e-15  8.52753850e-16  2.37259063e-05 -2.06633788e-06 -1.59911300e-08  9.89871166e-10]:11.304323111723887
614:[1.41831720e+11 1.87655998e+11]:[ 6.34270430e-02 -1.55985103e-12 -2.82312213e-13  5.48608786e-11 -1.75504831e-10 -1.90341609e-15  9.44937653e-16  2.37259063e-05 -2.06633788e-06 -1.59911300e-08  9.84615738e-10]:11.30500545160272
618:[4.15269881e+10 2.66243326e+11]:[ 4.58309983e-02 -1.50872939e-12 -2.75221803e-13  4.63176272e-11 -1.96491368e-10 -1.53275386e-15  8.52753850e-16  2.30416191e-05 -2.09441314e-06 -1.52737517e-08  9.89871166e-10]:11.432000302369428
632:[3.17532512e+11 3.31645415e+11]:[ 6.34270430e-02 -1.55985103e-12 -2.75221803e-13  5.48608786e-11 -1.75504831e-10 -1.82704392e-15  8.47828200e-16  2.30416191e-05 -2.11218098e-06 -1.52737517e-08  9.84615738e-10]:11.560383328753728
Selected for new population:
[ 4.58309983e-02 -1.50872939e-12 -2.82312213e-13  4.63176272e-11 -2.01166195e-10 -1.90341609e-15  8.52753850e-16  2.37259063e-05 -2.06633788e-06 -1.59911300e-08  9.89871166e-10]
[ 6.34270430e-02 -1.55985103e-12 -2.82312213e-13  5.48608786e-11 -1.75504831e-10 -1.90341609e-15  9.44937653e-16  2.37259063e-05 -2.06633788e-06 -1.59911300e-08  9.84615738e-10]
Selected: [2 0]
***************
***CROSSOVER***
***************
&&&&&&&&&&&&&&&&&&&&&&&&
&&TOURNAMENT SELECTION&&
&&&&&&&&&&&&&&&&&&&&&&&&
parents:
[ 4.58309983e-02 -1.50872939e-12 -2.75221803e-13  4.63176272e-11 -1.96491368e-10 -1.53275386e-15  8.52753850e-16  2.30416191e-05 -2.09441314e-06 -1.52737517e-08  9.89871166e-10]
[ 6.34270430e-02 -1.55985103e-12 -2.82312213e-13  5.48608786e-11 -1.75504831e-10 -1.90341609e-15  9.44937653e-16  2.37259063e-05 -2.06633788e-06 -1.59911300e-08  9.84615738e-10]
children:
[ 6.34270430e-02 -1.55985103e-12 -2.75221803e-13  5.48608786e-11 -1.96491368e-10 -1.90341609e-15  9.44937653e-16  2.30416191e-05 -2.09441314e-06 -1.59911300e-08  9.84615738e-10]
[ 4.58309983e-02 -1.50872939e-12 -2.82312213e-13  4.29705655e-11 -1.75504831e-10 -1.52951889e-15  8.52753850e-16  2.65725143e-05 -2.06633788e-06 -1.55723946e-08  9.89871166e-10]
Population scores:
614:[1.41831720e+11 1.87655998e+11]:[ 6.34270430e-02 -1.55985103e-12 -2.82312213e-13  5.48608786e-11 -1.75504831e-10 -1.90341609e-15  9.44937653e-16  2.37259063e-05 -2.06633788e-06 -1.59911300e-08  9.84615738e-10]:11.30500545160272
618:[4.15269881e+10 2.66243326e+11]:[ 4.58309983e-02 -1.50872939e-12 -2.75221803e-13  4.63176272e-11 -1.96491368e-10 -1.53275386e-15  8.52753850e-16  2.30416191e-05 -2.09441314e-06 -1.52737517e-08  9.89871166e-10]:11.432000302369428
633:[5.52697616e+11 5.61980294e+11]:[ 6.34270430e-02 -1.55985103e-12 -2.75221803e-13  5.48608786e-11 -1.96491368e-10 -1.90341609e-15  9.44937653e-16  2.30416191e-05 -2.09441314e-06 -1.59911300e-08  9.84615738e-10]:11.790461138020795
634:[5.02374748e+11 1.83773196e+12]:[ 4.58309983e-02 -1.50872939e-12 -2.82312213e-13  4.29705655e-11 -1.75504831e-10 -1.52951889e-15  8.52753850e-16  2.65725143e-05 -2.06633788e-06 -1.55723946e-08  9.89871166e-10]:12.275994958981386
Selected for new population:
[ 6.34270430e-02 -1.55985103e-12 -2.82312213e-13  5.48608786e-11 -1.75504831e-10 -1.90341609e-15  9.44937653e-16  2.37259063e-05 -2.06633788e-06 -1.59911300e-08  9.84615738e-10]
[ 4.58309983e-02 -1.50872939e-12 -2.75221803e-13  4.63176272e-11 -1.96491368e-10 -1.53275386e-15  8.52753850e-16  2.30416191e-05 -2.09441314e-06 -1.52737517e-08  9.89871166e-10]
Population scores:
631:[7.47153572e+10 1.94050765e+11]:[ 4.58309983e-02 -1.50872939e-12 -2.82312213e-13  4.63176272e-11 -2.01166195e-10 -1.90341609e-15  8.52753850e-16  2.37259063e-05 -2.06633788e-06 -1.59911300e-08  9.89871166e-10]:11.304323111723887
614:[1.41831720e+11 1.87655998e+11]:[ 6.34270430e-02 -1.55985103e-12 -2.82312213e-13  5.48608786e-11 -1.75504831e-10 -1.90341609e-15  9.44937653e-16  2.37259063e-05 -2.06633788e-06 -1.59911300e-08  9.84615738e-10]:11.30500545160272
541:[1.29481870e+11 2.20898437e+11]:[ 4.67512742e-02 -1.53956031e-12 -2.82312213e-13  4.58504353e-11 -2.05712207e-10 -1.54923250e-15  8.49159076e-16  2.37048317e-05 -2.08811178e-06 -1.59062126e-08  9.84615738e-10]:11.368931105283053
629:[7.83124620e+10 2.27479472e+11]:[ 4.58309983e-02 -1.50872939e-12 -2.75221803e-13  4.58504353e-11 -1.96737310e-10 -1.53275386e-15  8.52753850e-16  2.30416191e-05 -2.09441314e-06 -1.52737517e-08  9.84615738e-10]:11.371641709773462
628:[6.29832693e+10 2.31398562e+11]:[ 6.34270430e-02 -1.55985103e-12 -2.82312213e-13  4.63176272e-11 -1.75504831e-10 -1.53275386e-15  8.52753850e-16  2.32758332e-05 -2.09441314e-06 -1.52737517e-08  9.84615738e-10]:11.376023497327935
618:[4.15269881e+10 2.66243326e+11]:[ 4.58309983e-02 -1.50872939e-12 -2.75221803e-13  4.63176272e-11 -1.96491368e-10 -1.53275386e-15  8.52753850e-16  2.30416191e-05 -2.09441314e-06 -1.52737517e-08  9.89871166e-10]:11.432000302369428
621:[1.03988886e+11 8.28609460e+11]:[ 6.27921499e-02 -1.57152672e-12 -2.84431094e-13  5.44509728e-11 -1.81216125e-10 -1.83981994e-15  9.35737258e-16  2.38134302e-05 -1.97368974e-06 -1.66392741e-08  9.86278471e-10]:11.923766282562688
617:[3.25764988e+11 1.42931698e+12]:[ 4.63493090e-02 -1.58390648e-12 -2.85308224e-13  4.54168470e-11 -2.04048466e-10 -1.54001576e-15  8.51543891e-16  2.37811829e-05 -2.04680631e-06 -1.50438802e-08  9.89440361e-10]:12.164915728705298
622:[1.25563087e+12 1.45329785e+12]:[ 6.27662347e-02 -1.51844771e-12 -2.81423155e-13  5.41170513e-11 -1.69835320e-10 -1.89650968e-15  9.43979307e-16  2.45548561e-05 -2.13538983e-06 -1.67648862e-08  9.86810766e-10]:12.198343881357674
624:[1.31373922e+13 1.98509183e+13]:[ 5.67362919e-02 -8.55331195e-13 -2.74646973e-13  5.01888379e-11 -1.14422795e-10 -1.48486048e-15  9.95834854e-16  1.38822914e-05 -1.66539034e-06 -2.59481194e-08  9.49917489e-10]:13.325611245724009
620:[1.51478326e+13 2.66524147e+13]:[ 3.69835362e-02 -1.75000061e-12 -3.37923536e-13  3.91879742e-11 -1.75601320e-10 -1.41323480e-15  8.59576401e-16  2.15739367e-05 -2.21295344e-06 -2.36952042e-08  1.04543121e-09]:13.44974364637342
623:[2.44972738e+13 4.92856861e+13]:[ 6.57124710e-02 -1.10338877e-12 -3.61742026e-13  6.38707820e-11 -1.56484697e-10 -1.67417072e-15  9.63989982e-16  2.49399407e-05 -1.14516682e-06 -2.55816427e-08  1.01263601e-09]:13.713787924130342
619:[3.34286914e+13 6.72622321e+13]:[ 4.24030793e-02 -1.37753635e-12 -2.17089252e-13  5.24838920e-11 -1.31178465e-10 -7.76245485e-16  8.44096320e-16  2.76763051e-05 -1.56036096e-06 -2.03314570e-08  1.08205868e-09]:13.848836080056719
*******************************
***iteration: 1 Population is***
*******************************
Population scores:
631:[7.47153572e+10 1.94050765e+11]:[ 4.58309983e-02 -1.50872939e-12 -2.82312213e-13  4.63176272e-11 -2.01166195e-10 -1.90341609e-15  8.52753850e-16  2.37259063e-05 -2.06633788e-06 -1.59911300e-08  9.89871166e-10]:11.304323111723887
614:[1.41831720e+11 1.87655998e+11]:[ 6.34270430e-02 -1.55985103e-12 -2.82312213e-13  5.48608786e-11 -1.75504831e-10 -1.90341609e-15  9.44937653e-16  2.37259063e-05 -2.06633788e-06 -1.59911300e-08  9.84615738e-10]:11.30500545160272
541:[1.29481870e+11 2.20898437e+11]:[ 4.67512742e-02 -1.53956031e-12 -2.82312213e-13  4.58504353e-11 -2.05712207e-10 -1.54923250e-15  8.49159076e-16  2.37048317e-05 -2.08811178e-06 -1.59062126e-08  9.84615738e-10]:11.368931105283053
629:[7.83124620e+10 2.27479472e+11]:[ 4.58309983e-02 -1.50872939e-12 -2.75221803e-13  4.58504353e-11 -1.96737310e-10 -1.53275386e-15  8.52753850e-16  2.30416191e-05 -2.09441314e-06 -1.52737517e-08  9.84615738e-10]:11.371641709773462
628:[6.29832693e+10 2.31398562e+11]:[ 6.34270430e-02 -1.55985103e-12 -2.82312213e-13  4.63176272e-11 -1.75504831e-10 -1.53275386e-15  8.52753850e-16  2.32758332e-05 -2.09441314e-06 -1.52737517e-08  9.84615738e-10]:11.376023497327935
618:[4.15269881e+10 2.66243326e+11]:[ 4.58309983e-02 -1.50872939e-12 -2.75221803e-13  4.63176272e-11 -1.96491368e-10 -1.53275386e-15  8.52753850e-16  2.30416191e-05 -2.09441314e-06 -1.52737517e-08  9.89871166e-10]:11.432000302369428
621:[1.03988886e+11 8.28609460e+11]:[ 6.27921499e-02 -1.57152672e-12 -2.84431094e-13  5.44509728e-11 -1.81216125e-10 -1.83981994e-15  9.35737258e-16  2.38134302e-05 -1.97368974e-06 -1.66392741e-08  9.86278471e-10]:11.923766282562688
617:[3.25764988e+11 1.42931698e+12]:[ 4.63493090e-02 -1.58390648e-12 -2.85308224e-13  4.54168470e-11 -2.04048466e-10 -1.54001576e-15  8.51543891e-16  2.37811829e-05 -2.04680631e-06 -1.50438802e-08  9.89440361e-10]:12.164915728705298
622:[1.25563087e+12 1.45329785e+12]:[ 6.27662347e-02 -1.51844771e-12 -2.81423155e-13  5.41170513e-11 -1.69835320e-10 -1.89650968e-15  9.43979307e-16  2.45548561e-05 -2.13538983e-06 -1.67648862e-08  9.86810766e-10]:12.198343881357674
624:[1.31373922e+13 1.98509183e+13]:[ 5.67362919e-02 -8.55331195e-13 -2.74646973e-13  5.01888379e-11 -1.14422795e-10 -1.48486048e-15  9.95834854e-16  1.38822914e-05 -1.66539034e-06 -2.59481194e-08  9.49917489e-10]:13.325611245724009
Selected: [4 1]
***************
***CROSSOVER***
***************
&&&&&&&&&&&&&&&&&&&&&&&&
&&TOURNAMENT SELECTION&&
&&&&&&&&&&&&&&&&&&&&&&&&
parents:
[ 6.34270430e-02 -1.55985103e-12 -2.82312213e-13  4.63176272e-11 -1.75504831e-10 -1.53275386e-15  8.52753850e-16  2.32758332e-05 -2.09441314e-06 -1.52737517e-08  9.84615738e-10]
[ 6.34270430e-02 -1.55985103e-12 -2.82312213e-13  5.48608786e-11 -1.75504831e-10 -1.90341609e-15  9.44937653e-16  2.37259063e-05 -2.06633788e-06 -1.59911300e-08  9.84615738e-10]
children:
[ 6.34270430e-02 -2.51978537e-12 -2.82312213e-13  5.48608786e-11 -1.75504831e-10 -1.53275386e-15  9.44937653e-16  2.37259063e-05 -2.13268250e-06 -1.59716809e-08  9.84615738e-10]
[ 6.34270430e-02 -2.02663800e-12 -2.82312213e-13  4.63176272e-11 -1.75504831e-10 -1.90341609e-15  8.52753850e-16  2.32758332e-05 -2.06633788e-06 -7.32150193e-09  9.93291200e-10]
Population scores:
614:[1.41831720e+11 1.87655998e+11]:[ 6.34270430e-02 -1.55985103e-12 -2.82312213e-13  5.48608786e-11 -1.75504831e-10 -1.90341609e-15  9.44937653e-16  2.37259063e-05 -2.06633788e-06 -1.59911300e-08  9.84615738e-10]:11.30500545160272
628:[6.29832693e+10 2.31398562e+11]:[ 6.34270430e-02 -1.55985103e-12 -2.82312213e-13  4.63176272e-11 -1.75504831e-10 -1.53275386e-15  8.52753850e-16  2.32758332e-05 -2.09441314e-06 -1.52737517e-08  9.84615738e-10]:11.376023497327935
635:[5.85131434e+11 7.07768167e+11]:[ 6.34270430e-02 -2.51978537e-12 -2.82312213e-13  5.48608786e-11 -1.75504831e-10 -1.53275386e-15  9.44937653e-16  2.37259063e-05 -2.13268250e-06 -1.59716809e-08  9.84615738e-10]:11.884388233303534
636:[1.27107436e+13 2.87328468e+13]:[ 6.34270430e-02 -2.02663800e-12 -2.82312213e-13  4.63176272e-11 -1.75504831e-10 -1.90341609e-15  8.52753850e-16  2.32758332e-05 -2.06633788e-06 -7.32150193e-09  9.93291200e-10]:13.477178015088924
Selected for new population:
[ 6.34270430e-02 -1.55985103e-12 -2.82312213e-13  5.48608786e-11 -1.75504831e-10 -1.90341609e-15  9.44937653e-16  2.37259063e-05 -2.06633788e-06 -1.59911300e-08  9.84615738e-10]
[ 6.34270430e-02 -1.55985103e-12 -2.82312213e-13  4.63176272e-11 -1.75504831e-10 -1.53275386e-15  8.52753850e-16  2.32758332e-05 -2.09441314e-06 -1.52737517e-08  9.84615738e-10]
Selected: [0 1]
***************
***CROSSOVER***
***************
&&&&&&&&&&&&&&&&&&&&&&&&
&&TOURNAMENT SELECTION&&
&&&&&&&&&&&&&&&&&&&&&&&&
parents:
[ 4.58309983e-02 -1.50872939e-12 -2.82312213e-13  4.63176272e-11 -2.01166195e-10 -1.90341609e-15  8.52753850e-16  2.37259063e-05 -2.06633788e-06 -1.59911300e-08  9.89871166e-10]
[ 6.34270430e-02 -1.55985103e-12 -2.82312213e-13  5.48608786e-11 -1.75504831e-10 -1.90341609e-15  9.44937653e-16  2.37259063e-05 -2.06633788e-06 -1.59911300e-08  9.84615738e-10]
children:
[ 6.34270430e-02 -1.55985103e-12 -2.82312213e-13  4.63176272e-11 -1.75504831e-10 -1.90341609e-15  9.44937653e-16  2.37259063e-05 -2.06633788e-06 -1.59911300e-08  9.84615738e-10]
[ 4.58309983e-02 -1.50872939e-12 -2.82312213e-13  5.48608786e-11 -2.01166195e-10 -1.90341609e-15  8.52753850e-16  2.33296054e-05 -2.09154913e-06 -1.59911300e-08  9.89871166e-10]
Population scores:
631:[7.47153572e+10 1.94050765e+11]:[ 4.58309983e-02 -1.50872939e-12 -2.82312213e-13  4.63176272e-11 -2.01166195e-10 -1.90341609e-15  8.52753850e-16  2.37259063e-05 -2.06633788e-06 -1.59911300e-08  9.89871166e-10]:11.304323111723887
614:[1.41831720e+11 1.87655998e+11]:[ 6.34270430e-02 -1.55985103e-12 -2.82312213e-13  5.48608786e-11 -1.75504831e-10 -1.90341609e-15  9.44937653e-16  2.37259063e-05 -2.06633788e-06 -1.59911300e-08  9.84615738e-10]:11.30500545160272
637:[1.41831720e+11 1.87655998e+11]:[ 6.34270430e-02 -1.55985103e-12 -2.82312213e-13  4.63176272e-11 -1.75504831e-10 -1.90341609e-15  9.44937653e-16  2.37259063e-05 -2.06633788e-06 -1.59911300e-08  9.84615738e-10]:11.305005451603122
638:[3.10203071e+11 3.11264505e+11]:[ 4.58309983e-02 -1.50872939e-12 -2.82312213e-13  5.48608786e-11 -2.01166195e-10 -1.90341609e-15  8.52753850e-16  2.33296054e-05 -2.09154913e-06 -1.59911300e-08  9.89871166e-10]:11.534387629008574
Selected for new population:
[ 4.58309983e-02 -1.50872939e-12 -2.82312213e-13  4.63176272e-11 -2.01166195e-10 -1.90341609e-15  8.52753850e-16  2.37259063e-05 -2.06633788e-06 -1.59911300e-08  9.89871166e-10]
[ 6.34270430e-02 -1.55985103e-12 -2.82312213e-13  5.48608786e-11 -1.75504831e-10 -1.90341609e-15  9.44937653e-16  2.37259063e-05 -2.06633788e-06 -1.59911300e-08  9.84615738e-10]
Selected: [4 3]
***************
***CROSSOVER***
***************
&&&&&&&&&&&&&&&&&&&&&&&&
&&TOURNAMENT SELECTION&&
&&&&&&&&&&&&&&&&&&&&&&&&
parents:
[ 6.34270430e-02 -1.55985103e-12 -2.82312213e-13  4.63176272e-11 -1.75504831e-10 -1.53275386e-15  8.52753850e-16  2.32758332e-05 -2.09441314e-06 -1.52737517e-08  9.84615738e-10]
[ 4.58309983e-02 -1.50872939e-12 -2.75221803e-13  4.58504353e-11 -1.96737310e-10 -1.53275386e-15  8.52753850e-16  2.30416191e-05 -2.09441314e-06 -1.52737517e-08  9.84615738e-10]
children:
[ 4.58309983e-02 -1.50872939e-12 -2.82312213e-13  4.63176272e-11 -1.96737310e-10 -1.57082531e-15  8.48496288e-16  2.30416191e-05 -2.09441314e-06 -1.52737517e-08  9.84615738e-10]
[ 6.34270430e-02 -1.55985103e-12 -3.20912657e-13  4.58504353e-11 -1.75504831e-10 -1.53275386e-15  8.52753850e-16  2.04255202e-05 -2.09441314e-06 -1.50100368e-08  9.84615738e-10]
Population scores:
639:[8.61544895e+10 2.22871230e+11]:[ 4.58309983e-02 -1.50872939e-12 -2.82312213e-13  4.63176272e-11 -1.96737310e-10 -1.57082531e-15  8.48496288e-16  2.30416191e-05 -2.09441314e-06 -1.52737517e-08  9.84615738e-10]:11.364526005236389
629:[7.83124620e+10 2.27479472e+11]:[ 4.58309983e-02 -1.50872939e-12 -2.75221803e-13  4.58504353e-11 -1.96737310e-10 -1.53275386e-15  8.52753850e-16  2.30416191e-05 -2.09441314e-06 -1.52737517e-08  9.84615738e-10]:11.371641709773462
628:[6.29832693e+10 2.31398562e+11]:[ 6.34270430e-02 -1.55985103e-12 -2.82312213e-13  4.63176272e-11 -1.75504831e-10 -1.53275386e-15  8.52753850e-16  2.32758332e-05 -2.09441314e-06 -1.52737517e-08  9.84615738e-10]:11.376023497327935
640:[3.68926904e+11 5.20876638e+11]:[ 6.34270430e-02 -1.55985103e-12 -3.20912657e-13  4.58504353e-11 -1.75504831e-10 -1.53275386e-15  8.52753850e-16  2.04255202e-05 -2.09441314e-06 -1.50100368e-08  9.84615738e-10]:11.746454629050746
Selected for new population:
[ 4.58309983e-02 -1.50872939e-12 -2.82312213e-13  4.63176272e-11 -1.96737310e-10 -1.57082531e-15  8.48496288e-16  2.30416191e-05 -2.09441314e-06 -1.52737517e-08  9.84615738e-10]
[ 4.58309983e-02 -1.50872939e-12 -2.75221803e-13  4.58504353e-11 -1.96737310e-10 -1.53275386e-15  8.52753850e-16  2.30416191e-05 -2.09441314e-06 -1.52737517e-08  9.84615738e-10]
Selected: [3 4]
***************
***CROSSOVER***
***************
&&&&&&&&&&&&&&&&&&&&&&&&
&&TOURNAMENT SELECTION&&
&&&&&&&&&&&&&&&&&&&&&&&&
parents:
[ 4.58309983e-02 -1.50872939e-12 -2.75221803e-13  4.58504353e-11 -1.96737310e-10 -1.53275386e-15  8.52753850e-16  2.30416191e-05 -2.09441314e-06 -1.52737517e-08  9.84615738e-10]
[ 6.34270430e-02 -1.55985103e-12 -2.82312213e-13  4.63176272e-11 -1.75504831e-10 -1.53275386e-15  8.52753850e-16  2.32758332e-05 -2.09441314e-06 -1.52737517e-08  9.84615738e-10]
children:
[ 4.58309983e-02 -1.55985103e-12 -2.82312213e-13  4.50588606e-11 -1.75504831e-10 -1.53275386e-15  8.52753850e-16  2.32758332e-05 -2.09441314e-06 -1.52737517e-08  9.85619734e-10]
[ 6.34270430e-02 -1.50872939e-12 -2.75221803e-13  4.63176272e-11 -2.05389343e-10 -1.53275386e-15  8.52753850e-16  2.30416191e-05 -2.09441314e-06 -1.52737517e-08  1.02345981e-09]
Population scores:
629:[7.83124620e+10 2.27479472e+11]:[ 4.58309983e-02 -1.50872939e-12 -2.75221803e-13  4.58504353e-11 -1.96737310e-10 -1.53275386e-15  8.52753850e-16  2.30416191e-05 -2.09441314e-06 -1.52737517e-08  9.84615738e-10]:11.371641709773462
628:[6.29832693e+10 2.31398562e+11]:[ 6.34270430e-02 -1.55985103e-12 -2.82312213e-13  4.63176272e-11 -1.75504831e-10 -1.53275386e-15  8.52753850e-16  2.32758332e-05 -2.09441314e-06 -1.52737517e-08  9.84615738e-10]:11.376023497327935
641:[5.58381027e+10 2.38754678e+11]:[ 4.58309983e-02 -1.55985103e-12 -2.82312213e-13  4.50588606e-11 -1.75504831e-10 -1.53275386e-15  8.52753850e-16  2.32758332e-05 -2.09441314e-06 -1.52737517e-08  9.85619734e-10]:11.387991882547897
642:[3.98556234e+11 1.63423493e+12]:[ 6.34270430e-02 -1.50872939e-12 -2.75221803e-13  4.63176272e-11 -2.05389343e-10 -1.53275386e-15  8.52753850e-16  2.30416191e-05 -2.09441314e-06 -1.52737517e-08  1.02345981e-09]:12.223778946429343
Selected for new population:
[ 4.58309983e-02 -1.50872939e-12 -2.75221803e-13  4.58504353e-11 -1.96737310e-10 -1.53275386e-15  8.52753850e-16  2.30416191e-05 -2.09441314e-06 -1.52737517e-08  9.84615738e-10]
[ 6.34270430e-02 -1.55985103e-12 -2.82312213e-13  4.63176272e-11 -1.75504831e-10 -1.53275386e-15  8.52753850e-16  2.32758332e-05 -2.09441314e-06 -1.52737517e-08  9.84615738e-10]
Selected: [5 2]
***************
***CROSSOVER***
***************
&&&&&&&&&&&&&&&&&&&&&&&&
&&TOURNAMENT SELECTION&&
&&&&&&&&&&&&&&&&&&&&&&&&
parents:
[ 4.58309983e-02 -1.50872939e-12 -2.75221803e-13  4.63176272e-11 -1.96491368e-10 -1.53275386e-15  8.52753850e-16  2.30416191e-05 -2.09441314e-06 -1.52737517e-08  9.89871166e-10]
[ 4.67512742e-02 -1.53956031e-12 -2.82312213e-13  4.58504353e-11 -2.05712207e-10 -1.54923250e-15  8.49159076e-16  2.37048317e-05 -2.08811178e-06 -1.59062126e-08  9.84615738e-10]
children:
[ 4.58309983e-02 -1.50872939e-12 -2.82312213e-13  4.58504353e-11 -2.05712207e-10 -1.43620660e-15  8.60233562e-16  2.37048317e-05 -2.09441314e-06 -1.59062126e-08  9.84615738e-10]
[ 4.67512742e-02 -1.53956031e-12 -2.75221803e-13  5.25711163e-11 -1.96491368e-10 -1.54923250e-15  8.49159076e-16  2.30416191e-05 -2.04817998e-06 -1.52737517e-08  9.89871166e-10]
Population scores:
541:[1.29481870e+11 2.20898437e+11]:[ 4.67512742e-02 -1.53956031e-12 -2.82312213e-13  4.58504353e-11 -2.05712207e-10 -1.54923250e-15  8.49159076e-16  2.37048317e-05 -2.08811178e-06 -1.59062126e-08  9.84615738e-10]:11.368931105283053
643:[1.32996084e+11 2.38413563e+11]:[ 4.58309983e-02 -1.50872939e-12 -2.82312213e-13  4.58504353e-11 -2.05712207e-10 -1.43620660e-15  8.60233562e-16  2.37048317e-05 -2.09441314e-06 -1.59062126e-08  9.84615738e-10]:11.400905941785625
618:[4.15269881e+10 2.66243326e+11]:[ 4.58309983e-02 -1.50872939e-12 -2.75221803e-13  4.63176272e-11 -1.96491368e-10 -1.53275386e-15  8.52753850e-16  2.30416191e-05 -2.09441314e-06 -1.52737517e-08  9.89871166e-10]:11.432000302369428
644:[1.12329540e+11 7.96583723e+11]:[ 4.67512742e-02 -1.53956031e-12 -2.75221803e-13  5.25711163e-11 -1.96491368e-10 -1.54923250e-15  8.49159076e-16  2.30416191e-05 -2.04817998e-06 -1.52737517e-08  9.89871166e-10]:11.90731281473755
Selected for new population:
[ 4.67512742e-02 -1.53956031e-12 -2.82312213e-13  4.58504353e-11 -2.05712207e-10 -1.54923250e-15  8.49159076e-16  2.37048317e-05 -2.08811178e-06 -1.59062126e-08  9.84615738e-10]
[ 4.58309983e-02 -1.50872939e-12 -2.82312213e-13  4.58504353e-11 -2.05712207e-10 -1.43620660e-15  8.60233562e-16  2.37048317e-05 -2.09441314e-06 -1.59062126e-08  9.84615738e-10]
Population scores:
631:[7.47153572e+10 1.94050765e+11]:[ 4.58309983e-02 -1.50872939e-12 -2.82312213e-13  4.63176272e-11 -2.01166195e-10 -1.90341609e-15  8.52753850e-16  2.37259063e-05 -2.06633788e-06 -1.59911300e-08  9.89871166e-10]:11.304323111723887
614:[1.41831720e+11 1.87655998e+11]:[ 6.34270430e-02 -1.55985103e-12 -2.82312213e-13  5.48608786e-11 -1.75504831e-10 -1.90341609e-15  9.44937653e-16  2.37259063e-05 -2.06633788e-06 -1.59911300e-08  9.84615738e-10]:11.30500545160272
639:[8.61544895e+10 2.22871230e+11]:[ 4.58309983e-02 -1.50872939e-12 -2.82312213e-13  4.63176272e-11 -1.96737310e-10 -1.57082531e-15  8.48496288e-16  2.30416191e-05 -2.09441314e-06 -1.52737517e-08  9.84615738e-10]:11.364526005236389
541:[1.29481870e+11 2.20898437e+11]:[ 4.67512742e-02 -1.53956031e-12 -2.82312213e-13  4.58504353e-11 -2.05712207e-10 -1.54923250e-15  8.49159076e-16  2.37048317e-05 -2.08811178e-06 -1.59062126e-08  9.84615738e-10]:11.368931105283053
629:[7.83124620e+10 2.27479472e+11]:[ 4.58309983e-02 -1.50872939e-12 -2.75221803e-13  4.58504353e-11 -1.96737310e-10 -1.53275386e-15  8.52753850e-16  2.30416191e-05 -2.09441314e-06 -1.52737517e-08  9.84615738e-10]:11.371641709773462
628:[6.29832693e+10 2.31398562e+11]:[ 6.34270430e-02 -1.55985103e-12 -2.82312213e-13  4.63176272e-11 -1.75504831e-10 -1.53275386e-15  8.52753850e-16  2.32758332e-05 -2.09441314e-06 -1.52737517e-08  9.84615738e-10]:11.376023497327935
643:[1.32996084e+11 2.38413563e+11]:[ 4.58309983e-02 -1.50872939e-12 -2.82312213e-13  4.58504353e-11 -2.05712207e-10 -1.43620660e-15  8.60233562e-16  2.37048317e-05 -2.09441314e-06 -1.59062126e-08  9.84615738e-10]:11.400905941785625
618:[4.15269881e+10 2.66243326e+11]:[ 4.58309983e-02 -1.50872939e-12 -2.75221803e-13  4.63176272e-11 -1.96491368e-10 -1.53275386e-15  8.52753850e-16  2.30416191e-05 -2.09441314e-06 -1.52737517e-08  9.89871166e-10]:11.432000302369428
621:[1.03988886e+11 8.28609460e+11]:[ 6.27921499e-02 -1.57152672e-12 -2.84431094e-13  5.44509728e-11 -1.81216125e-10 -1.83981994e-15  9.35737258e-16  2.38134302e-05 -1.97368974e-06 -1.66392741e-08  9.86278471e-10]:11.923766282562688
617:[3.25764988e+11 1.42931698e+12]:[ 4.63493090e-02 -1.58390648e-12 -2.85308224e-13  4.54168470e-11 -2.04048466e-10 -1.54001576e-15  8.51543891e-16  2.37811829e-05 -2.04680631e-06 -1.50438802e-08  9.89440361e-10]:12.164915728705298
622:[1.25563087e+12 1.45329785e+12]:[ 6.27662347e-02 -1.51844771e-12 -2.81423155e-13  5.41170513e-11 -1.69835320e-10 -1.89650968e-15  9.43979307e-16  2.45548561e-05 -2.13538983e-06 -1.67648862e-08  9.86810766e-10]:12.198343881357674
624:[1.31373922e+13 1.98509183e+13]:[ 5.67362919e-02 -8.55331195e-13 -2.74646973e-13  5.01888379e-11 -1.14422795e-10 -1.48486048e-15  9.95834854e-16  1.38822914e-05 -1.66539034e-06 -2.59481194e-08  9.49917489e-10]:13.325611245724009
*******************************
***iteration: 2 Population is***
*******************************
Population scores:
631:[7.47153572e+10 1.94050765e+11]:[ 4.58309983e-02 -1.50872939e-12 -2.82312213e-13  4.63176272e-11 -2.01166195e-10 -1.90341609e-15  8.52753850e-16  2.37259063e-05 -2.06633788e-06 -1.59911300e-08  9.89871166e-10]:11.304323111723887
614:[1.41831720e+11 1.87655998e+11]:[ 6.34270430e-02 -1.55985103e-12 -2.82312213e-13  5.48608786e-11 -1.75504831e-10 -1.90341609e-15  9.44937653e-16  2.37259063e-05 -2.06633788e-06 -1.59911300e-08  9.84615738e-10]:11.30500545160272
639:[8.61544895e+10 2.22871230e+11]:[ 4.58309983e-02 -1.50872939e-12 -2.82312213e-13  4.63176272e-11 -1.96737310e-10 -1.57082531e-15  8.48496288e-16  2.30416191e-05 -2.09441314e-06 -1.52737517e-08  9.84615738e-10]:11.364526005236389
541:[1.29481870e+11 2.20898437e+11]:[ 4.67512742e-02 -1.53956031e-12 -2.82312213e-13  4.58504353e-11 -2.05712207e-10 -1.54923250e-15  8.49159076e-16  2.37048317e-05 -2.08811178e-06 -1.59062126e-08  9.84615738e-10]:11.368931105283053
629:[7.83124620e+10 2.27479472e+11]:[ 4.58309983e-02 -1.50872939e-12 -2.75221803e-13  4.58504353e-11 -1.96737310e-10 -1.53275386e-15  8.52753850e-16  2.30416191e-05 -2.09441314e-06 -1.52737517e-08  9.84615738e-10]:11.371641709773462
628:[6.29832693e+10 2.31398562e+11]:[ 6.34270430e-02 -1.55985103e-12 -2.82312213e-13  4.63176272e-11 -1.75504831e-10 -1.53275386e-15  8.52753850e-16  2.32758332e-05 -2.09441314e-06 -1.52737517e-08  9.84615738e-10]:11.376023497327935
643:[1.32996084e+11 2.38413563e+11]:[ 4.58309983e-02 -1.50872939e-12 -2.82312213e-13  4.58504353e-11 -2.05712207e-10 -1.43620660e-15  8.60233562e-16  2.37048317e-05 -2.09441314e-06 -1.59062126e-08  9.84615738e-10]:11.400905941785625
618:[4.15269881e+10 2.66243326e+11]:[ 4.58309983e-02 -1.50872939e-12 -2.75221803e-13  4.63176272e-11 -1.96491368e-10 -1.53275386e-15  8.52753850e-16  2.30416191e-05 -2.09441314e-06 -1.52737517e-08  9.89871166e-10]:11.432000302369428
621:[1.03988886e+11 8.28609460e+11]:[ 6.27921499e-02 -1.57152672e-12 -2.84431094e-13  5.44509728e-11 -1.81216125e-10 -1.83981994e-15  9.35737258e-16  2.38134302e-05 -1.97368974e-06 -1.66392741e-08  9.86278471e-10]:11.923766282562688
617:[3.25764988e+11 1.42931698e+12]:[ 4.63493090e-02 -1.58390648e-12 -2.85308224e-13  4.54168470e-11 -2.04048466e-10 -1.54001576e-15  8.51543891e-16  2.37811829e-05 -2.04680631e-06 -1.50438802e-08  9.89440361e-10]:12.164915728705298
Selected: [1 2]
***************
***CROSSOVER***
***************
&&&&&&&&&&&&&&&&&&&&&&&&
&&TOURNAMENT SELECTION&&
&&&&&&&&&&&&&&&&&&&&&&&&
parents:
[ 6.34270430e-02 -1.55985103e-12 -2.82312213e-13  5.48608786e-11 -1.75504831e-10 -1.90341609e-15  9.44937653e-16  2.37259063e-05 -2.06633788e-06 -1.59911300e-08  9.84615738e-10]
[ 4.58309983e-02 -1.50872939e-12 -2.82312213e-13  4.63176272e-11 -1.96737310e-10 -1.57082531e-15  8.48496288e-16  2.30416191e-05 -2.09441314e-06 -1.52737517e-08  9.84615738e-10]
children:
[ 4.58309983e-02 -1.50872939e-12 -2.82312213e-13  5.48608786e-11 -1.96737310e-10 -1.90341609e-15  9.44937653e-16  2.30416191e-05 -2.06633788e-06 -1.58313609e-08  9.72235281e-10]
[ 6.34270430e-02 -1.55985103e-12 -3.40250674e-13  4.63176272e-11 -1.75504831e-10 -1.57082531e-15  8.48496288e-16  2.37259063e-05 -2.06725189e-06 -1.59911300e-08  9.84615738e-10]
Population scores:
614:[1.41831720e+11 1.87655998e+11]:[ 6.34270430e-02 -1.55985103e-12 -2.82312213e-13  5.48608786e-11 -1.75504831e-10 -1.90341609e-15  9.44937653e-16  2.37259063e-05 -2.06633788e-06 -1.59911300e-08  9.84615738e-10]:11.30500545160272
646:[5.23838486e+10 2.10975511e+11]:[ 6.34270430e-02 -1.55985103e-12 -3.40250674e-13  4.63176272e-11 -1.75504831e-10 -1.57082531e-15  8.48496288e-16  2.37259063e-05 -2.06725189e-06 -1.59911300e-08  9.84615738e-10]:11.334883601417612
639:[8.61544895e+10 2.22871230e+11]:[ 4.58309983e-02 -1.50872939e-12 -2.82312213e-13  4.63176272e-11 -1.96737310e-10 -1.57082531e-15  8.48496288e-16  2.30416191e-05 -2.09441314e-06 -1.52737517e-08  9.84615738e-10]:11.364526005236389
645:[4.69218648e+11 4.47161298e+11]:[ 4.58309983e-02 -1.50872939e-12 -2.82312213e-13  5.48608786e-11 -1.96737310e-10 -1.90341609e-15  9.44937653e-16  2.30416191e-05 -2.06633788e-06 -1.58313609e-08  9.72235281e-10]:11.693800054686932
Selected for new population:
[ 6.34270430e-02 -1.55985103e-12 -2.82312213e-13  5.48608786e-11 -1.75504831e-10 -1.90341609e-15  9.44937653e-16  2.37259063e-05 -2.06633788e-06 -1.59911300e-08  9.84615738e-10]
[ 6.34270430e-02 -1.55985103e-12 -3.40250674e-13  4.63176272e-11 -1.75504831e-10 -1.57082531e-15  8.48496288e-16  2.37259063e-05 -2.06725189e-06 -1.59911300e-08  9.84615738e-10]
Selected: [5 3]
***************
***CROSSOVER***
***************
&&&&&&&&&&&&&&&&&&&&&&&&
&&TOURNAMENT SELECTION&&
&&&&&&&&&&&&&&&&&&&&&&&&
parents:
[ 6.34270430e-02 -1.55985103e-12 -2.82312213e-13  4.63176272e-11 -1.75504831e-10 -1.53275386e-15  8.52753850e-16  2.32758332e-05 -2.09441314e-06 -1.52737517e-08  9.84615738e-10]
[ 4.67512742e-02 -1.53956031e-12 -2.82312213e-13  4.58504353e-11 -2.05712207e-10 -1.54923250e-15  8.49159076e-16  2.37048317e-05 -2.08811178e-06 -1.59062126e-08  9.84615738e-10]
children:
[ 4.67512742e-02 -1.53956031e-12 -2.84914182e-13  4.58504353e-11 -2.05712207e-10 -1.54923250e-15  8.52753850e-16  2.37048317e-05 -2.08811178e-06 -1.59062126e-08  9.84615738e-10]
[ 5.94854826e-02 -1.05049424e-12 -2.82312213e-13  4.63176272e-11 -1.75504831e-10 -1.29468034e-15  7.49497907e-16  2.32758332e-05 -2.09441314e-06 -1.52737517e-08  9.84615738e-10]
Population scores:
541:[1.29481870e+11 2.20898437e+11]:[ 4.67512742e-02 -1.53956031e-12 -2.82312213e-13  4.58504353e-11 -2.05712207e-10 -1.54923250e-15  8.49159076e-16  2.37048317e-05 -2.08811178e-06 -1.59062126e-08  9.84615738e-10]:11.368931105283053
647:[1.29481870e+11 2.20898437e+11]:[ 4.67512742e-02 -1.53956031e-12 -2.84914182e-13  4.58504353e-11 -2.05712207e-10 -1.54923250e-15  8.52753850e-16  2.37048317e-05 -2.08811178e-06 -1.59062126e-08  9.84615738e-10]:11.368931105283053
628:[6.29832693e+10 2.31398562e+11]:[ 6.34270430e-02 -1.55985103e-12 -2.82312213e-13  4.63176272e-11 -1.75504831e-10 -1.53275386e-15  8.52753850e-16  2.32758332e-05 -2.09441314e-06 -1.52737517e-08  9.84615738e-10]:11.376023497327935
648:[4.89956242e+10 3.00049556e+11]:[ 5.94854826e-02 -1.05049424e-12 -2.82312213e-13  4.63176272e-11 -1.75504831e-10 -1.29468034e-15  7.49497907e-16  2.32758332e-05 -2.09441314e-06 -1.52737517e-08  9.84615738e-10]:11.484227381816673
Selected for new population:
[ 4.67512742e-02 -1.53956031e-12 -2.82312213e-13  4.58504353e-11 -2.05712207e-10 -1.54923250e-15  8.49159076e-16  2.37048317e-05 -2.08811178e-06 -1.59062126e-08  9.84615738e-10]
[ 4.67512742e-02 -1.53956031e-12 -2.84914182e-13  4.58504353e-11 -2.05712207e-10 -1.54923250e-15  8.52753850e-16  2.37048317e-05 -2.08811178e-06 -1.59062126e-08  9.84615738e-10]
Selected: [3 0]
***************
***CROSSOVER***
***************
&&&&&&&&&&&&&&&&&&&&&&&&
&&TOURNAMENT SELECTION&&
&&&&&&&&&&&&&&&&&&&&&&&&
parents:
[ 4.67512742e-02 -1.53956031e-12 -2.82312213e-13  4.58504353e-11 -2.05712207e-10 -1.54923250e-15  8.49159076e-16  2.37048317e-05 -2.08811178e-06 -1.59062126e-08  9.84615738e-10]
[ 4.58309983e-02 -1.50872939e-12 -2.82312213e-13  4.63176272e-11 -2.01166195e-10 -1.90341609e-15  8.52753850e-16  2.37259063e-05 -2.06633788e-06 -1.59911300e-08  9.89871166e-10]
children:
[ 5.08719745e-02 -1.50872939e-12 -2.82312213e-13  4.63176272e-11 -2.05712207e-10 -1.54923250e-15  8.52753850e-16  2.50288437e-05 -2.08811178e-06 -1.59911300e-08  9.84615738e-10]
[ 4.67512742e-02 -1.53956031e-12 -2.82312213e-13  4.58504353e-11 -2.01166195e-10 -1.90341609e-15  8.49159076e-16  2.75976857e-05 -2.06633788e-06 -1.59062126e-08  9.89871166e-10]
Population scores:
631:[7.47153572e+10 1.94050765e+11]:[ 4.58309983e-02 -1.50872939e-12 -2.82312213e-13  4.63176272e-11 -2.01166195e-10 -1.90341609e-15  8.52753850e-16  2.37259063e-05 -2.06633788e-06 -1.59911300e-08  9.89871166e-10]:11.304323111723887
649:[4.75433434e+10 2.25440021e+11]:[ 5.08719745e-02 -1.50872939e-12 -2.82312213e-13  4.63176272e-11 -2.05712207e-10 -1.54923250e-15  8.52753850e-16  2.50288437e-05 -2.08811178e-06 -1.59911300e-08  9.84615738e-10]:11.362094669564918
541:[1.29481870e+11 2.20898437e+11]:[ 4.67512742e-02 -1.53956031e-12 -2.82312213e-13  4.58504353e-11 -2.05712207e-10 -1.54923250e-15  8.49159076e-16  2.37048317e-05 -2.08811178e-06 -1.59062126e-08  9.84615738e-10]:11.368931105283053
650:[3.23765538e+11 1.48550660e+12]:[ 4.67512742e-02 -1.53956031e-12 -2.82312213e-13  4.58504353e-11 -2.01166195e-10 -1.90341609e-15  8.49159076e-16  2.75976857e-05 -2.06633788e-06 -1.59062126e-08  9.89871166e-10]:12.18123834114471
Selected for new population:
[ 4.58309983e-02 -1.50872939e-12 -2.82312213e-13  4.63176272e-11 -2.01166195e-10 -1.90341609e-15  8.52753850e-16  2.37259063e-05 -2.06633788e-06 -1.59911300e-08  9.89871166e-10]
[ 5.08719745e-02 -1.50872939e-12 -2.82312213e-13  4.63176272e-11 -2.05712207e-10 -1.54923250e-15  8.52753850e-16  2.50288437e-05 -2.08811178e-06 -1.59911300e-08  9.84615738e-10]
Selected: [5 7]
***************
***CROSSOVER***
***************
&&&&&&&&&&&&&&&&&&&&&&&&
&&TOURNAMENT SELECTION&&
&&&&&&&&&&&&&&&&&&&&&&&&
parents:
[ 6.34270430e-02 -1.55985103e-12 -2.82312213e-13  4.63176272e-11 -1.75504831e-10 -1.53275386e-15  8.52753850e-16  2.32758332e-05 -2.09441314e-06 -1.52737517e-08  9.84615738e-10]
[ 4.58309983e-02 -1.50872939e-12 -2.75221803e-13  4.63176272e-11 -1.96491368e-10 -1.53275386e-15  8.52753850e-16  2.30416191e-05 -2.09441314e-06 -1.52737517e-08  9.89871166e-10]
children:
[ 4.58309983e-02 -1.55985103e-12 -2.75221803e-13  4.63176272e-11 -1.75504831e-10 -1.53275386e-15  8.47108630e-16  2.32758332e-05 -2.09441314e-06 -1.52737517e-08  9.89871166e-10]
[ 6.34270430e-02 -1.50872939e-12 -3.53086692e-13  4.63176272e-11 -1.96491368e-10 -1.53275386e-15  8.52753850e-16  2.50193847e-05 -2.09441314e-06 -1.52737517e-08  1.07433151e-09]
Population scores:
628:[6.29832693e+10 2.31398562e+11]:[ 6.34270430e-02 -1.55985103e-12 -2.82312213e-13  4.63176272e-11 -1.75504831e-10 -1.53275386e-15  8.52753850e-16  2.32758332e-05 -2.09441314e-06 -1.52737517e-08  9.84615738e-10]:11.376023497327935
618:[4.15269881e+10 2.66243326e+11]:[ 4.58309983e-02 -1.50872939e-12 -2.75221803e-13  4.63176272e-11 -1.96491368e-10 -1.53275386e-15  8.52753850e-16  2.30416191e-05 -2.09441314e-06 -1.52737517e-08  9.89871166e-10]:11.432000302369428
651:[3.57219882e+10 2.89088189e+11]:[ 4.58309983e-02 -1.55985103e-12 -2.75221803e-13  4.63176272e-11 -1.75504831e-10 -1.53275386e-15  8.47108630e-16  2.32758332e-05 -2.09441314e-06 -1.52737517e-08  9.89871166e-10]:11.466363943993104
652:[4.25602233e+12 1.03974105e+13]:[ 6.34270430e-02 -1.50872939e-12 -3.53086692e-13  4.63176272e-11 -1.96491368e-10 -1.53275386e-15  8.52753850e-16  2.50193847e-05 -2.09441314e-06 -1.52737517e-08  1.07433151e-09]:13.034348171346451
Selected for new population:
[ 6.34270430e-02 -1.55985103e-12 -2.82312213e-13  4.63176272e-11 -1.75504831e-10 -1.53275386e-15  8.52753850e-16  2.32758332e-05 -2.09441314e-06 -1.52737517e-08  9.84615738e-10]
[ 4.58309983e-02 -1.50872939e-12 -2.75221803e-13  4.63176272e-11 -1.96491368e-10 -1.53275386e-15  8.52753850e-16  2.30416191e-05 -2.09441314e-06 -1.52737517e-08  9.89871166e-10]
Selected: [4 3]
***************
***CROSSOVER***
***************
&&&&&&&&&&&&&&&&&&&&&&&&
&&TOURNAMENT SELECTION&&
&&&&&&&&&&&&&&&&&&&&&&&&
parents:
[ 4.58309983e-02 -1.50872939e-12 -2.75221803e-13  4.58504353e-11 -1.96737310e-10 -1.53275386e-15  8.52753850e-16  2.30416191e-05 -2.09441314e-06 -1.52737517e-08  9.84615738e-10]
[ 4.67512742e-02 -1.53956031e-12 -2.82312213e-13  4.58504353e-11 -2.05712207e-10 -1.54923250e-15  8.49159076e-16  2.37048317e-05 -2.08811178e-06 -1.59062126e-08  9.84615738e-10]
children:
[ 4.67512742e-02 -1.53956031e-12 -2.82312213e-13  4.58504353e-11 -2.05712207e-10 -1.54923250e-15  8.52753850e-16  2.64800379e-05 -2.09441314e-06 -1.59062126e-08  9.84615738e-10]
[ 4.58309983e-02 -1.50872939e-12 -2.75221803e-13  4.58504353e-11 -1.96737310e-10 -1.53275386e-15  8.49159076e-16  2.30416191e-05 -2.08811178e-06 -1.52737517e-08  9.84615738e-10]
Population scores:
541:[1.29481870e+11 2.20898437e+11]:[ 4.67512742e-02 -1.53956031e-12 -2.82312213e-13  4.58504353e-11 -2.05712207e-10 -1.54923250e-15  8.49159076e-16  2.37048317e-05 -2.08811178e-06 -1.59062126e-08  9.84615738e-10]:11.368931105283053
629:[7.83124620e+10 2.27479472e+11]:[ 4.58309983e-02 -1.50872939e-12 -2.75221803e-13  4.58504353e-11 -1.96737310e-10 -1.53275386e-15  8.52753850e-16  2.30416191e-05 -2.09441314e-06 -1.52737517e-08  9.84615738e-10]:11.371641709773462
654:[5.52471312e+10 2.37050038e+11]:[ 4.58309983e-02 -1.50872939e-12 -2.75221803e-13  4.58504353e-11 -1.96737310e-10 -1.53275386e-15  8.49159076e-16  2.30416191e-05 -2.08811178e-06 -1.52737517e-08  9.84615738e-10]:11.384845595066697
653:[7.38670071e+10 4.67601167e+11]:[ 4.67512742e-02 -1.53956031e-12 -2.82312213e-13  4.58504353e-11 -2.05712207e-10 -1.54923250e-15  8.52753850e-16  2.64800379e-05 -2.09441314e-06 -1.59062126e-08  9.84615738e-10]:11.676682517184355
Selected for new population:
[ 4.67512742e-02 -1.53956031e-12 -2.82312213e-13  4.58504353e-11 -2.05712207e-10 -1.54923250e-15  8.49159076e-16  2.37048317e-05 -2.08811178e-06 -1.59062126e-08  9.84615738e-10]
[ 4.58309983e-02 -1.50872939e-12 -2.75221803e-13  4.58504353e-11 -1.96737310e-10 -1.53275386e-15  8.52753850e-16  2.30416191e-05 -2.09441314e-06 -1.52737517e-08  9.84615738e-10]
Population scores:
631:[7.47153572e+10 1.94050765e+11]:[ 4.58309983e-02 -1.50872939e-12 -2.82312213e-13  4.63176272e-11 -2.01166195e-10 -1.90341609e-15  8.52753850e-16  2.37259063e-05 -2.06633788e-06 -1.59911300e-08  9.89871166e-10]:11.304323111723887
614:[1.41831720e+11 1.87655998e+11]:[ 6.34270430e-02 -1.55985103e-12 -2.82312213e-13  5.48608786e-11 -1.75504831e-10 -1.90341609e-15  9.44937653e-16  2.37259063e-05 -2.06633788e-06 -1.59911300e-08  9.84615738e-10]:11.30500545160272
646:[5.23838486e+10 2.10975511e+11]:[ 6.34270430e-02 -1.55985103e-12 -3.40250674e-13  4.63176272e-11 -1.75504831e-10 -1.57082531e-15  8.48496288e-16  2.37259063e-05 -2.06725189e-06 -1.59911300e-08  9.84615738e-10]:11.334883601417612
649:[4.75433434e+10 2.25440021e+11]:[ 5.08719745e-02 -1.50872939e-12 -2.82312213e-13  4.63176272e-11 -2.05712207e-10 -1.54923250e-15  8.52753850e-16  2.50288437e-05 -2.08811178e-06 -1.59911300e-08  9.84615738e-10]:11.362094669564918
639:[8.61544895e+10 2.22871230e+11]:[ 4.58309983e-02 -1.50872939e-12 -2.82312213e-13  4.63176272e-11 -1.96737310e-10 -1.57082531e-15  8.48496288e-16  2.30416191e-05 -2.09441314e-06 -1.52737517e-08  9.84615738e-10]:11.364526005236389
647:[1.29481870e+11 2.20898437e+11]:[ 4.67512742e-02 -1.53956031e-12 -2.84914182e-13  4.58504353e-11 -2.05712207e-10 -1.54923250e-15  8.52753850e-16  2.37048317e-05 -2.08811178e-06 -1.59062126e-08  9.84615738e-10]:11.368931105283053
541:[1.29481870e+11 2.20898437e+11]:[ 4.67512742e-02 -1.53956031e-12 -2.82312213e-13  4.58504353e-11 -2.05712207e-10 -1.54923250e-15  8.49159076e-16  2.37048317e-05 -2.08811178e-06 -1.59062126e-08  9.84615738e-10]:11.368931105283053
629:[7.83124620e+10 2.27479472e+11]:[ 4.58309983e-02 -1.50872939e-12 -2.75221803e-13  4.58504353e-11 -1.96737310e-10 -1.53275386e-15  8.52753850e-16  2.30416191e-05 -2.09441314e-06 -1.52737517e-08  9.84615738e-10]:11.371641709773462
628:[6.29832693e+10 2.31398562e+11]:[ 6.34270430e-02 -1.55985103e-12 -2.82312213e-13  4.63176272e-11 -1.75504831e-10 -1.53275386e-15  8.52753850e-16  2.32758332e-05 -2.09441314e-06 -1.52737517e-08  9.84615738e-10]:11.376023497327935
643:[1.32996084e+11 2.38413563e+11]:[ 4.58309983e-02 -1.50872939e-12 -2.82312213e-13  4.58504353e-11 -2.05712207e-10 -1.43620660e-15  8.60233562e-16  2.37048317e-05 -2.09441314e-06 -1.59062126e-08  9.84615738e-10]:11.400905941785625
618:[4.15269881e+10 2.66243326e+11]:[ 4.58309983e-02 -1.50872939e-12 -2.75221803e-13  4.63176272e-11 -1.96491368e-10 -1.53275386e-15  8.52753850e-16  2.30416191e-05 -2.09441314e-06 -1.52737517e-08  9.89871166e-10]:11.432000302369428
621:[1.03988886e+11 8.28609460e+11]:[ 6.27921499e-02 -1.57152672e-12 -2.84431094e-13  5.44509728e-11 -1.81216125e-10 -1.83981994e-15  9.35737258e-16  2.38134302e-05 -1.97368974e-06 -1.66392741e-08  9.86278471e-10]:11.923766282562688
617:[3.25764988e+11 1.42931698e+12]:[ 4.63493090e-02 -1.58390648e-12 -2.85308224e-13  4.54168470e-11 -2.04048466e-10 -1.54001576e-15  8.51543891e-16  2.37811829e-05 -2.04680631e-06 -1.50438802e-08  9.89440361e-10]:12.164915728705298
*******************************
***iteration: 3 Population is***
*******************************
Population scores:
631:[7.47153572e+10 1.94050765e+11]:[ 4.58309983e-02 -1.50872939e-12 -2.82312213e-13  4.63176272e-11 -2.01166195e-10 -1.90341609e-15  8.52753850e-16  2.37259063e-05 -2.06633788e-06 -1.59911300e-08  9.89871166e-10]:11.304323111723887
614:[1.41831720e+11 1.87655998e+11]:[ 6.34270430e-02 -1.55985103e-12 -2.82312213e-13  5.48608786e-11 -1.75504831e-10 -1.90341609e-15  9.44937653e-16  2.37259063e-05 -2.06633788e-06 -1.59911300e-08  9.84615738e-10]:11.30500545160272
646:[5.23838486e+10 2.10975511e+11]:[ 6.34270430e-02 -1.55985103e-12 -3.40250674e-13  4.63176272e-11 -1.75504831e-10 -1.57082531e-15  8.48496288e-16  2.37259063e-05 -2.06725189e-06 -1.59911300e-08  9.84615738e-10]:11.334883601417612
649:[4.75433434e+10 2.25440021e+11]:[ 5.08719745e-02 -1.50872939e-12 -2.82312213e-13  4.63176272e-11 -2.05712207e-10 -1.54923250e-15  8.52753850e-16  2.50288437e-05 -2.08811178e-06 -1.59911300e-08  9.84615738e-10]:11.362094669564918
639:[8.61544895e+10 2.22871230e+11]:[ 4.58309983e-02 -1.50872939e-12 -2.82312213e-13  4.63176272e-11 -1.96737310e-10 -1.57082531e-15  8.48496288e-16  2.30416191e-05 -2.09441314e-06 -1.52737517e-08  9.84615738e-10]:11.364526005236389
647:[1.29481870e+11 2.20898437e+11]:[ 4.67512742e-02 -1.53956031e-12 -2.84914182e-13  4.58504353e-11 -2.05712207e-10 -1.54923250e-15  8.52753850e-16  2.37048317e-05 -2.08811178e-06 -1.59062126e-08  9.84615738e-10]:11.368931105283053
541:[1.29481870e+11 2.20898437e+11]:[ 4.67512742e-02 -1.53956031e-12 -2.82312213e-13  4.58504353e-11 -2.05712207e-10 -1.54923250e-15  8.49159076e-16  2.37048317e-05 -2.08811178e-06 -1.59062126e-08  9.84615738e-10]:11.368931105283053
629:[7.83124620e+10 2.27479472e+11]:[ 4.58309983e-02 -1.50872939e-12 -2.75221803e-13  4.58504353e-11 -1.96737310e-10 -1.53275386e-15  8.52753850e-16  2.30416191e-05 -2.09441314e-06 -1.52737517e-08  9.84615738e-10]:11.371641709773462
628:[6.29832693e+10 2.31398562e+11]:[ 6.34270430e-02 -1.55985103e-12 -2.82312213e-13  4.63176272e-11 -1.75504831e-10 -1.53275386e-15  8.52753850e-16  2.32758332e-05 -2.09441314e-06 -1.52737517e-08  9.84615738e-10]:11.376023497327935
643:[1.32996084e+11 2.38413563e+11]:[ 4.58309983e-02 -1.50872939e-12 -2.82312213e-13  4.58504353e-11 -2.05712207e-10 -1.43620660e-15  8.60233562e-16  2.37048317e-05 -2.09441314e-06 -1.59062126e-08  9.84615738e-10]:11.400905941785625
Selected: [1 3]
***************
***CROSSOVER***
***************
&&&&&&&&&&&&&&&&&&&&&&&&
&&TOURNAMENT SELECTION&&
&&&&&&&&&&&&&&&&&&&&&&&&
parents:
[ 6.34270430e-02 -1.55985103e-12 -2.82312213e-13  5.48608786e-11 -1.75504831e-10 -1.90341609e-15  9.44937653e-16  2.37259063e-05 -2.06633788e-06 -1.59911300e-08  9.84615738e-10]
[ 5.08719745e-02 -1.50872939e-12 -2.82312213e-13  4.63176272e-11 -2.05712207e-10 -1.54923250e-15  8.52753850e-16  2.50288437e-05 -2.08811178e-06 -1.59911300e-08  9.84615738e-10]
children:
[ 6.34270430e-02 -1.50872939e-12 -2.55086843e-13  4.63176272e-11 -2.05712207e-10 -1.54923250e-15  8.52753850e-16  3.09980538e-05 -1.46082602e-06 -1.59911300e-08  9.84615738e-10]
[ 5.07654286e-02 -1.47136076e-12 -2.38006131e-13  5.48608786e-11 -1.75504831e-10 -1.90341609e-15  9.44937653e-16  2.37259063e-05 -2.08811178e-06 -1.59911300e-08  9.84615738e-10]
Population scores:
614:[1.41831720e+11 1.87655998e+11]:[ 6.34270430e-02 -1.55985103e-12 -2.82312213e-13  5.48608786e-11 -1.75504831e-10 -1.90341609e-15  9.44937653e-16  2.37259063e-05 -2.06633788e-06 -1.59911300e-08  9.84615738e-10]:11.30500545160272
649:[4.75433434e+10 2.25440021e+11]:[ 5.08719745e-02 -1.50872939e-12 -2.82312213e-13  4.63176272e-11 -2.05712207e-10 -1.54923250e-15  8.52753850e-16  2.50288437e-05 -2.08811178e-06 -1.59911300e-08  9.84615738e-10]:11.362094669564918
656:[3.21450415e+11 3.05654887e+11]:[ 5.07654286e-02 -1.47136076e-12 -2.38006131e-13  5.48608786e-11 -1.75504831e-10 -1.90341609e-15  9.44937653e-16  2.37259063e-05 -2.08811178e-06 -1.59911300e-08  9.84615738e-10]:11.528659553578889
655:[4.43367579e+13 9.40959743e+13]:[ 6.34270430e-02 -1.50872939e-12 -2.55086843e-13  4.63176272e-11 -2.05712207e-10 -1.54923250e-15  8.52753850e-16  3.09980538e-05 -1.46082602e-06 -1.59911300e-08  9.84615738e-10]:13.993566940488506
Selected for new population:
[ 6.34270430e-02 -1.55985103e-12 -2.82312213e-13  5.48608786e-11 -1.75504831e-10 -1.90341609e-15  9.44937653e-16  2.37259063e-05 -2.06633788e-06 -1.59911300e-08  9.84615738e-10]
[ 5.08719745e-02 -1.50872939e-12 -2.82312213e-13  4.63176272e-11 -2.05712207e-10 -1.54923250e-15  8.52753850e-16  2.50288437e-05 -2.08811178e-06 -1.59911300e-08  9.84615738e-10]
Selected: [8 0]
***************
***CROSSOVER***
***************
&&&&&&&&&&&&&&&&&&&&&&&&
&&TOURNAMENT SELECTION&&
&&&&&&&&&&&&&&&&&&&&&&&&
parents:
[ 6.34270430e-02 -1.55985103e-12 -2.82312213e-13  4.63176272e-11 -1.75504831e-10 -1.53275386e-15  8.52753850e-16  2.32758332e-05 -2.09441314e-06 -1.52737517e-08  9.84615738e-10]
[ 4.58309983e-02 -1.50872939e-12 -2.82312213e-13  4.63176272e-11 -2.01166195e-10 -1.90341609e-15  8.52753850e-16  2.37259063e-05 -2.06633788e-06 -1.59911300e-08  9.89871166e-10]
children:
[ 6.34270430e-02 -1.50872939e-12 -2.82312213e-13  4.63176272e-11 -1.75504831e-10 -2.38002873e-15  8.52753850e-16  2.32758332e-05 -2.06633788e-06 -1.59911300e-08  9.89871166e-10]
[ 4.58309983e-02 -1.60699810e-12 -2.82312213e-13  4.63176272e-11 -2.01166195e-10 -1.90341609e-15  8.52753850e-16  2.37259063e-05 -2.09441314e-06 -1.52737517e-08  9.84615738e-10]
Population scores:
631:[7.47153572e+10 1.94050765e+11]:[ 4.58309983e-02 -1.50872939e-12 -2.82312213e-13  4.63176272e-11 -2.01166195e-10 -1.90341609e-15  8.52753850e-16  2.37259063e-05 -2.06633788e-06 -1.59911300e-08  9.89871166e-10]:11.304323111723887
658:[1.16277413e+11 1.91939193e+11]:[ 4.58309983e-02 -1.60699810e-12 -2.82312213e-13  4.63176272e-11 -2.01166195e-10 -1.90341609e-15  8.52753850e-16  2.37259063e-05 -2.09441314e-06 -1.52737517e-08  9.84615738e-10]:11.308707236515358
628:[6.29832693e+10 2.31398562e+11]:[ 6.34270430e-02 -1.55985103e-12 -2.82312213e-13  4.63176272e-11 -1.75504831e-10 -1.53275386e-15  8.52753850e-16  2.32758332e-05 -2.09441314e-06 -1.52737517e-08  9.84615738e-10]:11.376023497327935
657:[3.76875333e+11 2.79266834e+11]:[ 6.34270430e-02 -1.50872939e-12 -2.82312213e-13  4.63176272e-11 -1.75504831e-10 -2.38002873e-15  8.52753850e-16  2.32758332e-05 -2.06633788e-06 -1.59911300e-08  9.89871166e-10]:11.5009967401831
Selected for new population:
[ 4.58309983e-02 -1.50872939e-12 -2.82312213e-13  4.63176272e-11 -2.01166195e-10 -1.90341609e-15  8.52753850e-16  2.37259063e-05 -2.06633788e-06 -1.59911300e-08  9.89871166e-10]
[ 4.58309983e-02 -1.60699810e-12 -2.82312213e-13  4.63176272e-11 -2.01166195e-10 -1.90341609e-15  8.52753850e-16  2.37259063e-05 -2.09441314e-06 -1.52737517e-08  9.84615738e-10]
Selected: [6 9]
***************
***CROSSOVER***
***************
&&&&&&&&&&&&&&&&&&&&&&&&
&&TOURNAMENT SELECTION&&
&&&&&&&&&&&&&&&&&&&&&&&&
parents:
[ 4.67512742e-02 -1.53956031e-12 -2.82312213e-13  4.58504353e-11 -2.05712207e-10 -1.54923250e-15  8.49159076e-16  2.37048317e-05 -2.08811178e-06 -1.59062126e-08  9.84615738e-10]
[ 4.58309983e-02 -1.50872939e-12 -2.82312213e-13  4.58504353e-11 -2.05712207e-10 -1.43620660e-15  8.60233562e-16  2.37048317e-05 -2.09441314e-06 -1.59062126e-08  9.84615738e-10]
children:
[ 4.58309983e-02 -1.50872939e-12 -2.82312213e-13  4.58504353e-11 -2.44631631e-10 -1.54923250e-15  8.60233562e-16  2.37048317e-05 -2.09441314e-06 -1.59062126e-08  9.84615738e-10]
[ 4.67512742e-02 -1.53956031e-12 -2.82312213e-13  4.58504353e-11 -2.05712207e-10 -1.43620660e-15  8.49159076e-16  2.37048317e-05 -2.08811178e-06 -1.59062126e-08  9.84615738e-10]
Population scores:
660:[9.86050792e+10 2.22791236e+11]:[ 4.67512742e-02 -1.53956031e-12 -2.82312213e-13  4.58504353e-11 -2.05712207e-10 -1.43620660e-15  8.49159076e-16  2.37048317e-05 -2.08811178e-06 -1.59062126e-08  9.84615738e-10]:11.366706311445078
541:[1.29481870e+11 2.20898437e+11]:[ 4.67512742e-02 -1.53956031e-12 -2.82312213e-13  4.58504353e-11 -2.05712207e-10 -1.54923250e-15  8.49159076e-16  2.37048317e-05 -2.08811178e-06 -1.59062126e-08  9.84615738e-10]:11.368931105283053
643:[1.32996084e+11 2.38413563e+11]:[ 4.58309983e-02 -1.50872939e-12 -2.82312213e-13  4.58504353e-11 -2.05712207e-10 -1.43620660e-15  8.60233562e-16  2.37048317e-05 -2.09441314e-06 -1.59062126e-08  9.84615738e-10]:11.400905941785625
659:[1.70765689e+11 2.46078989e+11]:[ 4.58309983e-02 -1.50872939e-12 -2.82312213e-13  4.58504353e-11 -2.44631631e-10 -1.54923250e-15  8.60233562e-16  2.37048317e-05 -2.09441314e-06 -1.59062126e-08  9.84615738e-10]:11.420212547401757
Selected for new population:
[ 4.67512742e-02 -1.53956031e-12 -2.82312213e-13  4.58504353e-11 -2.05712207e-10 -1.43620660e-15  8.49159076e-16  2.37048317e-05 -2.08811178e-06 -1.59062126e-08  9.84615738e-10]
[ 4.67512742e-02 -1.53956031e-12 -2.82312213e-13  4.58504353e-11 -2.05712207e-10 -1.54923250e-15  8.49159076e-16  2.37048317e-05 -2.08811178e-06 -1.59062126e-08  9.84615738e-10]
Selected: [1 6]
***************
***CROSSOVER***
***************
&&&&&&&&&&&&&&&&&&&&&&&&
&&TOURNAMENT SELECTION&&
&&&&&&&&&&&&&&&&&&&&&&&&
parents:
[ 6.34270430e-02 -1.55985103e-12 -2.82312213e-13  5.48608786e-11 -1.75504831e-10 -1.90341609e-15  9.44937653e-16  2.37259063e-05 -2.06633788e-06 -1.59911300e-08  9.84615738e-10]
[ 4.67512742e-02 -1.53956031e-12 -2.82312213e-13  4.58504353e-11 -2.05712207e-10 -1.54923250e-15  8.49159076e-16  2.37048317e-05 -2.08811178e-06 -1.59062126e-08  9.84615738e-10]
children:
[ 6.34270430e-02 -1.53956031e-12 -2.82312213e-13  4.58504353e-11 -2.05712207e-10 -1.54923250e-15  9.44937653e-16  2.17402647e-05 -2.06633788e-06 -1.59062126e-08  8.99064607e-10]
[ 4.67512742e-02 -1.71282384e-12 -2.73316422e-13  5.48608786e-11 -1.75504831e-10 -1.90341609e-15  8.49159076e-16  2.37259063e-05 -2.08811178e-06 -1.59911300e-08  9.84615738e-10]
Population scores:
614:[1.41831720e+11 1.87655998e+11]:[ 6.34270430e-02 -1.55985103e-12 -2.82312213e-13  5.48608786e-11 -1.75504831e-10 -1.90341609e-15  9.44937653e-16  2.37259063e-05 -2.06633788e-06 -1.59911300e-08  9.84615738e-10]:11.30500545160272
541:[1.29481870e+11 2.20898437e+11]:[ 4.67512742e-02 -1.53956031e-12 -2.82312213e-13  4.58504353e-11 -2.05712207e-10 -1.54923250e-15  8.49159076e-16  2.37048317e-05 -2.08811178e-06 -1.59062126e-08  9.84615738e-10]:11.368931105283053
662:[3.21450417e+11 3.05654889e+11]:[ 4.67512742e-02 -1.71282384e-12 -2.73316422e-13  5.48608786e-11 -1.75504831e-10 -1.90341609e-15  8.49159076e-16  2.37259063e-05 -2.08811178e-06 -1.59911300e-08  9.84615738e-10]:11.528659556548057
661:[5.34552741e+12 8.30389440e+12]:[ 6.34270430e-02 -1.53956031e-12 -2.82312213e-13  4.58504353e-11 -2.05712207e-10 -1.54923250e-15  9.44937653e-16  2.17402647e-05 -2.06633788e-06 -1.59062126e-08  8.99064607e-10]:12.946375969003814
Selected for new population:
[ 6.34270430e-02 -1.55985103e-12 -2.82312213e-13  5.48608786e-11 -1.75504831e-10 -1.90341609e-15  9.44937653e-16  2.37259063e-05 -2.06633788e-06 -1.59911300e-08  9.84615738e-10]
[ 4.67512742e-02 -1.53956031e-12 -2.82312213e-13  4.58504353e-11 -2.05712207e-10 -1.54923250e-15  8.49159076e-16  2.37048317e-05 -2.08811178e-06 -1.59062126e-08  9.84615738e-10]
Selected: [6 0]
***************
***CROSSOVER***
***************
&&&&&&&&&&&&&&&&&&&&&&&&
&&TOURNAMENT SELECTION&&
&&&&&&&&&&&&&&&&&&&&&&&&
parents:
[ 4.67512742e-02 -1.53956031e-12 -2.82312213e-13  4.58504353e-11 -2.05712207e-10 -1.54923250e-15  8.49159076e-16  2.37048317e-05 -2.08811178e-06 -1.59062126e-08  9.84615738e-10]
[ 4.58309983e-02 -1.50872939e-12 -2.82312213e-13  4.63176272e-11 -2.01166195e-10 -1.90341609e-15  8.52753850e-16  2.37259063e-05 -2.06633788e-06 -1.59911300e-08  9.89871166e-10]
children:
[ 4.58309983e-02 -1.53956031e-12 -2.29200873e-13  4.63176272e-11 -1.65188824e-10 -1.54923250e-15  8.52753850e-16  2.37259063e-05 -2.06633788e-06 -1.59662640e-08  9.12011600e-10]
[ 4.67512742e-02 -1.50872939e-12 -2.82312213e-13  4.58504353e-11 -2.05712207e-10 -1.90341609e-15  8.49159076e-16  2.37048317e-05 -2.08811178e-06 -1.53550785e-08  9.89871166e-10]
Population scores:
631:[7.47153572e+10 1.94050765e+11]:[ 4.58309983e-02 -1.50872939e-12 -2.82312213e-13  4.63176272e-11 -2.01166195e-10 -1.90341609e-15  8.52753850e-16  2.37259063e-05 -2.06633788e-06 -1.59911300e-08  9.89871166e-10]:11.304323111723887
541:[1.29481870e+11 2.20898437e+11]:[ 4.67512742e-02 -1.53956031e-12 -2.82312213e-13  4.58504353e-11 -2.05712207e-10 -1.54923250e-15  8.49159076e-16  2.37048317e-05 -2.08811178e-06 -1.59062126e-08  9.84615738e-10]:11.368931105283053
664:[5.27498384e+10 2.30873032e+11]:[ 4.67512742e-02 -1.50872939e-12 -2.82312213e-13  4.58504353e-11 -2.05712207e-10 -1.90341609e-15  8.49159076e-16  2.37048317e-05 -2.08811178e-06 -1.53550785e-08  9.89871166e-10]:11.373184301332845
663:[2.89783615e+12 4.09760789e+12]:[ 4.58309983e-02 -1.53956031e-12 -2.29200873e-13  4.63176272e-11 -1.65188824e-10 -1.54923250e-15  8.52753850e-16  2.37259063e-05 -2.06633788e-06 -1.59662640e-08  9.12011600e-10]:12.642206389672111
Selected for new population:
[ 4.58309983e-02 -1.50872939e-12 -2.82312213e-13  4.63176272e-11 -2.01166195e-10 -1.90341609e-15  8.52753850e-16  2.37259063e-05 -2.06633788e-06 -1.59911300e-08  9.89871166e-10]
[ 4.67512742e-02 -1.53956031e-12 -2.82312213e-13  4.58504353e-11 -2.05712207e-10 -1.54923250e-15  8.49159076e-16  2.37048317e-05 -2.08811178e-06 -1.59062126e-08  9.84615738e-10]
Population scores:
631:[7.47153572e+10 1.94050765e+11]:[ 4.58309983e-02 -1.50872939e-12 -2.82312213e-13  4.63176272e-11 -2.01166195e-10 -1.90341609e-15  8.52753850e-16  2.37259063e-05 -2.06633788e-06 -1.59911300e-08  9.89871166e-10]:11.304323111723887
614:[1.41831720e+11 1.87655998e+11]:[ 6.34270430e-02 -1.55985103e-12 -2.82312213e-13  5.48608786e-11 -1.75504831e-10 -1.90341609e-15  9.44937653e-16  2.37259063e-05 -2.06633788e-06 -1.59911300e-08  9.84615738e-10]:11.30500545160272
658:[1.16277413e+11 1.91939193e+11]:[ 4.58309983e-02 -1.60699810e-12 -2.82312213e-13  4.63176272e-11 -2.01166195e-10 -1.90341609e-15  8.52753850e-16  2.37259063e-05 -2.09441314e-06 -1.52737517e-08  9.84615738e-10]:11.308707236515358
646:[5.23838486e+10 2.10975511e+11]:[ 6.34270430e-02 -1.55985103e-12 -3.40250674e-13  4.63176272e-11 -1.75504831e-10 -1.57082531e-15  8.48496288e-16  2.37259063e-05 -2.06725189e-06 -1.59911300e-08  9.84615738e-10]:11.334883601417612
649:[4.75433434e+10 2.25440021e+11]:[ 5.08719745e-02 -1.50872939e-12 -2.82312213e-13  4.63176272e-11 -2.05712207e-10 -1.54923250e-15  8.52753850e-16  2.50288437e-05 -2.08811178e-06 -1.59911300e-08  9.84615738e-10]:11.362094669564918
639:[8.61544895e+10 2.22871230e+11]:[ 4.58309983e-02 -1.50872939e-12 -2.82312213e-13  4.63176272e-11 -1.96737310e-10 -1.57082531e-15  8.48496288e-16  2.30416191e-05 -2.09441314e-06 -1.52737517e-08  9.84615738e-10]:11.364526005236389
660:[9.86050792e+10 2.22791236e+11]:[ 4.67512742e-02 -1.53956031e-12 -2.82312213e-13  4.58504353e-11 -2.05712207e-10 -1.43620660e-15  8.49159076e-16  2.37048317e-05 -2.08811178e-06 -1.59062126e-08  9.84615738e-10]:11.366706311445078
647:[1.29481870e+11 2.20898437e+11]:[ 4.67512742e-02 -1.53956031e-12 -2.84914182e-13  4.58504353e-11 -2.05712207e-10 -1.54923250e-15  8.52753850e-16  2.37048317e-05 -2.08811178e-06 -1.59062126e-08  9.84615738e-10]:11.368931105283053
541:[1.29481870e+11 2.20898437e+11]:[ 4.67512742e-02 -1.53956031e-12 -2.82312213e-13  4.58504353e-11 -2.05712207e-10 -1.54923250e-15  8.49159076e-16  2.37048317e-05 -2.08811178e-06 -1.59062126e-08  9.84615738e-10]:11.368931105283053
629:[7.83124620e+10 2.27479472e+11]:[ 4.58309983e-02 -1.50872939e-12 -2.75221803e-13  4.58504353e-11 -1.96737310e-10 -1.53275386e-15  8.52753850e-16  2.30416191e-05 -2.09441314e-06 -1.52737517e-08  9.84615738e-10]:11.371641709773462
628:[6.29832693e+10 2.31398562e+11]:[ 6.34270430e-02 -1.55985103e-12 -2.82312213e-13  4.63176272e-11 -1.75504831e-10 -1.53275386e-15  8.52753850e-16  2.32758332e-05 -2.09441314e-06 -1.52737517e-08  9.84615738e-10]:11.376023497327935
643:[1.32996084e+11 2.38413563e+11]:[ 4.58309983e-02 -1.50872939e-12 -2.82312213e-13  4.58504353e-11 -2.05712207e-10 -1.43620660e-15  8.60233562e-16  2.37048317e-05 -2.09441314e-06 -1.59062126e-08  9.84615738e-10]:11.400905941785625
*******************************
***iteration: 4 Population is***
*******************************
Population scores:
631:[7.47153572e+10 1.94050765e+11]:[ 4.58309983e-02 -1.50872939e-12 -2.82312213e-13  4.63176272e-11 -2.01166195e-10 -1.90341609e-15  8.52753850e-16  2.37259063e-05 -2.06633788e-06 -1.59911300e-08  9.89871166e-10]:11.304323111723887
614:[1.41831720e+11 1.87655998e+11]:[ 6.34270430e-02 -1.55985103e-12 -2.82312213e-13  5.48608786e-11 -1.75504831e-10 -1.90341609e-15  9.44937653e-16  2.37259063e-05 -2.06633788e-06 -1.59911300e-08  9.84615738e-10]:11.30500545160272
658:[1.16277413e+11 1.91939193e+11]:[ 4.58309983e-02 -1.60699810e-12 -2.82312213e-13  4.63176272e-11 -2.01166195e-10 -1.90341609e-15  8.52753850e-16  2.37259063e-05 -2.09441314e-06 -1.52737517e-08  9.84615738e-10]:11.308707236515358
646:[5.23838486e+10 2.10975511e+11]:[ 6.34270430e-02 -1.55985103e-12 -3.40250674e-13  4.63176272e-11 -1.75504831e-10 -1.57082531e-15  8.48496288e-16  2.37259063e-05 -2.06725189e-06 -1.59911300e-08  9.84615738e-10]:11.334883601417612
649:[4.75433434e+10 2.25440021e+11]:[ 5.08719745e-02 -1.50872939e-12 -2.82312213e-13  4.63176272e-11 -2.05712207e-10 -1.54923250e-15  8.52753850e-16  2.50288437e-05 -2.08811178e-06 -1.59911300e-08  9.84615738e-10]:11.362094669564918
639:[8.61544895e+10 2.22871230e+11]:[ 4.58309983e-02 -1.50872939e-12 -2.82312213e-13  4.63176272e-11 -1.96737310e-10 -1.57082531e-15  8.48496288e-16  2.30416191e-05 -2.09441314e-06 -1.52737517e-08  9.84615738e-10]:11.364526005236389
660:[9.86050792e+10 2.22791236e+11]:[ 4.67512742e-02 -1.53956031e-12 -2.82312213e-13  4.58504353e-11 -2.05712207e-10 -1.43620660e-15  8.49159076e-16  2.37048317e-05 -2.08811178e-06 -1.59062126e-08  9.84615738e-10]:11.366706311445078
647:[1.29481870e+11 2.20898437e+11]:[ 4.67512742e-02 -1.53956031e-12 -2.84914182e-13  4.58504353e-11 -2.05712207e-10 -1.54923250e-15  8.52753850e-16  2.37048317e-05 -2.08811178e-06 -1.59062126e-08  9.84615738e-10]:11.368931105283053
541:[1.29481870e+11 2.20898437e+11]:[ 4.67512742e-02 -1.53956031e-12 -2.82312213e-13  4.58504353e-11 -2.05712207e-10 -1.54923250e-15  8.49159076e-16  2.37048317e-05 -2.08811178e-06 -1.59062126e-08  9.84615738e-10]:11.368931105283053
629:[7.83124620e+10 2.27479472e+11]:[ 4.58309983e-02 -1.50872939e-12 -2.75221803e-13  4.58504353e-11 -1.96737310e-10 -1.53275386e-15  8.52753850e-16  2.30416191e-05 -2.09441314e-06 -1.52737517e-08  9.84615738e-10]:11.371641709773462
Selected: [9 2]
***************
***CROSSOVER***
***************
&&&&&&&&&&&&&&&&&&&&&&&&
&&TOURNAMENT SELECTION&&
&&&&&&&&&&&&&&&&&&&&&&&&
parents:
[ 4.58309983e-02 -1.50872939e-12 -2.75221803e-13  4.58504353e-11 -1.96737310e-10 -1.53275386e-15  8.52753850e-16  2.30416191e-05 -2.09441314e-06 -1.52737517e-08  9.84615738e-10]
[ 4.58309983e-02 -1.60699810e-12 -2.82312213e-13  4.63176272e-11 -2.01166195e-10 -1.90341609e-15  8.52753850e-16  2.37259063e-05 -2.09441314e-06 -1.52737517e-08  9.84615738e-10]
children:
[ 4.58309983e-02 -1.50872939e-12 -2.82312213e-13  4.75986559e-11 -2.01166195e-10 -1.53275386e-15  8.52753850e-16  2.37259063e-05 -2.06393552e-06 -1.52737517e-08  9.84615738e-10]
[ 4.58309983e-02 -1.60699810e-12 -2.75221803e-13  4.63176272e-11 -1.96737310e-10 -1.90341609e-15  8.52753850e-16  2.30416191e-05 -2.09441314e-06 -1.52737517e-08  9.84615738e-10]
Population scores:
658:[1.16277413e+11 1.91939193e+11]:[ 4.58309983e-02 -1.60699810e-12 -2.82312213e-13  4.63176272e-11 -2.01166195e-10 -1.90341609e-15  8.52753850e-16  2.37259063e-05 -2.09441314e-06 -1.52737517e-08  9.84615738e-10]:11.308707236515358
629:[7.83124620e+10 2.27479472e+11]:[ 4.58309983e-02 -1.50872939e-12 -2.75221803e-13  4.58504353e-11 -1.96737310e-10 -1.53275386e-15  8.52753850e-16  2.30416191e-05 -2.09441314e-06 -1.52737517e-08  9.84615738e-10]:11.371641709773462
666:[1.99858605e+11 2.28605987e+11]:[ 4.58309983e-02 -1.60699810e-12 -2.75221803e-13  4.63176272e-11 -1.96737310e-10 -1.90341609e-15  8.52753850e-16  2.30416191e-05 -2.09441314e-06 -1.52737517e-08  9.84615738e-10]:11.395486881223334
665:[6.18086906e+10 5.64029967e+11]:[ 4.58309983e-02 -1.50872939e-12 -2.82312213e-13  4.75986559e-11 -2.01166195e-10 -1.53275386e-15  8.52753850e-16  2.37259063e-05 -2.06393552e-06 -1.52737517e-08  9.84615738e-10]:11.756035466297009
Selected for new population:
[ 4.58309983e-02 -1.60699810e-12 -2.82312213e-13  4.63176272e-11 -2.01166195e-10 -1.90341609e-15  8.52753850e-16  2.37259063e-05 -2.09441314e-06 -1.52737517e-08  9.84615738e-10]
[ 4.58309983e-02 -1.50872939e-12 -2.75221803e-13  4.58504353e-11 -1.96737310e-10 -1.53275386e-15  8.52753850e-16  2.30416191e-05 -2.09441314e-06 -1.52737517e-08  9.84615738e-10]
Selected: [5 6]
***************
***CROSSOVER***
***************
&&&&&&&&&&&&&&&&&&&&&&&&
&&TOURNAMENT SELECTION&&
&&&&&&&&&&&&&&&&&&&&&&&&
parents:
[ 4.58309983e-02 -1.50872939e-12 -2.82312213e-13  4.63176272e-11 -1.96737310e-10 -1.57082531e-15  8.48496288e-16  2.30416191e-05 -2.09441314e-06 -1.52737517e-08  9.84615738e-10]
[ 4.67512742e-02 -1.53956031e-12 -2.82312213e-13  4.58504353e-11 -2.05712207e-10 -1.43620660e-15  8.49159076e-16  2.37048317e-05 -2.08811178e-06 -1.59062126e-08  9.84615738e-10]
children:
[ 4.58309983e-02 -1.62787165e-12 -2.82312213e-13  4.67250670e-11 -2.05712207e-10 -1.43620660e-15  8.48496288e-16  2.37048317e-05 -2.08811178e-06 -1.52737517e-08  9.84615738e-10]
[ 4.67512742e-02 -1.50872939e-12 -2.82312213e-13  4.63176272e-11 -1.96737310e-10 -1.43959477e-15  8.49159076e-16  2.30416191e-05 -2.09441314e-06 -1.59062126e-08  9.84615738e-10]
Population scores:
639:[8.61544895e+10 2.22871230e+11]:[ 4.58309983e-02 -1.50872939e-12 -2.82312213e-13  4.63176272e-11 -1.96737310e-10 -1.57082531e-15  8.48496288e-16  2.30416191e-05 -2.09441314e-06 -1.52737517e-08  9.84615738e-10]:11.364526005236389
660:[9.86050792e+10 2.22791236e+11]:[ 4.67512742e-02 -1.53956031e-12 -2.82312213e-13  4.58504353e-11 -2.05712207e-10 -1.43620660e-15  8.49159076e-16  2.37048317e-05 -2.08811178e-06 -1.59062126e-08  9.84615738e-10]:11.366706311445078
667:[3.89713424e+10 3.38217800e+11]:[ 4.58309983e-02 -1.62787165e-12 -2.82312213e-13  4.67250670e-11 -2.05712207e-10 -1.43620660e-15  8.48496288e-16  2.37048317e-05 -2.08811178e-06 -1.52737517e-08  9.84615738e-10]:11.534172033193705
668:[2.24375379e+11 3.24885019e+11]:[ 4.67512742e-02 -1.50872939e-12 -2.82312213e-13  4.63176272e-11 -1.96737310e-10 -1.43959477e-15  8.49159076e-16  2.30416191e-05 -2.09441314e-06 -1.59062126e-08  9.84615738e-10]:11.540732989659904
Selected for new population:
[ 4.58309983e-02 -1.50872939e-12 -2.82312213e-13  4.63176272e-11 -1.96737310e-10 -1.57082531e-15  8.48496288e-16  2.30416191e-05 -2.09441314e-06 -1.52737517e-08  9.84615738e-10]
[ 4.67512742e-02 -1.53956031e-12 -2.82312213e-13  4.58504353e-11 -2.05712207e-10 -1.43620660e-15  8.49159076e-16  2.37048317e-05 -2.08811178e-06 -1.59062126e-08  9.84615738e-10]
Selected: [9 5]
***************
***CROSSOVER***
***************
&&&&&&&&&&&&&&&&&&&&&&&&
&&TOURNAMENT SELECTION&&
&&&&&&&&&&&&&&&&&&&&&&&&
parents:
[ 4.58309983e-02 -1.50872939e-12 -2.75221803e-13  4.58504353e-11 -1.96737310e-10 -1.53275386e-15  8.52753850e-16  2.30416191e-05 -2.09441314e-06 -1.52737517e-08  9.84615738e-10]
[ 4.58309983e-02 -1.50872939e-12 -2.82312213e-13  4.63176272e-11 -1.96737310e-10 -1.57082531e-15  8.48496288e-16  2.30416191e-05 -2.09441314e-06 -1.52737517e-08  9.84615738e-10]
children:
[ 4.58309983e-02 -1.50872939e-12 -3.34540456e-13  4.63176272e-11 -1.29540391e-10 -1.53275386e-15  8.43870972e-16  2.30416191e-05 -2.09441314e-06 -1.52737517e-08  9.84615738e-10]
[ 4.58309983e-02 -1.49197857e-12 -2.82312213e-13  4.58504353e-11 -2.48353130e-10 -1.57082531e-15  8.52753850e-16  2.30416191e-05 -2.09441314e-06 -1.52737517e-08  9.84615738e-10]
Population scores:
639:[8.61544895e+10 2.22871230e+11]:[ 4.58309983e-02 -1.50872939e-12 -2.82312213e-13  4.63176272e-11 -1.96737310e-10 -1.57082531e-15  8.48496288e-16  2.30416191e-05 -2.09441314e-06 -1.52737517e-08  9.84615738e-10]:11.364526005236389
670:[8.61544896e+10 2.22871231e+11]:[ 4.58309983e-02 -1.49197857e-12 -2.82312213e-13  4.58504353e-11 -2.48353130e-10 -1.57082531e-15  8.52753850e-16  2.30416191e-05 -2.09441314e-06 -1.52737517e-08  9.84615738e-10]:11.364526005294483
669:[7.83124619e+10 2.27479472e+11]:[ 4.58309983e-02 -1.50872939e-12 -3.34540456e-13  4.63176272e-11 -1.29540391e-10 -1.53275386e-15  8.43870972e-16  2.30416191e-05 -2.09441314e-06 -1.52737517e-08  9.84615738e-10]:11.371641709710943
629:[7.83124620e+10 2.27479472e+11]:[ 4.58309983e-02 -1.50872939e-12 -2.75221803e-13  4.58504353e-11 -1.96737310e-10 -1.53275386e-15  8.52753850e-16  2.30416191e-05 -2.09441314e-06 -1.52737517e-08  9.84615738e-10]:11.371641709773462
Selected for new population:
[ 4.58309983e-02 -1.50872939e-12 -2.82312213e-13  4.63176272e-11 -1.96737310e-10 -1.57082531e-15  8.48496288e-16  2.30416191e-05 -2.09441314e-06 -1.52737517e-08  9.84615738e-10]
[ 4.58309983e-02 -1.49197857e-12 -2.82312213e-13  4.58504353e-11 -2.48353130e-10 -1.57082531e-15  8.52753850e-16  2.30416191e-05 -2.09441314e-06 -1.52737517e-08  9.84615738e-10]
Selected: [2 6]
***************
***CROSSOVER***
***************
&&&&&&&&&&&&&&&&&&&&&&&&
&&TOURNAMENT SELECTION&&
&&&&&&&&&&&&&&&&&&&&&&&&
parents:
[ 4.58309983e-02 -1.60699810e-12 -2.82312213e-13  4.63176272e-11 -2.01166195e-10 -1.90341609e-15  8.52753850e-16  2.37259063e-05 -2.09441314e-06 -1.52737517e-08  9.84615738e-10]
[ 4.67512742e-02 -1.53956031e-12 -2.82312213e-13  4.58504353e-11 -2.05712207e-10 -1.43620660e-15  8.49159076e-16  2.37048317e-05 -2.08811178e-06 -1.59062126e-08  9.84615738e-10]
children:
[ 4.67512742e-02 -1.60699810e-12 -2.82312213e-13  4.63176272e-11 -2.05712207e-10 -1.90341609e-15  8.49159076e-16  2.37048317e-05 -2.08811178e-06 -1.59062126e-08  9.84615738e-10]
[ 4.65737051e-02 -1.53956031e-12 -2.85748313e-13  5.05853647e-11 -2.01166195e-10 -1.46892992e-15  8.52753850e-16  2.31844373e-05 -2.02677109e-06 -1.52737517e-08  9.82054151e-10]
Population scores:
658:[1.16277413e+11 1.91939193e+11]:[ 4.58309983e-02 -1.60699810e-12 -2.82312213e-13  4.63176272e-11 -2.01166195e-10 -1.90341609e-15  8.52753850e-16  2.37259063e-05 -2.09441314e-06 -1.52737517e-08  9.84615738e-10]:11.308707236515358
660:[9.86050792e+10 2.22791236e+11]:[ 4.67512742e-02 -1.53956031e-12 -2.82312213e-13  4.58504353e-11 -2.05712207e-10 -1.43620660e-15  8.49159076e-16  2.37048317e-05 -2.08811178e-06 -1.59062126e-08  9.84615738e-10]:11.366706311445078
671:[2.86906376e+11 2.76702671e+11]:[ 4.67512742e-02 -1.60699810e-12 -2.82312213e-13  4.63176272e-11 -2.05712207e-10 -1.90341609e-15  8.49159076e-16  2.37048317e-05 -2.08811178e-06 -1.59062126e-08  9.84615738e-10]:11.484859516683661
672:[1.81349158e+11 9.90417999e+11]:[ 4.65737051e-02 -1.53956031e-12 -2.85748313e-13  5.05853647e-11 -2.01166195e-10 -1.46892992e-15  8.52753850e-16  2.31844373e-05 -2.02677109e-06 -1.52737517e-08  9.82054151e-10]:12.003698688946475
Selected for new population:
[ 4.58309983e-02 -1.60699810e-12 -2.82312213e-13  4.63176272e-11 -2.01166195e-10 -1.90341609e-15  8.52753850e-16  2.37259063e-05 -2.09441314e-06 -1.52737517e-08  9.84615738e-10]
[ 4.67512742e-02 -1.53956031e-12 -2.82312213e-13  4.58504353e-11 -2.05712207e-10 -1.43620660e-15  8.49159076e-16  2.37048317e-05 -2.08811178e-06 -1.59062126e-08  9.84615738e-10]
Selected: [1 2]
***************
***CROSSOVER***
***************
&&&&&&&&&&&&&&&&&&&&&&&&
&&TOURNAMENT SELECTION&&
&&&&&&&&&&&&&&&&&&&&&&&&
parents:
[ 6.34270430e-02 -1.55985103e-12 -2.82312213e-13  5.48608786e-11 -1.75504831e-10 -1.90341609e-15  9.44937653e-16  2.37259063e-05 -2.06633788e-06 -1.59911300e-08  9.84615738e-10]
[ 4.58309983e-02 -1.60699810e-12 -2.82312213e-13  4.63176272e-11 -2.01166195e-10 -1.90341609e-15  8.52753850e-16  2.37259063e-05 -2.09441314e-06 -1.52737517e-08  9.84615738e-10]
children:
[ 6.34270430e-02 -1.55985103e-12 -2.83507506e-13  4.63176272e-11 -2.01166195e-10 -1.90341609e-15  8.52753850e-16  2.46401611e-05 -2.13122953e-06 -1.52737517e-08  9.84615738e-10]
[ 4.24065423e-02 -1.60699810e-12 -2.82312213e-13  5.48608786e-11 -1.75504831e-10 -1.90341609e-15  9.44937653e-16  2.37259063e-05 -2.09441314e-06 -1.59911300e-08  9.88007248e-10]
Population scores:
614:[1.41831720e+11 1.87655998e+11]:[ 6.34270430e-02 -1.55985103e-12 -2.82312213e-13  5.48608786e-11 -1.75504831e-10 -1.90341609e-15  9.44937653e-16  2.37259063e-05 -2.06633788e-06 -1.59911300e-08  9.84615738e-10]:11.30500545160272
658:[1.16277413e+11 1.91939193e+11]:[ 4.58309983e-02 -1.60699810e-12 -2.82312213e-13  4.63176272e-11 -2.01166195e-10 -1.90341609e-15  8.52753850e-16  2.37259063e-05 -2.09441314e-06 -1.52737517e-08  9.84615738e-10]:11.308707236515358
673:[2.62908036e+11 2.33225037e+11]:[ 6.34270430e-02 -1.55985103e-12 -2.83507506e-13  4.63176272e-11 -2.01166195e-10 -1.90341609e-15  8.52753850e-16  2.46401611e-05 -2.13122953e-06 -1.52737517e-08  9.84615738e-10]:11.414163871158005
674:[3.05131277e+11 2.96415132e+11]:[ 4.24065423e-02 -1.60699810e-12 -2.82312213e-13  5.48608786e-11 -1.75504831e-10 -1.90341609e-15  9.44937653e-16  2.37259063e-05 -2.09441314e-06 -1.59911300e-08  9.88007248e-10]:11.514452463032674
Selected for new population:
[ 6.34270430e-02 -1.55985103e-12 -2.82312213e-13  5.48608786e-11 -1.75504831e-10 -1.90341609e-15  9.44937653e-16  2.37259063e-05 -2.06633788e-06 -1.59911300e-08  9.84615738e-10]
[ 4.58309983e-02 -1.60699810e-12 -2.82312213e-13  4.63176272e-11 -2.01166195e-10 -1.90341609e-15  8.52753850e-16  2.37259063e-05 -2.09441314e-06 -1.52737517e-08  9.84615738e-10]
Population scores:
631:[7.47153572e+10 1.94050765e+11]:[ 4.58309983e-02 -1.50872939e-12 -2.82312213e-13  4.63176272e-11 -2.01166195e-10 -1.90341609e-15  8.52753850e-16  2.37259063e-05 -2.06633788e-06 -1.59911300e-08  9.89871166e-10]:11.304323111723887
614:[1.41831720e+11 1.87655998e+11]:[ 6.34270430e-02 -1.55985103e-12 -2.82312213e-13  5.48608786e-11 -1.75504831e-10 -1.90341609e-15  9.44937653e-16  2.37259063e-05 -2.06633788e-06 -1.59911300e-08  9.84615738e-10]:11.30500545160272
658:[1.16277413e+11 1.91939193e+11]:[ 4.58309983e-02 -1.60699810e-12 -2.82312213e-13  4.63176272e-11 -2.01166195e-10 -1.90341609e-15  8.52753850e-16  2.37259063e-05 -2.09441314e-06 -1.52737517e-08  9.84615738e-10]:11.308707236515358
646:[5.23838486e+10 2.10975511e+11]:[ 6.34270430e-02 -1.55985103e-12 -3.40250674e-13  4.63176272e-11 -1.75504831e-10 -1.57082531e-15  8.48496288e-16  2.37259063e-05 -2.06725189e-06 -1.59911300e-08  9.84615738e-10]:11.334883601417612
649:[4.75433434e+10 2.25440021e+11]:[ 5.08719745e-02 -1.50872939e-12 -2.82312213e-13  4.63176272e-11 -2.05712207e-10 -1.54923250e-15  8.52753850e-16  2.50288437e-05 -2.08811178e-06 -1.59911300e-08  9.84615738e-10]:11.362094669564918
639:[8.61544895e+10 2.22871230e+11]:[ 4.58309983e-02 -1.50872939e-12 -2.82312213e-13  4.63176272e-11 -1.96737310e-10 -1.57082531e-15  8.48496288e-16  2.30416191e-05 -2.09441314e-06 -1.52737517e-08  9.84615738e-10]:11.364526005236389
670:[8.61544896e+10 2.22871231e+11]:[ 4.58309983e-02 -1.49197857e-12 -2.82312213e-13  4.58504353e-11 -2.48353130e-10 -1.57082531e-15  8.52753850e-16  2.30416191e-05 -2.09441314e-06 -1.52737517e-08  9.84615738e-10]:11.364526005294483
660:[9.86050792e+10 2.22791236e+11]:[ 4.67512742e-02 -1.53956031e-12 -2.82312213e-13  4.58504353e-11 -2.05712207e-10 -1.43620660e-15  8.49159076e-16  2.37048317e-05 -2.08811178e-06 -1.59062126e-08  9.84615738e-10]:11.366706311445078
647:[1.29481870e+11 2.20898437e+11]:[ 4.67512742e-02 -1.53956031e-12 -2.84914182e-13  4.58504353e-11 -2.05712207e-10 -1.54923250e-15  8.52753850e-16  2.37048317e-05 -2.08811178e-06 -1.59062126e-08  9.84615738e-10]:11.368931105283053
541:[1.29481870e+11 2.20898437e+11]:[ 4.67512742e-02 -1.53956031e-12 -2.82312213e-13  4.58504353e-11 -2.05712207e-10 -1.54923250e-15  8.49159076e-16  2.37048317e-05 -2.08811178e-06 -1.59062126e-08  9.84615738e-10]:11.368931105283053
629:[7.83124620e+10 2.27479472e+11]:[ 4.58309983e-02 -1.50872939e-12 -2.75221803e-13  4.58504353e-11 -1.96737310e-10 -1.53275386e-15  8.52753850e-16  2.30416191e-05 -2.09441314e-06 -1.52737517e-08  9.84615738e-10]:11.371641709773462
%%%%%%%%%%%%%%%%%%%%%%%%%
%%%final - population%%%%
%%%%%%%%%%%%%%%%%%%%%%%%%
631:[ 4.58309983e-02 -1.50872939e-12 -2.82312213e-13  4.63176272e-11 -2.01166195e-10 -1.90341609e-15  8.52753850e-16  2.37259063e-05 -2.06633788e-06 -1.59911300e-08  9.89871166e-10]:[7.47153572e+10 1.94050765e+11]
614:[ 6.34270430e-02 -1.55985103e-12 -2.82312213e-13  5.48608786e-11 -1.75504831e-10 -1.90341609e-15  9.44937653e-16  2.37259063e-05 -2.06633788e-06 -1.59911300e-08  9.84615738e-10]:[1.41831720e+11 1.87655998e+11]
658:[ 4.58309983e-02 -1.60699810e-12 -2.82312213e-13  4.63176272e-11 -2.01166195e-10 -1.90341609e-15  8.52753850e-16  2.37259063e-05 -2.09441314e-06 -1.52737517e-08  9.84615738e-10]:[1.16277413e+11 1.91939193e+11]
646:[ 6.34270430e-02 -1.55985103e-12 -3.40250674e-13  4.63176272e-11 -1.75504831e-10 -1.57082531e-15  8.48496288e-16  2.37259063e-05 -2.06725189e-06 -1.59911300e-08  9.84615738e-10]:[5.23838486e+10 2.10975511e+11]
649:[ 5.08719745e-02 -1.50872939e-12 -2.82312213e-13  4.63176272e-11 -2.05712207e-10 -1.54923250e-15  8.52753850e-16  2.50288437e-05 -2.08811178e-06 -1.59911300e-08  9.84615738e-10]:[4.75433434e+10 2.25440021e+11]
639:[ 4.58309983e-02 -1.50872939e-12 -2.82312213e-13  4.63176272e-11 -1.96737310e-10 -1.57082531e-15  8.48496288e-16  2.30416191e-05 -2.09441314e-06 -1.52737517e-08  9.84615738e-10]:[8.61544895e+10 2.22871230e+11]
670:[ 4.58309983e-02 -1.49197857e-12 -2.82312213e-13  4.58504353e-11 -2.48353130e-10 -1.57082531e-15  8.52753850e-16  2.30416191e-05 -2.09441314e-06 -1.52737517e-08  9.84615738e-10]:[8.61544896e+10 2.22871231e+11]
660:[ 4.67512742e-02 -1.53956031e-12 -2.82312213e-13  4.58504353e-11 -2.05712207e-10 -1.43620660e-15  8.49159076e-16  2.37048317e-05 -2.08811178e-06 -1.59062126e-08  9.84615738e-10]:[9.86050792e+10 2.22791236e+11]
647:[ 4.67512742e-02 -1.53956031e-12 -2.84914182e-13  4.58504353e-11 -2.05712207e-10 -1.54923250e-15  8.52753850e-16  2.37048317e-05 -2.08811178e-06 -1.59062126e-08  9.84615738e-10]:[1.29481870e+11 2.20898437e+11]
541:[ 4.67512742e-02 -1.53956031e-12 -2.82312213e-13  4.58504353e-11 -2.05712207e-10 -1.54923250e-15  8.49159076e-16  2.37048317e-05 -2.08811178e-06 -1.59062126e-08  9.84615738e-10]:[1.29481870e+11 2.20898437e+11]
