Generating Population from
[ 4.58309983e-02 -1.60699810e-12 -2.82312213e-13  4.63176272e-11 -2.01166195e-10 -1.90341609e-15  8.52753850e-16  2.37259063e-05 -2.09441314e-06 -1.52737517e-08  9.84615738e-10]
[ 6.34270430e-02 -1.55985103e-12 -2.83507506e-13  4.63176272e-11 -2.01166195e-10 -1.90341609e-15  8.52753850e-16  2.46401611e-05 -2.13122953e-06 -1.52737517e-08  9.84615738e-10]
*******************************
***iteration: 0 Population is***
*******************************
Population scores:
658:[1.16277413e+11 1.91939193e+11]:[ 4.58309983e-02 -1.60699810e-12 -2.82312213e-13  4.63176272e-11 -2.01166195e-10 -1.90341609e-15  8.52753850e-16  2.37259063e-05 -2.09441314e-06 -1.52737517e-08  9.84615738e-10]:11.308707236515358
675:[6.59689546e+10 2.38921344e+11]:[ 4.49255015e-02 -1.54659771e-12 -2.85065195e-13  4.61579901e-11 -2.08632648e-10 -1.83396956e-15  8.44808216e-16  2.44296191e-05 -2.11222364e-06 -1.50676852e-08  9.87357645e-10]:11.390083760780817
676:[4.92247532e+10 2.53360663e+11]:[ 4.59098705e-02 -1.59219298e-12 -2.76112295e-13  4.66355052e-11 -1.96177030e-10 -1.89895496e-15  8.54428529e-16  2.27432883e-05 -2.09431546e-06 -1.47044181e-08  9.88185686e-10]:11.412096055144735
673:[2.62908036e+11 2.33225037e+11]:[ 6.34270430e-02 -1.55985103e-12 -2.83507506e-13  4.63176272e-11 -2.01166195e-10 -1.90341609e-15  8.52753850e-16  2.46401611e-05 -2.13122953e-06 -1.52737517e-08  9.84615738e-10]:11.414163871158005
679:[3.68459464e+11 3.37721809e+11]:[ 6.27693137e-02 -1.55418108e-12 -2.87434628e-13  4.55940962e-11 -1.96363451e-10 -1.86326845e-15  8.60068285e-16  2.40412979e-05 -2.09890218e-06 -1.56633676e-08  9.77202844e-10]:11.573530388067065
680:[1.61506724e+12 1.94963983e+12]:[ 6.43098105e-02 -1.47628669e-12 -2.80685751e-13  4.69518296e-11 -1.92798265e-10 -1.82504135e-15  8.53012566e-16  2.45550053e-05 -2.22947208e-06 -1.52320973e-08  9.87826222e-10]:12.324518381698365
677:[2.68074462e+12 5.28994689e+12]:[ 5.24173659e-02 -1.24940449e-12 -1.92098844e-13  3.84663470e-11 -2.56555363e-10 -1.66418208e-15  8.46124584e-16  2.47958037e-05 -1.36823155e-06 -2.32168988e-08  8.99258427e-10]:12.744920211098378
681:[1.12040809e+13 1.82790292e+13]:[ 6.26861568e-02 -1.65555321e-12 -3.71571660e-13  4.44172532e-11 -1.63496483e-10 -1.80758106e-15  8.29583394e-16  2.45283251e-05 -2.51549275e-06 -1.55480003e-08  1.01814541e-09]:13.287789132574833
678:[4.14204757e+13 6.94525122e+13]:[ 5.08986681e-02 -1.95863925e-12 -3.01380912e-13  5.52249483e-11 -1.96013963e-10 -2.83334672e-15  8.78446318e-16  1.65592857e-05 -2.02725526e-06 -2.25040527e-08  9.02725921e-10]:13.866845711898863
682:[5.06467948e+13 1.10860645e+14]:[ 7.09091756e-02 -2.27978389e-12 -2.49734487e-13  4.87957125e-11 -1.49513912e-10 -2.83451277e-15  7.91447787e-16  1.62131084e-05 -1.51126269e-06 -7.52758708e-09  1.01532582e-09]:14.064178320804357
Selected: [4 3]
***************
***CROSSOVER***
***************
&&&&&&&&&&&&&&&&&&&&&&&&
&&TOURNAMENT SELECTION&&
&&&&&&&&&&&&&&&&&&&&&&&&
parents:
[ 6.27693137e-02 -1.55418108e-12 -2.87434628e-13  4.55940962e-11 -1.96363451e-10 -1.86326845e-15  8.60068285e-16  2.40412979e-05 -2.09890218e-06 -1.56633676e-08  9.77202844e-10]
[ 6.34270430e-02 -1.55985103e-12 -2.83507506e-13  4.63176272e-11 -2.01166195e-10 -1.90341609e-15  8.52753850e-16  2.46401611e-05 -2.13122953e-06 -1.52737517e-08  9.84615738e-10]
children:
[ 6.27693137e-02 -1.85092359e-12 -2.83507506e-13  4.64887744e-11 -1.96363451e-10 -1.86326845e-15  9.25729258e-16  2.46401611e-05 -2.13122953e-06 -1.52737517e-08  9.71611743e-10]
[ 6.34270430e-02 -1.18832852e-12 -2.87434628e-13  4.55940962e-11 -2.01166195e-10 -1.90341609e-15  8.60068285e-16  2.40412979e-05 -2.09890218e-06 -1.29190959e-08  9.84615738e-10]
Population scores:
673:[2.62908036e+11 2.33225037e+11]:[ 6.34270430e-02 -1.55985103e-12 -2.83507506e-13  4.63176272e-11 -2.01166195e-10 -1.90341609e-15  8.52753850e-16  2.46401611e-05 -2.13122953e-06 -1.52737517e-08  9.84615738e-10]:11.414163871158005
679:[3.68459464e+11 3.37721809e+11]:[ 6.27693137e-02 -1.55418108e-12 -2.87434628e-13  4.55940962e-11 -1.96363451e-10 -1.86326845e-15  8.60068285e-16  2.40412979e-05 -2.09890218e-06 -1.56633676e-08  9.77202844e-10]:11.573530388067065
683:[5.66866434e+11 5.06211582e+11]:[ 6.27693137e-02 -1.85092359e-12 -2.83507506e-13  4.64887744e-11 -1.96363451e-10 -1.86326845e-15  9.25729258e-16  2.46401611e-05 -2.13122953e-06 -1.52737517e-08  9.71611743e-10]:11.750429879243015
684:[6.54898860e+11 2.36187068e+12]:[ 6.34270430e-02 -1.18832852e-12 -2.87434628e-13  4.55940962e-11 -2.01166195e-10 -1.90341609e-15  8.60068285e-16  2.40412979e-05 -2.09890218e-06 -1.29190959e-08  9.84615738e-10]:12.385134291939282
Selected for new population:
[ 6.34270430e-02 -1.55985103e-12 -2.83507506e-13  4.63176272e-11 -2.01166195e-10 -1.90341609e-15  8.52753850e-16  2.46401611e-05 -2.13122953e-06 -1.52737517e-08  9.84615738e-10]
[ 6.27693137e-02 -1.55418108e-12 -2.87434628e-13  4.55940962e-11 -1.96363451e-10 -1.86326845e-15  8.60068285e-16  2.40412979e-05 -2.09890218e-06 -1.56633676e-08  9.77202844e-10]
Selected: [1 3]
***************
***CROSSOVER***
***************
&&&&&&&&&&&&&&&&&&&&&&&&
&&TOURNAMENT SELECTION&&
&&&&&&&&&&&&&&&&&&&&&&&&
parents:
[ 4.49255015e-02 -1.54659771e-12 -2.85065195e-13  4.61579901e-11 -2.08632648e-10 -1.83396956e-15  8.44808216e-16  2.44296191e-05 -2.11222364e-06 -1.50676852e-08  9.87357645e-10]
[ 6.34270430e-02 -1.55985103e-12 -2.83507506e-13  4.63176272e-11 -2.01166195e-10 -1.90341609e-15  8.52753850e-16  2.46401611e-05 -2.13122953e-06 -1.52737517e-08  9.84615738e-10]
children:
[ 6.34270430e-02 -1.55985103e-12 -2.89690589e-13  4.61579901e-11 -2.01621871e-10 -1.83396956e-15  8.46395618e-16  2.46401611e-05 -2.11222364e-06 -1.57983760e-08  9.87357645e-10]
[ 4.49255015e-02 -1.46164063e-12 -2.85065195e-13  4.85032602e-11 -2.01166195e-10 -1.90341609e-15  8.44808216e-16  2.44296191e-05 -2.13122953e-06 -1.50676852e-08  9.84615738e-10]
Population scores:
686:[2.2045319e+11 2.1196814e+11]:[ 4.49255015e-02 -1.46164063e-12 -2.85065195e-13  4.85032602e-11 -2.01166195e-10 -1.90341609e-15  8.44808216e-16  2.44296191e-05 -2.13122953e-06 -1.50676852e-08  9.84615738e-10]:11.369240836640193
685:[2.09811343e+11 2.16478135e+11]:[ 6.34270430e-02 -1.55985103e-12 -2.89690589e-13  4.61579901e-11 -2.01621871e-10 -1.83396956e-15  8.46395618e-16  2.46401611e-05 -2.11222364e-06 -1.57983760e-08  9.87357645e-10]:11.375589127909986
675:[6.59689546e+10 2.38921344e+11]:[ 4.49255015e-02 -1.54659771e-12 -2.85065195e-13  4.61579901e-11 -2.08632648e-10 -1.83396956e-15  8.44808216e-16  2.44296191e-05 -2.11222364e-06 -1.50676852e-08  9.87357645e-10]:11.390083760780817
673:[2.62908036e+11 2.33225037e+11]:[ 6.34270430e-02 -1.55985103e-12 -2.83507506e-13  4.63176272e-11 -2.01166195e-10 -1.90341609e-15  8.52753850e-16  2.46401611e-05 -2.13122953e-06 -1.52737517e-08  9.84615738e-10]:11.414163871158005
Selected for new population:
[ 4.49255015e-02 -1.46164063e-12 -2.85065195e-13  4.85032602e-11 -2.01166195e-10 -1.90341609e-15  8.44808216e-16  2.44296191e-05 -2.13122953e-06 -1.50676852e-08  9.84615738e-10]
[ 6.34270430e-02 -1.55985103e-12 -2.89690589e-13  4.61579901e-11 -2.01621871e-10 -1.83396956e-15  8.46395618e-16  2.46401611e-05 -2.11222364e-06 -1.57983760e-08  9.87357645e-10]
Selected: [2 3]
***************
***CROSSOVER***
***************
&&&&&&&&&&&&&&&&&&&&&&&&
&&TOURNAMENT SELECTION&&
&&&&&&&&&&&&&&&&&&&&&&&&
parents:
[ 4.59098705e-02 -1.59219298e-12 -2.76112295e-13  4.66355052e-11 -1.96177030e-10 -1.89895496e-15  8.54428529e-16  2.27432883e-05 -2.09431546e-06 -1.47044181e-08  9.88185686e-10]
[ 6.34270430e-02 -1.55985103e-12 -2.83507506e-13  4.63176272e-11 -2.01166195e-10 -1.90341609e-15  8.52753850e-16  2.46401611e-05 -2.13122953e-06 -1.52737517e-08  9.84615738e-10]
children:
[ 6.27766392e-02 -1.55985103e-12 -2.83507506e-13  4.63176272e-11 -1.91916882e-10 -1.97996974e-15  8.54428529e-16  2.27432883e-05 -2.13122953e-06 -1.47044181e-08  9.84615738e-10]
[ 4.59098705e-02 -1.59219298e-12 -2.76112295e-13  4.66355052e-11 -1.96177030e-10 -1.90341609e-15  7.89668676e-16  2.46401611e-05 -2.33011500e-06 -1.52737517e-08  9.88185686e-10]
Population scores:
676:[4.92247532e+10 2.53360663e+11]:[ 4.59098705e-02 -1.59219298e-12 -2.76112295e-13  4.66355052e-11 -1.96177030e-10 -1.89895496e-15  8.54428529e-16  2.27432883e-05 -2.09431546e-06 -1.47044181e-08  9.88185686e-10]:11.412096055144735
673:[2.62908036e+11 2.33225037e+11]:[ 6.34270430e-02 -1.55985103e-12 -2.83507506e-13  4.63176272e-11 -2.01166195e-10 -1.90341609e-15  8.52753850e-16  2.46401611e-05 -2.13122953e-06 -1.52737517e-08  9.84615738e-10]:11.414163871158005
687:[4.00149901e+11 3.77933598e+11]:[ 6.27766392e-02 -1.55985103e-12 -2.83507506e-13  4.63176272e-11 -1.91916882e-10 -1.97996974e-15  8.54428529e-16  2.27432883e-05 -2.13122953e-06 -1.47044181e-08  9.84615738e-10]:11.621122862431847
688:[4.90796368e+12 7.11887712e+12]:[ 4.59098705e-02 -1.59219298e-12 -2.76112295e-13  4.66355052e-11 -1.96177030e-10 -1.90341609e-15  7.89668676e-16  2.46401611e-05 -2.33011500e-06 -1.52737517e-08  9.88185686e-10]:12.881366022670957
Selected for new population:
[ 4.59098705e-02 -1.59219298e-12 -2.76112295e-13  4.66355052e-11 -1.96177030e-10 -1.89895496e-15  8.54428529e-16  2.27432883e-05 -2.09431546e-06 -1.47044181e-08  9.88185686e-10]
[ 6.34270430e-02 -1.55985103e-12 -2.83507506e-13  4.63176272e-11 -2.01166195e-10 -1.90341609e-15  8.52753850e-16  2.46401611e-05 -2.13122953e-06 -1.52737517e-08  9.84615738e-10]
Selected: [3 1]
***************
***CROSSOVER***
***************
&&&&&&&&&&&&&&&&&&&&&&&&
&&TOURNAMENT SELECTION&&
&&&&&&&&&&&&&&&&&&&&&&&&
parents:
[ 6.34270430e-02 -1.55985103e-12 -2.83507506e-13  4.63176272e-11 -2.01166195e-10 -1.90341609e-15  8.52753850e-16  2.46401611e-05 -2.13122953e-06 -1.52737517e-08  9.84615738e-10]
[ 4.49255015e-02 -1.54659771e-12 -2.85065195e-13  4.61579901e-11 -2.08632648e-10 -1.83396956e-15  8.44808216e-16  2.44296191e-05 -2.11222364e-06 -1.50676852e-08  9.87357645e-10]
children:
[ 6.34270430e-02 -1.54659771e-12 -2.83507506e-13  4.61579901e-11 -2.02709732e-10 -1.83396956e-15  8.44808216e-16  2.46401611e-05 -2.11222364e-06 -1.50676852e-08  9.87357645e-10]
[ 4.49255015e-02 -1.55985103e-12 -2.85065195e-13  4.63176272e-11 -2.01166195e-10 -1.90341609e-15  8.52753850e-16  2.44296191e-05 -2.13122953e-06 -1.52737517e-08  9.84615738e-10]
Population scores:
675:[6.59689546e+10 2.38921344e+11]:[ 4.49255015e-02 -1.54659771e-12 -2.85065195e-13  4.61579901e-11 -2.08632648e-10 -1.83396956e-15  8.44808216e-16  2.44296191e-05 -2.11222364e-06 -1.50676852e-08  9.87357645e-10]:11.390083760780817
673:[2.62908036e+11 2.33225037e+11]:[ 6.34270430e-02 -1.55985103e-12 -2.83507506e-13  4.63176272e-11 -2.01166195e-10 -1.90341609e-15  8.52753850e-16  2.46401611e-05 -2.13122953e-06 -1.52737517e-08  9.84615738e-10]:11.414163871158005
689:[5.98560875e+10 2.63226468e+11]:[ 6.34270430e-02 -1.54659771e-12 -2.83507506e-13  4.61579901e-11 -2.02709732e-10 -1.83396956e-15  8.44808216e-16  2.46401611e-05 -2.11222364e-06 -1.50676852e-08  9.87357645e-10]:11.430094538102766
690:[2.96568860e+11 2.62435491e+11]:[ 4.49255015e-02 -1.55985103e-12 -2.85065195e-13  4.63176272e-11 -2.01166195e-10 -1.90341609e-15  8.52753850e-16  2.44296191e-05 -2.13122953e-06 -1.52737517e-08  9.84615738e-10]:11.465520223454238
Selected for new population:
[ 4.49255015e-02 -1.54659771e-12 -2.85065195e-13  4.61579901e-11 -2.08632648e-10 -1.83396956e-15  8.44808216e-16  2.44296191e-05 -2.11222364e-06 -1.50676852e-08  9.87357645e-10]
[ 6.34270430e-02 -1.55985103e-12 -2.83507506e-13  4.63176272e-11 -2.01166195e-10 -1.90341609e-15  8.52753850e-16  2.46401611e-05 -2.13122953e-06 -1.52737517e-08  9.84615738e-10]
Selected: [3 2]
***************
***CROSSOVER***
***************
&&&&&&&&&&&&&&&&&&&&&&&&
&&TOURNAMENT SELECTION&&
&&&&&&&&&&&&&&&&&&&&&&&&
parents:
[ 6.34270430e-02 -1.55985103e-12 -2.83507506e-13  4.63176272e-11 -2.01166195e-10 -1.90341609e-15  8.52753850e-16  2.46401611e-05 -2.13122953e-06 -1.52737517e-08  9.84615738e-10]
[ 4.59098705e-02 -1.59219298e-12 -2.76112295e-13  4.66355052e-11 -1.96177030e-10 -1.89895496e-15  8.54428529e-16  2.27432883e-05 -2.09431546e-06 -1.47044181e-08  9.88185686e-10]
children:
[ 4.59098705e-02 -1.55985103e-12 -2.76112295e-13  4.66355052e-11 -1.96177030e-10 -1.89895496e-15  8.48922268e-16  2.20860076e-05 -2.09431546e-06 -1.47044181e-08  9.88185686e-10]
[ 6.81144187e-02 -1.59219298e-12 -2.83507506e-13  4.63176272e-11 -2.01166195e-10 -1.90341609e-15  8.59100311e-16  2.46401611e-05 -2.13122953e-06 -1.52737517e-08  9.84615738e-10]
Population scores:
691:[9.42946739e+10 2.20426980e+11]:[ 4.59098705e-02 -1.55985103e-12 -2.76112295e-13  4.66355052e-11 -1.96177030e-10 -1.89895496e-15  8.48922268e-16  2.20860076e-05 -2.09431546e-06 -1.47044181e-08  9.88185686e-10]:11.361456690116897
676:[4.92247532e+10 2.53360663e+11]:[ 4.59098705e-02 -1.59219298e-12 -2.76112295e-13  4.66355052e-11 -1.96177030e-10 -1.89895496e-15  8.54428529e-16  2.27432883e-05 -2.09431546e-06 -1.47044181e-08  9.88185686e-10]:11.412096055144735
692:[2.62908034e+11 2.33225035e+11]:[ 6.81144187e-02 -1.59219298e-12 -2.83507506e-13  4.63176272e-11 -2.01166195e-10 -1.90341609e-15  8.59100311e-16  2.46401611e-05 -2.13122953e-06 -1.52737517e-08  9.84615738e-10]:11.414163867619438
673:[2.62908036e+11 2.33225037e+11]:[ 6.34270430e-02 -1.55985103e-12 -2.83507506e-13  4.63176272e-11 -2.01166195e-10 -1.90341609e-15  8.52753850e-16  2.46401611e-05 -2.13122953e-06 -1.52737517e-08  9.84615738e-10]:11.414163871158005
Selected for new population:
[ 4.59098705e-02 -1.55985103e-12 -2.76112295e-13  4.66355052e-11 -1.96177030e-10 -1.89895496e-15  8.48922268e-16  2.20860076e-05 -2.09431546e-06 -1.47044181e-08  9.88185686e-10]
[ 4.59098705e-02 -1.59219298e-12 -2.76112295e-13  4.66355052e-11 -1.96177030e-10 -1.89895496e-15  8.54428529e-16  2.27432883e-05 -2.09431546e-06 -1.47044181e-08  9.88185686e-10]
Population scores:
658:[1.16277413e+11 1.91939193e+11]:[ 4.58309983e-02 -1.60699810e-12 -2.82312213e-13  4.63176272e-11 -2.01166195e-10 -1.90341609e-15  8.52753850e-16  2.37259063e-05 -2.09441314e-06 -1.52737517e-08  9.84615738e-10]:11.308707236515358
691:[9.42946739e+10 2.20426980e+11]:[ 4.59098705e-02 -1.55985103e-12 -2.76112295e-13  4.66355052e-11 -1.96177030e-10 -1.89895496e-15  8.48922268e-16  2.20860076e-05 -2.09431546e-06 -1.47044181e-08  9.88185686e-10]:11.361456690116897
686:[2.2045319e+11 2.1196814e+11]:[ 4.49255015e-02 -1.46164063e-12 -2.85065195e-13  4.85032602e-11 -2.01166195e-10 -1.90341609e-15  8.44808216e-16  2.44296191e-05 -2.13122953e-06 -1.50676852e-08  9.84615738e-10]:11.369240836640193
685:[2.09811343e+11 2.16478135e+11]:[ 6.34270430e-02 -1.55985103e-12 -2.89690589e-13  4.61579901e-11 -2.01621871e-10 -1.83396956e-15  8.46395618e-16  2.46401611e-05 -2.11222364e-06 -1.57983760e-08  9.87357645e-10]:11.375589127909986
675:[6.59689546e+10 2.38921344e+11]:[ 4.49255015e-02 -1.54659771e-12 -2.85065195e-13  4.61579901e-11 -2.08632648e-10 -1.83396956e-15  8.44808216e-16  2.44296191e-05 -2.11222364e-06 -1.50676852e-08  9.87357645e-10]:11.390083760780817
676:[4.92247532e+10 2.53360663e+11]:[ 4.59098705e-02 -1.59219298e-12 -2.76112295e-13  4.66355052e-11 -1.96177030e-10 -1.89895496e-15  8.54428529e-16  2.27432883e-05 -2.09431546e-06 -1.47044181e-08  9.88185686e-10]:11.412096055144735
673:[2.62908036e+11 2.33225037e+11]:[ 6.34270430e-02 -1.55985103e-12 -2.83507506e-13  4.63176272e-11 -2.01166195e-10 -1.90341609e-15  8.52753850e-16  2.46401611e-05 -2.13122953e-06 -1.52737517e-08  9.84615738e-10]:11.414163871158005
679:[3.68459464e+11 3.37721809e+11]:[ 6.27693137e-02 -1.55418108e-12 -2.87434628e-13  4.55940962e-11 -1.96363451e-10 -1.86326845e-15  8.60068285e-16  2.40412979e-05 -2.09890218e-06 -1.56633676e-08  9.77202844e-10]:11.573530388067065
680:[1.61506724e+12 1.94963983e+12]:[ 6.43098105e-02 -1.47628669e-12 -2.80685751e-13  4.69518296e-11 -1.92798265e-10 -1.82504135e-15  8.53012566e-16  2.45550053e-05 -2.22947208e-06 -1.52320973e-08  9.87826222e-10]:12.324518381698365
677:[2.68074462e+12 5.28994689e+12]:[ 5.24173659e-02 -1.24940449e-12 -1.92098844e-13  3.84663470e-11 -2.56555363e-10 -1.66418208e-15  8.46124584e-16  2.47958037e-05 -1.36823155e-06 -2.32168988e-08  8.99258427e-10]:12.744920211098378
681:[1.12040809e+13 1.82790292e+13]:[ 6.26861568e-02 -1.65555321e-12 -3.71571660e-13  4.44172532e-11 -1.63496483e-10 -1.80758106e-15  8.29583394e-16  2.45283251e-05 -2.51549275e-06 -1.55480003e-08  1.01814541e-09]:13.287789132574833
678:[4.14204757e+13 6.94525122e+13]:[ 5.08986681e-02 -1.95863925e-12 -3.01380912e-13  5.52249483e-11 -1.96013963e-10 -2.83334672e-15  8.78446318e-16  1.65592857e-05 -2.02725526e-06 -2.25040527e-08  9.02725921e-10]:13.866845711898863
682:[5.06467948e+13 1.10860645e+14]:[ 7.09091756e-02 -2.27978389e-12 -2.49734487e-13  4.87957125e-11 -1.49513912e-10 -2.83451277e-15  7.91447787e-16  1.62131084e-05 -1.51126269e-06 -7.52758708e-09  1.01532582e-09]:14.064178320804357
*******************************
***iteration: 1 Population is***
*******************************
Population scores:
658:[1.16277413e+11 1.91939193e+11]:[ 4.58309983e-02 -1.60699810e-12 -2.82312213e-13  4.63176272e-11 -2.01166195e-10 -1.90341609e-15  8.52753850e-16  2.37259063e-05 -2.09441314e-06 -1.52737517e-08  9.84615738e-10]:11.308707236515358
691:[9.42946739e+10 2.20426980e+11]:[ 4.59098705e-02 -1.55985103e-12 -2.76112295e-13  4.66355052e-11 -1.96177030e-10 -1.89895496e-15  8.48922268e-16  2.20860076e-05 -2.09431546e-06 -1.47044181e-08  9.88185686e-10]:11.361456690116897
686:[2.2045319e+11 2.1196814e+11]:[ 4.49255015e-02 -1.46164063e-12 -2.85065195e-13  4.85032602e-11 -2.01166195e-10 -1.90341609e-15  8.44808216e-16  2.44296191e-05 -2.13122953e-06 -1.50676852e-08  9.84615738e-10]:11.369240836640193
685:[2.09811343e+11 2.16478135e+11]:[ 6.34270430e-02 -1.55985103e-12 -2.89690589e-13  4.61579901e-11 -2.01621871e-10 -1.83396956e-15  8.46395618e-16  2.46401611e-05 -2.11222364e-06 -1.57983760e-08  9.87357645e-10]:11.375589127909986
675:[6.59689546e+10 2.38921344e+11]:[ 4.49255015e-02 -1.54659771e-12 -2.85065195e-13  4.61579901e-11 -2.08632648e-10 -1.83396956e-15  8.44808216e-16  2.44296191e-05 -2.11222364e-06 -1.50676852e-08  9.87357645e-10]:11.390083760780817
676:[4.92247532e+10 2.53360663e+11]:[ 4.59098705e-02 -1.59219298e-12 -2.76112295e-13  4.66355052e-11 -1.96177030e-10 -1.89895496e-15  8.54428529e-16  2.27432883e-05 -2.09431546e-06 -1.47044181e-08  9.88185686e-10]:11.412096055144735
673:[2.62908036e+11 2.33225037e+11]:[ 6.34270430e-02 -1.55985103e-12 -2.83507506e-13  4.63176272e-11 -2.01166195e-10 -1.90341609e-15  8.52753850e-16  2.46401611e-05 -2.13122953e-06 -1.52737517e-08  9.84615738e-10]:11.414163871158005
679:[3.68459464e+11 3.37721809e+11]:[ 6.27693137e-02 -1.55418108e-12 -2.87434628e-13  4.55940962e-11 -1.96363451e-10 -1.86326845e-15  8.60068285e-16  2.40412979e-05 -2.09890218e-06 -1.56633676e-08  9.77202844e-10]:11.573530388067065
680:[1.61506724e+12 1.94963983e+12]:[ 6.43098105e-02 -1.47628669e-12 -2.80685751e-13  4.69518296e-11 -1.92798265e-10 -1.82504135e-15  8.53012566e-16  2.45550053e-05 -2.22947208e-06 -1.52320973e-08  9.87826222e-10]:12.324518381698365
677:[2.68074462e+12 5.28994689e+12]:[ 5.24173659e-02 -1.24940449e-12 -1.92098844e-13  3.84663470e-11 -2.56555363e-10 -1.66418208e-15  8.46124584e-16  2.47958037e-05 -1.36823155e-06 -2.32168988e-08  8.99258427e-10]:12.744920211098378
Selected: [4 3]
***************
***CROSSOVER***
***************
&&&&&&&&&&&&&&&&&&&&&&&&
&&TOURNAMENT SELECTION&&
&&&&&&&&&&&&&&&&&&&&&&&&
parents:
[ 4.49255015e-02 -1.54659771e-12 -2.85065195e-13  4.61579901e-11 -2.08632648e-10 -1.83396956e-15  8.44808216e-16  2.44296191e-05 -2.11222364e-06 -1.50676852e-08  9.87357645e-10]
[ 6.34270430e-02 -1.55985103e-12 -2.89690589e-13  4.61579901e-11 -2.01621871e-10 -1.83396956e-15  8.46395618e-16  2.46401611e-05 -2.11222364e-06 -1.57983760e-08  9.87357645e-10]
children:
[ 6.89844468e-02 -2.45077631e-12 -2.89690589e-13  4.61579901e-11 -2.01621871e-10 -1.84554244e-15  8.46395618e-16  2.45578138e-05 -2.11222364e-06 -1.57983760e-08  9.87357645e-10]
[ 4.53573930e-02 -1.54659771e-12 -2.85065195e-13  4.61579901e-11 -2.08632648e-10 -1.83396956e-15  8.44808216e-16  2.44296191e-05 -2.18460904e-06 -1.58415616e-08  9.87357645e-10]
Population scores:
685:[2.09811343e+11 2.16478135e+11]:[ 6.34270430e-02 -1.55985103e-12 -2.89690589e-13  4.61579901e-11 -2.01621871e-10 -1.83396956e-15  8.46395618e-16  2.46401611e-05 -2.11222364e-06 -1.57983760e-08  9.87357645e-10]:11.375589127909986
675:[6.59689546e+10 2.38921344e+11]:[ 4.49255015e-02 -1.54659771e-12 -2.85065195e-13  4.61579901e-11 -2.08632648e-10 -1.83396956e-15  8.44808216e-16  2.44296191e-05 -2.11222364e-06 -1.50676852e-08  9.87357645e-10]:11.390083760780817
693:[2.27289610e+11 2.27502185e+11]:[ 6.89844468e-02 -2.45077631e-12 -2.89690589e-13  4.61579901e-11 -2.01621871e-10 -1.84554244e-15  8.46395618e-16  2.45578138e-05 -2.11222364e-06 -1.57983760e-08  9.87357645e-10]:11.398341365413302
694:[1.33133185e+12 1.57529326e+12]:[ 4.53573930e-02 -1.54659771e-12 -2.85065195e-13  4.61579901e-11 -2.08632648e-10 -1.83396956e-15  8.44808216e-16  2.44296191e-05 -2.18460904e-06 -1.58415616e-08  9.87357645e-10]:12.232596284309704
Selected for new population:
[ 6.34270430e-02 -1.55985103e-12 -2.89690589e-13  4.61579901e-11 -2.01621871e-10 -1.83396956e-15  8.46395618e-16  2.46401611e-05 -2.11222364e-06 -1.57983760e-08  9.87357645e-10]
[ 4.49255015e-02 -1.54659771e-12 -2.85065195e-13  4.61579901e-11 -2.08632648e-10 -1.83396956e-15  8.44808216e-16  2.44296191e-05 -2.11222364e-06 -1.50676852e-08  9.87357645e-10]
Selected: [2 4]
***************
***CROSSOVER***
***************
&&&&&&&&&&&&&&&&&&&&&&&&
&&TOURNAMENT SELECTION&&
&&&&&&&&&&&&&&&&&&&&&&&&
parents:
[ 4.49255015e-02 -1.46164063e-12 -2.85065195e-13  4.85032602e-11 -2.01166195e-10 -1.90341609e-15  8.44808216e-16  2.44296191e-05 -2.13122953e-06 -1.50676852e-08  9.84615738e-10]
[ 4.49255015e-02 -1.54659771e-12 -2.85065195e-13  4.61579901e-11 -2.08632648e-10 -1.83396956e-15  8.44808216e-16  2.44296191e-05 -2.11222364e-06 -1.50676852e-08  9.87357645e-10]
children:
[ 4.49255015e-02 -1.54659771e-12 -2.41237662e-13  4.61579901e-11 -2.08632648e-10 -1.83396956e-15  8.44808216e-16  2.74121479e-05 -2.11222364e-06 -7.40861299e-09  9.87357645e-10]
[ 4.54710691e-02 -1.46164063e-12 -2.85065195e-13  4.78732483e-11 -2.01166195e-10 -1.90341609e-15  8.44808216e-16  2.44296191e-05 -2.13122953e-06 -1.50676852e-08  9.84615738e-10]
Population scores:
696:[2.2045319e+11 2.1196814e+11]:[ 4.54710691e-02 -1.46164063e-12 -2.85065195e-13  4.78732483e-11 -2.01166195e-10 -1.90341609e-15  8.44808216e-16  2.44296191e-05 -2.13122953e-06 -1.50676852e-08  9.84615738e-10]:11.369240836250771
686:[2.2045319e+11 2.1196814e+11]:[ 4.49255015e-02 -1.46164063e-12 -2.85065195e-13  4.85032602e-11 -2.01166195e-10 -1.90341609e-15  8.44808216e-16  2.44296191e-05 -2.13122953e-06 -1.50676852e-08  9.84615738e-10]:11.369240836640193
675:[6.59689546e+10 2.38921344e+11]:[ 4.49255015e-02 -1.54659771e-12 -2.85065195e-13  4.61579901e-11 -2.08632648e-10 -1.83396956e-15  8.44808216e-16  2.44296191e-05 -2.11222364e-06 -1.50676852e-08  9.87357645e-10]:11.390083760780817
695:[1.46026831e+13 3.22076644e+13]:[ 4.49255015e-02 -1.54659771e-12 -2.41237662e-13  4.61579901e-11 -2.08632648e-10 -1.83396956e-15  8.44808216e-16  2.74121479e-05 -2.11222364e-06 -7.40861299e-09  9.87357645e-10]:13.527216450751403
Selected for new population:
[ 4.54710691e-02 -1.46164063e-12 -2.85065195e-13  4.78732483e-11 -2.01166195e-10 -1.90341609e-15  8.44808216e-16  2.44296191e-05 -2.13122953e-06 -1.50676852e-08  9.84615738e-10]
[ 4.49255015e-02 -1.46164063e-12 -2.85065195e-13  4.85032602e-11 -2.01166195e-10 -1.90341609e-15  8.44808216e-16  2.44296191e-05 -2.13122953e-06 -1.50676852e-08  9.84615738e-10]
Selected: [2 4]
***************
***CROSSOVER***
***************
&&&&&&&&&&&&&&&&&&&&&&&&
&&TOURNAMENT SELECTION&&
&&&&&&&&&&&&&&&&&&&&&&&&
parents:
[ 4.49255015e-02 -1.46164063e-12 -2.85065195e-13  4.85032602e-11 -2.01166195e-10 -1.90341609e-15  8.44808216e-16  2.44296191e-05 -2.13122953e-06 -1.50676852e-08  9.84615738e-10]
[ 4.49255015e-02 -1.54659771e-12 -2.85065195e-13  4.61579901e-11 -2.08632648e-10 -1.83396956e-15  8.44808216e-16  2.44296191e-05 -2.11222364e-06 -1.50676852e-08  9.87357645e-10]
children:
[ 4.49255015e-02 -1.46164063e-12 -3.09943682e-13  4.85032602e-11 -2.07401539e-10 -1.83396956e-15  8.44808216e-16  2.44296191e-05 -2.11222364e-06 -1.50676852e-08  9.87357645e-10]
[ 4.49255015e-02 -1.54659771e-12 -2.85065195e-13  4.61579901e-11 -2.30331519e-10 -1.31620714e-15  8.44808216e-16  1.63051001e-05 -2.13122953e-06 -1.55048764e-08  9.75043945e-10]
Population scores:
686:[2.2045319e+11 2.1196814e+11]:[ 4.49255015e-02 -1.46164063e-12 -2.85065195e-13  4.85032602e-11 -2.01166195e-10 -1.90341609e-15  8.44808216e-16  2.44296191e-05 -2.13122953e-06 -1.50676852e-08  9.84615738e-10]:11.369240836640193
675:[6.59689546e+10 2.38921344e+11]:[ 4.49255015e-02 -1.54659771e-12 -2.85065195e-13  4.61579901e-11 -2.08632648e-10 -1.83396956e-15  8.44808216e-16  2.44296191e-05 -2.11222364e-06 -1.50676852e-08  9.87357645e-10]:11.390083760780817
697:[6.59689546e+10 2.38921344e+11]:[ 4.49255015e-02 -1.46164063e-12 -3.09943682e-13  4.85032602e-11 -2.07401539e-10 -1.83396956e-15  8.44808216e-16  2.44296191e-05 -2.11222364e-06 -1.50676852e-08  9.87357645e-10]:11.390083760781947
698:[3.99234315e+12 6.71091582e+12]:[ 4.49255015e-02 -1.54659771e-12 -2.85065195e-13  4.61579901e-11 -2.30331519e-10 -1.31620714e-15  8.44808216e-16  1.63051001e-05 -2.13122953e-06 -1.55048764e-08  9.75043945e-10]:12.851878771234185
Selected for new population:
[ 4.49255015e-02 -1.46164063e-12 -2.85065195e-13  4.85032602e-11 -2.01166195e-10 -1.90341609e-15  8.44808216e-16  2.44296191e-05 -2.13122953e-06 -1.50676852e-08  9.84615738e-10]
[ 4.49255015e-02 -1.54659771e-12 -2.85065195e-13  4.61579901e-11 -2.08632648e-10 -1.83396956e-15  8.44808216e-16  2.44296191e-05 -2.11222364e-06 -1.50676852e-08  9.87357645e-10]
Selected: [7 2]
***************
***CROSSOVER***
***************
&&&&&&&&&&&&&&&&&&&&&&&&
&&TOURNAMENT SELECTION&&
&&&&&&&&&&&&&&&&&&&&&&&&
parents:
[ 6.27693137e-02 -1.55418108e-12 -2.87434628e-13  4.55940962e-11 -1.96363451e-10 -1.86326845e-15  8.60068285e-16  2.40412979e-05 -2.09890218e-06 -1.56633676e-08  9.77202844e-10]
[ 4.49255015e-02 -1.46164063e-12 -2.85065195e-13  4.85032602e-11 -2.01166195e-10 -1.90341609e-15  8.44808216e-16  2.44296191e-05 -2.13122953e-06 -1.50676852e-08  9.84615738e-10]
children:
[ 5.04932218e-02 -1.46164063e-12 -3.30363597e-13  4.85032602e-11 -2.01166195e-10 -1.86326845e-15  8.44808216e-16  1.87053329e-05 -2.09890218e-06 -2.11581910e-08  9.84615738e-10]
[ 6.27693137e-02 -1.55418108e-12 -2.87434628e-13  4.51798915e-11 -1.74433848e-10 -1.90341609e-15  8.60068285e-16  2.44296191e-05 -2.13122953e-06 -1.50676852e-08  9.77202844e-10]
Population scores:
686:[2.2045319e+11 2.1196814e+11]:[ 4.49255015e-02 -1.46164063e-12 -2.85065195e-13  4.85032602e-11 -2.01166195e-10 -1.90341609e-15  8.44808216e-16  2.44296191e-05 -2.13122953e-06 -1.50676852e-08  9.84615738e-10]:11.369240836640193
700:[3.77176570e+11 3.15298169e+11]:[ 6.27693137e-02 -1.55418108e-12 -2.87434628e-13  4.51798915e-11 -1.74433848e-10 -1.90341609e-15  8.60068285e-16  2.44296191e-05 -2.13122953e-06 -1.50676852e-08  9.77202844e-10]:11.547794175670035
679:[3.68459464e+11 3.37721809e+11]:[ 6.27693137e-02 -1.55418108e-12 -2.87434628e-13  4.55940962e-11 -1.96363451e-10 -1.86326845e-15  8.60068285e-16  2.40412979e-05 -2.09890218e-06 -1.56633676e-08  9.77202844e-10]:11.573530388067065
699:[1.46180153e+13 2.44779162e+13]:[ 5.04932218e-02 -1.46164063e-12 -3.30363597e-13  4.85032602e-11 -2.01166195e-10 -1.86326845e-15  8.44808216e-16  1.87053329e-05 -2.09890218e-06 -2.11581910e-08  9.84615738e-10]:13.413965246655705
Selected for new population:
[ 4.49255015e-02 -1.46164063e-12 -2.85065195e-13  4.85032602e-11 -2.01166195e-10 -1.90341609e-15  8.44808216e-16  2.44296191e-05 -2.13122953e-06 -1.50676852e-08  9.84615738e-10]
[ 6.27693137e-02 -1.55418108e-12 -2.87434628e-13  4.51798915e-11 -1.74433848e-10 -1.90341609e-15  8.60068285e-16  2.44296191e-05 -2.13122953e-06 -1.50676852e-08  9.77202844e-10]
Selected: [2 6]
***************
***CROSSOVER***
***************
&&&&&&&&&&&&&&&&&&&&&&&&
&&TOURNAMENT SELECTION&&
&&&&&&&&&&&&&&&&&&&&&&&&
parents:
[ 4.49255015e-02 -1.46164063e-12 -2.85065195e-13  4.85032602e-11 -2.01166195e-10 -1.90341609e-15  8.44808216e-16  2.44296191e-05 -2.13122953e-06 -1.50676852e-08  9.84615738e-10]
[ 6.34270430e-02 -1.55985103e-12 -2.83507506e-13  4.63176272e-11 -2.01166195e-10 -1.90341609e-15  8.52753850e-16  2.46401611e-05 -2.13122953e-06 -1.52737517e-08  9.84615738e-10]
children:
[ 6.34270430e-02 -1.55985103e-12 -2.83507506e-13  4.63176272e-11 -2.01166195e-10 -1.90341609e-15  8.52753850e-16  2.46401611e-05 -2.13122953e-06 -1.52737517e-08  9.84615738e-10]
[ 4.49255015e-02 -1.46164063e-12 -2.85065195e-13  4.85032602e-11 -2.01166195e-10 -1.90341609e-15  8.44808216e-16  2.44296191e-05 -2.13122953e-06 -1.50676852e-08  1.03296302e-09]
Population scores:
686:[2.2045319e+11 2.1196814e+11]:[ 4.49255015e-02 -1.46164063e-12 -2.85065195e-13  4.85032602e-11 -2.01166195e-10 -1.90341609e-15  8.44808216e-16  2.44296191e-05 -2.13122953e-06 -1.50676852e-08  9.84615738e-10]:11.369240836640193
673:[2.62908036e+11 2.33225037e+11]:[ 6.34270430e-02 -1.55985103e-12 -2.83507506e-13  4.63176272e-11 -2.01166195e-10 -1.90341609e-15  8.52753850e-16  2.46401611e-05 -2.13122953e-06 -1.52737517e-08  9.84615738e-10]:11.414163871158005
673:[2.62908036e+11 2.33225037e+11]:[ 6.34270430e-02 -1.55985103e-12 -2.83507506e-13  4.63176272e-11 -2.01166195e-10 -1.90341609e-15  8.52753850e-16  2.46401611e-05 -2.13122953e-06 -1.52737517e-08  9.84615738e-10]:11.414163871158005
701:[4.21780308e+11 1.85272601e+12]:[ 4.49255015e-02 -1.46164063e-12 -2.85065195e-13  4.85032602e-11 -2.01166195e-10 -1.90341609e-15  8.44808216e-16  2.44296191e-05 -2.13122953e-06 -1.50676852e-08  1.03296302e-09]:12.277587222686648
Selected for new population:
[ 4.49255015e-02 -1.46164063e-12 -2.85065195e-13  4.85032602e-11 -2.01166195e-10 -1.90341609e-15  8.44808216e-16  2.44296191e-05 -2.13122953e-06 -1.50676852e-08  9.84615738e-10]
[ 6.34270430e-02 -1.55985103e-12 -2.83507506e-13  4.63176272e-11 -2.01166195e-10 -1.90341609e-15  8.52753850e-16  2.46401611e-05 -2.13122953e-06 -1.52737517e-08  9.84615738e-10]
Population scores:
658:[1.16277413e+11 1.91939193e+11]:[ 4.58309983e-02 -1.60699810e-12 -2.82312213e-13  4.63176272e-11 -2.01166195e-10 -1.90341609e-15  8.52753850e-16  2.37259063e-05 -2.09441314e-06 -1.52737517e-08  9.84615738e-10]:11.308707236515358
691:[9.42946739e+10 2.20426980e+11]:[ 4.59098705e-02 -1.55985103e-12 -2.76112295e-13  4.66355052e-11 -1.96177030e-10 -1.89895496e-15  8.48922268e-16  2.20860076e-05 -2.09431546e-06 -1.47044181e-08  9.88185686e-10]:11.361456690116897
696:[2.2045319e+11 2.1196814e+11]:[ 4.54710691e-02 -1.46164063e-12 -2.85065195e-13  4.78732483e-11 -2.01166195e-10 -1.90341609e-15  8.44808216e-16  2.44296191e-05 -2.13122953e-06 -1.50676852e-08  9.84615738e-10]:11.369240836250771
686:[2.2045319e+11 2.1196814e+11]:[ 4.49255015e-02 -1.46164063e-12 -2.85065195e-13  4.85032602e-11 -2.01166195e-10 -1.90341609e-15  8.44808216e-16  2.44296191e-05 -2.13122953e-06 -1.50676852e-08  9.84615738e-10]:11.369240836640193
685:[2.09811343e+11 2.16478135e+11]:[ 6.34270430e-02 -1.55985103e-12 -2.89690589e-13  4.61579901e-11 -2.01621871e-10 -1.83396956e-15  8.46395618e-16  2.46401611e-05 -2.11222364e-06 -1.57983760e-08  9.87357645e-10]:11.375589127909986
675:[6.59689546e+10 2.38921344e+11]:[ 4.49255015e-02 -1.54659771e-12 -2.85065195e-13  4.61579901e-11 -2.08632648e-10 -1.83396956e-15  8.44808216e-16  2.44296191e-05 -2.11222364e-06 -1.50676852e-08  9.87357645e-10]:11.390083760780817
676:[4.92247532e+10 2.53360663e+11]:[ 4.59098705e-02 -1.59219298e-12 -2.76112295e-13  4.66355052e-11 -1.96177030e-10 -1.89895496e-15  8.54428529e-16  2.27432883e-05 -2.09431546e-06 -1.47044181e-08  9.88185686e-10]:11.412096055144735
673:[2.62908036e+11 2.33225037e+11]:[ 6.34270430e-02 -1.55985103e-12 -2.83507506e-13  4.63176272e-11 -2.01166195e-10 -1.90341609e-15  8.52753850e-16  2.46401611e-05 -2.13122953e-06 -1.52737517e-08  9.84615738e-10]:11.414163871158005
700:[3.77176570e+11 3.15298169e+11]:[ 6.27693137e-02 -1.55418108e-12 -2.87434628e-13  4.51798915e-11 -1.74433848e-10 -1.90341609e-15  8.60068285e-16  2.44296191e-05 -2.13122953e-06 -1.50676852e-08  9.77202844e-10]:11.547794175670035
679:[3.68459464e+11 3.37721809e+11]:[ 6.27693137e-02 -1.55418108e-12 -2.87434628e-13  4.55940962e-11 -1.96363451e-10 -1.86326845e-15  8.60068285e-16  2.40412979e-05 -2.09890218e-06 -1.56633676e-08  9.77202844e-10]:11.573530388067065
680:[1.61506724e+12 1.94963983e+12]:[ 6.43098105e-02 -1.47628669e-12 -2.80685751e-13  4.69518296e-11 -1.92798265e-10 -1.82504135e-15  8.53012566e-16  2.45550053e-05 -2.22947208e-06 -1.52320973e-08  9.87826222e-10]:12.324518381698365
677:[2.68074462e+12 5.28994689e+12]:[ 5.24173659e-02 -1.24940449e-12 -1.92098844e-13  3.84663470e-11 -2.56555363e-10 -1.66418208e-15  8.46124584e-16  2.47958037e-05 -1.36823155e-06 -2.32168988e-08  8.99258427e-10]:12.744920211098378
*******************************
***iteration: 2 Population is***
*******************************
Population scores:
658:[1.16277413e+11 1.91939193e+11]:[ 4.58309983e-02 -1.60699810e-12 -2.82312213e-13  4.63176272e-11 -2.01166195e-10 -1.90341609e-15  8.52753850e-16  2.37259063e-05 -2.09441314e-06 -1.52737517e-08  9.84615738e-10]:11.308707236515358
691:[9.42946739e+10 2.20426980e+11]:[ 4.59098705e-02 -1.55985103e-12 -2.76112295e-13  4.66355052e-11 -1.96177030e-10 -1.89895496e-15  8.48922268e-16  2.20860076e-05 -2.09431546e-06 -1.47044181e-08  9.88185686e-10]:11.361456690116897
696:[2.2045319e+11 2.1196814e+11]:[ 4.54710691e-02 -1.46164063e-12 -2.85065195e-13  4.78732483e-11 -2.01166195e-10 -1.90341609e-15  8.44808216e-16  2.44296191e-05 -2.13122953e-06 -1.50676852e-08  9.84615738e-10]:11.369240836250771
686:[2.2045319e+11 2.1196814e+11]:[ 4.49255015e-02 -1.46164063e-12 -2.85065195e-13  4.85032602e-11 -2.01166195e-10 -1.90341609e-15  8.44808216e-16  2.44296191e-05 -2.13122953e-06 -1.50676852e-08  9.84615738e-10]:11.369240836640193
685:[2.09811343e+11 2.16478135e+11]:[ 6.34270430e-02 -1.55985103e-12 -2.89690589e-13  4.61579901e-11 -2.01621871e-10 -1.83396956e-15  8.46395618e-16  2.46401611e-05 -2.11222364e-06 -1.57983760e-08  9.87357645e-10]:11.375589127909986
675:[6.59689546e+10 2.38921344e+11]:[ 4.49255015e-02 -1.54659771e-12 -2.85065195e-13  4.61579901e-11 -2.08632648e-10 -1.83396956e-15  8.44808216e-16  2.44296191e-05 -2.11222364e-06 -1.50676852e-08  9.87357645e-10]:11.390083760780817
676:[4.92247532e+10 2.53360663e+11]:[ 4.59098705e-02 -1.59219298e-12 -2.76112295e-13  4.66355052e-11 -1.96177030e-10 -1.89895496e-15  8.54428529e-16  2.27432883e-05 -2.09431546e-06 -1.47044181e-08  9.88185686e-10]:11.412096055144735
673:[2.62908036e+11 2.33225037e+11]:[ 6.34270430e-02 -1.55985103e-12 -2.83507506e-13  4.63176272e-11 -2.01166195e-10 -1.90341609e-15  8.52753850e-16  2.46401611e-05 -2.13122953e-06 -1.52737517e-08  9.84615738e-10]:11.414163871158005
700:[3.77176570e+11 3.15298169e+11]:[ 6.27693137e-02 -1.55418108e-12 -2.87434628e-13  4.51798915e-11 -1.74433848e-10 -1.90341609e-15  8.60068285e-16  2.44296191e-05 -2.13122953e-06 -1.50676852e-08  9.77202844e-10]:11.547794175670035
679:[3.68459464e+11 3.37721809e+11]:[ 6.27693137e-02 -1.55418108e-12 -2.87434628e-13  4.55940962e-11 -1.96363451e-10 -1.86326845e-15  8.60068285e-16  2.40412979e-05 -2.09890218e-06 -1.56633676e-08  9.77202844e-10]:11.573530388067065
Selected: [4 7]
***************
***CROSSOVER***
***************
&&&&&&&&&&&&&&&&&&&&&&&&
&&TOURNAMENT SELECTION&&
&&&&&&&&&&&&&&&&&&&&&&&&
parents:
[ 6.34270430e-02 -1.55985103e-12 -2.89690589e-13  4.61579901e-11 -2.01621871e-10 -1.83396956e-15  8.46395618e-16  2.46401611e-05 -2.11222364e-06 -1.57983760e-08  9.87357645e-10]
[ 6.34270430e-02 -1.55985103e-12 -2.83507506e-13  4.63176272e-11 -2.01166195e-10 -1.90341609e-15  8.52753850e-16  2.46401611e-05 -2.13122953e-06 -1.52737517e-08  9.84615738e-10]
children:
[ 6.34270430e-02 -1.55985103e-12 -2.83507506e-13  4.61579901e-11 -2.01166195e-10 -1.90341609e-15  8.52753850e-16  2.46401611e-05 -2.13122953e-06 -1.51283383e-08  9.84615738e-10]
[ 6.34270430e-02 -1.55985103e-12 -2.89690589e-13  4.63176272e-11 -2.01621871e-10 -1.83396956e-15  8.46395618e-16  2.46401611e-05 -2.11222364e-06 -1.57983760e-08  9.87357645e-10]
Population scores:
702:[2.12551456e+11 2.04154328e+11]:[ 6.34270430e-02 -1.55985103e-12 -2.83507506e-13  4.61579901e-11 -2.01166195e-10 -1.90341609e-15  8.52753850e-16  2.46401611e-05 -2.13122953e-06 -1.51283383e-08  9.84615738e-10]:11.352972165252519
703:[2.09811343e+11 2.16478135e+11]:[ 6.34270430e-02 -1.55985103e-12 -2.89690589e-13  4.63176272e-11 -2.01621871e-10 -1.83396956e-15  8.46395618e-16  2.46401611e-05 -2.11222364e-06 -1.57983760e-08  9.87357645e-10]:11.375589127909977
685:[2.09811343e+11 2.16478135e+11]:[ 6.34270430e-02 -1.55985103e-12 -2.89690589e-13  4.61579901e-11 -2.01621871e-10 -1.83396956e-15  8.46395618e-16  2.46401611e-05 -2.11222364e-06 -1.57983760e-08  9.87357645e-10]:11.375589127909986
673:[2.62908036e+11 2.33225037e+11]:[ 6.34270430e-02 -1.55985103e-12 -2.83507506e-13  4.63176272e-11 -2.01166195e-10 -1.90341609e-15  8.52753850e-16  2.46401611e-05 -2.13122953e-06 -1.52737517e-08  9.84615738e-10]:11.414163871158005
Selected for new population:
[ 6.34270430e-02 -1.55985103e-12 -2.83507506e-13  4.61579901e-11 -2.01166195e-10 -1.90341609e-15  8.52753850e-16  2.46401611e-05 -2.13122953e-06 -1.51283383e-08  9.84615738e-10]
[ 6.34270430e-02 -1.55985103e-12 -2.89690589e-13  4.63176272e-11 -2.01621871e-10 -1.83396956e-15  8.46395618e-16  2.46401611e-05 -2.11222364e-06 -1.57983760e-08  9.87357645e-10]
Selected: [5 1]
***************
***CROSSOVER***
***************
&&&&&&&&&&&&&&&&&&&&&&&&
&&TOURNAMENT SELECTION&&
&&&&&&&&&&&&&&&&&&&&&&&&
parents:
[ 4.49255015e-02 -1.54659771e-12 -2.85065195e-13  4.61579901e-11 -2.08632648e-10 -1.83396956e-15  8.44808216e-16  2.44296191e-05 -2.11222364e-06 -1.50676852e-08  9.87357645e-10]
[ 4.59098705e-02 -1.55985103e-12 -2.76112295e-13  4.66355052e-11 -1.96177030e-10 -1.89895496e-15  8.48922268e-16  2.20860076e-05 -2.09431546e-06 -1.47044181e-08  9.88185686e-10]
children:
[ 4.59098705e-02 -1.55985103e-12 -2.76112295e-13  4.66355052e-11 -2.08632648e-10 -1.89895496e-15  8.48922268e-16  2.85448206e-05 -2.09431546e-06 -1.58329210e-08  9.87357645e-10]
[ 4.49255015e-02 -1.54659771e-12 -2.88240804e-13  4.61579901e-11 -1.89262985e-10 -1.83396956e-15  8.44808216e-16  2.44296191e-05 -2.11222364e-06 -1.47199586e-08  9.88185686e-10]
Population scores:
691:[9.42946739e+10 2.20426980e+11]:[ 4.59098705e-02 -1.55985103e-12 -2.76112295e-13  4.66355052e-11 -1.96177030e-10 -1.89895496e-15  8.48922268e-16  2.20860076e-05 -2.09431546e-06 -1.47044181e-08  9.88185686e-10]:11.361456690116897
675:[6.59689546e+10 2.38921344e+11]:[ 4.49255015e-02 -1.54659771e-12 -2.85065195e-13  4.61579901e-11 -2.08632648e-10 -1.83396956e-15  8.44808216e-16  2.44296191e-05 -2.11222364e-06 -1.50676852e-08  9.87357645e-10]:11.390083760780817
705:[5.5203276e+10 3.9832943e+11]:[ 4.49255015e-02 -1.54659771e-12 -2.88240804e-13  4.61579901e-11 -1.89262985e-10 -1.83396956e-15  8.44808216e-16  2.44296191e-05 -2.11222364e-06 -1.47199586e-08  9.88185686e-10]:11.606219826852495
704:[2.70148937e+11 1.19433693e+12]:[ 4.59098705e-02 -1.55985103e-12 -2.76112295e-13  4.66355052e-11 -2.08632648e-10 -1.89895496e-15  8.48922268e-16  2.85448206e-05 -2.09431546e-06 -1.58329210e-08  9.87357645e-10]:12.086840786819494
Selected for new population:
[ 4.59098705e-02 -1.55985103e-12 -2.76112295e-13  4.66355052e-11 -1.96177030e-10 -1.89895496e-15  8.48922268e-16  2.20860076e-05 -2.09431546e-06 -1.47044181e-08  9.88185686e-10]
[ 4.49255015e-02 -1.54659771e-12 -2.85065195e-13  4.61579901e-11 -2.08632648e-10 -1.83396956e-15  8.44808216e-16  2.44296191e-05 -2.11222364e-06 -1.50676852e-08  9.87357645e-10]
Selected: [3 0]
***************
***CROSSOVER***
***************
&&&&&&&&&&&&&&&&&&&&&&&&
&&TOURNAMENT SELECTION&&
&&&&&&&&&&&&&&&&&&&&&&&&
parents:
[ 4.49255015e-02 -1.46164063e-12 -2.85065195e-13  4.85032602e-11 -2.01166195e-10 -1.90341609e-15  8.44808216e-16  2.44296191e-05 -2.13122953e-06 -1.50676852e-08  9.84615738e-10]
[ 4.58309983e-02 -1.60699810e-12 -2.82312213e-13  4.63176272e-11 -2.01166195e-10 -1.90341609e-15  8.52753850e-16  2.37259063e-05 -2.09441314e-06 -1.52737517e-08  9.84615738e-10]
children:
[ 4.49255015e-02 -1.46164063e-12 -2.80082533e-13  4.63176272e-11 -2.01166195e-10 -1.90341609e-15  8.52753850e-16  2.42263262e-05 -2.09441314e-06 -1.52737517e-08  1.00417229e-09]
[ 4.58309983e-02 -1.60699810e-12 -2.85065195e-13  4.85032602e-11 -2.01166195e-10 -1.90341609e-15  8.44808216e-16  2.37259063e-05 -2.13122953e-06 -1.50676852e-08  9.81446789e-10]
Population scores:
658:[1.16277413e+11 1.91939193e+11]:[ 4.58309983e-02 -1.60699810e-12 -2.82312213e-13  4.63176272e-11 -2.01166195e-10 -1.90341609e-15  8.52753850e-16  2.37259063e-05 -2.09441314e-06 -1.52737517e-08  9.84615738e-10]:11.308707236515358
686:[2.2045319e+11 2.1196814e+11]:[ 4.49255015e-02 -1.46164063e-12 -2.85065195e-13  4.85032602e-11 -2.01166195e-10 -1.90341609e-15  8.44808216e-16  2.44296191e-05 -2.13122953e-06 -1.50676852e-08  9.84615738e-10]:11.369240836640193
707:[4.10154984e+11 3.75018906e+11]:[ 4.58309983e-02 -1.60699810e-12 -2.85065195e-13  4.85032602e-11 -2.01166195e-10 -1.90341609e-15  8.44808216e-16  2.37259063e-05 -2.13122953e-06 -1.50676852e-08  9.81446789e-10]:11.6191292461451
706:[7.51815546e+10 7.14563654e+11]:[ 4.49255015e-02 -1.46164063e-12 -2.80082533e-13  4.63176272e-11 -2.01166195e-10 -1.90341609e-15  8.52753850e-16  2.42263262e-05 -2.09441314e-06 -1.52737517e-08  1.00417229e-09]:11.858586404440448
Selected for new population:
[ 4.58309983e-02 -1.60699810e-12 -2.82312213e-13  4.63176272e-11 -2.01166195e-10 -1.90341609e-15  8.52753850e-16  2.37259063e-05 -2.09441314e-06 -1.52737517e-08  9.84615738e-10]
[ 4.49255015e-02 -1.46164063e-12 -2.85065195e-13  4.85032602e-11 -2.01166195e-10 -1.90341609e-15  8.44808216e-16  2.44296191e-05 -2.13122953e-06 -1.50676852e-08  9.84615738e-10]
Selected: [2 3]
***************
***CROSSOVER***
***************
&&&&&&&&&&&&&&&&&&&&&&&&
&&TOURNAMENT SELECTION&&
&&&&&&&&&&&&&&&&&&&&&&&&
parents:
[ 4.54710691e-02 -1.46164063e-12 -2.85065195e-13  4.78732483e-11 -2.01166195e-10 -1.90341609e-15  8.44808216e-16  2.44296191e-05 -2.13122953e-06 -1.50676852e-08  9.84615738e-10]
[ 4.49255015e-02 -1.46164063e-12 -2.85065195e-13  4.85032602e-11 -2.01166195e-10 -1.90341609e-15  8.44808216e-16  2.44296191e-05 -2.13122953e-06 -1.50676852e-08  9.84615738e-10]
children:
[ 4.49255015e-02 -1.46164063e-12 -2.85065195e-13  4.85032602e-11 -2.01166195e-10 -1.90341609e-15  8.44808216e-16  2.44296191e-05 -2.13122953e-06 -2.37083973e-08  9.84615738e-10]
[ 4.54710691e-02 -1.55750864e-12 -2.85065195e-13  4.78732483e-11 -2.01166195e-10 -1.90341609e-15  8.44808216e-16  2.44296191e-05 -2.05547818e-06 -1.44292812e-08  9.84615738e-10]
Population scores:
696:[2.2045319e+11 2.1196814e+11]:[ 4.54710691e-02 -1.46164063e-12 -2.85065195e-13  4.78732483e-11 -2.01166195e-10 -1.90341609e-15  8.44808216e-16  2.44296191e-05 -2.13122953e-06 -1.50676852e-08  9.84615738e-10]:11.369240836250771
686:[2.2045319e+11 2.1196814e+11]:[ 4.49255015e-02 -1.46164063e-12 -2.85065195e-13  4.85032602e-11 -2.01166195e-10 -1.90341609e-15  8.44808216e-16  2.44296191e-05 -2.13122953e-06 -1.50676852e-08  9.84615738e-10]:11.369240836640193
709:[3.51168192e+11 1.62846433e+12]:[ 4.54710691e-02 -1.55750864e-12 -2.85065195e-13  4.78732483e-11 -2.01166195e-10 -1.90341609e-15  8.44808216e-16  2.44296191e-05 -2.05547818e-06 -1.44292812e-08  9.84615738e-10]:12.221043990129143
708:[1.74684955e+13 2.92753893e+13]:[ 4.49255015e-02 -1.46164063e-12 -2.85065195e-13  4.85032602e-11 -2.01166195e-10 -1.90341609e-15  8.44808216e-16  2.44296191e-05 -2.13122953e-06 -2.37083973e-08  9.84615738e-10]:13.491673137532329
Selected for new population:
[ 4.54710691e-02 -1.46164063e-12 -2.85065195e-13  4.78732483e-11 -2.01166195e-10 -1.90341609e-15  8.44808216e-16  2.44296191e-05 -2.13122953e-06 -1.50676852e-08  9.84615738e-10]
[ 4.49255015e-02 -1.46164063e-12 -2.85065195e-13  4.85032602e-11 -2.01166195e-10 -1.90341609e-15  8.44808216e-16  2.44296191e-05 -2.13122953e-06 -1.50676852e-08  9.84615738e-10]
Selected: [3 8]
***************
***CROSSOVER***
***************
&&&&&&&&&&&&&&&&&&&&&&&&
&&TOURNAMENT SELECTION&&
&&&&&&&&&&&&&&&&&&&&&&&&
parents:
[ 4.49255015e-02 -1.46164063e-12 -2.85065195e-13  4.85032602e-11 -2.01166195e-10 -1.90341609e-15  8.44808216e-16  2.44296191e-05 -2.13122953e-06 -1.50676852e-08  9.84615738e-10]
[ 6.27693137e-02 -1.55418108e-12 -2.87434628e-13  4.51798915e-11 -1.74433848e-10 -1.90341609e-15  8.60068285e-16  2.44296191e-05 -2.13122953e-06 -1.50676852e-08  9.77202844e-10]
children:
[ 6.27693137e-02 -1.55418108e-12 -2.84278772e-13  5.06015785e-11 -2.01166195e-10 -1.90341609e-15  8.60068285e-16  2.48402794e-05 -2.13122953e-06 -1.50676852e-08  9.84615738e-10]
[ 4.49255015e-02 -1.43288388e-12 -2.87434628e-13  4.88964179e-11 -1.74433848e-10 -1.90341609e-15  8.44808216e-16  2.44296191e-05 -2.09729638e-06 -1.50676852e-08  1.06679288e-09]
Population scores:
710:[1.71711536e+11 1.87830224e+11]:[ 6.27693137e-02 -1.55418108e-12 -2.84278772e-13  5.06015785e-11 -2.01166195e-10 -1.90341609e-15  8.60068285e-16  2.48402794e-05 -2.13122953e-06 -1.50676852e-08  9.84615738e-10]:11.311756780374006
686:[2.2045319e+11 2.1196814e+11]:[ 4.49255015e-02 -1.46164063e-12 -2.85065195e-13  4.85032602e-11 -2.01166195e-10 -1.90341609e-15  8.44808216e-16  2.44296191e-05 -2.13122953e-06 -1.50676852e-08  9.84615738e-10]:11.369240836640193
700:[3.77176570e+11 3.15298169e+11]:[ 6.27693137e-02 -1.55418108e-12 -2.87434628e-13  4.51798915e-11 -1.74433848e-10 -1.90341609e-15  8.60068285e-16  2.44296191e-05 -2.13122953e-06 -1.50676852e-08  9.77202844e-10]:11.547794175670035
711:[2.73278378e+12 7.50484299e+12]:[ 4.49255015e-02 -1.43288388e-12 -2.87434628e-13  4.88964179e-11 -1.74433848e-10 -1.90341609e-15  8.44808216e-16  2.44296191e-05 -2.09729638e-06 -1.50676852e-08  1.06679288e-09]:12.890874715602862
Selected for new population:
[ 6.27693137e-02 -1.55418108e-12 -2.84278772e-13  5.06015785e-11 -2.01166195e-10 -1.90341609e-15  8.60068285e-16  2.48402794e-05 -2.13122953e-06 -1.50676852e-08  9.84615738e-10]
[ 4.49255015e-02 -1.46164063e-12 -2.85065195e-13  4.85032602e-11 -2.01166195e-10 -1.90341609e-15  8.44808216e-16  2.44296191e-05 -2.13122953e-06 -1.50676852e-08  9.84615738e-10]
Population scores:
658:[1.16277413e+11 1.91939193e+11]:[ 4.58309983e-02 -1.60699810e-12 -2.82312213e-13  4.63176272e-11 -2.01166195e-10 -1.90341609e-15  8.52753850e-16  2.37259063e-05 -2.09441314e-06 -1.52737517e-08  9.84615738e-10]:11.308707236515358
710:[1.71711536e+11 1.87830224e+11]:[ 6.27693137e-02 -1.55418108e-12 -2.84278772e-13  5.06015785e-11 -2.01166195e-10 -1.90341609e-15  8.60068285e-16  2.48402794e-05 -2.13122953e-06 -1.50676852e-08  9.84615738e-10]:11.311756780374006
702:[2.12551456e+11 2.04154328e+11]:[ 6.34270430e-02 -1.55985103e-12 -2.83507506e-13  4.61579901e-11 -2.01166195e-10 -1.90341609e-15  8.52753850e-16  2.46401611e-05 -2.13122953e-06 -1.51283383e-08  9.84615738e-10]:11.352972165252519
691:[9.42946739e+10 2.20426980e+11]:[ 4.59098705e-02 -1.55985103e-12 -2.76112295e-13  4.66355052e-11 -1.96177030e-10 -1.89895496e-15  8.48922268e-16  2.20860076e-05 -2.09431546e-06 -1.47044181e-08  9.88185686e-10]:11.361456690116897
696:[2.2045319e+11 2.1196814e+11]:[ 4.54710691e-02 -1.46164063e-12 -2.85065195e-13  4.78732483e-11 -2.01166195e-10 -1.90341609e-15  8.44808216e-16  2.44296191e-05 -2.13122953e-06 -1.50676852e-08  9.84615738e-10]:11.369240836250771
686:[2.2045319e+11 2.1196814e+11]:[ 4.49255015e-02 -1.46164063e-12 -2.85065195e-13  4.85032602e-11 -2.01166195e-10 -1.90341609e-15  8.44808216e-16  2.44296191e-05 -2.13122953e-06 -1.50676852e-08  9.84615738e-10]:11.369240836640193
703:[2.09811343e+11 2.16478135e+11]:[ 6.34270430e-02 -1.55985103e-12 -2.89690589e-13  4.63176272e-11 -2.01621871e-10 -1.83396956e-15  8.46395618e-16  2.46401611e-05 -2.11222364e-06 -1.57983760e-08  9.87357645e-10]:11.375589127909977
685:[2.09811343e+11 2.16478135e+11]:[ 6.34270430e-02 -1.55985103e-12 -2.89690589e-13  4.61579901e-11 -2.01621871e-10 -1.83396956e-15  8.46395618e-16  2.46401611e-05 -2.11222364e-06 -1.57983760e-08  9.87357645e-10]:11.375589127909986
675:[6.59689546e+10 2.38921344e+11]:[ 4.49255015e-02 -1.54659771e-12 -2.85065195e-13  4.61579901e-11 -2.08632648e-10 -1.83396956e-15  8.44808216e-16  2.44296191e-05 -2.11222364e-06 -1.50676852e-08  9.87357645e-10]:11.390083760780817
676:[4.92247532e+10 2.53360663e+11]:[ 4.59098705e-02 -1.59219298e-12 -2.76112295e-13  4.66355052e-11 -1.96177030e-10 -1.89895496e-15  8.54428529e-16  2.27432883e-05 -2.09431546e-06 -1.47044181e-08  9.88185686e-10]:11.412096055144735
673:[2.62908036e+11 2.33225037e+11]:[ 6.34270430e-02 -1.55985103e-12 -2.83507506e-13  4.63176272e-11 -2.01166195e-10 -1.90341609e-15  8.52753850e-16  2.46401611e-05 -2.13122953e-06 -1.52737517e-08  9.84615738e-10]:11.414163871158005
700:[3.77176570e+11 3.15298169e+11]:[ 6.27693137e-02 -1.55418108e-12 -2.87434628e-13  4.51798915e-11 -1.74433848e-10 -1.90341609e-15  8.60068285e-16  2.44296191e-05 -2.13122953e-06 -1.50676852e-08  9.77202844e-10]:11.547794175670035
679:[3.68459464e+11 3.37721809e+11]:[ 6.27693137e-02 -1.55418108e-12 -2.87434628e-13  4.55940962e-11 -1.96363451e-10 -1.86326845e-15  8.60068285e-16  2.40412979e-05 -2.09890218e-06 -1.56633676e-08  9.77202844e-10]:11.573530388067065
*******************************
***iteration: 3 Population is***
*******************************
Population scores:
658:[1.16277413e+11 1.91939193e+11]:[ 4.58309983e-02 -1.60699810e-12 -2.82312213e-13  4.63176272e-11 -2.01166195e-10 -1.90341609e-15  8.52753850e-16  2.37259063e-05 -2.09441314e-06 -1.52737517e-08  9.84615738e-10]:11.308707236515358
710:[1.71711536e+11 1.87830224e+11]:[ 6.27693137e-02 -1.55418108e-12 -2.84278772e-13  5.06015785e-11 -2.01166195e-10 -1.90341609e-15  8.60068285e-16  2.48402794e-05 -2.13122953e-06 -1.50676852e-08  9.84615738e-10]:11.311756780374006
702:[2.12551456e+11 2.04154328e+11]:[ 6.34270430e-02 -1.55985103e-12 -2.83507506e-13  4.61579901e-11 -2.01166195e-10 -1.90341609e-15  8.52753850e-16  2.46401611e-05 -2.13122953e-06 -1.51283383e-08  9.84615738e-10]:11.352972165252519
691:[9.42946739e+10 2.20426980e+11]:[ 4.59098705e-02 -1.55985103e-12 -2.76112295e-13  4.66355052e-11 -1.96177030e-10 -1.89895496e-15  8.48922268e-16  2.20860076e-05 -2.09431546e-06 -1.47044181e-08  9.88185686e-10]:11.361456690116897
696:[2.2045319e+11 2.1196814e+11]:[ 4.54710691e-02 -1.46164063e-12 -2.85065195e-13  4.78732483e-11 -2.01166195e-10 -1.90341609e-15  8.44808216e-16  2.44296191e-05 -2.13122953e-06 -1.50676852e-08  9.84615738e-10]:11.369240836250771
686:[2.2045319e+11 2.1196814e+11]:[ 4.49255015e-02 -1.46164063e-12 -2.85065195e-13  4.85032602e-11 -2.01166195e-10 -1.90341609e-15  8.44808216e-16  2.44296191e-05 -2.13122953e-06 -1.50676852e-08  9.84615738e-10]:11.369240836640193
703:[2.09811343e+11 2.16478135e+11]:[ 6.34270430e-02 -1.55985103e-12 -2.89690589e-13  4.63176272e-11 -2.01621871e-10 -1.83396956e-15  8.46395618e-16  2.46401611e-05 -2.11222364e-06 -1.57983760e-08  9.87357645e-10]:11.375589127909977
685:[2.09811343e+11 2.16478135e+11]:[ 6.34270430e-02 -1.55985103e-12 -2.89690589e-13  4.61579901e-11 -2.01621871e-10 -1.83396956e-15  8.46395618e-16  2.46401611e-05 -2.11222364e-06 -1.57983760e-08  9.87357645e-10]:11.375589127909986
675:[6.59689546e+10 2.38921344e+11]:[ 4.49255015e-02 -1.54659771e-12 -2.85065195e-13  4.61579901e-11 -2.08632648e-10 -1.83396956e-15  8.44808216e-16  2.44296191e-05 -2.11222364e-06 -1.50676852e-08  9.87357645e-10]:11.390083760780817
676:[4.92247532e+10 2.53360663e+11]:[ 4.59098705e-02 -1.59219298e-12 -2.76112295e-13  4.66355052e-11 -1.96177030e-10 -1.89895496e-15  8.54428529e-16  2.27432883e-05 -2.09431546e-06 -1.47044181e-08  9.88185686e-10]:11.412096055144735
Selected: [6 5]
***************
***CROSSOVER***
***************
&&&&&&&&&&&&&&&&&&&&&&&&
&&TOURNAMENT SELECTION&&
&&&&&&&&&&&&&&&&&&&&&&&&
parents:
[ 6.34270430e-02 -1.55985103e-12 -2.89690589e-13  4.63176272e-11 -2.01621871e-10 -1.83396956e-15  8.46395618e-16  2.46401611e-05 -2.11222364e-06 -1.57983760e-08  9.87357645e-10]
[ 4.49255015e-02 -1.46164063e-12 -2.85065195e-13  4.85032602e-11 -2.01166195e-10 -1.90341609e-15  8.44808216e-16  2.44296191e-05 -2.13122953e-06 -1.50676852e-08  9.84615738e-10]
children:
[ 4.49255015e-02 -1.55985103e-12 -3.62621881e-13  4.63176272e-11 -2.01166195e-10 -1.90341609e-15  8.46395618e-16  2.75051811e-05 -2.11222364e-06 -2.41529729e-08  9.84615738e-10]
[ 6.34270430e-02 -1.46164063e-12 -2.85065195e-13  4.85032602e-11 -2.01621871e-10 -2.51171890e-15  8.44808216e-16  2.46401611e-05 -2.13122953e-06 -1.50676852e-08  9.87357645e-10]
Population scores:
686:[2.2045319e+11 2.1196814e+11]:[ 4.49255015e-02 -1.46164063e-12 -2.85065195e-13  4.85032602e-11 -2.01166195e-10 -1.90341609e-15  8.44808216e-16  2.44296191e-05 -2.13122953e-06 -1.50676852e-08  9.84615738e-10]:11.369240836640193
703:[2.09811343e+11 2.16478135e+11]:[ 6.34270430e-02 -1.55985103e-12 -2.89690589e-13  4.63176272e-11 -2.01621871e-10 -1.83396956e-15  8.46395618e-16  2.46401611e-05 -2.11222364e-06 -1.57983760e-08  9.87357645e-10]:11.375589127909977
713:[4.97674998e+11 3.13077643e+11]:[ 6.34270430e-02 -1.46164063e-12 -2.85065195e-13  4.85032602e-11 -2.01621871e-10 -2.51171890e-15  8.44808216e-16  2.46401611e-05 -2.13122953e-06 -1.50676852e-08  9.87357645e-10]:11.559721314327883
712:[1.31853122e+13 2.14295388e+13]:[ 4.49255015e-02 -1.55985103e-12 -3.62621881e-13  4.63176272e-11 -2.01166195e-10 -1.90341609e-15  8.46395618e-16  2.75051811e-05 -2.11222364e-06 -2.41529729e-08  9.84615738e-10]:13.356944556007667
Selected for new population:
[ 4.49255015e-02 -1.46164063e-12 -2.85065195e-13  4.85032602e-11 -2.01166195e-10 -1.90341609e-15  8.44808216e-16  2.44296191e-05 -2.13122953e-06 -1.50676852e-08  9.84615738e-10]
[ 6.34270430e-02 -1.55985103e-12 -2.89690589e-13  4.63176272e-11 -2.01621871e-10 -1.83396956e-15  8.46395618e-16  2.46401611e-05 -2.11222364e-06 -1.57983760e-08  9.87357645e-10]
Selected: [5 1]
***************
***CROSSOVER***
***************
&&&&&&&&&&&&&&&&&&&&&&&&
&&TOURNAMENT SELECTION&&
&&&&&&&&&&&&&&&&&&&&&&&&
parents:
[ 4.49255015e-02 -1.46164063e-12 -2.85065195e-13  4.85032602e-11 -2.01166195e-10 -1.90341609e-15  8.44808216e-16  2.44296191e-05 -2.13122953e-06 -1.50676852e-08  9.84615738e-10]
[ 6.27693137e-02 -1.55418108e-12 -2.84278772e-13  5.06015785e-11 -2.01166195e-10 -1.90341609e-15  8.60068285e-16  2.48402794e-05 -2.13122953e-06 -1.50676852e-08  9.84615738e-10]
children:
[ 6.27693137e-02 -1.46164063e-12 -2.84278772e-13  4.85032602e-11 -2.08913890e-10 -1.90341609e-15  8.44808216e-16  2.48402794e-05 -2.13122953e-06 -1.50676852e-08  9.84615738e-10]
[ 4.40831650e-02 -1.55418108e-12 -2.85065195e-13  5.06015785e-11 -2.01166195e-10 -1.90341609e-15  8.60068285e-16  2.47902009e-05 -2.13122953e-06 -1.50676852e-08  9.84615738e-10]
Population scores:
710:[1.71711536e+11 1.87830224e+11]:[ 6.27693137e-02 -1.55418108e-12 -2.84278772e-13  5.06015785e-11 -2.01166195e-10 -1.90341609e-15  8.60068285e-16  2.48402794e-05 -2.13122953e-06 -1.50676852e-08  9.84615738e-10]:11.311756780374006
714:[1.71711536e+11 1.87830224e+11]:[ 6.27693137e-02 -1.46164063e-12 -2.84278772e-13  4.85032602e-11 -2.08913890e-10 -1.90341609e-15  8.44808216e-16  2.48402794e-05 -2.13122953e-06 -1.50676852e-08  9.84615738e-10]:11.311756780386334
715:[1.77010010e+11 1.89512494e+11]:[ 4.40831650e-02 -1.55418108e-12 -2.85065195e-13  5.06015785e-11 -2.01166195e-10 -1.90341609e-15  8.60068285e-16  2.47902009e-05 -2.13122953e-06 -1.50676852e-08  9.84615738e-10]:11.316418036331088
686:[2.2045319e+11 2.1196814e+11]:[ 4.49255015e-02 -1.46164063e-12 -2.85065195e-13  4.85032602e-11 -2.01166195e-10 -1.90341609e-15  8.44808216e-16  2.44296191e-05 -2.13122953e-06 -1.50676852e-08  9.84615738e-10]:11.369240836640193
Selected for new population:
[ 6.27693137e-02 -1.55418108e-12 -2.84278772e-13  5.06015785e-11 -2.01166195e-10 -1.90341609e-15  8.60068285e-16  2.48402794e-05 -2.13122953e-06 -1.50676852e-08  9.84615738e-10]
[ 6.27693137e-02 -1.46164063e-12 -2.84278772e-13  4.85032602e-11 -2.08913890e-10 -1.90341609e-15  8.44808216e-16  2.48402794e-05 -2.13122953e-06 -1.50676852e-08  9.84615738e-10]
Selected: [7 9]
***************
***CROSSOVER***
***************
&&&&&&&&&&&&&&&&&&&&&&&&
&&TOURNAMENT SELECTION&&
&&&&&&&&&&&&&&&&&&&&&&&&
parents:
[ 6.34270430e-02 -1.55985103e-12 -2.89690589e-13  4.61579901e-11 -2.01621871e-10 -1.83396956e-15  8.46395618e-16  2.46401611e-05 -2.11222364e-06 -1.57983760e-08  9.87357645e-10]
[ 4.59098705e-02 -1.59219298e-12 -2.76112295e-13  4.66355052e-11 -1.96177030e-10 -1.89895496e-15  8.54428529e-16  2.27432883e-05 -2.09431546e-06 -1.47044181e-08  9.88185686e-10]
children:
[ 4.59098705e-02 -1.59219298e-12 -2.76112295e-13  4.66355052e-11 -1.98387113e-10 -1.89895496e-15  8.54428529e-16  2.46401611e-05 -2.09431546e-06 -1.47044181e-08  9.88185686e-10]
[ 6.34270430e-02 -1.55985103e-12 -2.89690589e-13  3.68850357e-11 -2.01621871e-10 -1.83396956e-15  8.46395618e-16  2.27432883e-05 -1.34917947e-06 -1.57983760e-08  9.87357645e-10]
Population scores:
685:[2.09811343e+11 2.16478135e+11]:[ 6.34270430e-02 -1.55985103e-12 -2.89690589e-13  4.61579901e-11 -2.01621871e-10 -1.83396956e-15  8.46395618e-16  2.46401611e-05 -2.11222364e-06 -1.57983760e-08  9.87357645e-10]:11.375589127909986
676:[4.92247532e+10 2.53360663e+11]:[ 4.59098705e-02 -1.59219298e-12 -2.76112295e-13  4.66355052e-11 -1.96177030e-10 -1.89895496e-15  8.54428529e-16  2.27432883e-05 -2.09431546e-06 -1.47044181e-08  9.88185686e-10]:11.412096055144735
716:[9.23175797e+10 6.86809236e+11]:[ 4.59098705e-02 -1.59219298e-12 -2.76112295e-13  4.66355052e-11 -1.98387113e-10 -1.89895496e-15  8.54428529e-16  2.46401611e-05 -2.09431546e-06 -1.47044181e-08  9.88185686e-10]:11.84263481828718
717:[3.79972313e+13 8.07061184e+13]:[ 6.34270430e-02 -1.55985103e-12 -2.89690589e-13  3.68850357e-11 -2.01621871e-10 -1.83396956e-15  8.46395618e-16  2.27432883e-05 -1.34917947e-06 -1.57983760e-08  9.87357645e-10]:13.926886730965478
Selected for new population:
[ 6.34270430e-02 -1.55985103e-12 -2.89690589e-13  4.61579901e-11 -2.01621871e-10 -1.83396956e-15  8.46395618e-16  2.46401611e-05 -2.11222364e-06 -1.57983760e-08  9.87357645e-10]
[ 4.59098705e-02 -1.59219298e-12 -2.76112295e-13  4.66355052e-11 -1.96177030e-10 -1.89895496e-15  8.54428529e-16  2.27432883e-05 -2.09431546e-06 -1.47044181e-08  9.88185686e-10]
Selected: [7 1]
***************
***CROSSOVER***
***************
&&&&&&&&&&&&&&&&&&&&&&&&
&&TOURNAMENT SELECTION&&
&&&&&&&&&&&&&&&&&&&&&&&&
parents:
[ 6.34270430e-02 -1.55985103e-12 -2.89690589e-13  4.61579901e-11 -2.01621871e-10 -1.83396956e-15  8.46395618e-16  2.46401611e-05 -2.11222364e-06 -1.57983760e-08  9.87357645e-10]
[ 6.27693137e-02 -1.55418108e-12 -2.84278772e-13  5.06015785e-11 -2.01166195e-10 -1.90341609e-15  8.60068285e-16  2.48402794e-05 -2.13122953e-06 -1.50676852e-08  9.84615738e-10]
children:
[ 6.34270430e-02 -1.55418108e-12 -2.84278772e-13  5.06015785e-11 -2.01166195e-10 -1.83396956e-15  8.46395618e-16  2.48402794e-05 -2.13122953e-06 -1.50676852e-08  9.90344071e-10]
[ 6.27693137e-02 -1.55985103e-12 -2.89690589e-13  4.61579901e-11 -2.01621871e-10 -1.97431662e-15  8.60068285e-16  2.94918872e-05 -2.11222364e-06 -1.57983760e-08  9.84615738e-10]
Population scores:
710:[1.71711536e+11 1.87830224e+11]:[ 6.27693137e-02 -1.55418108e-12 -2.84278772e-13  5.06015785e-11 -2.01166195e-10 -1.90341609e-15  8.60068285e-16  2.48402794e-05 -2.13122953e-06 -1.50676852e-08  9.84615738e-10]:11.311756780374006
718:[8.84918782e+10 2.22901661e+11]:[ 6.34270430e-02 -1.55418108e-12 -2.84278772e-13  5.06015785e-11 -2.01166195e-10 -1.83396956e-15  8.46395618e-16  2.48402794e-05 -2.13122953e-06 -1.50676852e-08  9.90344071e-10]:11.365021332662613
685:[2.09811343e+11 2.16478135e+11]:[ 6.34270430e-02 -1.55985103e-12 -2.89690589e-13  4.61579901e-11 -2.01621871e-10 -1.83396956e-15  8.46395618e-16  2.46401611e-05 -2.11222364e-06 -1.57983760e-08  9.87357645e-10]:11.375589127909986
719:[2.58159681e+11 1.03776752e+12]:[ 6.27693137e-02 -1.55985103e-12 -2.89690589e-13  4.61579901e-11 -2.01621871e-10 -1.97431662e-15  8.60068285e-16  2.94918872e-05 -2.11222364e-06 -1.57983760e-08  9.84615738e-10]:12.026771584524504
Selected for new population:
[ 6.27693137e-02 -1.55418108e-12 -2.84278772e-13  5.06015785e-11 -2.01166195e-10 -1.90341609e-15  8.60068285e-16  2.48402794e-05 -2.13122953e-06 -1.50676852e-08  9.84615738e-10]
[ 6.34270430e-02 -1.55418108e-12 -2.84278772e-13  5.06015785e-11 -2.01166195e-10 -1.83396956e-15  8.46395618e-16  2.48402794e-05 -2.13122953e-06 -1.50676852e-08  9.90344071e-10]
Selected: [1 3]
***************
***CROSSOVER***
***************
&&&&&&&&&&&&&&&&&&&&&&&&
&&TOURNAMENT SELECTION&&
&&&&&&&&&&&&&&&&&&&&&&&&
parents:
[ 6.27693137e-02 -1.55418108e-12 -2.84278772e-13  5.06015785e-11 -2.01166195e-10 -1.90341609e-15  8.60068285e-16  2.48402794e-05 -2.13122953e-06 -1.50676852e-08  9.84615738e-10]
[ 4.59098705e-02 -1.55985103e-12 -2.76112295e-13  4.66355052e-11 -1.96177030e-10 -1.89895496e-15  8.48922268e-16  2.20860076e-05 -2.09431546e-06 -1.47044181e-08  9.88185686e-10]
children:
[ 4.60693711e-02 -1.55985103e-12 -2.84278772e-13  5.06015785e-11 -1.96177030e-10 -1.89895496e-15  8.60068285e-16  2.20310365e-05 -2.11770146e-06 -1.47044181e-08  9.88185686e-10]
[ 5.95486211e-02 -1.55418108e-12 -2.76112295e-13  4.66355052e-11 -2.04615962e-10 -1.90341609e-15  8.48922268e-16  2.48402794e-05 -2.13122953e-06 -1.50676852e-08  9.84615738e-10]
Population scores:
710:[1.71711536e+11 1.87830224e+11]:[ 6.27693137e-02 -1.55418108e-12 -2.84278772e-13  5.06015785e-11 -2.01166195e-10 -1.90341609e-15  8.60068285e-16  2.48402794e-05 -2.13122953e-06 -1.50676852e-08  9.84615738e-10]:11.311756780374006
721:[1.71711537e+11 1.87830225e+11]:[ 5.95486211e-02 -1.55418108e-12 -2.76112295e-13  4.66355052e-11 -2.04615962e-10 -1.90341609e-15  8.48922268e-16  2.48402794e-05 -2.13122953e-06 -1.50676852e-08  9.84615738e-10]:11.311756782210516
691:[9.42946739e+10 2.20426980e+11]:[ 4.59098705e-02 -1.55985103e-12 -2.76112295e-13  4.66355052e-11 -1.96177030e-10 -1.89895496e-15  8.48922268e-16  2.20860076e-05 -2.09431546e-06 -1.47044181e-08  9.88185686e-10]:11.361456690116897
720:[2.66719295e+11 3.01677781e+11]:[ 4.60693711e-02 -1.55985103e-12 -2.84278772e-13  5.06015785e-11 -1.96177030e-10 -1.89895496e-15  8.60068285e-16  2.20310365e-05 -2.11770146e-06 -1.47044181e-08  9.88185686e-10]:11.516336637355094
Selected for new population:
[ 6.27693137e-02 -1.55418108e-12 -2.84278772e-13  5.06015785e-11 -2.01166195e-10 -1.90341609e-15  8.60068285e-16  2.48402794e-05 -2.13122953e-06 -1.50676852e-08  9.84615738e-10]
[ 5.95486211e-02 -1.55418108e-12 -2.76112295e-13  4.66355052e-11 -2.04615962e-10 -1.90341609e-15  8.48922268e-16  2.48402794e-05 -2.13122953e-06 -1.50676852e-08  9.84615738e-10]
Population scores:
658:[1.16277413e+11 1.91939193e+11]:[ 4.58309983e-02 -1.60699810e-12 -2.82312213e-13  4.63176272e-11 -2.01166195e-10 -1.90341609e-15  8.52753850e-16  2.37259063e-05 -2.09441314e-06 -1.52737517e-08  9.84615738e-10]:11.308707236515358
710:[1.71711536e+11 1.87830224e+11]:[ 6.27693137e-02 -1.55418108e-12 -2.84278772e-13  5.06015785e-11 -2.01166195e-10 -1.90341609e-15  8.60068285e-16  2.48402794e-05 -2.13122953e-06 -1.50676852e-08  9.84615738e-10]:11.311756780374006
714:[1.71711536e+11 1.87830224e+11]:[ 6.27693137e-02 -1.46164063e-12 -2.84278772e-13  4.85032602e-11 -2.08913890e-10 -1.90341609e-15  8.44808216e-16  2.48402794e-05 -2.13122953e-06 -1.50676852e-08  9.84615738e-10]:11.311756780386334
721:[1.71711537e+11 1.87830225e+11]:[ 5.95486211e-02 -1.55418108e-12 -2.76112295e-13  4.66355052e-11 -2.04615962e-10 -1.90341609e-15  8.48922268e-16  2.48402794e-05 -2.13122953e-06 -1.50676852e-08  9.84615738e-10]:11.311756782210516
702:[2.12551456e+11 2.04154328e+11]:[ 6.34270430e-02 -1.55985103e-12 -2.83507506e-13  4.61579901e-11 -2.01166195e-10 -1.90341609e-15  8.52753850e-16  2.46401611e-05 -2.13122953e-06 -1.51283383e-08  9.84615738e-10]:11.352972165252519
691:[9.42946739e+10 2.20426980e+11]:[ 4.59098705e-02 -1.55985103e-12 -2.76112295e-13  4.66355052e-11 -1.96177030e-10 -1.89895496e-15  8.48922268e-16  2.20860076e-05 -2.09431546e-06 -1.47044181e-08  9.88185686e-10]:11.361456690116897
718:[8.84918782e+10 2.22901661e+11]:[ 6.34270430e-02 -1.55418108e-12 -2.84278772e-13  5.06015785e-11 -2.01166195e-10 -1.83396956e-15  8.46395618e-16  2.48402794e-05 -2.13122953e-06 -1.50676852e-08  9.90344071e-10]:11.365021332662613
696:[2.2045319e+11 2.1196814e+11]:[ 4.54710691e-02 -1.46164063e-12 -2.85065195e-13  4.78732483e-11 -2.01166195e-10 -1.90341609e-15  8.44808216e-16  2.44296191e-05 -2.13122953e-06 -1.50676852e-08  9.84615738e-10]:11.369240836250771
686:[2.2045319e+11 2.1196814e+11]:[ 4.49255015e-02 -1.46164063e-12 -2.85065195e-13  4.85032602e-11 -2.01166195e-10 -1.90341609e-15  8.44808216e-16  2.44296191e-05 -2.13122953e-06 -1.50676852e-08  9.84615738e-10]:11.369240836640193
703:[2.09811343e+11 2.16478135e+11]:[ 6.34270430e-02 -1.55985103e-12 -2.89690589e-13  4.63176272e-11 -2.01621871e-10 -1.83396956e-15  8.46395618e-16  2.46401611e-05 -2.11222364e-06 -1.57983760e-08  9.87357645e-10]:11.375589127909977
685:[2.09811343e+11 2.16478135e+11]:[ 6.34270430e-02 -1.55985103e-12 -2.89690589e-13  4.61579901e-11 -2.01621871e-10 -1.83396956e-15  8.46395618e-16  2.46401611e-05 -2.11222364e-06 -1.57983760e-08  9.87357645e-10]:11.375589127909986
675:[6.59689546e+10 2.38921344e+11]:[ 4.49255015e-02 -1.54659771e-12 -2.85065195e-13  4.61579901e-11 -2.08632648e-10 -1.83396956e-15  8.44808216e-16  2.44296191e-05 -2.11222364e-06 -1.50676852e-08  9.87357645e-10]:11.390083760780817
676:[4.92247532e+10 2.53360663e+11]:[ 4.59098705e-02 -1.59219298e-12 -2.76112295e-13  4.66355052e-11 -1.96177030e-10 -1.89895496e-15  8.54428529e-16  2.27432883e-05 -2.09431546e-06 -1.47044181e-08  9.88185686e-10]:11.412096055144735
*******************************
***iteration: 4 Population is***
*******************************
Population scores:
658:[1.16277413e+11 1.91939193e+11]:[ 4.58309983e-02 -1.60699810e-12 -2.82312213e-13  4.63176272e-11 -2.01166195e-10 -1.90341609e-15  8.52753850e-16  2.37259063e-05 -2.09441314e-06 -1.52737517e-08  9.84615738e-10]:11.308707236515358
710:[1.71711536e+11 1.87830224e+11]:[ 6.27693137e-02 -1.55418108e-12 -2.84278772e-13  5.06015785e-11 -2.01166195e-10 -1.90341609e-15  8.60068285e-16  2.48402794e-05 -2.13122953e-06 -1.50676852e-08  9.84615738e-10]:11.311756780374006
714:[1.71711536e+11 1.87830224e+11]:[ 6.27693137e-02 -1.46164063e-12 -2.84278772e-13  4.85032602e-11 -2.08913890e-10 -1.90341609e-15  8.44808216e-16  2.48402794e-05 -2.13122953e-06 -1.50676852e-08  9.84615738e-10]:11.311756780386334
721:[1.71711537e+11 1.87830225e+11]:[ 5.95486211e-02 -1.55418108e-12 -2.76112295e-13  4.66355052e-11 -2.04615962e-10 -1.90341609e-15  8.48922268e-16  2.48402794e-05 -2.13122953e-06 -1.50676852e-08  9.84615738e-10]:11.311756782210516
702:[2.12551456e+11 2.04154328e+11]:[ 6.34270430e-02 -1.55985103e-12 -2.83507506e-13  4.61579901e-11 -2.01166195e-10 -1.90341609e-15  8.52753850e-16  2.46401611e-05 -2.13122953e-06 -1.51283383e-08  9.84615738e-10]:11.352972165252519
691:[9.42946739e+10 2.20426980e+11]:[ 4.59098705e-02 -1.55985103e-12 -2.76112295e-13  4.66355052e-11 -1.96177030e-10 -1.89895496e-15  8.48922268e-16  2.20860076e-05 -2.09431546e-06 -1.47044181e-08  9.88185686e-10]:11.361456690116897
718:[8.84918782e+10 2.22901661e+11]:[ 6.34270430e-02 -1.55418108e-12 -2.84278772e-13  5.06015785e-11 -2.01166195e-10 -1.83396956e-15  8.46395618e-16  2.48402794e-05 -2.13122953e-06 -1.50676852e-08  9.90344071e-10]:11.365021332662613
696:[2.2045319e+11 2.1196814e+11]:[ 4.54710691e-02 -1.46164063e-12 -2.85065195e-13  4.78732483e-11 -2.01166195e-10 -1.90341609e-15  8.44808216e-16  2.44296191e-05 -2.13122953e-06 -1.50676852e-08  9.84615738e-10]:11.369240836250771
686:[2.2045319e+11 2.1196814e+11]:[ 4.49255015e-02 -1.46164063e-12 -2.85065195e-13  4.85032602e-11 -2.01166195e-10 -1.90341609e-15  8.44808216e-16  2.44296191e-05 -2.13122953e-06 -1.50676852e-08  9.84615738e-10]:11.369240836640193
703:[2.09811343e+11 2.16478135e+11]:[ 6.34270430e-02 -1.55985103e-12 -2.89690589e-13  4.63176272e-11 -2.01621871e-10 -1.83396956e-15  8.46395618e-16  2.46401611e-05 -2.11222364e-06 -1.57983760e-08  9.87357645e-10]:11.375589127909977
Selected: [7 9]
***************
***CROSSOVER***
***************
&&&&&&&&&&&&&&&&&&&&&&&&
&&TOURNAMENT SELECTION&&
&&&&&&&&&&&&&&&&&&&&&&&&
parents:
[ 4.54710691e-02 -1.46164063e-12 -2.85065195e-13  4.78732483e-11 -2.01166195e-10 -1.90341609e-15  8.44808216e-16  2.44296191e-05 -2.13122953e-06 -1.50676852e-08  9.84615738e-10]
[ 6.34270430e-02 -1.55985103e-12 -2.89690589e-13  4.63176272e-11 -2.01621871e-10 -1.83396956e-15  8.46395618e-16  2.46401611e-05 -2.11222364e-06 -1.57983760e-08  9.87357645e-10]
children:
[ 6.34270430e-02 -1.46164063e-12 -2.13008175e-13  4.78732483e-11 -2.01621871e-10 -1.90341609e-15  8.46395618e-16  2.46401611e-05 -2.04028766e-06 -1.35014947e-08  9.87357645e-10]
[ 4.49324991e-02 -1.55985103e-12 -2.89690589e-13  4.63176272e-11 -2.01166195e-10 -1.83396956e-15  8.44808216e-16  2.44296191e-05 -1.98074508e-06 -1.57983760e-08  9.84615738e-10]
Population scores:
696:[2.2045319e+11 2.1196814e+11]:[ 4.54710691e-02 -1.46164063e-12 -2.85065195e-13  4.78732483e-11 -2.01166195e-10 -1.90341609e-15  8.44808216e-16  2.44296191e-05 -2.13122953e-06 -1.50676852e-08  9.84615738e-10]:11.369240836250771
703:[2.09811343e+11 2.16478135e+11]:[ 6.34270430e-02 -1.55985103e-12 -2.89690589e-13  4.63176272e-11 -2.01621871e-10 -1.83396956e-15  8.46395618e-16  2.46401611e-05 -2.11222364e-06 -1.57983760e-08  9.87357645e-10]:11.375589127909977
723:[4.67891334e+11 1.99443317e+12]:[ 4.49324991e-02 -1.55985103e-12 -2.89690589e-13  4.63176272e-11 -2.01166195e-10 -1.83396956e-15  8.44808216e-16  2.44296191e-05 -1.98074508e-06 -1.57983760e-08  9.84615738e-10]:12.309890304888947
722:[1.48400671e+12 4.57219522e+12]:[ 6.34270430e-02 -1.46164063e-12 -2.13008175e-13  4.78732483e-11 -2.01621871e-10 -1.90341609e-15  8.46395618e-16  2.46401611e-05 -2.04028766e-06 -1.35014947e-08  9.87357645e-10]:12.673996823862469
Selected for new population:
[ 4.54710691e-02 -1.46164063e-12 -2.85065195e-13  4.78732483e-11 -2.01166195e-10 -1.90341609e-15  8.44808216e-16  2.44296191e-05 -2.13122953e-06 -1.50676852e-08  9.84615738e-10]
[ 6.34270430e-02 -1.55985103e-12 -2.89690589e-13  4.63176272e-11 -2.01621871e-10 -1.83396956e-15  8.46395618e-16  2.46401611e-05 -2.11222364e-06 -1.57983760e-08  9.87357645e-10]
Selected: [4 7]
***************
***CROSSOVER***
***************
&&&&&&&&&&&&&&&&&&&&&&&&
&&TOURNAMENT SELECTION&&
&&&&&&&&&&&&&&&&&&&&&&&&
parents:
[ 6.34270430e-02 -1.55985103e-12 -2.83507506e-13  4.61579901e-11 -2.01166195e-10 -1.90341609e-15  8.52753850e-16  2.46401611e-05 -2.13122953e-06 -1.51283383e-08  9.84615738e-10]
[ 4.54710691e-02 -1.46164063e-12 -2.85065195e-13  4.78732483e-11 -2.01166195e-10 -1.90341609e-15  8.44808216e-16  2.44296191e-05 -2.13122953e-06 -1.50676852e-08  9.84615738e-10]
children:
[ 4.54710691e-02 -1.55985103e-12 -3.41552169e-13  4.78732483e-11 -2.01166195e-10 -1.90341609e-15  8.52753850e-16  3.16038634e-05 -2.88108905e-06 -1.50676852e-08  9.84615738e-10]
[ 6.34270430e-02 -1.46164063e-12 -2.78316801e-13  4.61579901e-11 -2.01166195e-10 -2.46308229e-15  9.09282704e-16  2.46401611e-05 -2.13122953e-06 -1.52313852e-08  9.84615738e-10]
Population scores:
702:[2.12551456e+11 2.04154328e+11]:[ 6.34270430e-02 -1.55985103e-12 -2.83507506e-13  4.61579901e-11 -2.01166195e-10 -1.90341609e-15  8.52753850e-16  2.46401611e-05 -2.13122953e-06 -1.51283383e-08  9.84615738e-10]:11.352972165252519
696:[2.2045319e+11 2.1196814e+11]:[ 4.54710691e-02 -1.46164063e-12 -2.85065195e-13  4.78732483e-11 -2.01166195e-10 -1.90341609e-15  8.44808216e-16  2.44296191e-05 -2.13122953e-06 -1.50676852e-08  9.84615738e-10]:11.369240836250771
725:[6.34243223e+11 4.34461529e+11]:[ 6.34270430e-02 -1.46164063e-12 -2.78316801e-13  4.61579901e-11 -2.01166195e-10 -2.46308229e-15  9.09282704e-16  2.46401611e-05 -2.13122953e-06 -1.52313852e-08  9.84615738e-10]:11.697129784655171
724:[3.57951938e+13 6.01211222e+13]:[ 4.54710691e-02 -1.55985103e-12 -3.41552169e-13  4.78732483e-11 -2.01166195e-10 -1.90341609e-15  8.52753850e-16  3.16038634e-05 -2.88108905e-06 -1.50676852e-08  9.84615738e-10]:13.804143806784252
Selected for new population:
[ 6.34270430e-02 -1.55985103e-12 -2.83507506e-13  4.61579901e-11 -2.01166195e-10 -1.90341609e-15  8.52753850e-16  2.46401611e-05 -2.13122953e-06 -1.51283383e-08  9.84615738e-10]
[ 4.54710691e-02 -1.46164063e-12 -2.85065195e-13  4.78732483e-11 -2.01166195e-10 -1.90341609e-15  8.44808216e-16  2.44296191e-05 -2.13122953e-06 -1.50676852e-08  9.84615738e-10]
Selected: [6 3]
***************
***CROSSOVER***
***************
&&&&&&&&&&&&&&&&&&&&&&&&
&&TOURNAMENT SELECTION&&
&&&&&&&&&&&&&&&&&&&&&&&&
parents:
[ 6.34270430e-02 -1.55418108e-12 -2.84278772e-13  5.06015785e-11 -2.01166195e-10 -1.83396956e-15  8.46395618e-16  2.48402794e-05 -2.13122953e-06 -1.50676852e-08  9.90344071e-10]
[ 5.95486211e-02 -1.55418108e-12 -2.76112295e-13  4.66355052e-11 -2.04615962e-10 -1.90341609e-15  8.48922268e-16  2.48402794e-05 -2.13122953e-06 -1.50676852e-08  9.84615738e-10]
children:
[ 5.95486211e-02 -1.55418108e-12 -2.84278772e-13  4.66355052e-11 -2.04615962e-10 -1.90923523e-15  8.48922268e-16  2.48402794e-05 -2.21505618e-06 -1.50676852e-08  9.84615738e-10]
[ 6.34270430e-02 -1.99223224e-12 -2.76112295e-13  5.06015785e-11 -1.20773121e-10 -1.90341609e-15  8.46395618e-16  2.48402794e-05 -2.15572834e-06 -1.43763356e-08  9.90344071e-10]
Population scores:
721:[1.71711537e+11 1.87830225e+11]:[ 5.95486211e-02 -1.55418108e-12 -2.76112295e-13  4.66355052e-11 -2.04615962e-10 -1.90341609e-15  8.48922268e-16  2.48402794e-05 -2.13122953e-06 -1.50676852e-08  9.84615738e-10]:11.311756782210516
718:[8.84918782e+10 2.22901661e+11]:[ 6.34270430e-02 -1.55418108e-12 -2.84278772e-13  5.06015785e-11 -2.01166195e-10 -1.83396956e-15  8.46395618e-16  2.48402794e-05 -2.13122953e-06 -1.50676852e-08  9.90344071e-10]:11.365021332662613
727:[1.07842274e+11 2.58883530e+11]:[ 6.34270430e-02 -1.99223224e-12 -2.76112295e-13  5.06015785e-11 -1.20773121e-10 -1.90341609e-15  8.46395618e-16  2.48402794e-05 -2.15572834e-06 -1.43763356e-08  9.90344071e-10]:11.430829022935946
726:[1.29456673e+12 1.40900716e+12]:[ 5.95486211e-02 -1.55418108e-12 -2.84278772e-13  4.66355052e-11 -2.04615962e-10 -1.90923523e-15  8.48922268e-16  2.48402794e-05 -2.21505618e-06 -1.50676852e-08  9.84615738e-10]:12.187087290256425
Selected for new population:
[ 5.95486211e-02 -1.55418108e-12 -2.76112295e-13  4.66355052e-11 -2.04615962e-10 -1.90341609e-15  8.48922268e-16  2.48402794e-05 -2.13122953e-06 -1.50676852e-08  9.84615738e-10]
[ 6.34270430e-02 -1.55418108e-12 -2.84278772e-13  5.06015785e-11 -2.01166195e-10 -1.83396956e-15  8.46395618e-16  2.48402794e-05 -2.13122953e-06 -1.50676852e-08  9.90344071e-10]
Selected: [5 4]
***************
***CROSSOVER***
***************
&&&&&&&&&&&&&&&&&&&&&&&&
&&TOURNAMENT SELECTION&&
&&&&&&&&&&&&&&&&&&&&&&&&
parents:
[ 4.59098705e-02 -1.55985103e-12 -2.76112295e-13  4.66355052e-11 -1.96177030e-10 -1.89895496e-15  8.48922268e-16  2.20860076e-05 -2.09431546e-06 -1.47044181e-08  9.88185686e-10]
[ 6.34270430e-02 -1.55985103e-12 -2.83507506e-13  4.61579901e-11 -2.01166195e-10 -1.90341609e-15  8.52753850e-16  2.46401611e-05 -2.13122953e-06 -1.51283383e-08  9.84615738e-10]
children:
[ 6.34270430e-02 -1.55985103e-12 -2.83507506e-13  4.61579901e-11 -1.96177030e-10 -1.89895496e-15  8.55267171e-16  2.46401611e-05 -1.99467053e-06 -1.47044181e-08  9.88185686e-10]
[ 4.59098705e-02 -1.55985103e-12 -2.63944848e-13  4.66355052e-11 -2.01166195e-10 -1.90341609e-15  8.40209026e-16  2.20860076e-05 -2.13122953e-06 -1.51283383e-08  9.84615738e-10]
Population scores:
702:[2.12551456e+11 2.04154328e+11]:[ 6.34270430e-02 -1.55985103e-12 -2.83507506e-13  4.61579901e-11 -2.01166195e-10 -1.90341609e-15  8.52753850e-16  2.46401611e-05 -2.13122953e-06 -1.51283383e-08  9.84615738e-10]:11.352972165252519
691:[9.42946739e+10 2.20426980e+11]:[ 4.59098705e-02 -1.55985103e-12 -2.76112295e-13  4.66355052e-11 -1.96177030e-10 -1.89895496e-15  8.48922268e-16  2.20860076e-05 -2.09431546e-06 -1.47044181e-08  9.88185686e-10]:11.361456690116897
729:[7.73504503e+11 8.57692093e+11]:[ 4.59098705e-02 -1.55985103e-12 -2.63944848e-13  4.66355052e-11 -2.01166195e-10 -1.90341609e-15  8.40209026e-16  2.20860076e-05 -2.13122953e-06 -1.51283383e-08  9.84615738e-10]:11.970831371232663
728:[1.23956690e+12 4.04018777e+12]:[ 6.34270430e-02 -1.55985103e-12 -2.83507506e-13  4.61579901e-11 -1.96177030e-10 -1.89895496e-15  8.55267171e-16  2.46401611e-05 -1.99467053e-06 -1.47044181e-08  9.88185686e-10]:12.61952578762368
Selected for new population:
[ 6.34270430e-02 -1.55985103e-12 -2.83507506e-13  4.61579901e-11 -2.01166195e-10 -1.90341609e-15  8.52753850e-16  2.46401611e-05 -2.13122953e-06 -1.51283383e-08  9.84615738e-10]
[ 4.59098705e-02 -1.55985103e-12 -2.76112295e-13  4.66355052e-11 -1.96177030e-10 -1.89895496e-15  8.48922268e-16  2.20860076e-05 -2.09431546e-06 -1.47044181e-08  9.88185686e-10]
Selected: [2 7]
***************
***CROSSOVER***
***************
&&&&&&&&&&&&&&&&&&&&&&&&
&&TOURNAMENT SELECTION&&
&&&&&&&&&&&&&&&&&&&&&&&&
parents:
[ 6.27693137e-02 -1.46164063e-12 -2.84278772e-13  4.85032602e-11 -2.08913890e-10 -1.90341609e-15  8.44808216e-16  2.48402794e-05 -2.13122953e-06 -1.50676852e-08  9.84615738e-10]
[ 4.54710691e-02 -1.46164063e-12 -2.85065195e-13  4.78732483e-11 -2.01166195e-10 -1.90341609e-15  8.44808216e-16  2.44296191e-05 -2.13122953e-06 -1.50676852e-08  9.84615738e-10]
children:
[ 4.54710691e-02 -1.46164063e-12 -2.87539767e-13  4.78732483e-11 -2.01166195e-10 -1.90341609e-15  8.44808216e-16  2.44414790e-05 -2.13122953e-06 -1.50676852e-08  9.69123376e-10]
[ 6.27693137e-02 -1.46164063e-12 -2.84278772e-13  4.81327101e-11 -2.08913890e-10 -2.62855946e-15  8.44808216e-16  2.48409931e-05 -2.13122953e-06 -1.50676852e-08  9.84615738e-10]
Population scores:
714:[1.71711536e+11 1.87830224e+11]:[ 6.27693137e-02 -1.46164063e-12 -2.84278772e-13  4.85032602e-11 -2.08913890e-10 -1.90341609e-15  8.44808216e-16  2.48402794e-05 -2.13122953e-06 -1.50676852e-08  9.84615738e-10]:11.311756780386334
696:[2.2045319e+11 2.1196814e+11]:[ 4.54710691e-02 -1.46164063e-12 -2.85065195e-13  4.78732483e-11 -2.01166195e-10 -1.90341609e-15  8.44808216e-16  2.44296191e-05 -2.13122953e-06 -1.50676852e-08  9.84615738e-10]:11.369240836250771
731:[6.31633674e+11 3.88508019e+11]:[ 6.27693137e-02 -1.46164063e-12 -2.84278772e-13  4.81327101e-11 -2.08913890e-10 -2.62855946e-15  8.44808216e-16  2.48409931e-05 -2.13122953e-06 -1.50676852e-08  9.84615738e-10]:11.654822579133965
730:[6.01801449e+11 5.31539262e+11]:[ 4.54710691e-02 -1.46164063e-12 -2.87539767e-13  4.78732483e-11 -2.01166195e-10 -1.90341609e-15  8.44808216e-16  2.44414790e-05 -2.13122953e-06 -1.50676852e-08  9.69123376e-10]:11.772115813390297
Selected for new population:
[ 6.27693137e-02 -1.46164063e-12 -2.84278772e-13  4.85032602e-11 -2.08913890e-10 -1.90341609e-15  8.44808216e-16  2.48402794e-05 -2.13122953e-06 -1.50676852e-08  9.84615738e-10]
[ 4.54710691e-02 -1.46164063e-12 -2.85065195e-13  4.78732483e-11 -2.01166195e-10 -1.90341609e-15  8.44808216e-16  2.44296191e-05 -2.13122953e-06 -1.50676852e-08  9.84615738e-10]
Population scores:
658:[1.16277413e+11 1.91939193e+11]:[ 4.58309983e-02 -1.60699810e-12 -2.82312213e-13  4.63176272e-11 -2.01166195e-10 -1.90341609e-15  8.52753850e-16  2.37259063e-05 -2.09441314e-06 -1.52737517e-08  9.84615738e-10]:11.308707236515358
710:[1.71711536e+11 1.87830224e+11]:[ 6.27693137e-02 -1.55418108e-12 -2.84278772e-13  5.06015785e-11 -2.01166195e-10 -1.90341609e-15  8.60068285e-16  2.48402794e-05 -2.13122953e-06 -1.50676852e-08  9.84615738e-10]:11.311756780374006
714:[1.71711536e+11 1.87830224e+11]:[ 6.27693137e-02 -1.46164063e-12 -2.84278772e-13  4.85032602e-11 -2.08913890e-10 -1.90341609e-15  8.44808216e-16  2.48402794e-05 -2.13122953e-06 -1.50676852e-08  9.84615738e-10]:11.311756780386334
721:[1.71711537e+11 1.87830225e+11]:[ 5.95486211e-02 -1.55418108e-12 -2.76112295e-13  4.66355052e-11 -2.04615962e-10 -1.90341609e-15  8.48922268e-16  2.48402794e-05 -2.13122953e-06 -1.50676852e-08  9.84615738e-10]:11.311756782210516
702:[2.12551456e+11 2.04154328e+11]:[ 6.34270430e-02 -1.55985103e-12 -2.83507506e-13  4.61579901e-11 -2.01166195e-10 -1.90341609e-15  8.52753850e-16  2.46401611e-05 -2.13122953e-06 -1.51283383e-08  9.84615738e-10]:11.352972165252519
691:[9.42946739e+10 2.20426980e+11]:[ 4.59098705e-02 -1.55985103e-12 -2.76112295e-13  4.66355052e-11 -1.96177030e-10 -1.89895496e-15  8.48922268e-16  2.20860076e-05 -2.09431546e-06 -1.47044181e-08  9.88185686e-10]:11.361456690116897
718:[8.84918782e+10 2.22901661e+11]:[ 6.34270430e-02 -1.55418108e-12 -2.84278772e-13  5.06015785e-11 -2.01166195e-10 -1.83396956e-15  8.46395618e-16  2.48402794e-05 -2.13122953e-06 -1.50676852e-08  9.90344071e-10]:11.365021332662613
696:[2.2045319e+11 2.1196814e+11]:[ 4.54710691e-02 -1.46164063e-12 -2.85065195e-13  4.78732483e-11 -2.01166195e-10 -1.90341609e-15  8.44808216e-16  2.44296191e-05 -2.13122953e-06 -1.50676852e-08  9.84615738e-10]:11.369240836250771
686:[2.2045319e+11 2.1196814e+11]:[ 4.49255015e-02 -1.46164063e-12 -2.85065195e-13  4.85032602e-11 -2.01166195e-10 -1.90341609e-15  8.44808216e-16  2.44296191e-05 -2.13122953e-06 -1.50676852e-08  9.84615738e-10]:11.369240836640193
703:[2.09811343e+11 2.16478135e+11]:[ 6.34270430e-02 -1.55985103e-12 -2.89690589e-13  4.63176272e-11 -2.01621871e-10 -1.83396956e-15  8.46395618e-16  2.46401611e-05 -2.11222364e-06 -1.57983760e-08  9.87357645e-10]:11.375589127909977
%%%%%%%%%%%%%%%%%%%%%%%%%
%%%final - population%%%%
%%%%%%%%%%%%%%%%%%%%%%%%%
658:[ 4.58309983e-02 -1.60699810e-12 -2.82312213e-13  4.63176272e-11 -2.01166195e-10 -1.90341609e-15  8.52753850e-16  2.37259063e-05 -2.09441314e-06 -1.52737517e-08  9.84615738e-10]:[1.16277413e+11 1.91939193e+11]
710:[ 6.27693137e-02 -1.55418108e-12 -2.84278772e-13  5.06015785e-11 -2.01166195e-10 -1.90341609e-15  8.60068285e-16  2.48402794e-05 -2.13122953e-06 -1.50676852e-08  9.84615738e-10]:[1.71711536e+11 1.87830224e+11]
714:[ 6.27693137e-02 -1.46164063e-12 -2.84278772e-13  4.85032602e-11 -2.08913890e-10 -1.90341609e-15  8.44808216e-16  2.48402794e-05 -2.13122953e-06 -1.50676852e-08  9.84615738e-10]:[1.71711536e+11 1.87830224e+11]
721:[ 5.95486211e-02 -1.55418108e-12 -2.76112295e-13  4.66355052e-11 -2.04615962e-10 -1.90341609e-15  8.48922268e-16  2.48402794e-05 -2.13122953e-06 -1.50676852e-08  9.84615738e-10]:[1.71711537e+11 1.87830225e+11]
702:[ 6.34270430e-02 -1.55985103e-12 -2.83507506e-13  4.61579901e-11 -2.01166195e-10 -1.90341609e-15  8.52753850e-16  2.46401611e-05 -2.13122953e-06 -1.51283383e-08  9.84615738e-10]:[2.12551456e+11 2.04154328e+11]
691:[ 4.59098705e-02 -1.55985103e-12 -2.76112295e-13  4.66355052e-11 -1.96177030e-10 -1.89895496e-15  8.48922268e-16  2.20860076e-05 -2.09431546e-06 -1.47044181e-08  9.88185686e-10]:[9.42946739e+10 2.20426980e+11]
718:[ 6.34270430e-02 -1.55418108e-12 -2.84278772e-13  5.06015785e-11 -2.01166195e-10 -1.83396956e-15  8.46395618e-16  2.48402794e-05 -2.13122953e-06 -1.50676852e-08  9.90344071e-10]:[8.84918782e+10 2.22901661e+11]
696:[ 4.54710691e-02 -1.46164063e-12 -2.85065195e-13  4.78732483e-11 -2.01166195e-10 -1.90341609e-15  8.44808216e-16  2.44296191e-05 -2.13122953e-06 -1.50676852e-08  9.84615738e-10]:[2.2045319e+11 2.1196814e+11]
686:[ 4.49255015e-02 -1.46164063e-12 -2.85065195e-13  4.85032602e-11 -2.01166195e-10 -1.90341609e-15  8.44808216e-16  2.44296191e-05 -2.13122953e-06 -1.50676852e-08  9.84615738e-10]:[2.2045319e+11 2.1196814e+11]
703:[ 6.34270430e-02 -1.55985103e-12 -2.89690589e-13  4.63176272e-11 -2.01621871e-10 -1.83396956e-15  8.46395618e-16  2.46401611e-05 -2.11222364e-06 -1.57983760e-08  9.87357645e-10]:[2.09811343e+11 2.16478135e+11]
