Generating Population from
[ 6.27693137e-02 -1.55418108e-12 -2.84278772e-13  5.06015785e-11 -2.01166195e-10 -1.90341609e-15  8.60068285e-16  2.48402794e-05 -2.13122953e-06 -1.50676852e-08  9.84615738e-10]
[ 4.54710691e-02 -1.46164063e-12 -2.85065195e-13  4.78732483e-11 -2.01166195e-10 -1.90341609e-15  8.44808216e-16  2.44296191e-05 -2.13122953e-06 -1.50676852e-08  9.84615738e-10]
*******************************
***iteration: 0 Population is***
*******************************
Population scores:
710:[1.71711536e+11 1.87830224e+11]:[ 6.27693137e-02 -1.55418108e-12 -2.84278772e-13  5.06015785e-11 -2.01166195e-10 -1.90341609e-15  8.60068285e-16  2.48402794e-05 -2.13122953e-06 -1.50676852e-08  9.84615738e-10]:11.311756780374006
696:[2.2045319e+11 2.1196814e+11]:[ 4.54710691e-02 -1.46164063e-12 -2.85065195e-13  4.78732483e-11 -2.01166195e-10 -1.90341609e-15  8.44808216e-16  2.44296191e-05 -2.13122953e-06 -1.50676852e-08  9.84615738e-10]:11.369240836250771
736:[1.34563063e+11 2.88033426e+11]:[ 4.63431446e-02 -1.54394067e-12 -2.86939683e-13  4.70073039e-11 -1.95590231e-10 -1.94488349e-15  8.43629067e-16  2.54087606e-05 -2.17647188e-06 -1.41339541e-08  9.91866805e-10]:11.479272526401836
737:[3.28742144e+11 2.72994198e+11]:[ 4.59979941e-02 -1.42258729e-12 -2.85395264e-13  4.71099421e-11 -1.91264135e-10 -1.90515553e-15  8.51321517e-16  2.43648178e-05 -2.12883780e-06 -1.49413261e-08  9.76380180e-10]:11.485534629021707
735:[9.79656020e+10 3.03154616e+11]:[ 5.41646383e-02 -2.11163455e-12 -2.61356764e-13  5.56043958e-11 -1.69405163e-10 -1.55652883e-15  8.98232398e-16  1.94314869e-05 -2.03156854e-06 -1.04395961e-08  8.99559819e-10]:11.495476587493394
733:[4.52404361e+11 3.35715969e+11]:[ 6.23589448e-02 -1.55171671e-12 -2.82326821e-13  5.15275196e-11 -2.10259805e-10 -1.89365961e-15  8.62028908e-16  2.51828693e-05 -2.22615770e-06 -1.41908083e-08  9.93442754e-10]:11.580875280017898
734:[7.46995444e+11 2.58258706e+12]:[ 6.65471583e-02 -7.37971883e-13 -3.20970450e-13  5.76315961e-11 -2.93631562e-10 -2.28903958e-15  9.13211646e-16  1.56975570e-05 -2.34514799e-06 -7.41376668e-09  1.05762602e-09]:12.424438397757754
732:[1.09575517e+12 3.69553069e+12]:[ 6.32666821e-02 -1.64021338e-12 -2.93045223e-13  5.11014877e-11 -1.96702644e-10 -1.97677873e-15  8.54570843e-16  2.48081189e-05 -2.03413982e-06 -1.41633603e-08  9.90782445e-10]:12.580366783386225
738:[2.71476452e+13 4.91295449e+13]:[ 5.35986036e-02 -1.14067567e-12 -3.69841073e-13  4.03065474e-11 -2.14712402e-10 -1.44839415e-15  8.87247779e-16  1.78384351e-05 -2.71508953e-06 -1.32113973e-08  1.01645310e-09]:13.714701093654826
739:[5.85599081e+13 1.25275146e+14]:[ 4.65834881e-02 -1.87235289e-12 -3.30171032e-13  4.82556320e-11 -2.90460320e-10 -1.81697981e-15  9.26433749e-16  3.41180623e-05 -1.48601473e-06 -1.07491139e-08  9.14351202e-10]:14.117705825855543
Selected: [4 0]
***************
***CROSSOVER***
***************
&&&&&&&&&&&&&&&&&&&&&&&&
&&TOURNAMENT SELECTION&&
&&&&&&&&&&&&&&&&&&&&&&&&
parents:
[ 5.41646383e-02 -2.11163455e-12 -2.61356764e-13  5.56043958e-11 -1.69405163e-10 -1.55652883e-15  8.98232398e-16  1.94314869e-05 -2.03156854e-06 -1.04395961e-08  8.99559819e-10]
[ 6.27693137e-02 -1.55418108e-12 -2.84278772e-13  5.06015785e-11 -2.01166195e-10 -1.90341609e-15  8.60068285e-16  2.48402794e-05 -2.13122953e-06 -1.50676852e-08  9.84615738e-10]
children:
[ 5.41646383e-02 -2.48719093e-12 -2.61356764e-13  5.56043958e-11 -2.01166195e-10 -1.90341609e-15  8.35512254e-16  1.94314869e-05 -2.13122953e-06 -1.04395961e-08  9.05876456e-10]
[ 6.18306850e-02 -2.11163455e-12 -2.84278772e-13  5.06015785e-11 -1.79301703e-10 -1.55652883e-15  8.98232398e-16  2.41224171e-05 -2.03156854e-06 -1.50676852e-08  8.81062307e-10]
Population scores:
710:[1.71711536e+11 1.87830224e+11]:[ 6.27693137e-02 -1.55418108e-12 -2.84278772e-13  5.06015785e-11 -2.01166195e-10 -1.90341609e-15  8.60068285e-16  2.48402794e-05 -2.13122953e-06 -1.50676852e-08  9.84615738e-10]:11.311756780374006
735:[9.79656020e+10 3.03154616e+11]:[ 5.41646383e-02 -2.11163455e-12 -2.61356764e-13  5.56043958e-11 -1.69405163e-10 -1.55652883e-15  8.98232398e-16  1.94314869e-05 -2.03156854e-06 -1.04395961e-08  8.99559819e-10]:11.495476587493394
740:[1.12925976e+12 1.11847799e+12]:[ 5.41646383e-02 -2.48719093e-12 -2.61356764e-13  5.56043958e-11 -2.01166195e-10 -1.90341609e-15  8.35512254e-16  1.94314869e-05 -2.13122953e-06 -1.04395961e-08  9.05876456e-10]:12.090400548279058
741:[2.54491851e+12 3.38582738e+12]:[ 6.18306850e-02 -2.11163455e-12 -2.84278772e-13  5.06015785e-11 -1.79301703e-10 -1.55652883e-15  8.98232398e-16  2.41224171e-05 -2.03156854e-06 -1.50676852e-08  8.81062307e-10]:12.561139470440155
Selected for new population:
[ 6.27693137e-02 -1.55418108e-12 -2.84278772e-13  5.06015785e-11 -2.01166195e-10 -1.90341609e-15  8.60068285e-16  2.48402794e-05 -2.13122953e-06 -1.50676852e-08  9.84615738e-10]
[ 5.41646383e-02 -2.11163455e-12 -2.61356764e-13  5.56043958e-11 -1.69405163e-10 -1.55652883e-15  8.98232398e-16  1.94314869e-05 -2.03156854e-06 -1.04395961e-08  8.99559819e-10]
Selected: [0 1]
***************
***CROSSOVER***
***************
&&&&&&&&&&&&&&&&&&&&&&&&
&&TOURNAMENT SELECTION&&
&&&&&&&&&&&&&&&&&&&&&&&&
parents:
[ 6.27693137e-02 -1.55418108e-12 -2.84278772e-13  5.06015785e-11 -2.01166195e-10 -1.90341609e-15  8.60068285e-16  2.48402794e-05 -2.13122953e-06 -1.50676852e-08  9.84615738e-10]
[ 4.54710691e-02 -1.46164063e-12 -2.85065195e-13  4.78732483e-11 -2.01166195e-10 -1.90341609e-15  8.44808216e-16  2.44296191e-05 -2.13122953e-06 -1.50676852e-08  9.84615738e-10]
children:
[ 6.27693137e-02 -1.46164063e-12 -2.84278772e-13  4.78732483e-11 -2.01166195e-10 -1.90341609e-15  8.60068285e-16  2.49311425e-05 -2.13122953e-06 -1.50676852e-08  9.84615738e-10]
[ 3.98190275e-02 -1.55418108e-12 -2.85065195e-13  5.06015785e-11 -2.01166195e-10 -1.90341609e-15  8.44808216e-16  2.48402794e-05 -2.13122953e-06 -1.50676852e-08  9.84615738e-10]
Population scores:
742:[1.62555622e+11 1.85672388e+11]:[ 6.27693137e-02 -1.46164063e-12 -2.84278772e-13  4.78732483e-11 -2.01166195e-10 -1.90341609e-15  8.60068285e-16  2.49311425e-05 -2.13122953e-06 -1.50676852e-08  9.84615738e-10]:11.305196437669068
710:[1.71711536e+11 1.87830224e+11]:[ 6.27693137e-02 -1.55418108e-12 -2.84278772e-13  5.06015785e-11 -2.01166195e-10 -1.90341609e-15  8.60068285e-16  2.48402794e-05 -2.13122953e-06 -1.50676852e-08  9.84615738e-10]:11.311756780374006
743:[1.71711543e+11 1.87830230e+11]:[ 3.98190275e-02 -1.55418108e-12 -2.85065195e-13  5.06015785e-11 -2.01166195e-10 -1.90341609e-15  8.44808216e-16  2.48402794e-05 -2.13122953e-06 -1.50676852e-08  9.84615738e-10]:11.311756793420827
696:[2.2045319e+11 2.1196814e+11]:[ 4.54710691e-02 -1.46164063e-12 -2.85065195e-13  4.78732483e-11 -2.01166195e-10 -1.90341609e-15  8.44808216e-16  2.44296191e-05 -2.13122953e-06 -1.50676852e-08  9.84615738e-10]:11.369240836250771
Selected for new population:
[ 6.27693137e-02 -1.46164063e-12 -2.84278772e-13  4.78732483e-11 -2.01166195e-10 -1.90341609e-15  8.60068285e-16  2.49311425e-05 -2.13122953e-06 -1.50676852e-08  9.84615738e-10]
[ 6.27693137e-02 -1.55418108e-12 -2.84278772e-13  5.06015785e-11 -2.01166195e-10 -1.90341609e-15  8.60068285e-16  2.48402794e-05 -2.13122953e-06 -1.50676852e-08  9.84615738e-10]
Selected: [2 0]
***************
***CROSSOVER***
***************
&&&&&&&&&&&&&&&&&&&&&&&&
&&TOURNAMENT SELECTION&&
&&&&&&&&&&&&&&&&&&&&&&&&
parents:
[ 4.63431446e-02 -1.54394067e-12 -2.86939683e-13  4.70073039e-11 -1.95590231e-10 -1.94488349e-15  8.43629067e-16  2.54087606e-05 -2.17647188e-06 -1.41339541e-08  9.91866805e-10]
[ 6.27693137e-02 -1.55418108e-12 -2.84278772e-13  5.06015785e-11 -2.01166195e-10 -1.90341609e-15  8.60068285e-16  2.48402794e-05 -2.13122953e-06 -1.50676852e-08  9.84615738e-10]
children:
[ 6.27693137e-02 -1.55418108e-12 -2.84278772e-13  5.06015785e-11 -2.01166195e-10 -1.90341609e-15  8.60068285e-16  2.48402794e-05 -2.13122953e-06 -1.50676852e-08  9.91866805e-10]
[ 4.63431446e-02 -1.54394067e-12 -2.86939683e-13  4.70073039e-11 -2.01768347e-10 -1.94488349e-15  8.43629067e-16  2.54087606e-05 -2.12049459e-06 -1.41339541e-08  9.84615738e-10]
Population scores:
710:[1.71711536e+11 1.87830224e+11]:[ 6.27693137e-02 -1.55418108e-12 -2.84278772e-13  5.06015785e-11 -2.01166195e-10 -1.90341609e-15  8.60068285e-16  2.48402794e-05 -2.13122953e-06 -1.50676852e-08  9.84615738e-10]:11.311756780374006
744:[8.97064534e+10 2.23835556e+11]:[ 6.27693137e-02 -1.55418108e-12 -2.84278772e-13  5.06015785e-11 -2.01166195e-10 -1.90341609e-15  8.60068285e-16  2.48402794e-05 -2.13122953e-06 -1.50676852e-08  9.91866805e-10]:11.366994544699256
736:[1.34563063e+11 2.88033426e+11]:[ 4.63431446e-02 -1.54394067e-12 -2.86939683e-13  4.70073039e-11 -1.95590231e-10 -1.94488349e-15  8.43629067e-16  2.54087606e-05 -2.17647188e-06 -1.41339541e-08  9.91866805e-10]:11.479272526401836
745:[1.62369072e+11 8.15792471e+11]:[ 4.63431446e-02 -1.54394067e-12 -2.86939683e-13  4.70073039e-11 -2.01768347e-10 -1.94488349e-15  8.43629067e-16  2.54087606e-05 -2.12049459e-06 -1.41339541e-08  9.84615738e-10]:11.92013866123361
Selected for new population:
[ 6.27693137e-02 -1.55418108e-12 -2.84278772e-13  5.06015785e-11 -2.01166195e-10 -1.90341609e-15  8.60068285e-16  2.48402794e-05 -2.13122953e-06 -1.50676852e-08  9.84615738e-10]
[ 6.27693137e-02 -1.55418108e-12 -2.84278772e-13  5.06015785e-11 -2.01166195e-10 -1.90341609e-15  8.60068285e-16  2.48402794e-05 -2.13122953e-06 -1.50676852e-08  9.91866805e-10]
Selected: [2 0]
***************
***CROSSOVER***
***************
&&&&&&&&&&&&&&&&&&&&&&&&
&&TOURNAMENT SELECTION&&
&&&&&&&&&&&&&&&&&&&&&&&&
parents:
[ 4.63431446e-02 -1.54394067e-12 -2.86939683e-13  4.70073039e-11 -1.95590231e-10 -1.94488349e-15  8.43629067e-16  2.54087606e-05 -2.17647188e-06 -1.41339541e-08  9.91866805e-10]
[ 6.27693137e-02 -1.55418108e-12 -2.84278772e-13  5.06015785e-11 -2.01166195e-10 -1.90341609e-15  8.60068285e-16  2.48402794e-05 -2.13122953e-06 -1.50676852e-08  9.84615738e-10]
children:
[ 6.27693137e-02 -1.55418108e-12 -2.92022243e-13  5.06015785e-11 -2.01166195e-10 -1.90341609e-15  8.43629067e-16  2.48402794e-05 -2.13122953e-06 -1.50676852e-08  9.92449005e-10]
[ 4.63431446e-02 -1.54394067e-12 -2.86939683e-13  4.70073039e-11 -1.95590231e-10 -1.88922652e-15  8.60068285e-16  2.57303524e-05 -2.17647188e-06 -1.41339541e-08  9.91866805e-10]
Population scores:
710:[1.71711536e+11 1.87830224e+11]:[ 6.27693137e-02 -1.55418108e-12 -2.84278772e-13  5.06015785e-11 -2.01166195e-10 -1.90341609e-15  8.60068285e-16  2.48402794e-05 -2.13122953e-06 -1.50676852e-08  9.84615738e-10]:11.311756780374006
746:[8.51918783e+10 2.30642194e+11]:[ 6.27693137e-02 -1.55418108e-12 -2.92022243e-13  5.06015785e-11 -2.01166195e-10 -1.90341609e-15  8.43629067e-16  2.48402794e-05 -2.13122953e-06 -1.50676852e-08  9.92449005e-10]:11.378691054870501
736:[1.34563063e+11 2.88033426e+11]:[ 4.63431446e-02 -1.54394067e-12 -2.86939683e-13  4.70073039e-11 -1.95590231e-10 -1.94488349e-15  8.43629067e-16  2.54087606e-05 -2.17647188e-06 -1.41339541e-08  9.91866805e-10]:11.479272526401836
747:[1.34032492e+11 3.68190349e+11]:[ 4.63431446e-02 -1.54394067e-12 -2.86939683e-13  4.70073039e-11 -1.95590231e-10 -1.88922652e-15  8.60068285e-16  2.57303524e-05 -2.17647188e-06 -1.41339541e-08  9.91866805e-10]:11.581601080272078
Selected for new population:
[ 6.27693137e-02 -1.55418108e-12 -2.84278772e-13  5.06015785e-11 -2.01166195e-10 -1.90341609e-15  8.60068285e-16  2.48402794e-05 -2.13122953e-06 -1.50676852e-08  9.84615738e-10]
[ 6.27693137e-02 -1.55418108e-12 -2.92022243e-13  5.06015785e-11 -2.01166195e-10 -1.90341609e-15  8.43629067e-16  2.48402794e-05 -2.13122953e-06 -1.50676852e-08  9.92449005e-10]
Selected: [2 5]
***************
***CROSSOVER***
***************
&&&&&&&&&&&&&&&&&&&&&&&&
&&TOURNAMENT SELECTION&&
&&&&&&&&&&&&&&&&&&&&&&&&
parents:
[ 4.63431446e-02 -1.54394067e-12 -2.86939683e-13  4.70073039e-11 -1.95590231e-10 -1.94488349e-15  8.43629067e-16  2.54087606e-05 -2.17647188e-06 -1.41339541e-08  9.91866805e-10]
[ 6.23589448e-02 -1.55171671e-12 -2.82326821e-13  5.15275196e-11 -2.10259805e-10 -1.89365961e-15  8.62028908e-16  2.51828693e-05 -2.22615770e-06 -1.41908083e-08  9.93442754e-10]
children:
[ 6.23589448e-02 -1.54394067e-12 -2.86939683e-13  4.70073039e-11 -2.10259805e-10 -1.89365961e-15  8.62028908e-16  2.51828693e-05 -2.17647188e-06 -1.41908083e-08  9.91866805e-10]
[ 4.63056009e-02 -1.55171671e-12 -2.82326821e-13  5.15275196e-11 -1.95590231e-10 -1.99110265e-15  8.43629067e-16  2.54087606e-05 -2.22615770e-06 -1.41339541e-08  9.93442754e-10]
Population scores:
748:[1.35318992e+11 2.56985814e+11]:[ 6.23589448e-02 -1.54394067e-12 -2.86939683e-13  4.70073039e-11 -2.10259805e-10 -1.89365961e-15  8.62028908e-16  2.51828693e-05 -2.17647188e-06 -1.41908083e-08  9.91866805e-10]:11.432195707478026
736:[1.34563063e+11 2.88033426e+11]:[ 4.63431446e-02 -1.54394067e-12 -2.86939683e-13  4.70073039e-11 -1.95590231e-10 -1.94488349e-15  8.43629067e-16  2.54087606e-05 -2.17647188e-06 -1.41339541e-08  9.91866805e-10]:11.479272526401836
749:[4.46683206e+11 3.01363349e+11]:[ 4.63056009e-02 -1.55171671e-12 -2.82326821e-13  5.15275196e-11 -1.95590231e-10 -1.99110265e-15  8.43629067e-16  2.54087606e-05 -2.22615770e-06 -1.41339541e-08  9.93442754e-10]:11.539115847825016
733:[4.52404361e+11 3.35715969e+11]:[ 6.23589448e-02 -1.55171671e-12 -2.82326821e-13  5.15275196e-11 -2.10259805e-10 -1.89365961e-15  8.62028908e-16  2.51828693e-05 -2.22615770e-06 -1.41908083e-08  9.93442754e-10]:11.580875280017898
Selected for new population:
[ 6.23589448e-02 -1.54394067e-12 -2.86939683e-13  4.70073039e-11 -2.10259805e-10 -1.89365961e-15  8.62028908e-16  2.51828693e-05 -2.17647188e-06 -1.41908083e-08  9.91866805e-10]
[ 4.63431446e-02 -1.54394067e-12 -2.86939683e-13  4.70073039e-11 -1.95590231e-10 -1.94488349e-15  8.43629067e-16  2.54087606e-05 -2.17647188e-06 -1.41339541e-08  9.91866805e-10]
Population scores:
742:[1.62555622e+11 1.85672388e+11]:[ 6.27693137e-02 -1.46164063e-12 -2.84278772e-13  4.78732483e-11 -2.01166195e-10 -1.90341609e-15  8.60068285e-16  2.49311425e-05 -2.13122953e-06 -1.50676852e-08  9.84615738e-10]:11.305196437669068
710:[1.71711536e+11 1.87830224e+11]:[ 6.27693137e-02 -1.55418108e-12 -2.84278772e-13  5.06015785e-11 -2.01166195e-10 -1.90341609e-15  8.60068285e-16  2.48402794e-05 -2.13122953e-06 -1.50676852e-08  9.84615738e-10]:11.311756780374006
744:[8.97064534e+10 2.23835556e+11]:[ 6.27693137e-02 -1.55418108e-12 -2.84278772e-13  5.06015785e-11 -2.01166195e-10 -1.90341609e-15  8.60068285e-16  2.48402794e-05 -2.13122953e-06 -1.50676852e-08  9.91866805e-10]:11.366994544699256
696:[2.2045319e+11 2.1196814e+11]:[ 4.54710691e-02 -1.46164063e-12 -2.85065195e-13  4.78732483e-11 -2.01166195e-10 -1.90341609e-15  8.44808216e-16  2.44296191e-05 -2.13122953e-06 -1.50676852e-08  9.84615738e-10]:11.369240836250771
746:[8.51918783e+10 2.30642194e+11]:[ 6.27693137e-02 -1.55418108e-12 -2.92022243e-13  5.06015785e-11 -2.01166195e-10 -1.90341609e-15  8.43629067e-16  2.48402794e-05 -2.13122953e-06 -1.50676852e-08  9.92449005e-10]:11.378691054870501
748:[1.35318992e+11 2.56985814e+11]:[ 6.23589448e-02 -1.54394067e-12 -2.86939683e-13  4.70073039e-11 -2.10259805e-10 -1.89365961e-15  8.62028908e-16  2.51828693e-05 -2.17647188e-06 -1.41908083e-08  9.91866805e-10]:11.432195707478026
736:[1.34563063e+11 2.88033426e+11]:[ 4.63431446e-02 -1.54394067e-12 -2.86939683e-13  4.70073039e-11 -1.95590231e-10 -1.94488349e-15  8.43629067e-16  2.54087606e-05 -2.17647188e-06 -1.41339541e-08  9.91866805e-10]:11.479272526401836
737:[3.28742144e+11 2.72994198e+11]:[ 4.59979941e-02 -1.42258729e-12 -2.85395264e-13  4.71099421e-11 -1.91264135e-10 -1.90515553e-15  8.51321517e-16  2.43648178e-05 -2.12883780e-06 -1.49413261e-08  9.76380180e-10]:11.485534629021707
735:[9.79656020e+10 3.03154616e+11]:[ 5.41646383e-02 -2.11163455e-12 -2.61356764e-13  5.56043958e-11 -1.69405163e-10 -1.55652883e-15  8.98232398e-16  1.94314869e-05 -2.03156854e-06 -1.04395961e-08  8.99559819e-10]:11.495476587493394
733:[4.52404361e+11 3.35715969e+11]:[ 6.23589448e-02 -1.55171671e-12 -2.82326821e-13  5.15275196e-11 -2.10259805e-10 -1.89365961e-15  8.62028908e-16  2.51828693e-05 -2.22615770e-06 -1.41908083e-08  9.93442754e-10]:11.580875280017898
734:[7.46995444e+11 2.58258706e+12]:[ 6.65471583e-02 -7.37971883e-13 -3.20970450e-13  5.76315961e-11 -2.93631562e-10 -2.28903958e-15  9.13211646e-16  1.56975570e-05 -2.34514799e-06 -7.41376668e-09  1.05762602e-09]:12.424438397757754
732:[1.09575517e+12 3.69553069e+12]:[ 6.32666821e-02 -1.64021338e-12 -2.93045223e-13  5.11014877e-11 -1.96702644e-10 -1.97677873e-15  8.54570843e-16  2.48081189e-05 -2.03413982e-06 -1.41633603e-08  9.90782445e-10]:12.580366783386225
738:[2.71476452e+13 4.91295449e+13]:[ 5.35986036e-02 -1.14067567e-12 -3.69841073e-13  4.03065474e-11 -2.14712402e-10 -1.44839415e-15  8.87247779e-16  1.78384351e-05 -2.71508953e-06 -1.32113973e-08  1.01645310e-09]:13.714701093654826
739:[5.85599081e+13 1.25275146e+14]:[ 4.65834881e-02 -1.87235289e-12 -3.30171032e-13  4.82556320e-11 -2.90460320e-10 -1.81697981e-15  9.26433749e-16  3.41180623e-05 -1.48601473e-06 -1.07491139e-08  9.14351202e-10]:14.117705825855543
*******************************
***iteration: 1 Population is***
*******************************
Population scores:
742:[1.62555622e+11 1.85672388e+11]:[ 6.27693137e-02 -1.46164063e-12 -2.84278772e-13  4.78732483e-11 -2.01166195e-10 -1.90341609e-15  8.60068285e-16  2.49311425e-05 -2.13122953e-06 -1.50676852e-08  9.84615738e-10]:11.305196437669068
710:[1.71711536e+11 1.87830224e+11]:[ 6.27693137e-02 -1.55418108e-12 -2.84278772e-13  5.06015785e-11 -2.01166195e-10 -1.90341609e-15  8.60068285e-16  2.48402794e-05 -2.13122953e-06 -1.50676852e-08  9.84615738e-10]:11.311756780374006
744:[8.97064534e+10 2.23835556e+11]:[ 6.27693137e-02 -1.55418108e-12 -2.84278772e-13  5.06015785e-11 -2.01166195e-10 -1.90341609e-15  8.60068285e-16  2.48402794e-05 -2.13122953e-06 -1.50676852e-08  9.91866805e-10]:11.366994544699256
696:[2.2045319e+11 2.1196814e+11]:[ 4.54710691e-02 -1.46164063e-12 -2.85065195e-13  4.78732483e-11 -2.01166195e-10 -1.90341609e-15  8.44808216e-16  2.44296191e-05 -2.13122953e-06 -1.50676852e-08  9.84615738e-10]:11.369240836250771
746:[8.51918783e+10 2.30642194e+11]:[ 6.27693137e-02 -1.55418108e-12 -2.92022243e-13  5.06015785e-11 -2.01166195e-10 -1.90341609e-15  8.43629067e-16  2.48402794e-05 -2.13122953e-06 -1.50676852e-08  9.92449005e-10]:11.378691054870501
748:[1.35318992e+11 2.56985814e+11]:[ 6.23589448e-02 -1.54394067e-12 -2.86939683e-13  4.70073039e-11 -2.10259805e-10 -1.89365961e-15  8.62028908e-16  2.51828693e-05 -2.17647188e-06 -1.41908083e-08  9.91866805e-10]:11.432195707478026
736:[1.34563063e+11 2.88033426e+11]:[ 4.63431446e-02 -1.54394067e-12 -2.86939683e-13  4.70073039e-11 -1.95590231e-10 -1.94488349e-15  8.43629067e-16  2.54087606e-05 -2.17647188e-06 -1.41339541e-08  9.91866805e-10]:11.479272526401836
737:[3.28742144e+11 2.72994198e+11]:[ 4.59979941e-02 -1.42258729e-12 -2.85395264e-13  4.71099421e-11 -1.91264135e-10 -1.90515553e-15  8.51321517e-16  2.43648178e-05 -2.12883780e-06 -1.49413261e-08  9.76380180e-10]:11.485534629021707
735:[9.79656020e+10 3.03154616e+11]:[ 5.41646383e-02 -2.11163455e-12 -2.61356764e-13  5.56043958e-11 -1.69405163e-10 -1.55652883e-15  8.98232398e-16  1.94314869e-05 -2.03156854e-06 -1.04395961e-08  8.99559819e-10]:11.495476587493394
733:[4.52404361e+11 3.35715969e+11]:[ 6.23589448e-02 -1.55171671e-12 -2.82326821e-13  5.15275196e-11 -2.10259805e-10 -1.89365961e-15  8.62028908e-16  2.51828693e-05 -2.22615770e-06 -1.41908083e-08  9.93442754e-10]:11.580875280017898
Selected: [1 2]
***************
***CROSSOVER***
***************
&&&&&&&&&&&&&&&&&&&&&&&&
&&TOURNAMENT SELECTION&&
&&&&&&&&&&&&&&&&&&&&&&&&
parents:
[ 6.27693137e-02 -1.55418108e-12 -2.84278772e-13  5.06015785e-11 -2.01166195e-10 -1.90341609e-15  8.60068285e-16  2.48402794e-05 -2.13122953e-06 -1.50676852e-08  9.84615738e-10]
[ 6.27693137e-02 -1.55418108e-12 -2.84278772e-13  5.06015785e-11 -2.01166195e-10 -1.90341609e-15  8.60068285e-16  2.48402794e-05 -2.13122953e-06 -1.50676852e-08  9.91866805e-10]
children:
[ 6.27693137e-02 -1.55418108e-12 -2.84278772e-13  5.06015785e-11 -2.01166195e-10 -1.90341609e-15  7.83782587e-16  2.48402794e-05 -2.13122953e-06 -1.50676852e-08  1.02053238e-09]
[ 6.27693137e-02 -1.45996208e-12 -2.84278772e-13  5.06015785e-11 -2.01166195e-10 -1.90341609e-15  8.60068285e-16  2.48402794e-05 -2.13122953e-06 -2.40686234e-08  9.91866805e-10]
Population scores:
710:[1.71711536e+11 1.87830224e+11]:[ 6.27693137e-02 -1.55418108e-12 -2.84278772e-13  5.06015785e-11 -2.01166195e-10 -1.90341609e-15  8.60068285e-16  2.48402794e-05 -2.13122953e-06 -1.50676852e-08  9.84615738e-10]:11.311756780374006
744:[8.97064534e+10 2.23835556e+11]:[ 6.27693137e-02 -1.55418108e-12 -2.84278772e-13  5.06015785e-11 -2.01166195e-10 -1.90341609e-15  8.60068285e-16  2.48402794e-05 -2.13122953e-06 -1.50676852e-08  9.91866805e-10]:11.366994544699256
750:[2.32776926e+11 1.25017350e+12]:[ 6.27693137e-02 -1.55418108e-12 -2.84278772e-13  5.06015785e-11 -2.01166195e-10 -1.90341609e-15  7.83782587e-16  2.48402794e-05 -2.13122953e-06 -1.50676852e-08  1.02053238e-09]:12.104982304727526
751:[1.68727036e+13 2.81897731e+13]:[ 6.27693137e-02 -1.45996208e-12 -2.84278772e-13  5.06015785e-11 -2.01166195e-10 -1.90341609e-15  8.60068285e-16  2.48402794e-05 -2.13122953e-06 -2.40686234e-08  9.91866805e-10]:13.475337618147831
Selected for new population:
[ 6.27693137e-02 -1.55418108e-12 -2.84278772e-13  5.06015785e-11 -2.01166195e-10 -1.90341609e-15  8.60068285e-16  2.48402794e-05 -2.13122953e-06 -1.50676852e-08  9.84615738e-10]
[ 6.27693137e-02 -1.55418108e-12 -2.84278772e-13  5.06015785e-11 -2.01166195e-10 -1.90341609e-15  8.60068285e-16  2.48402794e-05 -2.13122953e-06 -1.50676852e-08  9.91866805e-10]
Selected: [1 0]
***************
***CROSSOVER***
***************
&&&&&&&&&&&&&&&&&&&&&&&&
&&TOURNAMENT SELECTION&&
&&&&&&&&&&&&&&&&&&&&&&&&
parents:
[ 6.27693137e-02 -1.55418108e-12 -2.84278772e-13  5.06015785e-11 -2.01166195e-10 -1.90341609e-15  8.60068285e-16  2.48402794e-05 -2.13122953e-06 -1.50676852e-08  9.84615738e-10]
[ 6.27693137e-02 -1.46164063e-12 -2.84278772e-13  4.78732483e-11 -2.01166195e-10 -1.90341609e-15  8.60068285e-16  2.49311425e-05 -2.13122953e-06 -1.50676852e-08  9.84615738e-10]
children:
[ 6.27693137e-02 -1.46164063e-12 -2.84278772e-13  5.06015785e-11 -2.01166195e-10 -1.90341609e-15  8.66116130e-16  2.56473690e-05 -2.13122953e-06 -1.50676852e-08  9.84615738e-10]
[ 6.27693137e-02 -1.55418108e-12 -2.84278772e-13  4.78732483e-11 -2.01166195e-10 -1.90341609e-15  8.48771820e-16  2.49311425e-05 -2.13122953e-06 -1.50676852e-08  9.84615738e-10]
Population scores:
742:[1.62555622e+11 1.85672388e+11]:[ 6.27693137e-02 -1.46164063e-12 -2.84278772e-13  4.78732483e-11 -2.01166195e-10 -1.90341609e-15  8.60068285e-16  2.49311425e-05 -2.13122953e-06 -1.50676852e-08  9.84615738e-10]:11.305196437669068
753:[1.62555622e+11 1.85672388e+11]:[ 6.27693137e-02 -1.55418108e-12 -2.84278772e-13  4.78732483e-11 -2.01166195e-10 -1.90341609e-15  8.48771820e-16  2.49311425e-05 -2.13122953e-06 -1.50676852e-08  9.84615738e-10]:11.305196437669068
710:[1.71711536e+11 1.87830224e+11]:[ 6.27693137e-02 -1.55418108e-12 -2.84278772e-13  5.06015785e-11 -2.01166195e-10 -1.90341609e-15  8.60068285e-16  2.48402794e-05 -2.13122953e-06 -1.50676852e-08  9.84615738e-10]:11.311756780374006
752:[1.11044803e+11 2.09039211e+11]:[ 6.27693137e-02 -1.46164063e-12 -2.84278772e-13  5.06015785e-11 -2.01166195e-10 -1.90341609e-15  8.66116130e-16  2.56473690e-05 -2.13122953e-06 -1.50676852e-08  9.84615738e-10]:11.342706243890863
Selected for new population:
[ 6.27693137e-02 -1.46164063e-12 -2.84278772e-13  4.78732483e-11 -2.01166195e-10 -1.90341609e-15  8.60068285e-16  2.49311425e-05 -2.13122953e-06 -1.50676852e-08  9.84615738e-10]
[ 6.27693137e-02 -1.55418108e-12 -2.84278772e-13  4.78732483e-11 -2.01166195e-10 -1.90341609e-15  8.48771820e-16  2.49311425e-05 -2.13122953e-06 -1.50676852e-08  9.84615738e-10]
Selected: [4 1]
***************
***CROSSOVER***
***************
&&&&&&&&&&&&&&&&&&&&&&&&
&&TOURNAMENT SELECTION&&
&&&&&&&&&&&&&&&&&&&&&&&&
parents:
[ 6.27693137e-02 -1.55418108e-12 -2.92022243e-13  5.06015785e-11 -2.01166195e-10 -1.90341609e-15  8.43629067e-16  2.48402794e-05 -2.13122953e-06 -1.50676852e-08  9.92449005e-10]
[ 6.27693137e-02 -1.55418108e-12 -2.84278772e-13  5.06015785e-11 -2.01166195e-10 -1.90341609e-15  8.60068285e-16  2.48402794e-05 -2.13122953e-06 -1.50676852e-08  9.84615738e-10]
children:
[ 6.27693137e-02 -1.55418108e-12 -2.92022243e-13  5.06015785e-11 -2.01166195e-10 -1.90341609e-15  8.60068285e-16  2.48402794e-05 -2.13122953e-06 -1.50676852e-08  9.84615738e-10]
[ 6.27693137e-02 -1.55418108e-12 -2.84278772e-13  5.06015785e-11 -2.01166195e-10 -1.90341609e-15  8.43629067e-16  2.48402794e-05 -2.13122953e-06 -1.50676852e-08  9.92449005e-10]
Population scores:
710:[1.71711536e+11 1.87830224e+11]:[ 6.27693137e-02 -1.55418108e-12 -2.84278772e-13  5.06015785e-11 -2.01166195e-10 -1.90341609e-15  8.60068285e-16  2.48402794e-05 -2.13122953e-06 -1.50676852e-08  9.84615738e-10]:11.311756780374006
754:[1.71711536e+11 1.87830224e+11]:[ 6.27693137e-02 -1.55418108e-12 -2.92022243e-13  5.06015785e-11 -2.01166195e-10 -1.90341609e-15  8.60068285e-16  2.48402794e-05 -2.13122953e-06 -1.50676852e-08  9.84615738e-10]:11.311756780374006
746:[8.51918783e+10 2.30642194e+11]:[ 6.27693137e-02 -1.55418108e-12 -2.92022243e-13  5.06015785e-11 -2.01166195e-10 -1.90341609e-15  8.43629067e-16  2.48402794e-05 -2.13122953e-06 -1.50676852e-08  9.92449005e-10]:11.378691054870501
755:[8.51918783e+10 2.30642194e+11]:[ 6.27693137e-02 -1.55418108e-12 -2.84278772e-13  5.06015785e-11 -2.01166195e-10 -1.90341609e-15  8.43629067e-16  2.48402794e-05 -2.13122953e-06 -1.50676852e-08  9.92449005e-10]:11.378691054870501
Selected for new population:
[ 6.27693137e-02 -1.55418108e-12 -2.84278772e-13  5.06015785e-11 -2.01166195e-10 -1.90341609e-15  8.60068285e-16  2.48402794e-05 -2.13122953e-06 -1.50676852e-08  9.84615738e-10]
[ 6.27693137e-02 -1.55418108e-12 -2.92022243e-13  5.06015785e-11 -2.01166195e-10 -1.90341609e-15  8.60068285e-16  2.48402794e-05 -2.13122953e-06 -1.50676852e-08  9.84615738e-10]
Selected: [5 9]
***************
***CROSSOVER***
***************
&&&&&&&&&&&&&&&&&&&&&&&&
&&TOURNAMENT SELECTION&&
&&&&&&&&&&&&&&&&&&&&&&&&
parents:
[ 6.23589448e-02 -1.54394067e-12 -2.86939683e-13  4.70073039e-11 -2.10259805e-10 -1.89365961e-15  8.62028908e-16  2.51828693e-05 -2.17647188e-06 -1.41908083e-08  9.91866805e-10]
[ 6.23589448e-02 -1.55171671e-12 -2.82326821e-13  5.15275196e-11 -2.10259805e-10 -1.89365961e-15  8.62028908e-16  2.51828693e-05 -2.22615770e-06 -1.41908083e-08  9.93442754e-10]
children:
[ 6.23589448e-02 -1.55171671e-12 -2.82326821e-13  4.70073039e-11 -2.10259805e-10 -1.96767471e-15  8.62028908e-16  3.00547399e-05 -2.24130277e-06 -1.41908083e-08  9.83540052e-10]
[ 6.23589448e-02 -1.54394067e-12 -2.86939683e-13  5.12409597e-11 -1.87124422e-10 -1.89365961e-15  8.62028908e-16  2.51828693e-05 -2.17647188e-06 -1.41908083e-08  9.93442754e-10]
Population scores:
748:[1.35318992e+11 2.56985814e+11]:[ 6.23589448e-02 -1.54394067e-12 -2.86939683e-13  4.70073039e-11 -2.10259805e-10 -1.89365961e-15  8.62028908e-16  2.51828693e-05 -2.17647188e-06 -1.41908083e-08  9.91866805e-10]:11.432195707478026
757:[1.26232166e+11 2.82040231e+11]:[ 6.23589448e-02 -1.54394067e-12 -2.86939683e-13  5.12409597e-11 -1.87124422e-10 -1.89365961e-15  8.62028908e-16  2.51828693e-05 -2.17647188e-06 -1.41908083e-08  9.93442754e-10]:11.469326266083154
756:[3.64867109e+11 3.24846535e+11]:[ 6.23589448e-02 -1.55171671e-12 -2.82326821e-13  4.70073039e-11 -2.10259805e-10 -1.96767471e-15  8.62028908e-16  3.00547399e-05 -2.24130277e-06 -1.41908083e-08  9.83540052e-10]:11.557907922668374
733:[4.52404361e+11 3.35715969e+11]:[ 6.23589448e-02 -1.55171671e-12 -2.82326821e-13  5.15275196e-11 -2.10259805e-10 -1.89365961e-15  8.62028908e-16  2.51828693e-05 -2.22615770e-06 -1.41908083e-08  9.93442754e-10]:11.580875280017898
Selected for new population:
[ 6.23589448e-02 -1.54394067e-12 -2.86939683e-13  4.70073039e-11 -2.10259805e-10 -1.89365961e-15  8.62028908e-16  2.51828693e-05 -2.17647188e-06 -1.41908083e-08  9.91866805e-10]
[ 6.23589448e-02 -1.54394067e-12 -2.86939683e-13  5.12409597e-11 -1.87124422e-10 -1.89365961e-15  8.62028908e-16  2.51828693e-05 -2.17647188e-06 -1.41908083e-08  9.93442754e-10]
Selected: [3 1]
***************
***CROSSOVER***
***************
&&&&&&&&&&&&&&&&&&&&&&&&
&&TOURNAMENT SELECTION&&
&&&&&&&&&&&&&&&&&&&&&&&&
parents:
[ 4.54710691e-02 -1.46164063e-12 -2.85065195e-13  4.78732483e-11 -2.01166195e-10 -1.90341609e-15  8.44808216e-16  2.44296191e-05 -2.13122953e-06 -1.50676852e-08  9.84615738e-10]
[ 6.27693137e-02 -1.55418108e-12 -2.84278772e-13  5.06015785e-11 -2.01166195e-10 -1.90341609e-15  8.60068285e-16  2.48402794e-05 -2.13122953e-06 -1.50676852e-08  9.84615738e-10]
children:
[ 6.27693137e-02 -1.55418108e-12 -2.85065195e-13  5.01953831e-11 -2.01166195e-10 -1.90341609e-15  8.44808216e-16  2.44296191e-05 -2.13122953e-06 -1.50676852e-08  9.84615738e-10]
[ 4.54710691e-02 -1.46164063e-12 -2.89861888e-13  4.21607909e-11 -1.97414257e-10 -1.90341609e-15  8.60068285e-16  2.48402794e-05 -2.13264877e-06 -2.13824474e-08  9.84615738e-10]
Population scores:
710:[1.71711536e+11 1.87830224e+11]:[ 6.27693137e-02 -1.55418108e-12 -2.84278772e-13  5.06015785e-11 -2.01166195e-10 -1.90341609e-15  8.60068285e-16  2.48402794e-05 -2.13122953e-06 -1.50676852e-08  9.84615738e-10]:11.311756780374006
758:[2.20453184e+11 2.11968134e+11]:[ 6.27693137e-02 -1.55418108e-12 -2.85065195e-13  5.01953831e-11 -2.01166195e-10 -1.90341609e-15  8.44808216e-16  2.44296191e-05 -2.13122953e-06 -1.50676852e-08  9.84615738e-10]:11.369240823902171
696:[2.2045319e+11 2.1196814e+11]:[ 4.54710691e-02 -1.46164063e-12 -2.85065195e-13  4.78732483e-11 -2.01166195e-10 -1.90341609e-15  8.44808216e-16  2.44296191e-05 -2.13122953e-06 -1.50676852e-08  9.84615738e-10]:11.369240836250771
759:[9.59433780e+12 1.53063997e+13]:[ 4.54710691e-02 -1.46164063e-12 -2.89861888e-13  4.21607909e-11 -1.97414257e-10 -1.90341609e-15  8.60068285e-16  2.48402794e-05 -2.13264877e-06 -2.13824474e-08  9.84615738e-10]:13.211276322910827
Selected for new population:
[ 6.27693137e-02 -1.55418108e-12 -2.84278772e-13  5.06015785e-11 -2.01166195e-10 -1.90341609e-15  8.60068285e-16  2.48402794e-05 -2.13122953e-06 -1.50676852e-08  9.84615738e-10]
[ 6.27693137e-02 -1.55418108e-12 -2.85065195e-13  5.01953831e-11 -2.01166195e-10 -1.90341609e-15  8.44808216e-16  2.44296191e-05 -2.13122953e-06 -1.50676852e-08  9.84615738e-10]
Population scores:
753:[1.62555622e+11 1.85672388e+11]:[ 6.27693137e-02 -1.55418108e-12 -2.84278772e-13  4.78732483e-11 -2.01166195e-10 -1.90341609e-15  8.48771820e-16  2.49311425e-05 -2.13122953e-06 -1.50676852e-08  9.84615738e-10]:11.305196437669068
742:[1.62555622e+11 1.85672388e+11]:[ 6.27693137e-02 -1.46164063e-12 -2.84278772e-13  4.78732483e-11 -2.01166195e-10 -1.90341609e-15  8.60068285e-16  2.49311425e-05 -2.13122953e-06 -1.50676852e-08  9.84615738e-10]:11.305196437669068
754:[1.71711536e+11 1.87830224e+11]:[ 6.27693137e-02 -1.55418108e-12 -2.92022243e-13  5.06015785e-11 -2.01166195e-10 -1.90341609e-15  8.60068285e-16  2.48402794e-05 -2.13122953e-06 -1.50676852e-08  9.84615738e-10]:11.311756780374006
710:[1.71711536e+11 1.87830224e+11]:[ 6.27693137e-02 -1.55418108e-12 -2.84278772e-13  5.06015785e-11 -2.01166195e-10 -1.90341609e-15  8.60068285e-16  2.48402794e-05 -2.13122953e-06 -1.50676852e-08  9.84615738e-10]:11.311756780374006
744:[8.97064534e+10 2.23835556e+11]:[ 6.27693137e-02 -1.55418108e-12 -2.84278772e-13  5.06015785e-11 -2.01166195e-10 -1.90341609e-15  8.60068285e-16  2.48402794e-05 -2.13122953e-06 -1.50676852e-08  9.91866805e-10]:11.366994544699256
758:[2.20453184e+11 2.11968134e+11]:[ 6.27693137e-02 -1.55418108e-12 -2.85065195e-13  5.01953831e-11 -2.01166195e-10 -1.90341609e-15  8.44808216e-16  2.44296191e-05 -2.13122953e-06 -1.50676852e-08  9.84615738e-10]:11.369240823902171
696:[2.2045319e+11 2.1196814e+11]:[ 4.54710691e-02 -1.46164063e-12 -2.85065195e-13  4.78732483e-11 -2.01166195e-10 -1.90341609e-15  8.44808216e-16  2.44296191e-05 -2.13122953e-06 -1.50676852e-08  9.84615738e-10]:11.369240836250771
746:[8.51918783e+10 2.30642194e+11]:[ 6.27693137e-02 -1.55418108e-12 -2.92022243e-13  5.06015785e-11 -2.01166195e-10 -1.90341609e-15  8.43629067e-16  2.48402794e-05 -2.13122953e-06 -1.50676852e-08  9.92449005e-10]:11.378691054870501
748:[1.35318992e+11 2.56985814e+11]:[ 6.23589448e-02 -1.54394067e-12 -2.86939683e-13  4.70073039e-11 -2.10259805e-10 -1.89365961e-15  8.62028908e-16  2.51828693e-05 -2.17647188e-06 -1.41908083e-08  9.91866805e-10]:11.432195707478026
757:[1.26232166e+11 2.82040231e+11]:[ 6.23589448e-02 -1.54394067e-12 -2.86939683e-13  5.12409597e-11 -1.87124422e-10 -1.89365961e-15  8.62028908e-16  2.51828693e-05 -2.17647188e-06 -1.41908083e-08  9.93442754e-10]:11.469326266083154
736:[1.34563063e+11 2.88033426e+11]:[ 4.63431446e-02 -1.54394067e-12 -2.86939683e-13  4.70073039e-11 -1.95590231e-10 -1.94488349e-15  8.43629067e-16  2.54087606e-05 -2.17647188e-06 -1.41339541e-08  9.91866805e-10]:11.479272526401836
737:[3.28742144e+11 2.72994198e+11]:[ 4.59979941e-02 -1.42258729e-12 -2.85395264e-13  4.71099421e-11 -1.91264135e-10 -1.90515553e-15  8.51321517e-16  2.43648178e-05 -2.12883780e-06 -1.49413261e-08  9.76380180e-10]:11.485534629021707
735:[9.79656020e+10 3.03154616e+11]:[ 5.41646383e-02 -2.11163455e-12 -2.61356764e-13  5.56043958e-11 -1.69405163e-10 -1.55652883e-15  8.98232398e-16  1.94314869e-05 -2.03156854e-06 -1.04395961e-08  8.99559819e-10]:11.495476587493394
733:[4.52404361e+11 3.35715969e+11]:[ 6.23589448e-02 -1.55171671e-12 -2.82326821e-13  5.15275196e-11 -2.10259805e-10 -1.89365961e-15  8.62028908e-16  2.51828693e-05 -2.22615770e-06 -1.41908083e-08  9.93442754e-10]:11.580875280017898
*******************************
***iteration: 2 Population is***
*******************************
Population scores:
753:[1.62555622e+11 1.85672388e+11]:[ 6.27693137e-02 -1.55418108e-12 -2.84278772e-13  4.78732483e-11 -2.01166195e-10 -1.90341609e-15  8.48771820e-16  2.49311425e-05 -2.13122953e-06 -1.50676852e-08  9.84615738e-10]:11.305196437669068
742:[1.62555622e+11 1.85672388e+11]:[ 6.27693137e-02 -1.46164063e-12 -2.84278772e-13  4.78732483e-11 -2.01166195e-10 -1.90341609e-15  8.60068285e-16  2.49311425e-05 -2.13122953e-06 -1.50676852e-08  9.84615738e-10]:11.305196437669068
754:[1.71711536e+11 1.87830224e+11]:[ 6.27693137e-02 -1.55418108e-12 -2.92022243e-13  5.06015785e-11 -2.01166195e-10 -1.90341609e-15  8.60068285e-16  2.48402794e-05 -2.13122953e-06 -1.50676852e-08  9.84615738e-10]:11.311756780374006
710:[1.71711536e+11 1.87830224e+11]:[ 6.27693137e-02 -1.55418108e-12 -2.84278772e-13  5.06015785e-11 -2.01166195e-10 -1.90341609e-15  8.60068285e-16  2.48402794e-05 -2.13122953e-06 -1.50676852e-08  9.84615738e-10]:11.311756780374006
744:[8.97064534e+10 2.23835556e+11]:[ 6.27693137e-02 -1.55418108e-12 -2.84278772e-13  5.06015785e-11 -2.01166195e-10 -1.90341609e-15  8.60068285e-16  2.48402794e-05 -2.13122953e-06 -1.50676852e-08  9.91866805e-10]:11.366994544699256
758:[2.20453184e+11 2.11968134e+11]:[ 6.27693137e-02 -1.55418108e-12 -2.85065195e-13  5.01953831e-11 -2.01166195e-10 -1.90341609e-15  8.44808216e-16  2.44296191e-05 -2.13122953e-06 -1.50676852e-08  9.84615738e-10]:11.369240823902171
696:[2.2045319e+11 2.1196814e+11]:[ 4.54710691e-02 -1.46164063e-12 -2.85065195e-13  4.78732483e-11 -2.01166195e-10 -1.90341609e-15  8.44808216e-16  2.44296191e-05 -2.13122953e-06 -1.50676852e-08  9.84615738e-10]:11.369240836250771
746:[8.51918783e+10 2.30642194e+11]:[ 6.27693137e-02 -1.55418108e-12 -2.92022243e-13  5.06015785e-11 -2.01166195e-10 -1.90341609e-15  8.43629067e-16  2.48402794e-05 -2.13122953e-06 -1.50676852e-08  9.92449005e-10]:11.378691054870501
748:[1.35318992e+11 2.56985814e+11]:[ 6.23589448e-02 -1.54394067e-12 -2.86939683e-13  4.70073039e-11 -2.10259805e-10 -1.89365961e-15  8.62028908e-16  2.51828693e-05 -2.17647188e-06 -1.41908083e-08  9.91866805e-10]:11.432195707478026
757:[1.26232166e+11 2.82040231e+11]:[ 6.23589448e-02 -1.54394067e-12 -2.86939683e-13  5.12409597e-11 -1.87124422e-10 -1.89365961e-15  8.62028908e-16  2.51828693e-05 -2.17647188e-06 -1.41908083e-08  9.93442754e-10]:11.469326266083154
Selected: [0 2]
***************
***CROSSOVER***
***************
&&&&&&&&&&&&&&&&&&&&&&&&
&&TOURNAMENT SELECTION&&
&&&&&&&&&&&&&&&&&&&&&&&&
parents:
[ 6.27693137e-02 -1.55418108e-12 -2.84278772e-13  4.78732483e-11 -2.01166195e-10 -1.90341609e-15  8.48771820e-16  2.49311425e-05 -2.13122953e-06 -1.50676852e-08  9.84615738e-10]
[ 6.27693137e-02 -1.55418108e-12 -2.92022243e-13  5.06015785e-11 -2.01166195e-10 -1.90341609e-15  8.60068285e-16  2.48402794e-05 -2.13122953e-06 -1.50676852e-08  9.84615738e-10]
children:
[ 6.27693137e-02 -1.55418108e-12 -2.92022243e-13  5.06015785e-11 -2.01166195e-10 -1.90341609e-15  8.60654075e-16  2.48402794e-05 -2.13122953e-06 -1.50676852e-08  9.45124970e-10]
[ 6.27693137e-02 -1.62561058e-12 -2.84278772e-13  4.78732483e-11 -2.01166195e-10 -1.90341609e-15  8.48771820e-16  2.49311425e-05 -2.55146481e-06 -1.44801312e-08  9.84615738e-10]
Population scores:
753:[1.62555622e+11 1.85672388e+11]:[ 6.27693137e-02 -1.55418108e-12 -2.84278772e-13  4.78732483e-11 -2.01166195e-10 -1.90341609e-15  8.48771820e-16  2.49311425e-05 -2.13122953e-06 -1.50676852e-08  9.84615738e-10]:11.305196437669068
754:[1.71711536e+11 1.87830224e+11]:[ 6.27693137e-02 -1.55418108e-12 -2.92022243e-13  5.06015785e-11 -2.01166195e-10 -1.90341609e-15  8.60068285e-16  2.48402794e-05 -2.13122953e-06 -1.50676852e-08  9.84615738e-10]:11.311756780374006
760:[1.45605733e+12 1.57661807e+12]:[ 6.27693137e-02 -1.55418108e-12 -2.92022243e-13  5.06015785e-11 -2.01166195e-10 -1.90341609e-15  8.60654075e-16  2.48402794e-05 -2.13122953e-06 -1.50676852e-08  9.45124970e-10]:12.236089587813666
761:[1.53179940e+13 2.49796322e+13]:[ 6.27693137e-02 -1.62561058e-12 -2.84278772e-13  4.78732483e-11 -2.01166195e-10 -1.90341609e-15  8.48771820e-16  2.49311425e-05 -2.55146481e-06 -1.44801312e-08  9.84615738e-10]:13.423433180204679
Selected for new population:
[ 6.27693137e-02 -1.55418108e-12 -2.84278772e-13  4.78732483e-11 -2.01166195e-10 -1.90341609e-15  8.48771820e-16  2.49311425e-05 -2.13122953e-06 -1.50676852e-08  9.84615738e-10]
[ 6.27693137e-02 -1.55418108e-12 -2.92022243e-13  5.06015785e-11 -2.01166195e-10 -1.90341609e-15  8.60068285e-16  2.48402794e-05 -2.13122953e-06 -1.50676852e-08  9.84615738e-10]
Selected: [4 9]
***************
***CROSSOVER***
***************
&&&&&&&&&&&&&&&&&&&&&&&&
&&TOURNAMENT SELECTION&&
&&&&&&&&&&&&&&&&&&&&&&&&
parents:
[ 6.27693137e-02 -1.55418108e-12 -2.84278772e-13  5.06015785e-11 -2.01166195e-10 -1.90341609e-15  8.60068285e-16  2.48402794e-05 -2.13122953e-06 -1.50676852e-08  9.91866805e-10]
[ 6.23589448e-02 -1.54394067e-12 -2.86939683e-13  5.12409597e-11 -1.87124422e-10 -1.89365961e-15  8.62028908e-16  2.51828693e-05 -2.17647188e-06 -1.41908083e-08  9.93442754e-10]
children:
[ 6.23589448e-02 -1.54394067e-12 -2.86939683e-13  5.06015785e-11 -2.86191652e-10 -1.89365961e-15  8.60068285e-16  2.51828693e-05 -2.17669529e-06 -1.41908083e-08  1.07209629e-09]
[ 6.27693137e-02 -1.55418108e-12 -2.84278772e-13  5.12409597e-11 -2.45867521e-10 -1.88181507e-15  8.62028908e-16  2.48402794e-05 -2.13122953e-06 -1.50676852e-08  9.91866805e-10]
Population scores:
744:[8.97064534e+10 2.23835556e+11]:[ 6.27693137e-02 -1.55418108e-12 -2.84278772e-13  5.06015785e-11 -2.01166195e-10 -1.90341609e-15  8.60068285e-16  2.48402794e-05 -2.13122953e-06 -1.50676852e-08  9.91866805e-10]:11.366994544699256
763:[8.55980912e+10 2.28896308e+11]:[ 6.27693137e-02 -1.55418108e-12 -2.84278772e-13  5.12409597e-11 -2.45867521e-10 -1.88181507e-15  8.62028908e-16  2.48402794e-05 -2.13122953e-06 -1.50676852e-08  9.91866805e-10]:11.375583361644633
757:[1.26232166e+11 2.82040231e+11]:[ 6.23589448e-02 -1.54394067e-12 -2.86939683e-13  5.12409597e-11 -1.87124422e-10 -1.89365961e-15  8.62028908e-16  2.51828693e-05 -2.17647188e-06 -1.41908083e-08  9.93442754e-10]:11.469326266083154
762:[2.53037699e+12 6.93605580e+12]:[ 6.23589448e-02 -1.54394067e-12 -2.86939683e-13  5.06015785e-11 -2.86191652e-10 -1.89365961e-15  8.60068285e-16  2.51828693e-05 -2.17669529e-06 -1.41908083e-08  1.07209629e-09]:12.856674132081116
Selected for new population:
[ 6.27693137e-02 -1.55418108e-12 -2.84278772e-13  5.06015785e-11 -2.01166195e-10 -1.90341609e-15  8.60068285e-16  2.48402794e-05 -2.13122953e-06 -1.50676852e-08  9.91866805e-10]
[ 6.27693137e-02 -1.55418108e-12 -2.84278772e-13  5.12409597e-11 -2.45867521e-10 -1.88181507e-15  8.62028908e-16  2.48402794e-05 -2.13122953e-06 -1.50676852e-08  9.91866805e-10]
Selected: [4 3]
***************
***CROSSOVER***
***************
&&&&&&&&&&&&&&&&&&&&&&&&
&&TOURNAMENT SELECTION&&
&&&&&&&&&&&&&&&&&&&&&&&&
parents:
[ 6.27693137e-02 -1.55418108e-12 -2.84278772e-13  5.06015785e-11 -2.01166195e-10 -1.90341609e-15  8.60068285e-16  2.48402794e-05 -2.13122953e-06 -1.50676852e-08  9.91866805e-10]
[ 6.27693137e-02 -1.55418108e-12 -2.84278772e-13  5.06015785e-11 -2.01166195e-10 -1.90341609e-15  8.60068285e-16  2.48402794e-05 -2.13122953e-06 -1.50676852e-08  9.84615738e-10]
children:
[ 6.27693137e-02 -1.17124828e-12 -2.84278772e-13  5.06015785e-11 -2.01166195e-10 -1.90341609e-15  8.98750237e-16  3.35481280e-05 -2.13122953e-06 -1.50676852e-08  9.84615738e-10]
[ 6.65893793e-02 -1.55418108e-12 -2.84278772e-13  5.06015785e-11 -1.91105555e-10 -1.90341609e-15  8.60068285e-16  2.48402794e-05 -2.13122953e-06 -1.50676852e-08  9.91866805e-10]
Population scores:
710:[1.71711536e+11 1.87830224e+11]:[ 6.27693137e-02 -1.55418108e-12 -2.84278772e-13  5.06015785e-11 -2.01166195e-10 -1.90341609e-15  8.60068285e-16  2.48402794e-05 -2.13122953e-06 -1.50676852e-08  9.84615738e-10]:11.311756780374006
765:[8.97064525e+10 2.23835556e+11]:[ 6.65893793e-02 -1.55418108e-12 -2.84278772e-13  5.06015785e-11 -1.91105555e-10 -1.90341609e-15  8.60068285e-16  2.48402794e-05 -2.13122953e-06 -1.50676852e-08  9.91866805e-10]:11.366994544291252
744:[8.97064534e+10 2.23835556e+11]:[ 6.27693137e-02 -1.55418108e-12 -2.84278772e-13  5.06015785e-11 -2.01166195e-10 -1.90341609e-15  8.60068285e-16  2.48402794e-05 -2.13122953e-06 -1.50676852e-08  9.91866805e-10]:11.366994544699256
764:[1.97610023e+12 5.22206185e+12]:[ 6.27693137e-02 -1.17124828e-12 -2.84278772e-13  5.06015785e-11 -2.01166195e-10 -1.90341609e-15  8.98750237e-16  3.35481280e-05 -2.13122953e-06 -1.50676852e-08  9.84615738e-10]:12.733972993728877
Selected for new population:
[ 6.27693137e-02 -1.55418108e-12 -2.84278772e-13  5.06015785e-11 -2.01166195e-10 -1.90341609e-15  8.60068285e-16  2.48402794e-05 -2.13122953e-06 -1.50676852e-08  9.84615738e-10]
[ 6.65893793e-02 -1.55418108e-12 -2.84278772e-13  5.06015785e-11 -1.91105555e-10 -1.90341609e-15  8.60068285e-16  2.48402794e-05 -2.13122953e-06 -1.50676852e-08  9.91866805e-10]
Selected: [4 3]
***************
***CROSSOVER***
***************
&&&&&&&&&&&&&&&&&&&&&&&&
&&TOURNAMENT SELECTION&&
&&&&&&&&&&&&&&&&&&&&&&&&
parents:
[ 6.27693137e-02 -1.55418108e-12 -2.84278772e-13  5.06015785e-11 -2.01166195e-10 -1.90341609e-15  8.60068285e-16  2.48402794e-05 -2.13122953e-06 -1.50676852e-08  9.91866805e-10]
[ 6.27693137e-02 -1.55418108e-12 -2.84278772e-13  5.06015785e-11 -2.01166195e-10 -1.90341609e-15  8.60068285e-16  2.48402794e-05 -2.13122953e-06 -1.50676852e-08  9.84615738e-10]
children:
[ 6.27693137e-02 -1.55418108e-12 -2.84278772e-13  5.06015785e-11 -2.01166195e-10 -1.90341609e-15  8.60068285e-16  2.48402794e-05 -2.13122953e-06 -6.81515306e-09  9.91866805e-10]
[ 6.31570975e-02 -1.55418108e-12 -2.84278772e-13  5.25376474e-11 -1.35050937e-10 -1.90341609e-15  8.60068285e-16  2.48402794e-05 -2.13122953e-06 -1.50676852e-08  9.84615738e-10]
Population scores:
767:[1.71711536e+11 1.87830224e+11]:[ 6.31570975e-02 -1.55418108e-12 -2.84278772e-13  5.25376474e-11 -1.35050937e-10 -1.90341609e-15  8.60068285e-16  2.48402794e-05 -2.13122953e-06 -1.50676852e-08  9.84615738e-10]:11.311756780048968
710:[1.71711536e+11 1.87830224e+11]:[ 6.27693137e-02 -1.55418108e-12 -2.84278772e-13  5.06015785e-11 -2.01166195e-10 -1.90341609e-15  8.60068285e-16  2.48402794e-05 -2.13122953e-06 -1.50676852e-08  9.84615738e-10]:11.311756780374006
744:[8.97064534e+10 2.23835556e+11]:[ 6.27693137e-02 -1.55418108e-12 -2.84278772e-13  5.06015785e-11 -2.01166195e-10 -1.90341609e-15  8.60068285e-16  2.48402794e-05 -2.13122953e-06 -1.50676852e-08  9.91866805e-10]:11.366994544699256
766:[1.21634647e+13 2.72287402e+13]:[ 6.27693137e-02 -1.55418108e-12 -2.84278772e-13  5.06015785e-11 -2.01166195e-10 -1.90341609e-15  8.60068285e-16  2.48402794e-05 -2.13122953e-06 -6.81515306e-09  9.91866805e-10]:13.45400726076496
Selected for new population:
[ 6.31570975e-02 -1.55418108e-12 -2.84278772e-13  5.25376474e-11 -1.35050937e-10 -1.90341609e-15  8.60068285e-16  2.48402794e-05 -2.13122953e-06 -1.50676852e-08  9.84615738e-10]
[ 6.27693137e-02 -1.55418108e-12 -2.84278772e-13  5.06015785e-11 -2.01166195e-10 -1.90341609e-15  8.60068285e-16  2.48402794e-05 -2.13122953e-06 -1.50676852e-08  9.84615738e-10]
Selected: [2 1]
***************
***CROSSOVER***
***************
&&&&&&&&&&&&&&&&&&&&&&&&
&&TOURNAMENT SELECTION&&
&&&&&&&&&&&&&&&&&&&&&&&&
parents:
[ 6.27693137e-02 -1.55418108e-12 -2.92022243e-13  5.06015785e-11 -2.01166195e-10 -1.90341609e-15  8.60068285e-16  2.48402794e-05 -2.13122953e-06 -1.50676852e-08  9.84615738e-10]
[ 6.27693137e-02 -1.46164063e-12 -2.84278772e-13  4.78732483e-11 -2.01166195e-10 -1.90341609e-15  8.60068285e-16  2.49311425e-05 -2.13122953e-06 -1.50676852e-08  9.84615738e-10]
children:
[ 6.27693137e-02 -1.46164063e-12 -2.92022243e-13  4.78732483e-11 -2.01166195e-10 -1.90341609e-15  8.60068285e-16  2.49311425e-05 -2.13122953e-06 -1.50676852e-08  9.84615738e-10]
[ 6.27693137e-02 -1.55418108e-12 -2.84278772e-13  5.06015785e-11 -2.01166195e-10 -1.90341609e-15  8.60068285e-16  2.48402794e-05 -2.13122953e-06 -1.50676852e-08  9.84615738e-10]
Population scores:
742:[1.62555622e+11 1.85672388e+11]:[ 6.27693137e-02 -1.46164063e-12 -2.84278772e-13  4.78732483e-11 -2.01166195e-10 -1.90341609e-15  8.60068285e-16  2.49311425e-05 -2.13122953e-06 -1.50676852e-08  9.84615738e-10]:11.305196437669068
768:[1.62555622e+11 1.85672388e+11]:[ 6.27693137e-02 -1.46164063e-12 -2.92022243e-13  4.78732483e-11 -2.01166195e-10 -1.90341609e-15  8.60068285e-16  2.49311425e-05 -2.13122953e-06 -1.50676852e-08  9.84615738e-10]:11.305196437669068
754:[1.71711536e+11 1.87830224e+11]:[ 6.27693137e-02 -1.55418108e-12 -2.92022243e-13  5.06015785e-11 -2.01166195e-10 -1.90341609e-15  8.60068285e-16  2.48402794e-05 -2.13122953e-06 -1.50676852e-08  9.84615738e-10]:11.311756780374006
710:[1.71711536e+11 1.87830224e+11]:[ 6.27693137e-02 -1.55418108e-12 -2.84278772e-13  5.06015785e-11 -2.01166195e-10 -1.90341609e-15  8.60068285e-16  2.48402794e-05 -2.13122953e-06 -1.50676852e-08  9.84615738e-10]:11.311756780374006
Selected for new population:
[ 6.27693137e-02 -1.46164063e-12 -2.84278772e-13  4.78732483e-11 -2.01166195e-10 -1.90341609e-15  8.60068285e-16  2.49311425e-05 -2.13122953e-06 -1.50676852e-08  9.84615738e-10]
[ 6.27693137e-02 -1.46164063e-12 -2.92022243e-13  4.78732483e-11 -2.01166195e-10 -1.90341609e-15  8.60068285e-16  2.49311425e-05 -2.13122953e-06 -1.50676852e-08  9.84615738e-10]
Population scores:
753:[1.62555622e+11 1.85672388e+11]:[ 6.27693137e-02 -1.55418108e-12 -2.84278772e-13  4.78732483e-11 -2.01166195e-10 -1.90341609e-15  8.48771820e-16  2.49311425e-05 -2.13122953e-06 -1.50676852e-08  9.84615738e-10]:11.305196437669068
768:[1.62555622e+11 1.85672388e+11]:[ 6.27693137e-02 -1.46164063e-12 -2.92022243e-13  4.78732483e-11 -2.01166195e-10 -1.90341609e-15  8.60068285e-16  2.49311425e-05 -2.13122953e-06 -1.50676852e-08  9.84615738e-10]:11.305196437669068
742:[1.62555622e+11 1.85672388e+11]:[ 6.27693137e-02 -1.46164063e-12 -2.84278772e-13  4.78732483e-11 -2.01166195e-10 -1.90341609e-15  8.60068285e-16  2.49311425e-05 -2.13122953e-06 -1.50676852e-08  9.84615738e-10]:11.305196437669068
767:[1.71711536e+11 1.87830224e+11]:[ 6.31570975e-02 -1.55418108e-12 -2.84278772e-13  5.25376474e-11 -1.35050937e-10 -1.90341609e-15  8.60068285e-16  2.48402794e-05 -2.13122953e-06 -1.50676852e-08  9.84615738e-10]:11.311756780048968
754:[1.71711536e+11 1.87830224e+11]:[ 6.27693137e-02 -1.55418108e-12 -2.92022243e-13  5.06015785e-11 -2.01166195e-10 -1.90341609e-15  8.60068285e-16  2.48402794e-05 -2.13122953e-06 -1.50676852e-08  9.84615738e-10]:11.311756780374006
710:[1.71711536e+11 1.87830224e+11]:[ 6.27693137e-02 -1.55418108e-12 -2.84278772e-13  5.06015785e-11 -2.01166195e-10 -1.90341609e-15  8.60068285e-16  2.48402794e-05 -2.13122953e-06 -1.50676852e-08  9.84615738e-10]:11.311756780374006
765:[8.97064525e+10 2.23835556e+11]:[ 6.65893793e-02 -1.55418108e-12 -2.84278772e-13  5.06015785e-11 -1.91105555e-10 -1.90341609e-15  8.60068285e-16  2.48402794e-05 -2.13122953e-06 -1.50676852e-08  9.91866805e-10]:11.366994544291252
744:[8.97064534e+10 2.23835556e+11]:[ 6.27693137e-02 -1.55418108e-12 -2.84278772e-13  5.06015785e-11 -2.01166195e-10 -1.90341609e-15  8.60068285e-16  2.48402794e-05 -2.13122953e-06 -1.50676852e-08  9.91866805e-10]:11.366994544699256
758:[2.20453184e+11 2.11968134e+11]:[ 6.27693137e-02 -1.55418108e-12 -2.85065195e-13  5.01953831e-11 -2.01166195e-10 -1.90341609e-15  8.44808216e-16  2.44296191e-05 -2.13122953e-06 -1.50676852e-08  9.84615738e-10]:11.369240823902171
696:[2.2045319e+11 2.1196814e+11]:[ 4.54710691e-02 -1.46164063e-12 -2.85065195e-13  4.78732483e-11 -2.01166195e-10 -1.90341609e-15  8.44808216e-16  2.44296191e-05 -2.13122953e-06 -1.50676852e-08  9.84615738e-10]:11.369240836250771
763:[8.55980912e+10 2.28896308e+11]:[ 6.27693137e-02 -1.55418108e-12 -2.84278772e-13  5.12409597e-11 -2.45867521e-10 -1.88181507e-15  8.62028908e-16  2.48402794e-05 -2.13122953e-06 -1.50676852e-08  9.91866805e-10]:11.375583361644633
746:[8.51918783e+10 2.30642194e+11]:[ 6.27693137e-02 -1.55418108e-12 -2.92022243e-13  5.06015785e-11 -2.01166195e-10 -1.90341609e-15  8.43629067e-16  2.48402794e-05 -2.13122953e-06 -1.50676852e-08  9.92449005e-10]:11.378691054870501
748:[1.35318992e+11 2.56985814e+11]:[ 6.23589448e-02 -1.54394067e-12 -2.86939683e-13  4.70073039e-11 -2.10259805e-10 -1.89365961e-15  8.62028908e-16  2.51828693e-05 -2.17647188e-06 -1.41908083e-08  9.91866805e-10]:11.432195707478026
757:[1.26232166e+11 2.82040231e+11]:[ 6.23589448e-02 -1.54394067e-12 -2.86939683e-13  5.12409597e-11 -1.87124422e-10 -1.89365961e-15  8.62028908e-16  2.51828693e-05 -2.17647188e-06 -1.41908083e-08  9.93442754e-10]:11.469326266083154
*******************************
***iteration: 3 Population is***
*******************************
Population scores:
753:[1.62555622e+11 1.85672388e+11]:[ 6.27693137e-02 -1.55418108e-12 -2.84278772e-13  4.78732483e-11 -2.01166195e-10 -1.90341609e-15  8.48771820e-16  2.49311425e-05 -2.13122953e-06 -1.50676852e-08  9.84615738e-10]:11.305196437669068
768:[1.62555622e+11 1.85672388e+11]:[ 6.27693137e-02 -1.46164063e-12 -2.92022243e-13  4.78732483e-11 -2.01166195e-10 -1.90341609e-15  8.60068285e-16  2.49311425e-05 -2.13122953e-06 -1.50676852e-08  9.84615738e-10]:11.305196437669068
742:[1.62555622e+11 1.85672388e+11]:[ 6.27693137e-02 -1.46164063e-12 -2.84278772e-13  4.78732483e-11 -2.01166195e-10 -1.90341609e-15  8.60068285e-16  2.49311425e-05 -2.13122953e-06 -1.50676852e-08  9.84615738e-10]:11.305196437669068
767:[1.71711536e+11 1.87830224e+11]:[ 6.31570975e-02 -1.55418108e-12 -2.84278772e-13  5.25376474e-11 -1.35050937e-10 -1.90341609e-15  8.60068285e-16  2.48402794e-05 -2.13122953e-06 -1.50676852e-08  9.84615738e-10]:11.311756780048968
754:[1.71711536e+11 1.87830224e+11]:[ 6.27693137e-02 -1.55418108e-12 -2.92022243e-13  5.06015785e-11 -2.01166195e-10 -1.90341609e-15  8.60068285e-16  2.48402794e-05 -2.13122953e-06 -1.50676852e-08  9.84615738e-10]:11.311756780374006
710:[1.71711536e+11 1.87830224e+11]:[ 6.27693137e-02 -1.55418108e-12 -2.84278772e-13  5.06015785e-11 -2.01166195e-10 -1.90341609e-15  8.60068285e-16  2.48402794e-05 -2.13122953e-06 -1.50676852e-08  9.84615738e-10]:11.311756780374006
765:[8.97064525e+10 2.23835556e+11]:[ 6.65893793e-02 -1.55418108e-12 -2.84278772e-13  5.06015785e-11 -1.91105555e-10 -1.90341609e-15  8.60068285e-16  2.48402794e-05 -2.13122953e-06 -1.50676852e-08  9.91866805e-10]:11.366994544291252
744:[8.97064534e+10 2.23835556e+11]:[ 6.27693137e-02 -1.55418108e-12 -2.84278772e-13  5.06015785e-11 -2.01166195e-10 -1.90341609e-15  8.60068285e-16  2.48402794e-05 -2.13122953e-06 -1.50676852e-08  9.91866805e-10]:11.366994544699256
758:[2.20453184e+11 2.11968134e+11]:[ 6.27693137e-02 -1.55418108e-12 -2.85065195e-13  5.01953831e-11 -2.01166195e-10 -1.90341609e-15  8.44808216e-16  2.44296191e-05 -2.13122953e-06 -1.50676852e-08  9.84615738e-10]:11.369240823902171
696:[2.2045319e+11 2.1196814e+11]:[ 4.54710691e-02 -1.46164063e-12 -2.85065195e-13  4.78732483e-11 -2.01166195e-10 -1.90341609e-15  8.44808216e-16  2.44296191e-05 -2.13122953e-06 -1.50676852e-08  9.84615738e-10]:11.369240836250771
Selected: [1 7]
***************
***CROSSOVER***
***************
&&&&&&&&&&&&&&&&&&&&&&&&
&&TOURNAMENT SELECTION&&
&&&&&&&&&&&&&&&&&&&&&&&&
parents:
[ 6.27693137e-02 -1.46164063e-12 -2.92022243e-13  4.78732483e-11 -2.01166195e-10 -1.90341609e-15  8.60068285e-16  2.49311425e-05 -2.13122953e-06 -1.50676852e-08  9.84615738e-10]
[ 6.27693137e-02 -1.55418108e-12 -2.84278772e-13  5.06015785e-11 -2.01166195e-10 -1.90341609e-15  8.60068285e-16  2.48402794e-05 -2.13122953e-06 -1.50676852e-08  9.91866805e-10]
children:
[ 6.25961169e-02 -1.55418108e-12 -2.84278772e-13  5.06015785e-11 -2.01166195e-10 -1.90341609e-15  8.60068285e-16  3.17965913e-05 -2.22776108e-06 -1.49041356e-08  9.91866805e-10]
[ 6.27693137e-02 -1.53495127e-12 -3.65556552e-13  4.76628140e-11 -2.01166195e-10 -1.90341609e-15  8.60068285e-16  2.49311425e-05 -2.13122953e-06 -1.50676852e-08  9.84615738e-10]
Population scores:
768:[1.62555622e+11 1.85672388e+11]:[ 6.27693137e-02 -1.46164063e-12 -2.92022243e-13  4.78732483e-11 -2.01166195e-10 -1.90341609e-15  8.60068285e-16  2.49311425e-05 -2.13122953e-06 -1.50676852e-08  9.84615738e-10]:11.305196437669068
770:[1.62555622e+11 1.85672388e+11]:[ 6.27693137e-02 -1.53495127e-12 -3.65556552e-13  4.76628140e-11 -2.01166195e-10 -1.90341609e-15  8.60068285e-16  2.49311425e-05 -2.13122953e-06 -1.50676852e-08  9.84615738e-10]:11.305196437669075
744:[8.97064534e+10 2.23835556e+11]:[ 6.27693137e-02 -1.55418108e-12 -2.84278772e-13  5.06015785e-11 -2.01166195e-10 -1.90341609e-15  8.60068285e-16  2.48402794e-05 -2.13122953e-06 -1.50676852e-08  9.91866805e-10]:11.366994544699256
769:[4.63180591e+11 9.28814611e+11]:[ 6.25961169e-02 -1.55418108e-12 -2.84278772e-13  5.06015785e-11 -2.01166195e-10 -1.90341609e-15  8.60068285e-16  3.17965913e-05 -2.22776108e-06 -1.49041356e-08  9.91866805e-10]:11.989063707132757
Selected for new population:
[ 6.27693137e-02 -1.46164063e-12 -2.92022243e-13  4.78732483e-11 -2.01166195e-10 -1.90341609e-15  8.60068285e-16  2.49311425e-05 -2.13122953e-06 -1.50676852e-08  9.84615738e-10]
[ 6.27693137e-02 -1.53495127e-12 -3.65556552e-13  4.76628140e-11 -2.01166195e-10 -1.90341609e-15  8.60068285e-16  2.49311425e-05 -2.13122953e-06 -1.50676852e-08  9.84615738e-10]
Selected: [5 8]
***************
***CROSSOVER***
***************
&&&&&&&&&&&&&&&&&&&&&&&&
&&TOURNAMENT SELECTION&&
&&&&&&&&&&&&&&&&&&&&&&&&
parents:
[ 6.27693137e-02 -1.55418108e-12 -2.84278772e-13  5.06015785e-11 -2.01166195e-10 -1.90341609e-15  8.60068285e-16  2.48402794e-05 -2.13122953e-06 -1.50676852e-08  9.84615738e-10]
[ 6.27693137e-02 -1.55418108e-12 -2.85065195e-13  5.01953831e-11 -2.01166195e-10 -1.90341609e-15  8.44808216e-16  2.44296191e-05 -2.13122953e-06 -1.50676852e-08  9.84615738e-10]
children:
[ 6.27693137e-02 -1.55418108e-12 -2.84278772e-13  5.01953831e-11 -2.01166195e-10 -1.08575677e-15  8.44808216e-16  2.44296191e-05 -2.13122953e-06 -1.50676852e-08  9.84615738e-10]
[ 6.27693137e-02 -1.55418108e-12 -2.85065195e-13  5.06015785e-11 -2.01166195e-10 -1.90341609e-15  8.60068285e-16  2.48402794e-05 -2.13122953e-06 -1.50676852e-08  9.90790975e-10]
Population scores:
710:[1.71711536e+11 1.87830224e+11]:[ 6.27693137e-02 -1.55418108e-12 -2.84278772e-13  5.06015785e-11 -2.01166195e-10 -1.90341609e-15  8.60068285e-16  2.48402794e-05 -2.13122953e-06 -1.50676852e-08  9.84615738e-10]:11.311756780374006
772:[9.88583375e+10 2.12789330e+11]:[ 6.27693137e-02 -1.55418108e-12 -2.85065195e-13  5.06015785e-11 -2.01166195e-10 -1.90341609e-15  8.60068285e-16  2.48402794e-05 -2.13122953e-06 -1.50676852e-08  9.90790975e-10]:11.347671780125369
758:[2.20453184e+11 2.11968134e+11]:[ 6.27693137e-02 -1.55418108e-12 -2.85065195e-13  5.01953831e-11 -2.01166195e-10 -1.90341609e-15  8.44808216e-16  2.44296191e-05 -2.13122953e-06 -1.50676852e-08  9.84615738e-10]:11.369240823902171
771:[9.82095064e+10 3.63953926e+11]:[ 6.27693137e-02 -1.55418108e-12 -2.84278772e-13  5.01953831e-11 -2.01166195e-10 -1.08575677e-15  8.44808216e-16  2.44296191e-05 -2.13122953e-06 -1.50676852e-08  9.84615738e-10]:11.572610106696766
Selected for new population:
[ 6.27693137e-02 -1.55418108e-12 -2.84278772e-13  5.06015785e-11 -2.01166195e-10 -1.90341609e-15  8.60068285e-16  2.48402794e-05 -2.13122953e-06 -1.50676852e-08  9.84615738e-10]
[ 6.27693137e-02 -1.55418108e-12 -2.85065195e-13  5.06015785e-11 -2.01166195e-10 -1.90341609e-15  8.60068285e-16  2.48402794e-05 -2.13122953e-06 -1.50676852e-08  9.90790975e-10]
Selected: [0 5]
***************
***CROSSOVER***
***************
&&&&&&&&&&&&&&&&&&&&&&&&
&&TOURNAMENT SELECTION&&
&&&&&&&&&&&&&&&&&&&&&&&&
parents:
[ 6.27693137e-02 -1.55418108e-12 -2.84278772e-13  4.78732483e-11 -2.01166195e-10 -1.90341609e-15  8.48771820e-16  2.49311425e-05 -2.13122953e-06 -1.50676852e-08  9.84615738e-10]
[ 6.27693137e-02 -1.55418108e-12 -2.84278772e-13  5.06015785e-11 -2.01166195e-10 -1.90341609e-15  8.60068285e-16  2.48402794e-05 -2.13122953e-06 -1.50676852e-08  9.84615738e-10]
children:
[ 6.27693137e-02 -1.55418108e-12 -2.84278772e-13  5.14871206e-11 -2.09723388e-10 -1.90341609e-15  9.29685511e-16  2.48402794e-05 -2.13122953e-06 -1.50676852e-08  9.84615738e-10]
[ 6.27693137e-02 -1.55418108e-12 -2.84278772e-13  4.85720865e-11 -2.01166195e-10 -1.90341609e-15  8.48771820e-16  2.49311425e-05 -2.13122953e-06 -1.50676852e-08  9.84615738e-10]
Population scores:
774:[1.62555622e+11 1.85672388e+11]:[ 6.27693137e-02 -1.55418108e-12 -2.84278772e-13  4.85720865e-11 -2.01166195e-10 -1.90341609e-15  8.48771820e-16  2.49311425e-05 -2.13122953e-06 -1.50676852e-08  9.84615738e-10]:11.305196437669045
753:[1.62555622e+11 1.85672388e+11]:[ 6.27693137e-02 -1.55418108e-12 -2.84278772e-13  4.78732483e-11 -2.01166195e-10 -1.90341609e-15  8.48771820e-16  2.49311425e-05 -2.13122953e-06 -1.50676852e-08  9.84615738e-10]:11.305196437669068
710:[1.71711536e+11 1.87830224e+11]:[ 6.27693137e-02 -1.55418108e-12 -2.84278772e-13  5.06015785e-11 -2.01166195e-10 -1.90341609e-15  8.60068285e-16  2.48402794e-05 -2.13122953e-06 -1.50676852e-08  9.84615738e-10]:11.311756780374006
773:[1.71711536e+11 1.87830224e+11]:[ 6.27693137e-02 -1.55418108e-12 -2.84278772e-13  5.14871206e-11 -2.09723388e-10 -1.90341609e-15  9.29685511e-16  2.48402794e-05 -2.13122953e-06 -1.50676852e-08  9.84615738e-10]:11.311756780387501
Selected for new population:
[ 6.27693137e-02 -1.55418108e-12 -2.84278772e-13  4.85720865e-11 -2.01166195e-10 -1.90341609e-15  8.48771820e-16  2.49311425e-05 -2.13122953e-06 -1.50676852e-08  9.84615738e-10]
[ 6.27693137e-02 -1.55418108e-12 -2.84278772e-13  4.78732483e-11 -2.01166195e-10 -1.90341609e-15  8.48771820e-16  2.49311425e-05 -2.13122953e-06 -1.50676852e-08  9.84615738e-10]
Selected: [2 8]
***************
***CROSSOVER***
***************
&&&&&&&&&&&&&&&&&&&&&&&&
&&TOURNAMENT SELECTION&&
&&&&&&&&&&&&&&&&&&&&&&&&
parents:
[ 6.27693137e-02 -1.46164063e-12 -2.84278772e-13  4.78732483e-11 -2.01166195e-10 -1.90341609e-15  8.60068285e-16  2.49311425e-05 -2.13122953e-06 -1.50676852e-08  9.84615738e-10]
[ 6.27693137e-02 -1.55418108e-12 -2.85065195e-13  5.01953831e-11 -2.01166195e-10 -1.90341609e-15  8.44808216e-16  2.44296191e-05 -2.13122953e-06 -1.50676852e-08  9.84615738e-10]
children:
[ 6.27693137e-02 -1.46164063e-12 -2.85065195e-13  5.01953831e-11 -2.01166195e-10 -1.90341609e-15  8.44808216e-16  2.44296191e-05 -2.13122953e-06 -1.50676852e-08  9.91058952e-10]
[ 6.20159576e-02 -1.99769558e-12 -2.84278772e-13  4.78732483e-11 -2.01166195e-10 -1.90341609e-15  8.60068285e-16  2.49311425e-05 -2.13122953e-06 -1.55473256e-08  9.84615738e-10]
Population scores:
742:[1.62555622e+11 1.85672388e+11]:[ 6.27693137e-02 -1.46164063e-12 -2.84278772e-13  4.78732483e-11 -2.01166195e-10 -1.90341609e-15  8.60068285e-16  2.49311425e-05 -2.13122953e-06 -1.50676852e-08  9.84615738e-10]:11.305196437669068
775:[1.24748596e+11 1.98809398e+11]:[ 6.27693137e-02 -1.46164063e-12 -2.85065195e-13  5.01953831e-11 -2.01166195e-10 -1.90341609e-15  8.44808216e-16  2.44296191e-05 -2.13122953e-06 -1.50676852e-08  9.91058952e-10]:11.324867140559714
758:[2.20453184e+11 2.11968134e+11]:[ 6.27693137e-02 -1.55418108e-12 -2.85065195e-13  5.01953831e-11 -2.01166195e-10 -1.90341609e-15  8.44808216e-16  2.44296191e-05 -2.13122953e-06 -1.50676852e-08  9.84615738e-10]:11.369240823902171
776:[3.25300890e+11 2.74631285e+11]:[ 6.20159576e-02 -1.99769558e-12 -2.84278772e-13  4.78732483e-11 -2.01166195e-10 -1.90341609e-15  8.60068285e-16  2.49311425e-05 -2.13122953e-06 -1.55473256e-08  9.84615738e-10]:11.487366601262385
Selected for new population:
[ 6.27693137e-02 -1.46164063e-12 -2.84278772e-13  4.78732483e-11 -2.01166195e-10 -1.90341609e-15  8.60068285e-16  2.49311425e-05 -2.13122953e-06 -1.50676852e-08  9.84615738e-10]
[ 6.27693137e-02 -1.46164063e-12 -2.85065195e-13  5.01953831e-11 -2.01166195e-10 -1.90341609e-15  8.44808216e-16  2.44296191e-05 -2.13122953e-06 -1.50676852e-08  9.91058952e-10]
Selected: [5 1]
***************
***CROSSOVER***
***************
&&&&&&&&&&&&&&&&&&&&&&&&
&&TOURNAMENT SELECTION&&
&&&&&&&&&&&&&&&&&&&&&&&&
parents:
[ 6.27693137e-02 -1.55418108e-12 -2.84278772e-13  5.06015785e-11 -2.01166195e-10 -1.90341609e-15  8.60068285e-16  2.48402794e-05 -2.13122953e-06 -1.50676852e-08  9.84615738e-10]
[ 6.27693137e-02 -1.46164063e-12 -2.92022243e-13  4.78732483e-11 -2.01166195e-10 -1.90341609e-15  8.60068285e-16  2.49311425e-05 -2.13122953e-06 -1.50676852e-08  9.84615738e-10]
children:
[ 6.27693137e-02 -9.15520613e-13 -2.92022243e-13  5.06015785e-11 -2.01166195e-10 -1.90341609e-15  8.60068285e-16  2.49311425e-05 -2.13122953e-06 -1.50676852e-08  9.84615738e-10]
[ 6.27693137e-02 -1.46164063e-12 -2.84278772e-13  4.78732483e-11 -2.01166195e-10 -1.90341609e-15  8.60068285e-16  2.48402794e-05 -2.03605606e-06 -1.57865894e-08  9.84615738e-10]
Population scores:
777:[1.62555622e+11 1.85672388e+11]:[ 6.27693137e-02 -9.15520613e-13 -2.92022243e-13  5.06015785e-11 -2.01166195e-10 -1.90341609e-15  8.60068285e-16  2.49311425e-05 -2.13122953e-06 -1.50676852e-08  9.84615738e-10]:11.305196437668977
768:[1.62555622e+11 1.85672388e+11]:[ 6.27693137e-02 -1.46164063e-12 -2.92022243e-13  4.78732483e-11 -2.01166195e-10 -1.90341609e-15  8.60068285e-16  2.49311425e-05 -2.13122953e-06 -1.50676852e-08  9.84615738e-10]:11.305196437669068
710:[1.71711536e+11 1.87830224e+11]:[ 6.27693137e-02 -1.55418108e-12 -2.84278772e-13  5.06015785e-11 -2.01166195e-10 -1.90341609e-15  8.60068285e-16  2.48402794e-05 -2.13122953e-06 -1.50676852e-08  9.84615738e-10]:11.311756780374006
778:[6.99804911e+10 7.02190392e+11]:[ 6.27693137e-02 -1.46164063e-12 -2.84278772e-13  4.78732483e-11 -2.01166195e-10 -1.90341609e-15  8.60068285e-16  2.48402794e-05 -2.03605606e-06 -1.57865894e-08  9.84615738e-10]:11.850761648825278
Selected for new population:
[ 6.27693137e-02 -9.15520613e-13 -2.92022243e-13  5.06015785e-11 -2.01166195e-10 -1.90341609e-15  8.60068285e-16  2.49311425e-05 -2.13122953e-06 -1.50676852e-08  9.84615738e-10]
[ 6.27693137e-02 -1.46164063e-12 -2.92022243e-13  4.78732483e-11 -2.01166195e-10 -1.90341609e-15  8.60068285e-16  2.49311425e-05 -2.13122953e-06 -1.50676852e-08  9.84615738e-10]
Population scores:
777:[1.62555622e+11 1.85672388e+11]:[ 6.27693137e-02 -9.15520613e-13 -2.92022243e-13  5.06015785e-11 -2.01166195e-10 -1.90341609e-15  8.60068285e-16  2.49311425e-05 -2.13122953e-06 -1.50676852e-08  9.84615738e-10]:11.305196437668977
774:[1.62555622e+11 1.85672388e+11]:[ 6.27693137e-02 -1.55418108e-12 -2.84278772e-13  4.85720865e-11 -2.01166195e-10 -1.90341609e-15  8.48771820e-16  2.49311425e-05 -2.13122953e-06 -1.50676852e-08  9.84615738e-10]:11.305196437669045
753:[1.62555622e+11 1.85672388e+11]:[ 6.27693137e-02 -1.55418108e-12 -2.84278772e-13  4.78732483e-11 -2.01166195e-10 -1.90341609e-15  8.48771820e-16  2.49311425e-05 -2.13122953e-06 -1.50676852e-08  9.84615738e-10]:11.305196437669068
768:[1.62555622e+11 1.85672388e+11]:[ 6.27693137e-02 -1.46164063e-12 -2.92022243e-13  4.78732483e-11 -2.01166195e-10 -1.90341609e-15  8.60068285e-16  2.49311425e-05 -2.13122953e-06 -1.50676852e-08  9.84615738e-10]:11.305196437669068
742:[1.62555622e+11 1.85672388e+11]:[ 6.27693137e-02 -1.46164063e-12 -2.84278772e-13  4.78732483e-11 -2.01166195e-10 -1.90341609e-15  8.60068285e-16  2.49311425e-05 -2.13122953e-06 -1.50676852e-08  9.84615738e-10]:11.305196437669068
770:[1.62555622e+11 1.85672388e+11]:[ 6.27693137e-02 -1.53495127e-12 -3.65556552e-13  4.76628140e-11 -2.01166195e-10 -1.90341609e-15  8.60068285e-16  2.49311425e-05 -2.13122953e-06 -1.50676852e-08  9.84615738e-10]:11.305196437669075
767:[1.71711536e+11 1.87830224e+11]:[ 6.31570975e-02 -1.55418108e-12 -2.84278772e-13  5.25376474e-11 -1.35050937e-10 -1.90341609e-15  8.60068285e-16  2.48402794e-05 -2.13122953e-06 -1.50676852e-08  9.84615738e-10]:11.311756780048968
754:[1.71711536e+11 1.87830224e+11]:[ 6.27693137e-02 -1.55418108e-12 -2.92022243e-13  5.06015785e-11 -2.01166195e-10 -1.90341609e-15  8.60068285e-16  2.48402794e-05 -2.13122953e-06 -1.50676852e-08  9.84615738e-10]:11.311756780374006
710:[1.71711536e+11 1.87830224e+11]:[ 6.27693137e-02 -1.55418108e-12 -2.84278772e-13  5.06015785e-11 -2.01166195e-10 -1.90341609e-15  8.60068285e-16  2.48402794e-05 -2.13122953e-06 -1.50676852e-08  9.84615738e-10]:11.311756780374006
775:[1.24748596e+11 1.98809398e+11]:[ 6.27693137e-02 -1.46164063e-12 -2.85065195e-13  5.01953831e-11 -2.01166195e-10 -1.90341609e-15  8.44808216e-16  2.44296191e-05 -2.13122953e-06 -1.50676852e-08  9.91058952e-10]:11.324867140559714
772:[9.88583375e+10 2.12789330e+11]:[ 6.27693137e-02 -1.55418108e-12 -2.85065195e-13  5.06015785e-11 -2.01166195e-10 -1.90341609e-15  8.60068285e-16  2.48402794e-05 -2.13122953e-06 -1.50676852e-08  9.90790975e-10]:11.347671780125369
765:[8.97064525e+10 2.23835556e+11]:[ 6.65893793e-02 -1.55418108e-12 -2.84278772e-13  5.06015785e-11 -1.91105555e-10 -1.90341609e-15  8.60068285e-16  2.48402794e-05 -2.13122953e-06 -1.50676852e-08  9.91866805e-10]:11.366994544291252
744:[8.97064534e+10 2.23835556e+11]:[ 6.27693137e-02 -1.55418108e-12 -2.84278772e-13  5.06015785e-11 -2.01166195e-10 -1.90341609e-15  8.60068285e-16  2.48402794e-05 -2.13122953e-06 -1.50676852e-08  9.91866805e-10]:11.366994544699256
758:[2.20453184e+11 2.11968134e+11]:[ 6.27693137e-02 -1.55418108e-12 -2.85065195e-13  5.01953831e-11 -2.01166195e-10 -1.90341609e-15  8.44808216e-16  2.44296191e-05 -2.13122953e-06 -1.50676852e-08  9.84615738e-10]:11.369240823902171
696:[2.2045319e+11 2.1196814e+11]:[ 4.54710691e-02 -1.46164063e-12 -2.85065195e-13  4.78732483e-11 -2.01166195e-10 -1.90341609e-15  8.44808216e-16  2.44296191e-05 -2.13122953e-06 -1.50676852e-08  9.84615738e-10]:11.369240836250771
*******************************
***iteration: 4 Population is***
*******************************
Population scores:
777:[1.62555622e+11 1.85672388e+11]:[ 6.27693137e-02 -9.15520613e-13 -2.92022243e-13  5.06015785e-11 -2.01166195e-10 -1.90341609e-15  8.60068285e-16  2.49311425e-05 -2.13122953e-06 -1.50676852e-08  9.84615738e-10]:11.305196437668977
774:[1.62555622e+11 1.85672388e+11]:[ 6.27693137e-02 -1.55418108e-12 -2.84278772e-13  4.85720865e-11 -2.01166195e-10 -1.90341609e-15  8.48771820e-16  2.49311425e-05 -2.13122953e-06 -1.50676852e-08  9.84615738e-10]:11.305196437669045
753:[1.62555622e+11 1.85672388e+11]:[ 6.27693137e-02 -1.55418108e-12 -2.84278772e-13  4.78732483e-11 -2.01166195e-10 -1.90341609e-15  8.48771820e-16  2.49311425e-05 -2.13122953e-06 -1.50676852e-08  9.84615738e-10]:11.305196437669068
768:[1.62555622e+11 1.85672388e+11]:[ 6.27693137e-02 -1.46164063e-12 -2.92022243e-13  4.78732483e-11 -2.01166195e-10 -1.90341609e-15  8.60068285e-16  2.49311425e-05 -2.13122953e-06 -1.50676852e-08  9.84615738e-10]:11.305196437669068
742:[1.62555622e+11 1.85672388e+11]:[ 6.27693137e-02 -1.46164063e-12 -2.84278772e-13  4.78732483e-11 -2.01166195e-10 -1.90341609e-15  8.60068285e-16  2.49311425e-05 -2.13122953e-06 -1.50676852e-08  9.84615738e-10]:11.305196437669068
770:[1.62555622e+11 1.85672388e+11]:[ 6.27693137e-02 -1.53495127e-12 -3.65556552e-13  4.76628140e-11 -2.01166195e-10 -1.90341609e-15  8.60068285e-16  2.49311425e-05 -2.13122953e-06 -1.50676852e-08  9.84615738e-10]:11.305196437669075
767:[1.71711536e+11 1.87830224e+11]:[ 6.31570975e-02 -1.55418108e-12 -2.84278772e-13  5.25376474e-11 -1.35050937e-10 -1.90341609e-15  8.60068285e-16  2.48402794e-05 -2.13122953e-06 -1.50676852e-08  9.84615738e-10]:11.311756780048968
754:[1.71711536e+11 1.87830224e+11]:[ 6.27693137e-02 -1.55418108e-12 -2.92022243e-13  5.06015785e-11 -2.01166195e-10 -1.90341609e-15  8.60068285e-16  2.48402794e-05 -2.13122953e-06 -1.50676852e-08  9.84615738e-10]:11.311756780374006
710:[1.71711536e+11 1.87830224e+11]:[ 6.27693137e-02 -1.55418108e-12 -2.84278772e-13  5.06015785e-11 -2.01166195e-10 -1.90341609e-15  8.60068285e-16  2.48402794e-05 -2.13122953e-06 -1.50676852e-08  9.84615738e-10]:11.311756780374006
775:[1.24748596e+11 1.98809398e+11]:[ 6.27693137e-02 -1.46164063e-12 -2.85065195e-13  5.01953831e-11 -2.01166195e-10 -1.90341609e-15  8.44808216e-16  2.44296191e-05 -2.13122953e-06 -1.50676852e-08  9.91058952e-10]:11.324867140559714
Selected: [7 9]
***************
***CROSSOVER***
***************
&&&&&&&&&&&&&&&&&&&&&&&&
&&TOURNAMENT SELECTION&&
&&&&&&&&&&&&&&&&&&&&&&&&
parents:
[ 6.27693137e-02 -1.55418108e-12 -2.92022243e-13  5.06015785e-11 -2.01166195e-10 -1.90341609e-15  8.60068285e-16  2.48402794e-05 -2.13122953e-06 -1.50676852e-08  9.84615738e-10]
[ 6.27693137e-02 -1.46164063e-12 -2.85065195e-13  5.01953831e-11 -2.01166195e-10 -1.90341609e-15  8.44808216e-16  2.44296191e-05 -2.13122953e-06 -1.50676852e-08  9.91058952e-10]
children:
[ 6.27693137e-02 -1.46164063e-12 -2.85065195e-13  5.01953831e-11 -2.01166195e-10 -1.90341609e-15  8.60068285e-16  2.53492846e-05 -2.13122953e-06 -1.55044909e-08  9.91058952e-10]
[ 6.27693137e-02 -1.55418108e-12 -2.92022243e-13  6.00536392e-11 -2.01166195e-10 -1.90341609e-15  8.36791971e-16  2.44296191e-05 -2.13122953e-06 -1.50676852e-08  9.84615738e-10]
Population scores:
779:[1.40908113e+11 1.83939036e+11]:[ 6.27693137e-02 -1.46164063e-12 -2.85065195e-13  5.01953831e-11 -2.01166195e-10 -1.90341609e-15  8.60068285e-16  2.53492846e-05 -2.13122953e-06 -1.55044909e-08  9.91058952e-10]:11.296730653196898
754:[1.71711536e+11 1.87830224e+11]:[ 6.27693137e-02 -1.55418108e-12 -2.92022243e-13  5.06015785e-11 -2.01166195e-10 -1.90341609e-15  8.60068285e-16  2.48402794e-05 -2.13122953e-06 -1.50676852e-08  9.84615738e-10]:11.311756780374006
775:[1.24748596e+11 1.98809398e+11]:[ 6.27693137e-02 -1.46164063e-12 -2.85065195e-13  5.01953831e-11 -2.01166195e-10 -1.90341609e-15  8.44808216e-16  2.44296191e-05 -2.13122953e-06 -1.50676852e-08  9.91058952e-10]:11.324867140559714
780:[2.20453184e+11 2.11968134e+11]:[ 6.27693137e-02 -1.55418108e-12 -2.92022243e-13  6.00536392e-11 -2.01166195e-10 -1.90341609e-15  8.36791971e-16  2.44296191e-05 -2.13122953e-06 -1.50676852e-08  9.84615738e-10]:11.369240823901626
Selected for new population:
[ 6.27693137e-02 -1.46164063e-12 -2.85065195e-13  5.01953831e-11 -2.01166195e-10 -1.90341609e-15  8.60068285e-16  2.53492846e-05 -2.13122953e-06 -1.55044909e-08  9.91058952e-10]
[ 6.27693137e-02 -1.55418108e-12 -2.92022243e-13  5.06015785e-11 -2.01166195e-10 -1.90341609e-15  8.60068285e-16  2.48402794e-05 -2.13122953e-06 -1.50676852e-08  9.84615738e-10]
Selected: [4 0]
***************
***CROSSOVER***
***************
&&&&&&&&&&&&&&&&&&&&&&&&
&&TOURNAMENT SELECTION&&
&&&&&&&&&&&&&&&&&&&&&&&&
parents:
[ 6.27693137e-02 -1.46164063e-12 -2.84278772e-13  4.78732483e-11 -2.01166195e-10 -1.90341609e-15  8.60068285e-16  2.49311425e-05 -2.13122953e-06 -1.50676852e-08  9.84615738e-10]
[ 6.27693137e-02 -9.15520613e-13 -2.92022243e-13  5.06015785e-11 -2.01166195e-10 -1.90341609e-15  8.60068285e-16  2.49311425e-05 -2.13122953e-06 -1.50676852e-08  9.84615738e-10]
children:
[ 6.27693137e-02 -8.91684830e-13 -2.92022243e-13  5.06015785e-11 -2.01166195e-10 -1.90341609e-15  8.60068285e-16  2.49311425e-05 -2.13122953e-06 -1.50676852e-08  9.84615738e-10]
[ 6.27693137e-02 -1.46164063e-12 -3.29450686e-13  4.78732483e-11 -2.01166195e-10 -1.90341609e-15  8.60068285e-16  2.49311425e-05 -2.13122953e-06 -1.50676852e-08  9.84615738e-10]
Population scores:
777:[1.62555622e+11 1.85672388e+11]:[ 6.27693137e-02 -9.15520613e-13 -2.92022243e-13  5.06015785e-11 -2.01166195e-10 -1.90341609e-15  8.60068285e-16  2.49311425e-05 -2.13122953e-06 -1.50676852e-08  9.84615738e-10]:11.305196437668977
781:[1.62555622e+11 1.85672388e+11]:[ 6.27693137e-02 -8.91684830e-13 -2.92022243e-13  5.06015785e-11 -2.01166195e-10 -1.90341609e-15  8.60068285e-16  2.49311425e-05 -2.13122953e-06 -1.50676852e-08  9.84615738e-10]:11.305196437668977
742:[1.62555622e+11 1.85672388e+11]:[ 6.27693137e-02 -1.46164063e-12 -2.84278772e-13  4.78732483e-11 -2.01166195e-10 -1.90341609e-15  8.60068285e-16  2.49311425e-05 -2.13122953e-06 -1.50676852e-08  9.84615738e-10]:11.305196437669068
782:[1.62555622e+11 1.85672388e+11]:[ 6.27693137e-02 -1.46164063e-12 -3.29450686e-13  4.78732483e-11 -2.01166195e-10 -1.90341609e-15  8.60068285e-16  2.49311425e-05 -2.13122953e-06 -1.50676852e-08  9.84615738e-10]:11.305196437669068
Selected for new population:
[ 6.27693137e-02 -9.15520613e-13 -2.92022243e-13  5.06015785e-11 -2.01166195e-10 -1.90341609e-15  8.60068285e-16  2.49311425e-05 -2.13122953e-06 -1.50676852e-08  9.84615738e-10]
[ 6.27693137e-02 -8.91684830e-13 -2.92022243e-13  5.06015785e-11 -2.01166195e-10 -1.90341609e-15  8.60068285e-16  2.49311425e-05 -2.13122953e-06 -1.50676852e-08  9.84615738e-10]
Selected: [5 7]
***************
***CROSSOVER***
***************
&&&&&&&&&&&&&&&&&&&&&&&&
&&TOURNAMENT SELECTION&&
&&&&&&&&&&&&&&&&&&&&&&&&
parents:
[ 6.27693137e-02 -1.53495127e-12 -3.65556552e-13  4.76628140e-11 -2.01166195e-10 -1.90341609e-15  8.60068285e-16  2.49311425e-05 -2.13122953e-06 -1.50676852e-08  9.84615738e-10]
[ 6.27693137e-02 -1.55418108e-12 -2.92022243e-13  5.06015785e-11 -2.01166195e-10 -1.90341609e-15  8.60068285e-16  2.48402794e-05 -2.13122953e-06 -1.50676852e-08  9.84615738e-10]
children:
[ 6.27693137e-02 -1.56785293e-12 -3.65556552e-13  5.06015785e-11 -2.01166195e-10 -1.90341609e-15  8.60812652e-16  2.48402794e-05 -2.13122953e-06 -1.50676852e-08  9.84615738e-10]
[ 6.27693137e-02 -1.53495127e-12 -2.92022243e-13  4.76628140e-11 -2.01166195e-10 -1.90341609e-15  8.60068285e-16  2.49311425e-05 -2.13122953e-06 -1.50676852e-08  9.30128271e-10]
Population scores:
770:[1.62555622e+11 1.85672388e+11]:[ 6.27693137e-02 -1.53495127e-12 -3.65556552e-13  4.76628140e-11 -2.01166195e-10 -1.90341609e-15  8.60068285e-16  2.49311425e-05 -2.13122953e-06 -1.50676852e-08  9.84615738e-10]:11.305196437669075
754:[1.71711536e+11 1.87830224e+11]:[ 6.27693137e-02 -1.55418108e-12 -2.92022243e-13  5.06015785e-11 -2.01166195e-10 -1.90341609e-15  8.60068285e-16  2.48402794e-05 -2.13122953e-06 -1.50676852e-08  9.84615738e-10]:11.311756780374006
783:[1.71711536e+11 1.87830224e+11]:[ 6.27693137e-02 -1.56785293e-12 -3.65556552e-13  5.06015785e-11 -2.01166195e-10 -1.90341609e-15  8.60812652e-16  2.48402794e-05 -2.13122953e-06 -1.50676852e-08  9.84615738e-10]:11.311756780374006
784:[2.26717326e+12 2.72732853e+12]:[ 6.27693137e-02 -1.53495127e-12 -2.92022243e-13  4.76628140e-11 -2.01166195e-10 -1.90341609e-15  8.60068285e-16  2.49311425e-05 -2.13122953e-06 -1.50676852e-08  9.30128271e-10]:12.470417232499766
Selected for new population:
[ 6.27693137e-02 -1.53495127e-12 -3.65556552e-13  4.76628140e-11 -2.01166195e-10 -1.90341609e-15  8.60068285e-16  2.49311425e-05 -2.13122953e-06 -1.50676852e-08  9.84615738e-10]
[ 6.27693137e-02 -1.55418108e-12 -2.92022243e-13  5.06015785e-11 -2.01166195e-10 -1.90341609e-15  8.60068285e-16  2.48402794e-05 -2.13122953e-06 -1.50676852e-08  9.84615738e-10]
Selected: [0 6]
***************
***CROSSOVER***
***************
&&&&&&&&&&&&&&&&&&&&&&&&
&&TOURNAMENT SELECTION&&
&&&&&&&&&&&&&&&&&&&&&&&&
parents:
[ 6.27693137e-02 -9.15520613e-13 -2.92022243e-13  5.06015785e-11 -2.01166195e-10 -1.90341609e-15  8.60068285e-16  2.49311425e-05 -2.13122953e-06 -1.50676852e-08  9.84615738e-10]
[ 6.31570975e-02 -1.55418108e-12 -2.84278772e-13  5.25376474e-11 -1.35050937e-10 -1.90341609e-15  8.60068285e-16  2.48402794e-05 -2.13122953e-06 -1.50676852e-08  9.84615738e-10]
children:
[ 6.31570975e-02 -1.70080399e-12 -2.84278772e-13  5.25376474e-11 -2.01166195e-10 -1.90341609e-15  8.60068285e-16  2.48402794e-05 -2.13122953e-06 -1.22365552e-08  9.84615738e-10]
[ 6.27693137e-02 -9.15520613e-13 -2.92022243e-13  5.06015785e-11 -5.20220936e-11 -1.90341609e-15  8.60068285e-16  2.49311425e-05 -2.81901782e-06 -1.50676852e-08  9.76359177e-10]
Population scores:
777:[1.62555622e+11 1.85672388e+11]:[ 6.27693137e-02 -9.15520613e-13 -2.92022243e-13  5.06015785e-11 -2.01166195e-10 -1.90341609e-15  8.60068285e-16  2.49311425e-05 -2.13122953e-06 -1.50676852e-08  9.84615738e-10]:11.305196437668977
767:[1.71711536e+11 1.87830224e+11]:[ 6.31570975e-02 -1.55418108e-12 -2.84278772e-13  5.25376474e-11 -1.35050937e-10 -1.90341609e-15  8.60068285e-16  2.48402794e-05 -2.13122953e-06 -1.50676852e-08  9.84615738e-10]:11.311756780048968
785:[9.76385680e+11 3.04603621e+12]:[ 6.31570975e-02 -1.70080399e-12 -2.84278772e-13  5.25376474e-11 -2.01166195e-10 -1.90341609e-15  8.60068285e-16  2.48402794e-05 -2.13122953e-06 -1.22365552e-08  9.84615738e-10]:12.497437610080498
786:[4.57546844e+13 8.04963732e+13]:[ 6.27693137e-02 -9.15520613e-13 -2.92022243e-13  5.06015785e-11 -5.20220936e-11 -1.90341609e-15  8.60068285e-16  2.49311425e-05 -2.81901782e-06 -1.50676852e-08  9.76359177e-10]:13.929785834694924
Selected for new population:
[ 6.27693137e-02 -9.15520613e-13 -2.92022243e-13  5.06015785e-11 -2.01166195e-10 -1.90341609e-15  8.60068285e-16  2.49311425e-05 -2.13122953e-06 -1.50676852e-08  9.84615738e-10]
[ 6.31570975e-02 -1.55418108e-12 -2.84278772e-13  5.25376474e-11 -1.35050937e-10 -1.90341609e-15  8.60068285e-16  2.48402794e-05 -2.13122953e-06 -1.50676852e-08  9.84615738e-10]
Selected: [7 4]
***************
***CROSSOVER***
***************
&&&&&&&&&&&&&&&&&&&&&&&&
&&TOURNAMENT SELECTION&&
&&&&&&&&&&&&&&&&&&&&&&&&
parents:
[ 6.27693137e-02 -1.55418108e-12 -2.92022243e-13  5.06015785e-11 -2.01166195e-10 -1.90341609e-15  8.60068285e-16  2.48402794e-05 -2.13122953e-06 -1.50676852e-08  9.84615738e-10]
[ 6.27693137e-02 -1.46164063e-12 -2.84278772e-13  4.78732483e-11 -2.01166195e-10 -1.90341609e-15  8.60068285e-16  2.49311425e-05 -2.13122953e-06 -1.50676852e-08  9.84615738e-10]
children:
[ 6.27693137e-02 -1.46164063e-12 -2.84278772e-13  4.78732483e-11 -2.01166195e-10 -1.71059613e-15  8.60068285e-16  2.48402794e-05 -2.07466160e-06 -1.50676852e-08  9.84615738e-10]
[ 6.27693137e-02 -1.55418108e-12 -2.92022243e-13  5.06015785e-11 -2.01166195e-10 -1.90341609e-15  8.60068285e-16  2.49311425e-05 -1.95379271e-06 -1.50676852e-08  1.06778524e-09]
Population scores:
742:[1.62555622e+11 1.85672388e+11]:[ 6.27693137e-02 -1.46164063e-12 -2.84278772e-13  4.78732483e-11 -2.01166195e-10 -1.90341609e-15  8.60068285e-16  2.49311425e-05 -2.13122953e-06 -1.50676852e-08  9.84615738e-10]:11.305196437669068
754:[1.71711536e+11 1.87830224e+11]:[ 6.27693137e-02 -1.55418108e-12 -2.92022243e-13  5.06015785e-11 -2.01166195e-10 -1.90341609e-15  8.60068285e-16  2.48402794e-05 -2.13122953e-06 -1.50676852e-08  9.84615738e-10]:11.311756780374006
787:[1.22569110e+11 7.98720386e+11]:[ 6.27693137e-02 -1.46164063e-12 -2.84278772e-13  4.78732483e-11 -2.01166195e-10 -1.71059613e-15  8.60068285e-16  2.48402794e-05 -2.07466160e-06 -1.50676852e-08  9.84615738e-10]:11.909008696437123
788:[9.35696365e+12 2.20077328e+13]:[ 6.27693137e-02 -1.55418108e-12 -2.92022243e-13  5.06015785e-11 -2.01166195e-10 -1.90341609e-15  8.60068285e-16  2.49311425e-05 -1.95379271e-06 -1.50676852e-08  1.06778524e-09]:13.360658328332413
Selected for new population:
[ 6.27693137e-02 -1.46164063e-12 -2.84278772e-13  4.78732483e-11 -2.01166195e-10 -1.90341609e-15  8.60068285e-16  2.49311425e-05 -2.13122953e-06 -1.50676852e-08  9.84615738e-10]
[ 6.27693137e-02 -1.55418108e-12 -2.92022243e-13  5.06015785e-11 -2.01166195e-10 -1.90341609e-15  8.60068285e-16  2.48402794e-05 -2.13122953e-06 -1.50676852e-08  9.84615738e-10]
Population scores:
779:[1.40908113e+11 1.83939036e+11]:[ 6.27693137e-02 -1.46164063e-12 -2.85065195e-13  5.01953831e-11 -2.01166195e-10 -1.90341609e-15  8.60068285e-16  2.53492846e-05 -2.13122953e-06 -1.55044909e-08  9.91058952e-10]:11.296730653196898
777:[1.62555622e+11 1.85672388e+11]:[ 6.27693137e-02 -9.15520613e-13 -2.92022243e-13  5.06015785e-11 -2.01166195e-10 -1.90341609e-15  8.60068285e-16  2.49311425e-05 -2.13122953e-06 -1.50676852e-08  9.84615738e-10]:11.305196437668977
781:[1.62555622e+11 1.85672388e+11]:[ 6.27693137e-02 -8.91684830e-13 -2.92022243e-13  5.06015785e-11 -2.01166195e-10 -1.90341609e-15  8.60068285e-16  2.49311425e-05 -2.13122953e-06 -1.50676852e-08  9.84615738e-10]:11.305196437668977
774:[1.62555622e+11 1.85672388e+11]:[ 6.27693137e-02 -1.55418108e-12 -2.84278772e-13  4.85720865e-11 -2.01166195e-10 -1.90341609e-15  8.48771820e-16  2.49311425e-05 -2.13122953e-06 -1.50676852e-08  9.84615738e-10]:11.305196437669045
753:[1.62555622e+11 1.85672388e+11]:[ 6.27693137e-02 -1.55418108e-12 -2.84278772e-13  4.78732483e-11 -2.01166195e-10 -1.90341609e-15  8.48771820e-16  2.49311425e-05 -2.13122953e-06 -1.50676852e-08  9.84615738e-10]:11.305196437669068
768:[1.62555622e+11 1.85672388e+11]:[ 6.27693137e-02 -1.46164063e-12 -2.92022243e-13  4.78732483e-11 -2.01166195e-10 -1.90341609e-15  8.60068285e-16  2.49311425e-05 -2.13122953e-06 -1.50676852e-08  9.84615738e-10]:11.305196437669068
742:[1.62555622e+11 1.85672388e+11]:[ 6.27693137e-02 -1.46164063e-12 -2.84278772e-13  4.78732483e-11 -2.01166195e-10 -1.90341609e-15  8.60068285e-16  2.49311425e-05 -2.13122953e-06 -1.50676852e-08  9.84615738e-10]:11.305196437669068
770:[1.62555622e+11 1.85672388e+11]:[ 6.27693137e-02 -1.53495127e-12 -3.65556552e-13  4.76628140e-11 -2.01166195e-10 -1.90341609e-15  8.60068285e-16  2.49311425e-05 -2.13122953e-06 -1.50676852e-08  9.84615738e-10]:11.305196437669075
767:[1.71711536e+11 1.87830224e+11]:[ 6.31570975e-02 -1.55418108e-12 -2.84278772e-13  5.25376474e-11 -1.35050937e-10 -1.90341609e-15  8.60068285e-16  2.48402794e-05 -2.13122953e-06 -1.50676852e-08  9.84615738e-10]:11.311756780048968
754:[1.71711536e+11 1.87830224e+11]:[ 6.27693137e-02 -1.55418108e-12 -2.92022243e-13  5.06015785e-11 -2.01166195e-10 -1.90341609e-15  8.60068285e-16  2.48402794e-05 -2.13122953e-06 -1.50676852e-08  9.84615738e-10]:11.311756780374006
710:[1.71711536e+11 1.87830224e+11]:[ 6.27693137e-02 -1.55418108e-12 -2.84278772e-13  5.06015785e-11 -2.01166195e-10 -1.90341609e-15  8.60068285e-16  2.48402794e-05 -2.13122953e-06 -1.50676852e-08  9.84615738e-10]:11.311756780374006
775:[1.24748596e+11 1.98809398e+11]:[ 6.27693137e-02 -1.46164063e-12 -2.85065195e-13  5.01953831e-11 -2.01166195e-10 -1.90341609e-15  8.44808216e-16  2.44296191e-05 -2.13122953e-06 -1.50676852e-08  9.91058952e-10]:11.324867140559714
%%%%%%%%%%%%%%%%%%%%%%%%%
%%%final - population%%%%
%%%%%%%%%%%%%%%%%%%%%%%%%
779:[ 6.27693137e-02 -1.46164063e-12 -2.85065195e-13  5.01953831e-11 -2.01166195e-10 -1.90341609e-15  8.60068285e-16  2.53492846e-05 -2.13122953e-06 -1.55044909e-08  9.91058952e-10]:[1.40908113e+11 1.83939036e+11]
777:[ 6.27693137e-02 -9.15520613e-13 -2.92022243e-13  5.06015785e-11 -2.01166195e-10 -1.90341609e-15  8.60068285e-16  2.49311425e-05 -2.13122953e-06 -1.50676852e-08  9.84615738e-10]:[1.62555622e+11 1.85672388e+11]
781:[ 6.27693137e-02 -8.91684830e-13 -2.92022243e-13  5.06015785e-11 -2.01166195e-10 -1.90341609e-15  8.60068285e-16  2.49311425e-05 -2.13122953e-06 -1.50676852e-08  9.84615738e-10]:[1.62555622e+11 1.85672388e+11]
774:[ 6.27693137e-02 -1.55418108e-12 -2.84278772e-13  4.85720865e-11 -2.01166195e-10 -1.90341609e-15  8.48771820e-16  2.49311425e-05 -2.13122953e-06 -1.50676852e-08  9.84615738e-10]:[1.62555622e+11 1.85672388e+11]
753:[ 6.27693137e-02 -1.55418108e-12 -2.84278772e-13  4.78732483e-11 -2.01166195e-10 -1.90341609e-15  8.48771820e-16  2.49311425e-05 -2.13122953e-06 -1.50676852e-08  9.84615738e-10]:[1.62555622e+11 1.85672388e+11]
768:[ 6.27693137e-02 -1.46164063e-12 -2.92022243e-13  4.78732483e-11 -2.01166195e-10 -1.90341609e-15  8.60068285e-16  2.49311425e-05 -2.13122953e-06 -1.50676852e-08  9.84615738e-10]:[1.62555622e+11 1.85672388e+11]
742:[ 6.27693137e-02 -1.46164063e-12 -2.84278772e-13  4.78732483e-11 -2.01166195e-10 -1.90341609e-15  8.60068285e-16  2.49311425e-05 -2.13122953e-06 -1.50676852e-08  9.84615738e-10]:[1.62555622e+11 1.85672388e+11]
770:[ 6.27693137e-02 -1.53495127e-12 -3.65556552e-13  4.76628140e-11 -2.01166195e-10 -1.90341609e-15  8.60068285e-16  2.49311425e-05 -2.13122953e-06 -1.50676852e-08  9.84615738e-10]:[1.62555622e+11 1.85672388e+11]
767:[ 6.31570975e-02 -1.55418108e-12 -2.84278772e-13  5.25376474e-11 -1.35050937e-10 -1.90341609e-15  8.60068285e-16  2.48402794e-05 -2.13122953e-06 -1.50676852e-08  9.84615738e-10]:[1.71711536e+11 1.87830224e+11]
754:[ 6.27693137e-02 -1.55418108e-12 -2.92022243e-13  5.06015785e-11 -2.01166195e-10 -1.90341609e-15  8.60068285e-16  2.48402794e-05 -2.13122953e-06 -1.50676852e-08  9.84615738e-10]:[1.71711536e+11 1.87830224e+11]
