Generating Population from
[ 4.59979941e-02 -1.42258729e-12 -2.85395264e-13  4.71099421e-11 -1.91264135e-10 -1.90515553e-15  8.51321517e-16  2.43648178e-05 -2.12883780e-06 -1.49413261e-08  9.76380180e-10]
[ 6.23589448e-02 -1.55171671e-12 -2.82326821e-13  5.15275196e-11 -2.10259805e-10 -1.89365961e-15  8.62028908e-16  2.51828693e-05 -2.22615770e-06 -1.41908083e-08  9.93442754e-10]
*******************************
***iteration: 0 Population is***
*******************************
Population scores:
737:[3.28742144e+11 2.72994198e+11]:[ 4.59979941e-02 -1.42258729e-12 -2.85395264e-13  4.71099421e-11 -1.91264135e-10 -1.90515553e-15  8.51321517e-16  2.43648178e-05 -2.12883780e-06 -1.49413261e-08  9.76380180e-10]:11.43615341706996
733:[4.52404361e+11 3.35715969e+11]:[ 6.23589448e-02 -1.55171671e-12 -2.82326821e-13  5.15275196e-11 -2.10259805e-10 -1.89365961e-15  8.62028908e-16  2.51828693e-05 -2.22615770e-06 -1.41908083e-08  9.93442754e-10]:11.525972000035607
790:[4.36165516e+11 3.98435035e+11]:[ 4.50855510e-02 -1.34346772e-12 -2.90828387e-13  4.80450810e-11 -1.90132905e-10 -1.85296012e-15  8.52566245e-16  2.35230116e-05 -2.10745062e-06 -1.49369865e-08  9.68042808e-10]:11.600357519301896
794:[6.79053187e+11 5.60663742e+11]:[ 6.14992729e-02 -1.46740149e-12 -2.80163390e-13  5.09237462e-11 -2.17063681e-10 -1.79495256e-15  8.64531975e-16  2.50839873e-05 -2.27756071e-06 -1.37424259e-08  9.98042666e-10]:11.748702471511395
793:[2.27334499e+11 1.00717572e+12]:[ 6.30106905e-02 -1.55588408e-12 -2.79395790e-13  5.23957200e-11 -2.01627721e-10 -1.98136271e-15  8.64779856e-16  2.56947208e-05 -2.14315232e-06 -1.39404854e-08  9.92193349e-10]:12.003105246457329
789:[1.64462533e+12 2.00342012e+12]:[ 4.62564614e-02 -1.43139276e-12 -2.80982666e-13  4.79783812e-11 -2.00856980e-10 -1.81659738e-15  8.58574648e-16  2.35800556e-05 -2.20464108e-06 -1.46598354e-08  9.73115724e-10]:12.301772031135682
791:[7.76268171e+12 1.23298974e+13]:[ 4.56822174e-02 -1.79266399e-12 -1.88716861e-13  4.33148160e-11 -1.40927560e-10 -1.30688605e-15  9.17093501e-16  3.28450591e-05 -2.36223319e-06 -1.97566493e-08  9.80738851e-10]:13.090959463146381
792:[2.53778406e+13 3.64610894e+13]:[ 4.99995258e-02 -1.17743187e-12 -2.97882433e-13  4.79933311e-11 -2.44328085e-10 -2.78597485e-15  8.80732780e-16  3.40938119e-05 -3.07271205e-06 -1.12147787e-08  1.04006332e-09]:13.561829641103715
796:[4.28411982e+13 7.83891640e+13]:[ 6.62237387e-02 -1.38191847e-12 -3.52002515e-13  4.27135925e-11 -1.77174622e-10 -1.50613603e-15  8.10724869e-16  2.01063699e-05 -2.41331801e-06 -2.15902868e-08  9.76669892e-10]:13.894256033036694
795:[4.96691280e+13 9.30635467e+13]:[ 5.83278037e-02 -9.90402170e-13 -2.94801005e-13  5.86816455e-11 -2.79598391e-10 -1.09169744e-15  7.90370871e-16  2.01331283e-05 -2.79399049e-06 -1.68874492e-08  1.00915972e-09]:13.96877959986412
Selected: [0 2]
***************
***CROSSOVER***
***************
&&&&&&&&&&&&&&&&&&&&&&&&
&&TOURNAMENT SELECTION&&
&&&&&&&&&&&&&&&&&&&&&&&&
parents:
[ 4.59979941e-02 -1.42258729e-12 -2.85395264e-13  4.71099421e-11 -1.91264135e-10 -1.90515553e-15  8.51321517e-16  2.43648178e-05 -2.12883780e-06 -1.49413261e-08  9.76380180e-10]
[ 4.50855510e-02 -1.34346772e-12 -2.90828387e-13  4.80450810e-11 -1.90132905e-10 -1.85296012e-15  8.52566245e-16  2.35230116e-05 -2.10745062e-06 -1.49369865e-08  9.68042808e-10]
children:
[ 4.59979941e-02 -1.34346772e-12 -2.90828387e-13  4.80450810e-11 -1.90132905e-10 -1.81232178e-15  8.51321517e-16  2.35230116e-05 -2.10745062e-06 -1.49369865e-08  9.68042808e-10]
[ 4.50855510e-02 -1.42258729e-12 -2.85395264e-13  4.71099421e-11 -1.91264135e-10 -1.88567052e-15  8.52566245e-16  3.17448918e-05 -2.12883780e-06 -1.49413261e-08  9.82613325e-10]
Population scores:
737:[3.28742144e+11 2.72994198e+11]:[ 4.59979941e-02 -1.42258729e-12 -2.85395264e-13  4.71099421e-11 -1.91264135e-10 -1.90515553e-15  8.51321517e-16  2.43648178e-05 -2.12883780e-06 -1.49413261e-08  9.76380180e-10]:11.43615341706996
797:[4.08829425e+11 3.80467995e+11]:[ 4.59979941e-02 -1.34346772e-12 -2.90828387e-13  4.80450810e-11 -1.90132905e-10 -1.81232178e-15  8.51321517e-16  2.35230116e-05 -2.10745062e-06 -1.49369865e-08  9.68042808e-10]:11.580318129795305
790:[4.36165516e+11 3.98435035e+11]:[ 4.50855510e-02 -1.34346772e-12 -2.90828387e-13  4.80450810e-11 -1.90132905e-10 -1.85296012e-15  8.52566245e-16  2.35230116e-05 -2.10745062e-06 -1.49369865e-08  9.68042808e-10]:11.600357519301896
798:[1.24875498e+12 3.51918995e+12]:[ 4.50855510e-02 -1.42258729e-12 -2.85395264e-13  4.71099421e-11 -1.91264135e-10 -1.88567052e-15  8.52566245e-16  3.17448918e-05 -2.12883780e-06 -1.49413261e-08  9.82613325e-10]:12.54644270821157
Selected for new population:
[ 4.59979941e-02 -1.42258729e-12 -2.85395264e-13  4.71099421e-11 -1.91264135e-10 -1.90515553e-15  8.51321517e-16  2.43648178e-05 -2.12883780e-06 -1.49413261e-08  9.76380180e-10]
[ 4.59979941e-02 -1.34346772e-12 -2.90828387e-13  4.80450810e-11 -1.90132905e-10 -1.81232178e-15  8.51321517e-16  2.35230116e-05 -2.10745062e-06 -1.49369865e-08  9.68042808e-10]
Selected: [0 1]
***************
***CROSSOVER***
***************
&&&&&&&&&&&&&&&&&&&&&&&&
&&TOURNAMENT SELECTION&&
&&&&&&&&&&&&&&&&&&&&&&&&
parents:
[ 4.59979941e-02 -1.42258729e-12 -2.85395264e-13  4.71099421e-11 -1.91264135e-10 -1.90515553e-15  8.51321517e-16  2.43648178e-05 -2.12883780e-06 -1.49413261e-08  9.76380180e-10]
[ 6.23589448e-02 -1.55171671e-12 -2.82326821e-13  5.15275196e-11 -2.10259805e-10 -1.89365961e-15  8.62028908e-16  2.51828693e-05 -2.22615770e-06 -1.41908083e-08  9.93442754e-10]
children:
[ 6.23589448e-02 -1.42258729e-12 -2.27036711e-13  5.15275196e-11 -1.91264135e-10 -1.89365961e-15  8.51321517e-16  2.51828693e-05 -2.12883780e-06 -1.49413261e-08  9.93442754e-10]
[ 5.35194041e-02 -1.55171671e-12 -2.85395264e-13  4.71099421e-11 -2.10259805e-10 -1.90515553e-15  8.62028908e-16  2.43648178e-05 -1.78081707e-06 -1.41908083e-08  9.76380180e-10]
Population scores:
737:[3.28742144e+11 2.72994198e+11]:[ 4.59979941e-02 -1.42258729e-12 -2.85395264e-13  4.71099421e-11 -1.91264135e-10 -1.90515553e-15  8.51321517e-16  2.43648178e-05 -2.12883780e-06 -1.49413261e-08  9.76380180e-10]:11.43615341706996
733:[4.52404361e+11 3.35715969e+11]:[ 6.23589448e-02 -1.55171671e-12 -2.82326821e-13  5.15275196e-11 -2.10259805e-10 -1.89365961e-15  8.62028908e-16  2.51828693e-05 -2.22615770e-06 -1.41908083e-08  9.93442754e-10]:11.525972000035607
799:[6.60686286e+10 3.71642451e+11]:[ 6.23589448e-02 -1.42258729e-12 -2.27036711e-13  5.15275196e-11 -1.91264135e-10 -1.89365961e-15  8.51321517e-16  2.51828693e-05 -2.12883780e-06 -1.49413261e-08  9.93442754e-10]:11.570125315418972
800:[8.74399257e+12 2.09609464e+13]:[ 5.35194041e-02 -1.55171671e-12 -2.85395264e-13  4.71099421e-11 -2.10259805e-10 -1.90515553e-15  8.62028908e-16  2.43648178e-05 -1.78081707e-06 -1.41908083e-08  9.76380180e-10]:13.321410888306685
Selected for new population:
[ 4.59979941e-02 -1.42258729e-12 -2.85395264e-13  4.71099421e-11 -1.91264135e-10 -1.90515553e-15  8.51321517e-16  2.43648178e-05 -2.12883780e-06 -1.49413261e-08  9.76380180e-10]
[ 6.23589448e-02 -1.55171671e-12 -2.82326821e-13  5.15275196e-11 -2.10259805e-10 -1.89365961e-15  8.62028908e-16  2.51828693e-05 -2.22615770e-06 -1.41908083e-08  9.93442754e-10]
Selected: [3 1]
***************
***CROSSOVER***
***************
&&&&&&&&&&&&&&&&&&&&&&&&
&&TOURNAMENT SELECTION&&
&&&&&&&&&&&&&&&&&&&&&&&&
parents:
[ 6.14992729e-02 -1.46740149e-12 -2.80163390e-13  5.09237462e-11 -2.17063681e-10 -1.79495256e-15  8.64531975e-16  2.50839873e-05 -2.27756071e-06 -1.37424259e-08  9.98042666e-10]
[ 6.23589448e-02 -1.55171671e-12 -2.82326821e-13  5.15275196e-11 -2.10259805e-10 -1.89365961e-15  8.62028908e-16  2.51828693e-05 -2.22615770e-06 -1.41908083e-08  9.93442754e-10]
children:
[ 6.86493939e-02 -1.46740149e-12 -2.82326821e-13  5.15275196e-11 -2.17063681e-10 -1.79495256e-15  8.90418212e-16  2.51828693e-05 -2.27756071e-06 -1.41908083e-08  9.93442754e-10]
[ 6.14992729e-02 -1.74112478e-12 -2.80163390e-13  5.09237462e-11 -2.10259805e-10 -1.89365961e-15  8.64531975e-16  2.44940393e-05 -2.22615770e-06 -1.37424259e-08  9.98042666e-10]
Population scores:
802:[2.93619748e+11 2.46035397e+11]:[ 6.14992729e-02 -1.74112478e-12 -2.80163390e-13  5.09237462e-11 -2.10259805e-10 -1.89365961e-15  8.64531975e-16  2.44940393e-05 -2.22615770e-06 -1.37424259e-08  9.98042666e-10]:11.390997592538925
733:[4.52404361e+11 3.35715969e+11]:[ 6.23589448e-02 -1.55171671e-12 -2.82326821e-13  5.15275196e-11 -2.10259805e-10 -1.89365961e-15  8.62028908e-16  2.51828693e-05 -2.22615770e-06 -1.41908083e-08  9.93442754e-10]:11.525972000035607
794:[6.79053187e+11 5.60663742e+11]:[ 6.14992729e-02 -1.46740149e-12 -2.80163390e-13  5.09237462e-11 -2.17063681e-10 -1.79495256e-15  8.64531975e-16  2.50839873e-05 -2.27756071e-06 -1.37424259e-08  9.98042666e-10]:11.748702471511395
801:[1.11547829e+12 1.12708850e+12]:[ 6.86493939e-02 -1.46740149e-12 -2.82326821e-13  5.15275196e-11 -2.17063681e-10 -1.79495256e-15  8.90418212e-16  2.51828693e-05 -2.27756071e-06 -1.41908083e-08  9.93442754e-10]:12.051958019503346
Selected for new population:
[ 6.14992729e-02 -1.74112478e-12 -2.80163390e-13  5.09237462e-11 -2.10259805e-10 -1.89365961e-15  8.64531975e-16  2.44940393e-05 -2.22615770e-06 -1.37424259e-08  9.98042666e-10]
[ 6.23589448e-02 -1.55171671e-12 -2.82326821e-13  5.15275196e-11 -2.10259805e-10 -1.89365961e-15  8.62028908e-16  2.51828693e-05 -2.22615770e-06 -1.41908083e-08  9.93442754e-10]
Selected: [3 1]
***************
***CROSSOVER***
***************
&&&&&&&&&&&&&&&&&&&&&&&&
&&TOURNAMENT SELECTION&&
&&&&&&&&&&&&&&&&&&&&&&&&
parents:
[ 6.14992729e-02 -1.46740149e-12 -2.80163390e-13  5.09237462e-11 -2.17063681e-10 -1.79495256e-15  8.64531975e-16  2.50839873e-05 -2.27756071e-06 -1.37424259e-08  9.98042666e-10]
[ 6.23589448e-02 -1.55171671e-12 -2.82326821e-13  5.15275196e-11 -2.10259805e-10 -1.89365961e-15  8.62028908e-16  2.51828693e-05 -2.22615770e-06 -1.41908083e-08  9.93442754e-10]
children:
[ 6.17784380e-02 -1.55171671e-12 -2.82326821e-13  5.09237462e-11 -2.10259805e-10 -1.89365961e-15  8.62028908e-16  2.50839873e-05 -2.22615770e-06 -1.41908083e-08  9.93442754e-10]
[ 5.90486056e-02 -1.46740149e-12 -2.80163390e-13  5.15275196e-11 -2.17063681e-10 -1.79495256e-15  8.64531975e-16  2.51828693e-05 -2.27756071e-06 -1.37424259e-08  1.00336450e-09]
Population scores:
733:[4.52404361e+11 3.35715969e+11]:[ 6.23589448e-02 -1.55171671e-12 -2.82326821e-13  5.15275196e-11 -2.10259805e-10 -1.89365961e-15  8.62028908e-16  2.51828693e-05 -2.22615770e-06 -1.41908083e-08  9.93442754e-10]:11.525972000035607
803:[4.69953713e+11 3.55903568e+11]:[ 6.17784380e-02 -1.55171671e-12 -2.82326821e-13  5.09237462e-11 -2.10259805e-10 -1.89365961e-15  8.62028908e-16  2.50839873e-05 -2.22615770e-06 -1.41908083e-08  9.93442754e-10]:11.551332341325255
804:[5.14560860e+11 3.92562841e+11]:[ 5.90486056e-02 -1.46740149e-12 -2.80163390e-13  5.15275196e-11 -2.17063681e-10 -1.79495256e-15  8.64531975e-16  2.51828693e-05 -2.27756071e-06 -1.37424259e-08  1.00336450e-09]:11.593909188186592
794:[6.79053187e+11 5.60663742e+11]:[ 6.14992729e-02 -1.46740149e-12 -2.80163390e-13  5.09237462e-11 -2.17063681e-10 -1.79495256e-15  8.64531975e-16  2.50839873e-05 -2.27756071e-06 -1.37424259e-08  9.98042666e-10]:11.748702471511395
Selected for new population:
[ 6.23589448e-02 -1.55171671e-12 -2.82326821e-13  5.15275196e-11 -2.10259805e-10 -1.89365961e-15  8.62028908e-16  2.51828693e-05 -2.22615770e-06 -1.41908083e-08  9.93442754e-10]
[ 6.17784380e-02 -1.55171671e-12 -2.82326821e-13  5.09237462e-11 -2.10259805e-10 -1.89365961e-15  8.62028908e-16  2.50839873e-05 -2.22615770e-06 -1.41908083e-08  9.93442754e-10]
Selected: [1 0]
***************
***CROSSOVER***
***************
&&&&&&&&&&&&&&&&&&&&&&&&
&&TOURNAMENT SELECTION&&
&&&&&&&&&&&&&&&&&&&&&&&&
parents:
[ 6.23589448e-02 -1.55171671e-12 -2.82326821e-13  5.15275196e-11 -2.10259805e-10 -1.89365961e-15  8.62028908e-16  2.51828693e-05 -2.22615770e-06 -1.41908083e-08  9.93442754e-10]
[ 4.59979941e-02 -1.42258729e-12 -2.85395264e-13  4.71099421e-11 -1.91264135e-10 -1.90515553e-15  8.51321517e-16  2.43648178e-05 -2.12883780e-06 -1.49413261e-08  9.76380180e-10]
children:
[ 4.59979941e-02 -1.42258729e-12 -2.82326821e-13  4.71099421e-11 -2.10259805e-10 -1.90515553e-15  8.62028908e-16  2.51828693e-05 -1.78296769e-06 -1.29047518e-08  9.76380180e-10]
[ 6.23589448e-02 -1.55171671e-12 -2.85395264e-13  5.15275196e-11 -1.91264135e-10 -1.89365961e-15  8.51321517e-16  2.43648178e-05 -2.22615770e-06 -1.41908083e-08  9.19794483e-10]
Population scores:
737:[3.28742144e+11 2.72994198e+11]:[ 4.59979941e-02 -1.42258729e-12 -2.85395264e-13  4.71099421e-11 -1.91264135e-10 -1.90515553e-15  8.51321517e-16  2.43648178e-05 -2.12883780e-06 -1.49413261e-08  9.76380180e-10]:11.43615341706996
733:[4.52404361e+11 3.35715969e+11]:[ 6.23589448e-02 -1.55171671e-12 -2.82326821e-13  5.15275196e-11 -2.10259805e-10 -1.89365961e-15  8.62028908e-16  2.51828693e-05 -2.22615770e-06 -1.41908083e-08  9.93442754e-10]:11.525972000035607
806:[5.32993177e+12 7.56277656e+12]:[ 6.23589448e-02 -1.55171671e-12 -2.85395264e-13  5.15275196e-11 -1.91264135e-10 -1.89365961e-15  8.51321517e-16  2.43648178e-05 -2.22615770e-06 -1.41908083e-08  9.19794483e-10]:12.878681269220317
805:[1.32950702e+13 3.07569856e+13]:[ 4.59979941e-02 -1.42258729e-12 -2.82326821e-13  4.71099421e-11 -2.10259805e-10 -1.90515553e-15  8.62028908e-16  2.51828693e-05 -1.78296769e-06 -1.29047518e-08  9.76380180e-10]:13.487943769194345
Selected for new population:
[ 4.59979941e-02 -1.42258729e-12 -2.85395264e-13  4.71099421e-11 -1.91264135e-10 -1.90515553e-15  8.51321517e-16  2.43648178e-05 -2.12883780e-06 -1.49413261e-08  9.76380180e-10]
[ 6.23589448e-02 -1.55171671e-12 -2.82326821e-13  5.15275196e-11 -2.10259805e-10 -1.89365961e-15  8.62028908e-16  2.51828693e-05 -2.22615770e-06 -1.41908083e-08  9.93442754e-10]
Population scores:
802:[2.93619748e+11 2.46035397e+11]:[ 6.14992729e-02 -1.74112478e-12 -2.80163390e-13  5.09237462e-11 -2.10259805e-10 -1.89365961e-15  8.64531975e-16  2.44940393e-05 -2.22615770e-06 -1.37424259e-08  9.98042666e-10]:11.390997592538925
737:[3.28742144e+11 2.72994198e+11]:[ 4.59979941e-02 -1.42258729e-12 -2.85395264e-13  4.71099421e-11 -1.91264135e-10 -1.90515553e-15  8.51321517e-16  2.43648178e-05 -2.12883780e-06 -1.49413261e-08  9.76380180e-10]:11.43615341706996
733:[4.52404361e+11 3.35715969e+11]:[ 6.23589448e-02 -1.55171671e-12 -2.82326821e-13  5.15275196e-11 -2.10259805e-10 -1.89365961e-15  8.62028908e-16  2.51828693e-05 -2.22615770e-06 -1.41908083e-08  9.93442754e-10]:11.525972000035607
803:[4.69953713e+11 3.55903568e+11]:[ 6.17784380e-02 -1.55171671e-12 -2.82326821e-13  5.09237462e-11 -2.10259805e-10 -1.89365961e-15  8.62028908e-16  2.50839873e-05 -2.22615770e-06 -1.41908083e-08  9.93442754e-10]:11.551332341325255
797:[4.08829425e+11 3.80467995e+11]:[ 4.59979941e-02 -1.34346772e-12 -2.90828387e-13  4.80450810e-11 -1.90132905e-10 -1.81232178e-15  8.51321517e-16  2.35230116e-05 -2.10745062e-06 -1.49369865e-08  9.68042808e-10]:11.580318129795305
790:[4.36165516e+11 3.98435035e+11]:[ 4.50855510e-02 -1.34346772e-12 -2.90828387e-13  4.80450810e-11 -1.90132905e-10 -1.85296012e-15  8.52566245e-16  2.35230116e-05 -2.10745062e-06 -1.49369865e-08  9.68042808e-10]:11.600357519301896
794:[6.79053187e+11 5.60663742e+11]:[ 6.14992729e-02 -1.46740149e-12 -2.80163390e-13  5.09237462e-11 -2.17063681e-10 -1.79495256e-15  8.64531975e-16  2.50839873e-05 -2.27756071e-06 -1.37424259e-08  9.98042666e-10]:11.748702471511395
793:[2.27334499e+11 1.00717572e+12]:[ 6.30106905e-02 -1.55588408e-12 -2.79395790e-13  5.23957200e-11 -2.01627721e-10 -1.98136271e-15  8.64779856e-16  2.56947208e-05 -2.14315232e-06 -1.39404854e-08  9.92193349e-10]:12.003105246457329
789:[1.64462533e+12 2.00342012e+12]:[ 4.62564614e-02 -1.43139276e-12 -2.80982666e-13  4.79783812e-11 -2.00856980e-10 -1.81659738e-15  8.58574648e-16  2.35800556e-05 -2.20464108e-06 -1.46598354e-08  9.73115724e-10]:12.301772031135682
791:[7.76268171e+12 1.23298974e+13]:[ 4.56822174e-02 -1.79266399e-12 -1.88716861e-13  4.33148160e-11 -1.40927560e-10 -1.30688605e-15  9.17093501e-16  3.28450591e-05 -2.36223319e-06 -1.97566493e-08  9.80738851e-10]:13.090959463146381
792:[2.53778406e+13 3.64610894e+13]:[ 4.99995258e-02 -1.17743187e-12 -2.97882433e-13  4.79933311e-11 -2.44328085e-10 -2.78597485e-15  8.80732780e-16  3.40938119e-05 -3.07271205e-06 -1.12147787e-08  1.04006332e-09]:13.561829641103715
796:[4.28411982e+13 7.83891640e+13]:[ 6.62237387e-02 -1.38191847e-12 -3.52002515e-13  4.27135925e-11 -1.77174622e-10 -1.50613603e-15  8.10724869e-16  2.01063699e-05 -2.41331801e-06 -2.15902868e-08  9.76669892e-10]:13.894256033036694
795:[4.96691280e+13 9.30635467e+13]:[ 5.83278037e-02 -9.90402170e-13 -2.94801005e-13  5.86816455e-11 -2.79598391e-10 -1.09169744e-15  7.90370871e-16  2.01331283e-05 -2.79399049e-06 -1.68874492e-08  1.00915972e-09]:13.96877959986412
*******************************
***iteration: 1 Population is***
*******************************
Population scores:
802:[2.93619748e+11 2.46035397e+11]:[ 6.14992729e-02 -1.74112478e-12 -2.80163390e-13  5.09237462e-11 -2.10259805e-10 -1.89365961e-15  8.64531975e-16  2.44940393e-05 -2.22615770e-06 -1.37424259e-08  9.98042666e-10]:11.390997592538925
737:[3.28742144e+11 2.72994198e+11]:[ 4.59979941e-02 -1.42258729e-12 -2.85395264e-13  4.71099421e-11 -1.91264135e-10 -1.90515553e-15  8.51321517e-16  2.43648178e-05 -2.12883780e-06 -1.49413261e-08  9.76380180e-10]:11.43615341706996
733:[4.52404361e+11 3.35715969e+11]:[ 6.23589448e-02 -1.55171671e-12 -2.82326821e-13  5.15275196e-11 -2.10259805e-10 -1.89365961e-15  8.62028908e-16  2.51828693e-05 -2.22615770e-06 -1.41908083e-08  9.93442754e-10]:11.525972000035607
803:[4.69953713e+11 3.55903568e+11]:[ 6.17784380e-02 -1.55171671e-12 -2.82326821e-13  5.09237462e-11 -2.10259805e-10 -1.89365961e-15  8.62028908e-16  2.50839873e-05 -2.22615770e-06 -1.41908083e-08  9.93442754e-10]:11.551332341325255
797:[4.08829425e+11 3.80467995e+11]:[ 4.59979941e-02 -1.34346772e-12 -2.90828387e-13  4.80450810e-11 -1.90132905e-10 -1.81232178e-15  8.51321517e-16  2.35230116e-05 -2.10745062e-06 -1.49369865e-08  9.68042808e-10]:11.580318129795305
790:[4.36165516e+11 3.98435035e+11]:[ 4.50855510e-02 -1.34346772e-12 -2.90828387e-13  4.80450810e-11 -1.90132905e-10 -1.85296012e-15  8.52566245e-16  2.35230116e-05 -2.10745062e-06 -1.49369865e-08  9.68042808e-10]:11.600357519301896
794:[6.79053187e+11 5.60663742e+11]:[ 6.14992729e-02 -1.46740149e-12 -2.80163390e-13  5.09237462e-11 -2.17063681e-10 -1.79495256e-15  8.64531975e-16  2.50839873e-05 -2.27756071e-06 -1.37424259e-08  9.98042666e-10]:11.748702471511395
793:[2.27334499e+11 1.00717572e+12]:[ 6.30106905e-02 -1.55588408e-12 -2.79395790e-13  5.23957200e-11 -2.01627721e-10 -1.98136271e-15  8.64779856e-16  2.56947208e-05 -2.14315232e-06 -1.39404854e-08  9.92193349e-10]:12.003105246457329
789:[1.64462533e+12 2.00342012e+12]:[ 4.62564614e-02 -1.43139276e-12 -2.80982666e-13  4.79783812e-11 -2.00856980e-10 -1.81659738e-15  8.58574648e-16  2.35800556e-05 -2.20464108e-06 -1.46598354e-08  9.73115724e-10]:12.301772031135682
791:[7.76268171e+12 1.23298974e+13]:[ 4.56822174e-02 -1.79266399e-12 -1.88716861e-13  4.33148160e-11 -1.40927560e-10 -1.30688605e-15  9.17093501e-16  3.28450591e-05 -2.36223319e-06 -1.97566493e-08  9.80738851e-10]:13.090959463146381
Selected: [3 5]
***************
***CROSSOVER***
***************
&&&&&&&&&&&&&&&&&&&&&&&&
&&TOURNAMENT SELECTION&&
&&&&&&&&&&&&&&&&&&&&&&&&
parents:
[ 6.17784380e-02 -1.55171671e-12 -2.82326821e-13  5.09237462e-11 -2.10259805e-10 -1.89365961e-15  8.62028908e-16  2.50839873e-05 -2.22615770e-06 -1.41908083e-08  9.93442754e-10]
[ 4.50855510e-02 -1.34346772e-12 -2.90828387e-13  4.80450810e-11 -1.90132905e-10 -1.85296012e-15  8.52566245e-16  2.35230116e-05 -2.10745062e-06 -1.49369865e-08  9.68042808e-10]
children:
[ 4.50855510e-02 -1.30866383e-12 -2.87676047e-13  4.77741226e-11 -1.90132905e-10 -1.85296012e-15  8.52566245e-16  2.50839873e-05 -2.10745062e-06 -1.49369865e-08  9.68042808e-10]
[ 6.17784380e-02 -1.55171671e-12 -2.82326821e-13  5.09237462e-11 -2.10161084e-10 -1.89365961e-15  8.62028908e-16  2.35230116e-05 -2.22615770e-06 -1.41908083e-08  9.93442754e-10]
Population scores:
807:[1.83899217e+11 1.71568487e+11]:[ 4.50855510e-02 -1.30866383e-12 -2.87676047e-13  4.77741226e-11 -1.90132905e-10 -1.85296012e-15  8.52566245e-16  2.50839873e-05 -2.10745062e-06 -1.49369865e-08  9.68042808e-10]:11.234437521630625
803:[4.69953713e+11 3.55903568e+11]:[ 6.17784380e-02 -1.55171671e-12 -2.82326821e-13  5.09237462e-11 -2.10259805e-10 -1.89365961e-15  8.62028908e-16  2.50839873e-05 -2.22615770e-06 -1.41908083e-08  9.93442754e-10]:11.551332341325255
790:[4.36165516e+11 3.98435035e+11]:[ 4.50855510e-02 -1.34346772e-12 -2.90828387e-13  4.80450810e-11 -1.90132905e-10 -1.85296012e-15  8.52566245e-16  2.35230116e-05 -2.10745062e-06 -1.49369865e-08  9.68042808e-10]:11.600357519301896
808:[8.39596944e+11 8.55564257e+11]:[ 6.17784380e-02 -1.55171671e-12 -2.82326821e-13  5.09237462e-11 -2.10161084e-10 -1.89365961e-15  8.62028908e-16  2.35230116e-05 -2.22615770e-06 -1.41908083e-08  9.93442754e-10]:11.932252632934247
Selected for new population:
[ 4.50855510e-02 -1.30866383e-12 -2.87676047e-13  4.77741226e-11 -1.90132905e-10 -1.85296012e-15  8.52566245e-16  2.50839873e-05 -2.10745062e-06 -1.49369865e-08  9.68042808e-10]
[ 6.17784380e-02 -1.55171671e-12 -2.82326821e-13  5.09237462e-11 -2.10259805e-10 -1.89365961e-15  8.62028908e-16  2.50839873e-05 -2.22615770e-06 -1.41908083e-08  9.93442754e-10]
Selected: [4 5]
***************
***CROSSOVER***
***************
&&&&&&&&&&&&&&&&&&&&&&&&
&&TOURNAMENT SELECTION&&
&&&&&&&&&&&&&&&&&&&&&&&&
parents:
[ 4.59979941e-02 -1.34346772e-12 -2.90828387e-13  4.80450810e-11 -1.90132905e-10 -1.81232178e-15  8.51321517e-16  2.35230116e-05 -2.10745062e-06 -1.49369865e-08  9.68042808e-10]
[ 4.50855510e-02 -1.34346772e-12 -2.90828387e-13  4.80450810e-11 -1.90132905e-10 -1.85296012e-15  8.52566245e-16  2.35230116e-05 -2.10745062e-06 -1.49369865e-08  9.68042808e-10]
children:
[ 4.50855510e-02 -1.34346772e-12 -2.90828387e-13  4.80450810e-11 -1.90132905e-10 -1.90728615e-15  7.71043073e-16  2.14349007e-05 -2.10745062e-06 -1.49369865e-08  9.58420815e-10]
[ 4.42768545e-02 -1.34346772e-12 -2.90828387e-13  4.94529886e-11 -1.90132905e-10 -1.81232178e-15  8.52566245e-16  2.35230116e-05 -2.10745062e-06 -1.49369865e-08  9.68042808e-10]
Population scores:
797:[4.08829425e+11 3.80467995e+11]:[ 4.59979941e-02 -1.34346772e-12 -2.90828387e-13  4.80450810e-11 -1.90132905e-10 -1.81232178e-15  8.51321517e-16  2.35230116e-05 -2.10745062e-06 -1.49369865e-08  9.68042808e-10]:11.580318129795305
810:[4.08829426e+11 3.80467996e+11]:[ 4.42768545e-02 -1.34346772e-12 -2.90828387e-13  4.94529886e-11 -1.90132905e-10 -1.81232178e-15  8.52566245e-16  2.35230116e-05 -2.10745062e-06 -1.49369865e-08  9.68042808e-10]:11.580318131047612
790:[4.36165516e+11 3.98435035e+11]:[ 4.50855510e-02 -1.34346772e-12 -2.90828387e-13  4.80450810e-11 -1.90132905e-10 -1.85296012e-15  8.52566245e-16  2.35230116e-05 -2.10745062e-06 -1.49369865e-08  9.68042808e-10]:11.600357519301896
809:[1.57696147e+12 1.94768741e+12]:[ 4.50855510e-02 -1.34346772e-12 -2.90828387e-13  4.80450810e-11 -1.90132905e-10 -1.90728615e-15  7.71043073e-16  2.14349007e-05 -2.10745062e-06 -1.49369865e-08  9.58420815e-10]:12.28951925792772
Selected for new population:
[ 4.59979941e-02 -1.34346772e-12 -2.90828387e-13  4.80450810e-11 -1.90132905e-10 -1.81232178e-15  8.51321517e-16  2.35230116e-05 -2.10745062e-06 -1.49369865e-08  9.68042808e-10]
[ 4.42768545e-02 -1.34346772e-12 -2.90828387e-13  4.94529886e-11 -1.90132905e-10 -1.81232178e-15  8.52566245e-16  2.35230116e-05 -2.10745062e-06 -1.49369865e-08  9.68042808e-10]
Selected: [3 0]
***************
***CROSSOVER***
***************
&&&&&&&&&&&&&&&&&&&&&&&&
&&TOURNAMENT SELECTION&&
&&&&&&&&&&&&&&&&&&&&&&&&
parents:
[ 6.17784380e-02 -1.55171671e-12 -2.82326821e-13  5.09237462e-11 -2.10259805e-10 -1.89365961e-15  8.62028908e-16  2.50839873e-05 -2.22615770e-06 -1.41908083e-08  9.93442754e-10]
[ 6.14992729e-02 -1.74112478e-12 -2.80163390e-13  5.09237462e-11 -2.10259805e-10 -1.89365961e-15  8.64531975e-16  2.44940393e-05 -2.22615770e-06 -1.37424259e-08  9.98042666e-10]
children:
[ 6.17784380e-02 -1.68628971e-12 -2.82326821e-13  5.09237462e-11 -2.11441910e-10 -1.89365961e-15  8.26210324e-16  2.50839873e-05 -2.22615770e-06 -1.37424259e-08  9.93442754e-10]
[ 6.14992729e-02 -1.55171671e-12 -2.80163390e-13  4.60069708e-11 -2.10259805e-10 -1.89365961e-15  8.64531975e-16  2.44940393e-05 -2.22615770e-06 -1.41908083e-08  9.98042666e-10]
Population scores:
811:[3.06498192e+11 2.28661895e+11]:[ 6.17784380e-02 -1.68628971e-12 -2.82326821e-13  5.09237462e-11 -2.11441910e-10 -1.89365961e-15  8.26210324e-16  2.50839873e-05 -2.22615770e-06 -1.37424259e-08  9.93442754e-10]:11.359193797563053
802:[2.93619748e+11 2.46035397e+11]:[ 6.14992729e-02 -1.74112478e-12 -2.80163390e-13  5.09237462e-11 -2.10259805e-10 -1.89365961e-15  8.64531975e-16  2.44940393e-05 -2.22615770e-06 -1.37424259e-08  9.98042666e-10]:11.390997592538925
803:[4.69953713e+11 3.55903568e+11]:[ 6.17784380e-02 -1.55171671e-12 -2.82326821e-13  5.09237462e-11 -2.10259805e-10 -1.89365961e-15  8.62028908e-16  2.50839873e-05 -2.22615770e-06 -1.41908083e-08  9.93442754e-10]:11.551332341325255
812:[4.62873996e+11 3.84524069e+11]:[ 6.14992729e-02 -1.55171671e-12 -2.80163390e-13  4.60069708e-11 -2.10259805e-10 -1.89365961e-15  8.64531975e-16  2.44940393e-05 -2.22615770e-06 -1.41908083e-08  9.98042666e-10]:11.584923529787892
Selected for new population:
[ 6.17784380e-02 -1.68628971e-12 -2.82326821e-13  5.09237462e-11 -2.11441910e-10 -1.89365961e-15  8.26210324e-16  2.50839873e-05 -2.22615770e-06 -1.37424259e-08  9.93442754e-10]
[ 6.14992729e-02 -1.74112478e-12 -2.80163390e-13  5.09237462e-11 -2.10259805e-10 -1.89365961e-15  8.64531975e-16  2.44940393e-05 -2.22615770e-06 -1.37424259e-08  9.98042666e-10]
Selected: [1 5]
***************
***CROSSOVER***
***************
&&&&&&&&&&&&&&&&&&&&&&&&
&&TOURNAMENT SELECTION&&
&&&&&&&&&&&&&&&&&&&&&&&&
parents:
[ 4.59979941e-02 -1.42258729e-12 -2.85395264e-13  4.71099421e-11 -1.91264135e-10 -1.90515553e-15  8.51321517e-16  2.43648178e-05 -2.12883780e-06 -1.49413261e-08  9.76380180e-10]
[ 4.50855510e-02 -1.34346772e-12 -2.90828387e-13  4.80450810e-11 -1.90132905e-10 -1.85296012e-15  8.52566245e-16  2.35230116e-05 -2.10745062e-06 -1.49369865e-08  9.68042808e-10]
children:
[ 4.59979941e-02 -1.42258729e-12 -2.81395268e-13  4.80450810e-11 -1.91264135e-10 -8.71912123e-16  8.52566245e-16  2.35230116e-05 -2.12883780e-06 -1.49369865e-08  9.68042808e-10]
[ 4.50855510e-02 -1.34346772e-12 -2.85395264e-13  4.65156812e-11 -1.90132905e-10 -1.90515553e-15  8.51321517e-16  2.15334630e-05 -2.10745062e-06 -1.49413261e-08  9.76380180e-10]
Population scores:
737:[3.28742144e+11 2.72994198e+11]:[ 4.59979941e-02 -1.42258729e-12 -2.85395264e-13  4.71099421e-11 -1.91264135e-10 -1.90515553e-15  8.51321517e-16  2.43648178e-05 -2.12883780e-06 -1.49413261e-08  9.76380180e-10]:11.43615341706996
813:[1.98369435e+11 3.53403345e+11]:[ 4.59979941e-02 -1.42258729e-12 -2.81395268e-13  4.80450810e-11 -1.91264135e-10 -8.71912123e-16  8.52566245e-16  2.35230116e-05 -2.12883780e-06 -1.49369865e-08  9.68042808e-10]:11.548270655757365
790:[4.36165516e+11 3.98435035e+11]:[ 4.50855510e-02 -1.34346772e-12 -2.90828387e-13  4.80450810e-11 -1.90132905e-10 -1.85296012e-15  8.52566245e-16  2.35230116e-05 -2.10745062e-06 -1.49369865e-08  9.68042808e-10]:11.600357519301896
814:[7.37819068e+11 8.11352801e+11]:[ 4.50855510e-02 -1.34346772e-12 -2.85395264e-13  4.65156812e-11 -1.90132905e-10 -1.90515553e-15  8.51321517e-16  2.15334630e-05 -2.10745062e-06 -1.49413261e-08  9.76380180e-10]:11.90920973961559
Selected for new population:
[ 4.59979941e-02 -1.42258729e-12 -2.85395264e-13  4.71099421e-11 -1.91264135e-10 -1.90515553e-15  8.51321517e-16  2.43648178e-05 -2.12883780e-06 -1.49413261e-08  9.76380180e-10]
[ 4.59979941e-02 -1.42258729e-12 -2.81395268e-13  4.80450810e-11 -1.91264135e-10 -8.71912123e-16  8.52566245e-16  2.35230116e-05 -2.12883780e-06 -1.49369865e-08  9.68042808e-10]
Selected: [3 6]
***************
***CROSSOVER***
***************
&&&&&&&&&&&&&&&&&&&&&&&&
&&TOURNAMENT SELECTION&&
&&&&&&&&&&&&&&&&&&&&&&&&
parents:
[ 6.17784380e-02 -1.55171671e-12 -2.82326821e-13  5.09237462e-11 -2.10259805e-10 -1.89365961e-15  8.62028908e-16  2.50839873e-05 -2.22615770e-06 -1.41908083e-08  9.93442754e-10]
[ 6.14992729e-02 -1.46740149e-12 -2.80163390e-13  5.09237462e-11 -2.17063681e-10 -1.79495256e-15  8.64531975e-16  2.50839873e-05 -2.27756071e-06 -1.37424259e-08  9.98042666e-10]
children:
[ 6.14992729e-02 -1.49977236e-12 -2.89954569e-13  5.09237462e-11 -2.26257501e-10 -1.79495256e-15  8.64531975e-16  2.50839873e-05 -2.22779802e-06 -1.41908083e-08  9.41275671e-10]
[ 6.17784380e-02 -1.55171671e-12 -2.82326821e-13  5.09237462e-11 -2.07841367e-10 -1.89365961e-15  8.62028908e-16  2.50839873e-05 -2.22615770e-06 -1.37424259e-08  9.93442754e-10]
Population scores:
816:[3.06498192e+11 2.28661895e+11]:[ 6.17784380e-02 -1.55171671e-12 -2.82326821e-13  5.09237462e-11 -2.07841367e-10 -1.89365961e-15  8.62028908e-16  2.50839873e-05 -2.22615770e-06 -1.37424259e-08  9.93442754e-10]:11.359193797556177
803:[4.69953713e+11 3.55903568e+11]:[ 6.17784380e-02 -1.55171671e-12 -2.82326821e-13  5.09237462e-11 -2.10259805e-10 -1.89365961e-15  8.62028908e-16  2.50839873e-05 -2.22615770e-06 -1.41908083e-08  9.93442754e-10]:11.551332341325255
794:[6.79053187e+11 5.60663742e+11]:[ 6.14992729e-02 -1.46740149e-12 -2.80163390e-13  5.09237462e-11 -2.17063681e-10 -1.79495256e-15  8.64531975e-16  2.50839873e-05 -2.27756071e-06 -1.37424259e-08  9.98042666e-10]:11.748702471511395
815:[2.88054103e+12 3.67015166e+12]:[ 6.14992729e-02 -1.49977236e-12 -2.89954569e-13  5.09237462e-11 -2.26257501e-10 -1.79495256e-15  8.64531975e-16  2.50839873e-05 -2.22779802e-06 -1.41908083e-08  9.41275671e-10]:12.56468401033965
Selected for new population:
[ 6.17784380e-02 -1.55171671e-12 -2.82326821e-13  5.09237462e-11 -2.07841367e-10 -1.89365961e-15  8.62028908e-16  2.50839873e-05 -2.22615770e-06 -1.37424259e-08  9.93442754e-10]
[ 6.17784380e-02 -1.55171671e-12 -2.82326821e-13  5.09237462e-11 -2.10259805e-10 -1.89365961e-15  8.62028908e-16  2.50839873e-05 -2.22615770e-06 -1.41908083e-08  9.93442754e-10]
Population scores:
807:[1.83899217e+11 1.71568487e+11]:[ 4.50855510e-02 -1.30866383e-12 -2.87676047e-13  4.77741226e-11 -1.90132905e-10 -1.85296012e-15  8.52566245e-16  2.50839873e-05 -2.10745062e-06 -1.49369865e-08  9.68042808e-10]:11.234437521630625
816:[3.06498192e+11 2.28661895e+11]:[ 6.17784380e-02 -1.55171671e-12 -2.82326821e-13  5.09237462e-11 -2.07841367e-10 -1.89365961e-15  8.62028908e-16  2.50839873e-05 -2.22615770e-06 -1.37424259e-08  9.93442754e-10]:11.359193797556177
811:[3.06498192e+11 2.28661895e+11]:[ 6.17784380e-02 -1.68628971e-12 -2.82326821e-13  5.09237462e-11 -2.11441910e-10 -1.89365961e-15  8.26210324e-16  2.50839873e-05 -2.22615770e-06 -1.37424259e-08  9.93442754e-10]:11.359193797563053
802:[2.93619748e+11 2.46035397e+11]:[ 6.14992729e-02 -1.74112478e-12 -2.80163390e-13  5.09237462e-11 -2.10259805e-10 -1.89365961e-15  8.64531975e-16  2.44940393e-05 -2.22615770e-06 -1.37424259e-08  9.98042666e-10]:11.390997592538925
737:[3.28742144e+11 2.72994198e+11]:[ 4.59979941e-02 -1.42258729e-12 -2.85395264e-13  4.71099421e-11 -1.91264135e-10 -1.90515553e-15  8.51321517e-16  2.43648178e-05 -2.12883780e-06 -1.49413261e-08  9.76380180e-10]:11.43615341706996
733:[4.52404361e+11 3.35715969e+11]:[ 6.23589448e-02 -1.55171671e-12 -2.82326821e-13  5.15275196e-11 -2.10259805e-10 -1.89365961e-15  8.62028908e-16  2.51828693e-05 -2.22615770e-06 -1.41908083e-08  9.93442754e-10]:11.525972000035607
813:[1.98369435e+11 3.53403345e+11]:[ 4.59979941e-02 -1.42258729e-12 -2.81395268e-13  4.80450810e-11 -1.91264135e-10 -8.71912123e-16  8.52566245e-16  2.35230116e-05 -2.12883780e-06 -1.49369865e-08  9.68042808e-10]:11.548270655757365
803:[4.69953713e+11 3.55903568e+11]:[ 6.17784380e-02 -1.55171671e-12 -2.82326821e-13  5.09237462e-11 -2.10259805e-10 -1.89365961e-15  8.62028908e-16  2.50839873e-05 -2.22615770e-06 -1.41908083e-08  9.93442754e-10]:11.551332341325255
797:[4.08829425e+11 3.80467995e+11]:[ 4.59979941e-02 -1.34346772e-12 -2.90828387e-13  4.80450810e-11 -1.90132905e-10 -1.81232178e-15  8.51321517e-16  2.35230116e-05 -2.10745062e-06 -1.49369865e-08  9.68042808e-10]:11.580318129795305
810:[4.08829426e+11 3.80467996e+11]:[ 4.42768545e-02 -1.34346772e-12 -2.90828387e-13  4.94529886e-11 -1.90132905e-10 -1.81232178e-15  8.52566245e-16  2.35230116e-05 -2.10745062e-06 -1.49369865e-08  9.68042808e-10]:11.580318131047612
790:[4.36165516e+11 3.98435035e+11]:[ 4.50855510e-02 -1.34346772e-12 -2.90828387e-13  4.80450810e-11 -1.90132905e-10 -1.85296012e-15  8.52566245e-16  2.35230116e-05 -2.10745062e-06 -1.49369865e-08  9.68042808e-10]:11.600357519301896
794:[6.79053187e+11 5.60663742e+11]:[ 6.14992729e-02 -1.46740149e-12 -2.80163390e-13  5.09237462e-11 -2.17063681e-10 -1.79495256e-15  8.64531975e-16  2.50839873e-05 -2.27756071e-06 -1.37424259e-08  9.98042666e-10]:11.748702471511395
793:[2.27334499e+11 1.00717572e+12]:[ 6.30106905e-02 -1.55588408e-12 -2.79395790e-13  5.23957200e-11 -2.01627721e-10 -1.98136271e-15  8.64779856e-16  2.56947208e-05 -2.14315232e-06 -1.39404854e-08  9.92193349e-10]:12.003105246457329
789:[1.64462533e+12 2.00342012e+12]:[ 4.62564614e-02 -1.43139276e-12 -2.80982666e-13  4.79783812e-11 -2.00856980e-10 -1.81659738e-15  8.58574648e-16  2.35800556e-05 -2.20464108e-06 -1.46598354e-08  9.73115724e-10]:12.301772031135682
791:[7.76268171e+12 1.23298974e+13]:[ 4.56822174e-02 -1.79266399e-12 -1.88716861e-13  4.33148160e-11 -1.40927560e-10 -1.30688605e-15  9.17093501e-16  3.28450591e-05 -2.36223319e-06 -1.97566493e-08  9.80738851e-10]:13.090959463146381
*******************************
***iteration: 2 Population is***
*******************************
Population scores:
807:[1.83899217e+11 1.71568487e+11]:[ 4.50855510e-02 -1.30866383e-12 -2.87676047e-13  4.77741226e-11 -1.90132905e-10 -1.85296012e-15  8.52566245e-16  2.50839873e-05 -2.10745062e-06 -1.49369865e-08  9.68042808e-10]:11.234437521630625
816:[3.06498192e+11 2.28661895e+11]:[ 6.17784380e-02 -1.55171671e-12 -2.82326821e-13  5.09237462e-11 -2.07841367e-10 -1.89365961e-15  8.62028908e-16  2.50839873e-05 -2.22615770e-06 -1.37424259e-08  9.93442754e-10]:11.359193797556177
811:[3.06498192e+11 2.28661895e+11]:[ 6.17784380e-02 -1.68628971e-12 -2.82326821e-13  5.09237462e-11 -2.11441910e-10 -1.89365961e-15  8.26210324e-16  2.50839873e-05 -2.22615770e-06 -1.37424259e-08  9.93442754e-10]:11.359193797563053
802:[2.93619748e+11 2.46035397e+11]:[ 6.14992729e-02 -1.74112478e-12 -2.80163390e-13  5.09237462e-11 -2.10259805e-10 -1.89365961e-15  8.64531975e-16  2.44940393e-05 -2.22615770e-06 -1.37424259e-08  9.98042666e-10]:11.390997592538925
737:[3.28742144e+11 2.72994198e+11]:[ 4.59979941e-02 -1.42258729e-12 -2.85395264e-13  4.71099421e-11 -1.91264135e-10 -1.90515553e-15  8.51321517e-16  2.43648178e-05 -2.12883780e-06 -1.49413261e-08  9.76380180e-10]:11.43615341706996
733:[4.52404361e+11 3.35715969e+11]:[ 6.23589448e-02 -1.55171671e-12 -2.82326821e-13  5.15275196e-11 -2.10259805e-10 -1.89365961e-15  8.62028908e-16  2.51828693e-05 -2.22615770e-06 -1.41908083e-08  9.93442754e-10]:11.525972000035607
813:[1.98369435e+11 3.53403345e+11]:[ 4.59979941e-02 -1.42258729e-12 -2.81395268e-13  4.80450810e-11 -1.91264135e-10 -8.71912123e-16  8.52566245e-16  2.35230116e-05 -2.12883780e-06 -1.49369865e-08  9.68042808e-10]:11.548270655757365
803:[4.69953713e+11 3.55903568e+11]:[ 6.17784380e-02 -1.55171671e-12 -2.82326821e-13  5.09237462e-11 -2.10259805e-10 -1.89365961e-15  8.62028908e-16  2.50839873e-05 -2.22615770e-06 -1.41908083e-08  9.93442754e-10]:11.551332341325255
797:[4.08829425e+11 3.80467995e+11]:[ 4.59979941e-02 -1.34346772e-12 -2.90828387e-13  4.80450810e-11 -1.90132905e-10 -1.81232178e-15  8.51321517e-16  2.35230116e-05 -2.10745062e-06 -1.49369865e-08  9.68042808e-10]:11.580318129795305
810:[4.08829426e+11 3.80467996e+11]:[ 4.42768545e-02 -1.34346772e-12 -2.90828387e-13  4.94529886e-11 -1.90132905e-10 -1.81232178e-15  8.52566245e-16  2.35230116e-05 -2.10745062e-06 -1.49369865e-08  9.68042808e-10]:11.580318131047612
Selected: [1 0]
***************
***CROSSOVER***
***************
&&&&&&&&&&&&&&&&&&&&&&&&
&&TOURNAMENT SELECTION&&
&&&&&&&&&&&&&&&&&&&&&&&&
parents:
[ 6.17784380e-02 -1.55171671e-12 -2.82326821e-13  5.09237462e-11 -2.07841367e-10 -1.89365961e-15  8.62028908e-16  2.50839873e-05 -2.22615770e-06 -1.37424259e-08  9.93442754e-10]
[ 4.50855510e-02 -1.30866383e-12 -2.87676047e-13  4.77741226e-11 -1.90132905e-10 -1.85296012e-15  8.52566245e-16  2.50839873e-05 -2.10745062e-06 -1.49369865e-08  9.68042808e-10]
children:
[ 4.50855510e-02 -1.30866383e-12 -2.87676047e-13  5.09237462e-11 -1.90132905e-10 -1.85296012e-15  8.52566245e-16  2.50839873e-05 -2.20626247e-06 -1.49369865e-08  1.05175513e-09]
[ 6.17784380e-02 -1.55171671e-12 -2.82326821e-13  4.77741226e-11 -2.75921703e-10 -1.89365961e-15  8.62028908e-16  2.50839873e-05 -2.22615770e-06 -1.46102569e-08  9.68042808e-10]
Population scores:
807:[1.83899217e+11 1.71568487e+11]:[ 4.50855510e-02 -1.30866383e-12 -2.87676047e-13  4.77741226e-11 -1.90132905e-10 -1.85296012e-15  8.52566245e-16  2.50839873e-05 -2.10745062e-06 -1.49369865e-08  9.68042808e-10]:11.234437521630625
816:[3.06498192e+11 2.28661895e+11]:[ 6.17784380e-02 -1.55171671e-12 -2.82326821e-13  5.09237462e-11 -2.07841367e-10 -1.89365961e-15  8.62028908e-16  2.50839873e-05 -2.22615770e-06 -1.37424259e-08  9.93442754e-10]:11.359193797556177
817:[3.72807717e+11 1.59564725e+12]:[ 4.50855510e-02 -1.30866383e-12 -2.87676047e-13  5.09237462e-11 -1.90132905e-10 -1.85296012e-15  8.52566245e-16  2.50839873e-05 -2.20626247e-06 -1.49369865e-08  1.05175513e-09]:12.202936888323935
818:[1.81610668e+12 2.07656887e+12]:[ 6.17784380e-02 -1.55171671e-12 -2.82326821e-13  4.77741226e-11 -2.75921703e-10 -1.89365961e-15  8.62028908e-16  2.50839873e-05 -2.22615770e-06 -1.46102569e-08  9.68042808e-10]:12.317346338645956
Selected for new population:
[ 4.50855510e-02 -1.30866383e-12 -2.87676047e-13  4.77741226e-11 -1.90132905e-10 -1.85296012e-15  8.52566245e-16  2.50839873e-05 -2.10745062e-06 -1.49369865e-08  9.68042808e-10]
[ 6.17784380e-02 -1.55171671e-12 -2.82326821e-13  5.09237462e-11 -2.07841367e-10 -1.89365961e-15  8.62028908e-16  2.50839873e-05 -2.22615770e-06 -1.37424259e-08  9.93442754e-10]
Selected: [3 2]
***************
***CROSSOVER***
***************
&&&&&&&&&&&&&&&&&&&&&&&&
&&TOURNAMENT SELECTION&&
&&&&&&&&&&&&&&&&&&&&&&&&
parents:
[ 6.14992729e-02 -1.74112478e-12 -2.80163390e-13  5.09237462e-11 -2.10259805e-10 -1.89365961e-15  8.64531975e-16  2.44940393e-05 -2.22615770e-06 -1.37424259e-08  9.98042666e-10]
[ 6.17784380e-02 -1.68628971e-12 -2.82326821e-13  5.09237462e-11 -2.11441910e-10 -1.89365961e-15  8.26210324e-16  2.50839873e-05 -2.22615770e-06 -1.37424259e-08  9.93442754e-10]
children:
[ 6.17784380e-02 -1.74112478e-12 -2.82326821e-13  5.09237462e-11 -2.10259805e-10 -1.89365961e-15  8.64531975e-16  2.44940393e-05 -2.22615770e-06 -1.37424259e-08  1.09317286e-09]
[ 6.14992729e-02 -1.68628971e-12 -2.80163390e-13  5.09237462e-11 -2.11441910e-10 -1.89365961e-15  8.26210324e-16  2.50839873e-05 -2.22615770e-06 -1.37424259e-08  9.98042666e-10]
Population scores:
820:[2.39078659e+11 2.23634401e+11]:[ 6.14992729e-02 -1.68628971e-12 -2.80163390e-13  5.09237462e-11 -2.11441910e-10 -1.89365961e-15  8.26210324e-16  2.50839873e-05 -2.22615770e-06 -1.37424259e-08  9.98042666e-10]:11.349538609961778
:[3.06498192e+11 2.28661895e+11]:[ 6.17784380e-02 -1.68628971e-12 -2.82326821e-13  5.09237462e-11 -2.11441910e-10 -1.89365961e-15  8.26210324e-16  2.50839873e-05 -2.22615770e-06 -1.37424259e-08  9.93442754e-10]:11.359193797563053
802:[2.93619748e+11 2.46035397e+11]:[ 6.14992729e-02 -1.74112478e-12 -2.80163390e-13  5.09237462e-11 -2.10259805e-10 -1.89365961e-15  8.64531975e-16  2.44940393e-05 -2.22615770e-06 -1.37424259e-08  9.98042666e-10]:11.390997592538925
819:[2.77080994e+12 7.42506651e+12]:[ 6.17784380e-02 -1.74112478e-12 -2.82326821e-13  5.09237462e-11 -2.10259805e-10 -1.89365961e-15  8.64531975e-16  2.44940393e-05 -2.22615770e-06 -1.37424259e-08  1.09317286e-09]:12.870700348090619
Selected for new population:
[ 6.14992729e-02 -1.68628971e-12 -2.80163390e-13  5.09237462e-11 -2.11441910e-10 -1.89365961e-15  8.26210324e-16  2.50839873e-05 -2.22615770e-06 -1.37424259e-08  9.98042666e-10]
[ 6.17784380e-02 -1.68628971e-12 -2.82326821e-13  5.09237462e-11 -2.11441910e-10 -1.89365961e-15  8.26210324e-16  2.50839873e-05 -2.22615770e-06 -1.37424259e-08  9.93442754e-10]
Selected: [0 5]
***************
***CROSSOVER***
***************
&&&&&&&&&&&&&&&&&&&&&&&&
&&TOURNAMENT SELECTION&&
&&&&&&&&&&&&&&&&&&&&&&&&
parents:
[ 4.50855510e-02 -1.30866383e-12 -2.87676047e-13  4.77741226e-11 -1.90132905e-10 -1.85296012e-15  8.52566245e-16  2.50839873e-05 -2.10745062e-06 -1.49369865e-08  9.68042808e-10]
[ 6.23589448e-02 -1.55171671e-12 -2.82326821e-13  5.15275196e-11 -2.10259805e-10 -1.89365961e-15  8.62028908e-16  2.51828693e-05 -2.22615770e-06 -1.41908083e-08  9.93442754e-10]
children:
[ 4.47130759e-02 -1.55171671e-12 -2.82326821e-13  5.15275196e-11 -2.10259805e-10 -1.85296012e-15  8.62028908e-16  2.50839873e-05 -2.09878154e-06 -1.41908083e-08  9.68042808e-10]
[ 6.23589448e-02 -1.30866383e-12 -2.87676047e-13  4.77741226e-11 -1.86654475e-10 -1.89365961e-15  8.52566245e-16  2.66203470e-05 -2.22615770e-06 -1.49369865e-08  9.93442754e-10]
Population scores:
807:[1.83899217e+11 1.71568487e+11]:[ 4.50855510e-02 -1.30866383e-12 -2.87676047e-13  4.77741226e-11 -1.90132905e-10 -1.85296012e-15  8.52566245e-16  2.50839873e-05 -2.10745062e-06 -1.49369865e-08  9.68042808e-10]:11.234437521630625
733:[4.52404361e+11 3.35715969e+11]:[ 6.23589448e-02 -1.55171671e-12 -2.82326821e-13  5.15275196e-11 -2.10259805e-10 -1.89365961e-15  8.62028908e-16  2.51828693e-05 -2.22615770e-06 -1.41908083e-08  9.93442754e-10]:11.525972000035607
822:[5.30808483e+11 3.70739258e+11]:[ 6.23589448e-02 -1.30866383e-12 -2.87676047e-13  4.77741226e-11 -1.86654475e-10 -1.89365961e-15  8.52566245e-16  2.66203470e-05 -2.22615770e-06 -1.49369865e-08  9.93442754e-10]:11.569068576453612
821:[9.10302821e+10 4.36512530e+11]:[ 4.47130759e-02 -1.55171671e-12 -2.82326821e-13  5.15275196e-11 -2.10259805e-10 -1.85296012e-15  8.62028908e-16  2.50839873e-05 -2.09878154e-06 -1.41908083e-08  9.68042808e-10]:11.639996714099965
Selected for new population:
[ 4.50855510e-02 -1.30866383e-12 -2.87676047e-13  4.77741226e-11 -1.90132905e-10 -1.85296012e-15  8.52566245e-16  2.50839873e-05 -2.10745062e-06 -1.49369865e-08  9.68042808e-10]
[ 6.23589448e-02 -1.55171671e-12 -2.82326821e-13  5.15275196e-11 -2.10259805e-10 -1.89365961e-15  8.62028908e-16  2.51828693e-05 -2.22615770e-06 -1.41908083e-08  9.93442754e-10]
Selected: [5 1]
***************
***CROSSOVER***
***************
&&&&&&&&&&&&&&&&&&&&&&&&
&&TOURNAMENT SELECTION&&
&&&&&&&&&&&&&&&&&&&&&&&&
parents:
[ 6.23589448e-02 -1.55171671e-12 -2.82326821e-13  5.15275196e-11 -2.10259805e-10 -1.89365961e-15  8.62028908e-16  2.51828693e-05 -2.22615770e-06 -1.41908083e-08  9.93442754e-10]
[ 6.17784380e-02 -1.55171671e-12 -2.82326821e-13  5.09237462e-11 -2.07841367e-10 -1.89365961e-15  8.62028908e-16  2.50839873e-05 -2.22615770e-06 -1.37424259e-08  9.93442754e-10]
children:
[ 6.17784380e-02 -1.55171671e-12 -2.82326821e-13  5.09237462e-11 -2.16203475e-10 -1.85495469e-15  8.62028908e-16  2.50839873e-05 -2.22615770e-06 -1.41908083e-08  9.93442754e-10]
[ 6.23589448e-02 -1.55171671e-12 -2.91520897e-13  5.15275196e-11 -2.10259805e-10 -1.98432276e-15  8.67691182e-16  2.51828693e-05 -2.22615770e-06 -1.93428124e-08  9.93442754e-10]
Population scores:
816:[3.06498192e+11 2.28661895e+11]:[ 6.17784380e-02 -1.55171671e-12 -2.82326821e-13  5.09237462e-11 -2.07841367e-10 -1.89365961e-15  8.62028908e-16  2.50839873e-05 -2.22615770e-06 -1.37424259e-08  9.93442754e-10]:11.359193797556177
733:[4.52404361e+11 3.35715969e+11]:[ 6.23589448e-02 -1.55171671e-12 -2.82326821e-13  5.15275196e-11 -2.10259805e-10 -1.89365961e-15  8.62028908e-16  2.51828693e-05 -2.22615770e-06 -1.41908083e-08  9.93442754e-10]:11.525972000035607
823:[4.47030987e+11 3.43007830e+11]:[ 6.17784380e-02 -1.55171671e-12 -2.82326821e-13  5.09237462e-11 -2.16203475e-10 -1.85495469e-15  8.62028908e-16  2.50839873e-05 -2.22615770e-06 -1.41908083e-08  9.93442754e-10]:11.535304033802523
824:[8.09029374e+12 1.26414630e+13]:[ 6.23589448e-02 -1.55171671e-12 -2.91520897e-13  5.15275196e-11 -2.10259805e-10 -1.98432276e-15  8.67691182e-16  2.51828693e-05 -2.22615770e-06 -1.93428124e-08  9.93442754e-10]:13.101797339429101
Selected for new population:
[ 6.17784380e-02 -1.55171671e-12 -2.82326821e-13  5.09237462e-11 -2.07841367e-10 -1.89365961e-15  8.62028908e-16  2.50839873e-05 -2.22615770e-06 -1.37424259e-08  9.93442754e-10]
[ 6.23589448e-02 -1.55171671e-12 -2.82326821e-13  5.15275196e-11 -2.10259805e-10 -1.89365961e-15  8.62028908e-16  2.51828693e-05 -2.22615770e-06 -1.41908083e-08  9.93442754e-10]
Selected: [1 3]
***************
***CROSSOVER***
***************
&&&&&&&&&&&&&&&&&&&&&&&&
&&TOURNAMENT SELECTION&&
&&&&&&&&&&&&&&&&&&&&&&&&
parents:
[ 6.17784380e-02 -1.55171671e-12 -2.82326821e-13  5.09237462e-11 -2.07841367e-10 -1.89365961e-15  8.62028908e-16  2.50839873e-05 -2.22615770e-06 -1.37424259e-08  9.93442754e-10]
[ 6.14992729e-02 -1.74112478e-12 -2.80163390e-13  5.09237462e-11 -2.10259805e-10 -1.89365961e-15  8.64531975e-16  2.44940393e-05 -2.22615770e-06 -1.37424259e-08  9.98042666e-10]
children:
[ 6.14992729e-02 -1.74112478e-12 -2.80621152e-13  5.09237462e-11 -2.10259805e-10 -1.89365961e-15  8.64531975e-16  2.50839873e-05 -2.22615770e-06 -1.37424259e-08  1.05367969e-09]
[ 6.10473576e-02 -1.55171671e-12 -2.82326821e-13  5.09237462e-11 -2.07841367e-10 -1.89365961e-15  8.62028908e-16  2.44940393e-05 -1.35122022e-06 -1.37424259e-08  9.98042666e-10]
Population scores:
816:[3.06498192e+11 2.28661895e+11]:[ 6.17784380e-02 -1.55171671e-12 -2.82326821e-13  5.09237462e-11 -2.07841367e-10 -1.89365961e-15  8.62028908e-16  2.50839873e-05 -2.22615770e-06 -1.37424259e-08  9.93442754e-10]:11.359193797556177
802:[2.93619748e+11 2.46035397e+11]:[ 6.14992729e-02 -1.74112478e-12 -2.80163390e-13  5.09237462e-11 -2.10259805e-10 -1.89365961e-15  8.64531975e-16  2.44940393e-05 -2.22615770e-06 -1.37424259e-08  9.98042666e-10]:11.390997592538925
825:[9.44624074e+11 3.04036933e+12]:[ 6.14992729e-02 -1.74112478e-12 -2.80621152e-13  5.09237462e-11 -2.10259805e-10 -1.89365961e-15  8.64531975e-16  2.50839873e-05 -2.22615770e-06 -1.37424259e-08  1.05367969e-09]:12.4829263430778
826:[5.67989747e+13 1.19883105e+14]:[ 6.10473576e-02 -1.55171671e-12 -2.82326821e-13  5.09237462e-11 -2.07841367e-10 -1.89365961e-15  8.62028908e-16  2.44940393e-05 -1.35122022e-06 -1.37424259e-08  9.98042666e-10]:14.07875798281945
Selected for new population:
[ 6.17784380e-02 -1.55171671e-12 -2.82326821e-13  5.09237462e-11 -2.07841367e-10 -1.89365961e-15  8.62028908e-16  2.50839873e-05 -2.22615770e-06 -1.37424259e-08  9.93442754e-10]
[ 6.14992729e-02 -1.74112478e-12 -2.80163390e-13  5.09237462e-11 -2.10259805e-10 -1.89365961e-15  8.64531975e-16  2.44940393e-05 -2.22615770e-06 -1.37424259e-08  9.98042666e-10]
Population scores:
807:[1.83899217e+11 1.71568487e+11]:[ 4.50855510e-02 -1.30866383e-12 -2.87676047e-13  4.77741226e-11 -1.90132905e-10 -1.85296012e-15  8.52566245e-16  2.50839873e-05 -2.10745062e-06 -1.49369865e-08  9.68042808e-10]:11.234437521630625
820:[2.39078659e+11 2.23634401e+11]:[ 6.14992729e-02 -1.68628971e-12 -2.80163390e-13  5.09237462e-11 -2.11441910e-10 -1.89365961e-15  8.26210324e-16  2.50839873e-05 -2.22615770e-06 -1.37424259e-08  9.98042666e-10]:11.349538609961778
816:[3.06498192e+11 2.28661895e+11]:[ 6.17784380e-02 -1.55171671e-12 -2.82326821e-13  5.09237462e-11 -2.07841367e-10 -1.89365961e-15  8.62028908e-16  2.50839873e-05 -2.22615770e-06 -1.37424259e-08  9.93442754e-10]:11.359193797556177
811:[3.06498192e+11 2.28661895e+11]:[ 6.17784380e-02 -1.68628971e-12 -2.82326821e-13  5.09237462e-11 -2.11441910e-10 -1.89365961e-15  8.26210324e-16  2.50839873e-05 -2.22615770e-06 -1.37424259e-08  9.93442754e-10]:11.359193797563053
802:[2.93619748e+11 2.46035397e+11]:[ 6.14992729e-02 -1.74112478e-12 -2.80163390e-13  5.09237462e-11 -2.10259805e-10 -1.89365961e-15  8.64531975e-16  2.44940393e-05 -2.22615770e-06 -1.37424259e-08  9.98042666e-10]:11.390997592538925
737:[3.28742144e+11 2.72994198e+11]:[ 4.59979941e-02 -1.42258729e-12 -2.85395264e-13  4.71099421e-11 -1.91264135e-10 -1.90515553e-15  8.51321517e-16  2.43648178e-05 -2.12883780e-06 -1.49413261e-08  9.76380180e-10]:11.43615341706996
733:[4.52404361e+11 3.35715969e+11]:[ 6.23589448e-02 -1.55171671e-12 -2.82326821e-13  5.15275196e-11 -2.10259805e-10 -1.89365961e-15  8.62028908e-16  2.51828693e-05 -2.22615770e-06 -1.41908083e-08  9.93442754e-10]:11.525972000035607
813:[1.98369435e+11 3.53403345e+11]:[ 4.59979941e-02 -1.42258729e-12 -2.81395268e-13  4.80450810e-11 -1.91264135e-10 -8.71912123e-16  8.52566245e-16  2.35230116e-05 -2.12883780e-06 -1.49369865e-08  9.68042808e-10]:11.548270655757365
803:[4.69953713e+11 3.55903568e+11]:[ 6.17784380e-02 -1.55171671e-12 -2.82326821e-13  5.09237462e-11 -2.10259805e-10 -1.89365961e-15  8.62028908e-16  2.50839873e-05 -2.22615770e-06 -1.41908083e-08  9.93442754e-10]:11.551332341325255
797:[4.08829425e+11 3.80467995e+11]:[ 4.59979941e-02 -1.34346772e-12 -2.90828387e-13  4.80450810e-11 -1.90132905e-10 -1.81232178e-15  8.51321517e-16  2.35230116e-05 -2.10745062e-06 -1.49369865e-08  9.68042808e-10]:11.580318129795305
810:[4.08829426e+11 3.80467996e+11]:[ 4.42768545e-02 -1.34346772e-12 -2.90828387e-13  4.94529886e-11 -1.90132905e-10 -1.81232178e-15  8.52566245e-16  2.35230116e-05 -2.10745062e-06 -1.49369865e-08  9.68042808e-10]:11.580318131047612
*******************************
***iteration: 3 Population is***
*******************************
Population scores:
807:[1.83899217e+11 1.71568487e+11]:[ 4.50855510e-02 -1.30866383e-12 -2.87676047e-13  4.77741226e-11 -1.90132905e-10 -1.85296012e-15  8.52566245e-16  2.50839873e-05 -2.10745062e-06 -1.49369865e-08  9.68042808e-10]:11.234437521630625
820:[2.39078659e+11 2.23634401e+11]:[ 6.14992729e-02 -1.68628971e-12 -2.80163390e-13  5.09237462e-11 -2.11441910e-10 -1.89365961e-15  8.26210324e-16  2.50839873e-05 -2.22615770e-06 -1.37424259e-08  9.98042666e-10]:11.349538609961778
816:[3.06498192e+11 2.28661895e+11]:[ 6.17784380e-02 -1.55171671e-12 -2.82326821e-13  5.09237462e-11 -2.07841367e-10 -1.89365961e-15  8.62028908e-16  2.50839873e-05 -2.22615770e-06 -1.37424259e-08  9.93442754e-10]:11.359193797556177
811:[3.06498192e+11 2.28661895e+11]:[ 6.17784380e-02 -1.68628971e-12 -2.82326821e-13  5.09237462e-11 -2.11441910e-10 -1.89365961e-15  8.26210324e-16  2.50839873e-05 -2.22615770e-06 -1.37424259e-08  9.93442754e-10]:11.359193797563053
802:[2.93619748e+11 2.46035397e+11]:[ 6.14992729e-02 -1.74112478e-12 -2.80163390e-13  5.09237462e-11 -2.10259805e-10 -1.89365961e-15  8.64531975e-16  2.44940393e-05 -2.22615770e-06 -1.37424259e-08  9.98042666e-10]:11.390997592538925
737:[3.28742144e+11 2.72994198e+11]:[ 4.59979941e-02 -1.42258729e-12 -2.85395264e-13  4.71099421e-11 -1.91264135e-10 -1.90515553e-15  8.51321517e-16  2.43648178e-05 -2.12883780e-06 -1.49413261e-08  9.76380180e-10]:11.43615341706996
733:[4.52404361e+11 3.35715969e+11]:[ 6.23589448e-02 -1.55171671e-12 -2.82326821e-13  5.15275196e-11 -2.10259805e-10 -1.89365961e-15  8.62028908e-16  2.51828693e-05 -2.22615770e-06 -1.41908083e-08  9.93442754e-10]:11.525972000035607
813:[1.98369435e+11 3.53403345e+11]:[ 4.59979941e-02 -1.42258729e-12 -2.81395268e-13  4.80450810e-11 -1.91264135e-10 -8.71912123e-16  8.52566245e-16  2.35230116e-05 -2.12883780e-06 -1.49369865e-08  9.68042808e-10]:11.548270655757365
803:[4.69953713e+11 3.55903568e+11]:[ 6.17784380e-02 -1.55171671e-12 -2.82326821e-13  5.09237462e-11 -2.10259805e-10 -1.89365961e-15  8.62028908e-16  2.50839873e-05 -2.22615770e-06 -1.41908083e-08  9.93442754e-10]:11.551332341325255
797:[4.08829425e+11 3.80467995e+11]:[ 4.59979941e-02 -1.34346772e-12 -2.90828387e-13  4.80450810e-11 -1.90132905e-10 -1.81232178e-15  8.51321517e-16  2.35230116e-05 -2.10745062e-06 -1.49369865e-08  9.68042808e-10]:11.580318129795305
Selected: [0 9]
***************
***CROSSOVER***
***************
&&&&&&&&&&&&&&&&&&&&&&&&
&&TOURNAMENT SELECTION&&
&&&&&&&&&&&&&&&&&&&&&&&&
parents:
[ 4.50855510e-02 -1.30866383e-12 -2.87676047e-13  4.77741226e-11 -1.90132905e-10 -1.85296012e-15  8.52566245e-16  2.50839873e-05 -2.10745062e-06 -1.49369865e-08  9.68042808e-10]
[ 4.59979941e-02 -1.34346772e-12 -2.90828387e-13  4.80450810e-11 -1.90132905e-10 -1.81232178e-15  8.51321517e-16  2.35230116e-05 -2.10745062e-06 -1.49369865e-08  9.68042808e-10]
children:
[ 4.67748931e-02 -1.34346772e-12 -2.87676047e-13  5.39602643e-11 -1.94076686e-10 -1.81232178e-15  8.52566245e-16  2.35230116e-05 -2.10745062e-06 -1.55500489e-08  9.68042808e-10]
[ 4.50855510e-02 -1.30866383e-12 -2.90828387e-13  4.77741226e-11 -1.90132905e-10 -1.85296012e-15  8.51321517e-16  2.50839873e-05 -2.10745062e-06 -1.49369865e-08  9.68042808e-10]
Population scores:
807:[1.83899217e+11 1.71568487e+11]:[ 4.50855510e-02 -1.30866383e-12 -2.87676047e-13  4.77741226e-11 -1.90132905e-10 -1.85296012e-15  8.52566245e-16  2.50839873e-05 -2.10745062e-06 -1.49369865e-08  9.68042808e-10]:11.234437521630625
828:[1.83899217e+11 1.71568487e+11]:[ 4.50855510e-02 -1.30866383e-12 -2.90828387e-13  4.77741226e-11 -1.90132905e-10 -1.85296012e-15  8.51321517e-16  2.50839873e-05 -2.10745062e-06 -1.49369865e-08  9.68042808e-10]:11.234437521630625
797:[4.08829425e+11 3.80467995e+11]:[ 4.59979941e-02 -1.34346772e-12 -2.90828387e-13  4.80450810e-11 -1.90132905e-10 -1.81232178e-15  8.51321517e-16  2.35230116e-05 -2.10745062e-06 -1.49369865e-08  9.68042808e-10]:11.580318129795305
827:[7.91497934e+11 8.42641332e+11]:[ 4.67748931e-02 -1.34346772e-12 -2.87676047e-13  5.39602643e-11 -1.94076686e-10 -1.81232178e-15  8.52566245e-16  2.35230116e-05 -2.10745062e-06 -1.55500489e-08  9.68042808e-10]:11.925642757525106
Selected for new population:
[ 4.50855510e-02 -1.30866383e-12 -2.87676047e-13  4.77741226e-11 -1.90132905e-10 -1.85296012e-15  8.52566245e-16  2.50839873e-05 -2.10745062e-06 -1.49369865e-08  9.68042808e-10]
[ 4.50855510e-02 -1.30866383e-12 -2.90828387e-13  4.77741226e-11 -1.90132905e-10 -1.85296012e-15  8.51321517e-16  2.50839873e-05 -2.10745062e-06 -1.49369865e-08  9.68042808e-10]
Selected: [0 3]
***************
***CROSSOVER***
***************
&&&&&&&&&&&&&&&&&&&&&&&&
&&TOURNAMENT SELECTION&&
&&&&&&&&&&&&&&&&&&&&&&&&
parents:
[ 4.50855510e-02 -1.30866383e-12 -2.87676047e-13  4.77741226e-11 -1.90132905e-10 -1.85296012e-15  8.52566245e-16  2.50839873e-05 -2.10745062e-06 -1.49369865e-08  9.68042808e-10]
[ 6.17784380e-02 -1.68628971e-12 -2.82326821e-13  5.09237462e-11 -2.11441910e-10 -1.89365961e-15  8.26210324e-16  2.50839873e-05 -2.22615770e-06 -1.37424259e-08  9.93442754e-10]
children:
[ 6.17784380e-02 -1.63932227e-12 -2.82326821e-13  5.09237462e-11 -2.11441910e-10 -1.89365961e-15  8.28994613e-16  2.44553651e-05 -2.22615770e-06 -2.06784861e-08  9.93442754e-10]
[ 4.50855510e-02 -1.34122353e-12 -2.87676047e-13  4.77741226e-11 -1.90132905e-10 -1.85296012e-15  8.17971795e-16  2.50839873e-05 -2.10745062e-06 -1.49369865e-08  9.68427470e-10]
Population scores:
830:[1.78197416e+11 1.70882065e+11]:[ 4.50855510e-02 -1.34122353e-12 -2.87676047e-13  4.77741226e-11 -1.90132905e-10 -1.85296012e-15  8.17971795e-16  2.50839873e-05 -2.10745062e-06 -1.49369865e-08  9.68427470e-10]:11.232696483497277
807:[1.83899217e+11 1.71568487e+11]:[ 4.50855510e-02 -1.30866383e-12 -2.87676047e-13  4.77741226e-11 -1.90132905e-10 -1.85296012e-15  8.52566245e-16  2.50839873e-05 -2.10745062e-06 -1.49369865e-08  9.68042808e-10]:11.234437521630625
811:[3.06498192e+11 2.28661895e+11]:[ 6.17784380e-02 -1.68628971e-12 -2.82326821e-13  5.09237462e-11 -2.11441910e-10 -1.89365961e-15  8.26210324e-16  2.50839873e-05 -2.22615770e-06 -1.37424259e-08  9.93442754e-10]:11.359193797563053
829:[1.23152743e+13 2.03010992e+13]:[ 6.17784380e-02 -1.63932227e-12 -2.82326821e-13  5.09237462e-11 -2.11441910e-10 -1.89365961e-15  8.28994613e-16  2.44553651e-05 -2.22615770e-06 -2.06784861e-08  9.93442754e-10]:13.307519552372435
Selected for new population:
[ 4.50855510e-02 -1.34122353e-12 -2.87676047e-13  4.77741226e-11 -1.90132905e-10 -1.85296012e-15  8.17971795e-16  2.50839873e-05 -2.10745062e-06 -1.49369865e-08  9.68427470e-10]
[ 4.50855510e-02 -1.30866383e-12 -2.87676047e-13  4.77741226e-11 -1.90132905e-10 -1.85296012e-15  8.52566245e-16  2.50839873e-05 -2.10745062e-06 -1.49369865e-08  9.68042808e-10]
Selected: [7 3]
***************
***CROSSOVER***
***************
&&&&&&&&&&&&&&&&&&&&&&&&
&&TOURNAMENT SELECTION&&
&&&&&&&&&&&&&&&&&&&&&&&&
parents:
[ 4.59979941e-02 -1.42258729e-12 -2.81395268e-13  4.80450810e-11 -1.91264135e-10 -8.71912123e-16  8.52566245e-16  2.35230116e-05 -2.12883780e-06 -1.49369865e-08  9.68042808e-10]
[ 6.17784380e-02 -1.68628971e-12 -2.82326821e-13  5.09237462e-11 -2.11441910e-10 -1.89365961e-15  8.26210324e-16  2.50839873e-05 -2.22615770e-06 -1.37424259e-08  9.93442754e-10]
children:
[ 5.81363181e-02 -1.68628971e-12 -2.82326821e-13  5.09237462e-11 -2.11441910e-10 -1.89365961e-15  8.33215959e-16  2.50839873e-05 -1.25206328e-06 -1.27470100e-08  9.93442754e-10]
[ 4.59979941e-02 -1.42258729e-12 -2.81395268e-13  4.80450810e-11 -1.91264135e-10 -8.79835792e-16  8.52566245e-16  2.35230116e-05 -1.88652668e-06 -1.49369865e-08  9.68042808e-10]
Population scores:
811:[3.06498192e+11 2.28661895e+11]:[ 6.17784380e-02 -1.68628971e-12 -2.82326821e-13  5.09237462e-11 -2.11441910e-10 -1.89365961e-15  8.26210324e-16  2.50839873e-05 -2.22615770e-06 -1.37424259e-08  9.93442754e-10]:11.359193797563053
813:[1.98369435e+11 3.53403345e+11]:[ 4.59979941e-02 -1.42258729e-12 -2.81395268e-13  4.80450810e-11 -1.91264135e-10 -8.71912123e-16  8.52566245e-16  2.35230116e-05 -2.12883780e-06 -1.49369865e-08  9.68042808e-10]:11.548270655757365
832:[3.65146736e+12 8.39403033e+12]:[ 4.59979941e-02 -1.42258729e-12 -2.81395268e-13  4.80450810e-11 -1.91264135e-10 -8.79835792e-16  8.52566245e-16  2.35230116e-05 -1.88652668e-06 -1.49369865e-08  9.68042808e-10]:12.923970534301796
831:[7.87537157e+13 1.64571517e+14]:[ 5.81363181e-02 -1.68628971e-12 -2.82326821e-13  5.09237462e-11 -2.11441910e-10 -1.89365961e-15  8.33215959e-16  2.50839873e-05 -1.25206328e-06 -1.27470100e-08  9.93442754e-10]:14.216354672146144
Selected for new population:
[ 6.17784380e-02 -1.68628971e-12 -2.82326821e-13  5.09237462e-11 -2.11441910e-10 -1.89365961e-15  8.26210324e-16  2.50839873e-05 -2.22615770e-06 -1.37424259e-08  9.93442754e-10]
[ 4.59979941e-02 -1.42258729e-12 -2.81395268e-13  4.80450810e-11 -1.91264135e-10 -8.71912123e-16  8.52566245e-16  2.35230116e-05 -2.12883780e-06 -1.49369865e-08  9.68042808e-10]
Selected: [3 1]
***************
***CROSSOVER***
***************
&&&&&&&&&&&&&&&&&&&&&&&&
&&TOURNAMENT SELECTION&&
&&&&&&&&&&&&&&&&&&&&&&&&
parents:
[ 6.17784380e-02 -1.68628971e-12 -2.82326821e-13  5.09237462e-11 -2.11441910e-10 -1.89365961e-15  8.26210324e-16  2.50839873e-05 -2.22615770e-06 -1.37424259e-08  9.93442754e-10]
[ 6.14992729e-02 -1.68628971e-12 -2.80163390e-13  5.09237462e-11 -2.11441910e-10 -1.89365961e-15  8.26210324e-16  2.50839873e-05 -2.22615770e-06 -1.37424259e-08  9.98042666e-10]
children:
[ 6.17784380e-02 -1.68628971e-12 -2.80163390e-13  5.09237462e-11 -2.11441910e-10 -1.89365961e-15  8.32836949e-16  2.50839873e-05 -2.22615770e-06 -1.37424259e-08  9.98042666e-10]
[ 6.14992729e-02 -1.73452376e-12 -2.82326821e-13  5.09237462e-11 -2.11441910e-10 -1.89365961e-15  8.26210324e-16  2.45227491e-05 -2.22615770e-06 -1.37424259e-08  9.22639988e-10]
Population scores:
833:[2.39078659e+11 2.23634401e+11]:[ 6.17784380e-02 -1.68628971e-12 -2.80163390e-13  5.09237462e-11 -2.11441910e-10 -1.89365961e-15  8.32836949e-16  2.50839873e-05 -2.22615770e-06 -1.37424259e-08  9.98042666e-10]:11.34953860984565
820:[2.39078659e+11 2.23634401e+11]:[ 6.14992729e-02 -1.68628971e-12 -2.80163390e-13  5.09237462e-11 -2.11441910e-10 -1.89365961e-15  8.26210324e-16  2.50839873e-05 -2.22615770e-06 -1.37424259e-08  9.98042666e-10]:11.349538609961778
811:[3.06498192e+11 2.28661895e+11]:[ 6.17784380e-02 -1.68628971e-12 -2.82326821e-13  5.09237462e-11 -2.11441910e-10 -1.89365961e-15  8.26210324e-16  2.50839873e-05 -2.22615770e-06 -1.37424259e-08  9.93442754e-10]:11.359193797563053
834:[4.14591373e+12 5.56077789e+12]:[ 6.14992729e-02 -1.73452376e-12 -2.82326821e-13  5.09237462e-11 -2.11441910e-10 -1.89365961e-15  8.26210324e-16  2.45227491e-05 -2.22615770e-06 -1.37424259e-08  9.22639988e-10]:12.74513554908184
Selected for new population:
[ 6.17784380e-02 -1.68628971e-12 -2.80163390e-13  5.09237462e-11 -2.11441910e-10 -1.89365961e-15  8.32836949e-16  2.50839873e-05 -2.22615770e-06 -1.37424259e-08  9.98042666e-10]
[ 6.14992729e-02 -1.68628971e-12 -2.80163390e-13  5.09237462e-11 -2.11441910e-10 -1.89365961e-15  8.26210324e-16  2.50839873e-05 -2.22615770e-06 -1.37424259e-08  9.98042666e-10]
Selected: [3 0]
***************
***CROSSOVER***
***************
&&&&&&&&&&&&&&&&&&&&&&&&
&&TOURNAMENT SELECTION&&
&&&&&&&&&&&&&&&&&&&&&&&&
parents:
[ 6.17784380e-02 -1.68628971e-12 -2.82326821e-13  5.09237462e-11 -2.11441910e-10 -1.89365961e-15  8.26210324e-16  2.50839873e-05 -2.22615770e-06 -1.37424259e-08  9.93442754e-10]
[ 4.50855510e-02 -1.30866383e-12 -2.87676047e-13  4.77741226e-11 -1.90132905e-10 -1.85296012e-15  8.52566245e-16  2.50839873e-05 -2.10745062e-06 -1.49369865e-08  9.68042808e-10]
children:
[ 5.33993508e-02 -1.30866383e-12 -2.74068843e-13  4.87544481e-11 -2.11441910e-10 -1.85296012e-15  8.59910095e-16  2.50839873e-05 -1.56138419e-06 -1.37424259e-08  9.68042808e-10]
[ 6.17784380e-02 -1.68628971e-12 -2.87676047e-13  5.09237462e-11 -1.89957304e-10 -1.89365961e-15  8.26210324e-16  2.50839873e-05 -2.10745062e-06 -1.49369865e-08  9.93442754e-10]
Population scores:
807:[1.83899217e+11 1.71568487e+11]:[ 4.50855510e-02 -1.30866383e-12 -2.87676047e-13  4.77741226e-11 -1.90132905e-10 -1.85296012e-15  8.52566245e-16  2.50839873e-05 -2.10745062e-06 -1.49369865e-08  9.68042808e-10]:11.234437521630625
811:[3.06498192e+11 2.28661895e+11]:[ 6.17784380e-02 -1.68628971e-12 -2.82326821e-13  5.09237462e-11 -2.11441910e-10 -1.89365961e-15  8.26210324e-16  2.50839873e-05 -2.22615770e-06 -1.37424259e-08  9.93442754e-10]:11.359193797563053
836:[8.75668512e+10 6.40410276e+11]:[ 6.17784380e-02 -1.68628971e-12 -2.87676047e-13  5.09237462e-11 -1.89957304e-10 -1.89365961e-15  8.26210324e-16  2.50839873e-05 -2.10745062e-06 -1.49369865e-08  9.93442754e-10]:11.80645829180446
835:[2.62277743e+13 5.76431818e+13]:[ 5.33993508e-02 -1.30866383e-12 -2.74068843e-13  4.87544481e-11 -2.11441910e-10 -1.85296012e-15  8.59910095e-16  2.50839873e-05 -1.56138419e-06 -1.37424259e-08  9.68042808e-10]:13.760747945392202
Selected for new population:
[ 4.50855510e-02 -1.30866383e-12 -2.87676047e-13  4.77741226e-11 -1.90132905e-10 -1.85296012e-15  8.52566245e-16  2.50839873e-05 -2.10745062e-06 -1.49369865e-08  9.68042808e-10]
[ 6.17784380e-02 -1.68628971e-12 -2.82326821e-13  5.09237462e-11 -2.11441910e-10 -1.89365961e-15  8.26210324e-16  2.50839873e-05 -2.22615770e-06 -1.37424259e-08  9.93442754e-10]
Population scores:
830:[1.78197416e+11 1.70882065e+11]:[ 4.50855510e-02 -1.34122353e-12 -2.87676047e-13  4.77741226e-11 -1.90132905e-10 -1.85296012e-15  8.17971795e-16  2.50839873e-05 -2.10745062e-06 -1.49369865e-08  9.68427470e-10]:11.232696483497277
828:[1.83899217e+11 1.71568487e+11]:[ 4.50855510e-02 -1.30866383e-12 -2.90828387e-13  4.77741226e-11 -1.90132905e-10 -1.85296012e-15  8.51321517e-16  2.50839873e-05 -2.10745062e-06 -1.49369865e-08  9.68042808e-10]:11.234437521630625
807:[1.83899217e+11 1.71568487e+11]:[ 4.50855510e-02 -1.30866383e-12 -2.87676047e-13  4.77741226e-11 -1.90132905e-10 -1.85296012e-15  8.52566245e-16  2.50839873e-05 -2.10745062e-06 -1.49369865e-08  9.68042808e-10]:11.234437521630625
833:[2.39078659e+11 2.23634401e+11]:[ 6.17784380e-02 -1.68628971e-12 -2.80163390e-13  5.09237462e-11 -2.11441910e-10 -1.89365961e-15  8.32836949e-16  2.50839873e-05 -2.22615770e-06 -1.37424259e-08  9.98042666e-10]:11.34953860984565
820:[2.39078659e+11 2.23634401e+11]:[ 6.14992729e-02 -1.68628971e-12 -2.80163390e-13  5.09237462e-11 -2.11441910e-10 -1.89365961e-15  8.26210324e-16  2.50839873e-05 -2.22615770e-06 -1.37424259e-08  9.98042666e-10]:11.349538609961778
816:[3.06498192e+11 2.28661895e+11]:[ 6.17784380e-02 -1.55171671e-12 -2.82326821e-13  5.09237462e-11 -2.07841367e-10 -1.89365961e-15  8.62028908e-16  2.50839873e-05 -2.22615770e-06 -1.37424259e-08  9.93442754e-10]:11.359193797556177
811:[3.06498192e+11 2.28661895e+11]:[ 6.17784380e-02 -1.68628971e-12 -2.82326821e-13  5.09237462e-11 -2.11441910e-10 -1.89365961e-15  8.26210324e-16  2.50839873e-05 -2.22615770e-06 -1.37424259e-08  9.93442754e-10]:11.359193797563053
802:[2.93619748e+11 2.46035397e+11]:[ 6.14992729e-02 -1.74112478e-12 -2.80163390e-13  5.09237462e-11 -2.10259805e-10 -1.89365961e-15  8.64531975e-16  2.44940393e-05 -2.22615770e-06 -1.37424259e-08  9.98042666e-10]:11.390997592538925
737:[3.28742144e+11 2.72994198e+11]:[ 4.59979941e-02 -1.42258729e-12 -2.85395264e-13  4.71099421e-11 -1.91264135e-10 -1.90515553e-15  8.51321517e-16  2.43648178e-05 -2.12883780e-06 -1.49413261e-08  9.76380180e-10]:11.43615341706996
733:[4.52404361e+11 3.35715969e+11]:[ 6.23589448e-02 -1.55171671e-12 -2.82326821e-13  5.15275196e-11 -2.10259805e-10 -1.89365961e-15  8.62028908e-16  2.51828693e-05 -2.22615770e-06 -1.41908083e-08  9.93442754e-10]:11.525972000035607
813:[1.98369435e+11 3.53403345e+11]:[ 4.59979941e-02 -1.42258729e-12 -2.81395268e-13  4.80450810e-11 -1.91264135e-10 -8.71912123e-16  8.52566245e-16  2.35230116e-05 -2.12883780e-06 -1.49369865e-08  9.68042808e-10]:11.548270655757365
803:[4.69953713e+11 3.55903568e+11]:[ 6.17784380e-02 -1.55171671e-12 -2.82326821e-13  5.09237462e-11 -2.10259805e-10 -1.89365961e-15  8.62028908e-16  2.50839873e-05 -2.22615770e-06 -1.41908083e-08  9.93442754e-10]:11.551332341325255
797:[4.08829425e+11 3.80467995e+11]:[ 4.59979941e-02 -1.34346772e-12 -2.90828387e-13  4.80450810e-11 -1.90132905e-10 -1.81232178e-15  8.51321517e-16  2.35230116e-05 -2.10745062e-06 -1.49369865e-08  9.68042808e-10]:11.580318129795305
%%%%%%%%%%%%%%%%%%%%%%%%%
%%%final - population%%%%
%%%%%%%%%%%%%%%%%%%%%%%%%
830:[ 4.50855510e-02 -1.34122353e-12 -2.87676047e-13  4.77741226e-11 -1.90132905e-10 -1.85296012e-15  8.17971795e-16  2.50839873e-05 -2.10745062e-06 -1.49369865e-08  9.68427470e-10]:[1.78197416e+11 1.70882065e+11]
828:[ 4.50855510e-02 -1.30866383e-12 -2.90828387e-13  4.77741226e-11 -1.90132905e-10 -1.85296012e-15  8.51321517e-16  2.50839873e-05 -2.10745062e-06 -1.49369865e-08  9.68042808e-10]:[1.83899217e+11 1.71568487e+11]
807:[ 4.50855510e-02 -1.30866383e-12 -2.87676047e-13  4.77741226e-11 -1.90132905e-10 -1.85296012e-15  8.52566245e-16  2.50839873e-05 -2.10745062e-06 -1.49369865e-08  9.68042808e-10]:[1.83899217e+11 1.71568487e+11]
833:[ 6.17784380e-02 -1.68628971e-12 -2.80163390e-13  5.09237462e-11 -2.11441910e-10 -1.89365961e-15  8.32836949e-16  2.50839873e-05 -2.22615770e-06 -1.37424259e-08  9.98042666e-10]:[2.39078659e+11 2.23634401e+11]
820:[ 6.14992729e-02 -1.68628971e-12 -2.80163390e-13  5.09237462e-11 -2.11441910e-10 -1.89365961e-15  8.26210324e-16  2.50839873e-05 -2.22615770e-06 -1.37424259e-08  9.98042666e-10]:[2.39078659e+11 2.23634401e+11]
816:[ 6.17784380e-02 -1.55171671e-12 -2.82326821e-13  5.09237462e-11 -2.07841367e-10 -1.89365961e-15  8.62028908e-16  2.50839873e-05 -2.22615770e-06 -1.37424259e-08  9.93442754e-10]:[3.06498192e+11 2.28661895e+11]
811:[ 6.17784380e-02 -1.68628971e-12 -2.82326821e-13  5.09237462e-11 -2.11441910e-10 -1.89365961e-15  8.26210324e-16  2.50839873e-05 -2.22615770e-06 -1.37424259e-08  9.93442754e-10]:[3.06498192e+11 2.28661895e+11]
802:[ 6.14992729e-02 -1.74112478e-12 -2.80163390e-13  5.09237462e-11 -2.10259805e-10 -1.89365961e-15  8.64531975e-16  2.44940393e-05 -2.22615770e-06 -1.37424259e-08  9.98042666e-10]:[2.93619748e+11 2.46035397e+11]
737:[ 4.59979941e-02 -1.42258729e-12 -2.85395264e-13  4.71099421e-11 -1.91264135e-10 -1.90515553e-15  8.51321517e-16  2.43648178e-05 -2.12883780e-06 -1.49413261e-08  9.76380180e-10]:[3.28742144e+11 2.72994198e+11]
733:[ 6.23589448e-02 -1.55171671e-12 -2.82326821e-13  5.15275196e-11 -2.10259805e-10 -1.89365961e-15  8.62028908e-16  2.51828693e-05 -2.22615770e-06 -1.41908083e-08  9.93442754e-10]:[4.52404361e+11 3.35715969e+11]
