Generating Population from
[ 6.17784380e-02 -1.68628971e-12 -2.82326821e-13  5.09237462e-11 -2.11441910e-10 -1.89365961e-15  8.26210324e-16  2.50839873e-05 -2.22615770e-06 -1.37424259e-08  9.93442754e-10]
*******************************
***iteration: 0 Population is***
*******************************
Population scores:
811:[3.06498192e+11 2.28661895e+11]:[ 6.17784380e-02 -1.68628971e-12 -2.82326821e-13  5.09237462e-11 -2.11441910e-10 -1.89365961e-15  8.26210324e-16  2.50839873e-05 -2.22615770e-06 -1.37424259e-08  9.93442754e-10]:11.359193797563053
838:[3.38426925e+11 2.34431498e+11]:[ 6.20497162e-02 -1.74607567e-12 -2.82900328e-13  5.13084258e-11 -2.05165856e-10 -1.85004254e-15  8.21813975e-16  2.58043853e-05 -2.20425516e-06 -1.44122470e-08  9.87487535e-10]:11.370015961864981
837:[1.34813208e+11 3.13818447e+11]:[ 6.19581447e-02 -1.63620985e-12 -2.77816006e-13  5.00370183e-11 -2.01592443e-10 -1.83062044e-15  8.17689653e-16  2.47408450e-05 -2.20494309e-06 -1.39045130e-08  1.00292668e-09]:11.49667846837065
839:[6.32031913e+11 3.64521334e+11]:[ 6.26725266e-02 -1.76975511e-12 -2.72903894e-13  5.15897098e-11 -2.03065638e-10 -1.89914280e-15  8.30745595e-16  2.60375704e-05 -2.31109713e-06 -1.30395781e-08  9.98143225e-10]:11.561722951103688
841:[9.37851617e+11 1.94649883e+12]:[ 6.68263574e-02 -2.12166377e-12 -3.47343133e-13  5.51369457e-11 -1.88384171e-10 -1.32390617e-15  8.19650341e-16  2.63032792e-05 -1.83686159e-06 -2.35305068e-08  1.05627169e-09]:12.289254147457571
840:[5.95221710e+11 2.28910092e+12]:[ 6.18416690e-02 -7.09795745e-13 -2.05680144e-13  5.20762510e-11 -2.46948497e-10 -2.45154307e-15  7.52019617e-16  2.01276504e-05 -1.73997016e-06 -1.54974169e-08  9.27759643e-10]:12.359664940385128
Selected: [3 0]
***************
***CROSSOVER***
***************
&&&&&&&&&&&&&&&&&&&&&&&&
&&TOURNAMENT SELECTION&&
&&&&&&&&&&&&&&&&&&&&&&&&
parents:
[ 6.26725266e-02 -1.76975511e-12 -2.72903894e-13  5.15897098e-11 -2.03065638e-10 -1.89914280e-15  8.30745595e-16  2.60375704e-05 -2.31109713e-06 -1.30395781e-08  9.98143225e-10]
[ 6.17784380e-02 -1.68628971e-12 -2.82326821e-13  5.09237462e-11 -2.11441910e-10 -1.89365961e-15  8.26210324e-16  2.50839873e-05 -2.22615770e-06 -1.37424259e-08  9.93442754e-10]
children:
[ 6.17784380e-02 -1.72903166e-12 -2.82326821e-13  5.09237462e-11 -1.32046276e-10 -1.89365961e-15  8.30745595e-16  2.64991701e-05 -2.17958719e-06 -1.37424259e-08  9.98143225e-10]
[ 6.26725266e-02 -1.76975511e-12 -2.72903894e-13  5.15897098e-11 -2.03065638e-10 -1.89914280e-15  8.26210324e-16  2.51613855e-05 -2.31109713e-06 -1.30395781e-08  9.93442754e-10]
Population scores:
811:[3.06498192e+11 2.28661895e+11]:[ 6.17784380e-02 -1.68628971e-12 -2.82326821e-13  5.09237462e-11 -2.11441910e-10 -1.89365961e-15  8.26210324e-16  2.50839873e-05 -2.22615770e-06 -1.37424259e-08  9.93442754e-10]:11.359193797563053
839:[6.32031913e+11 3.64521334e+11]:[ 6.26725266e-02 -1.76975511e-12 -2.72903894e-13  5.15897098e-11 -2.03065638e-10 -1.89914280e-15  8.30745595e-16  2.60375704e-05 -2.31109713e-06 -1.30395781e-08  9.98143225e-10]:11.561722951103688
843:[9.6322560e+11 7.7611644e+11]:[ 6.26725266e-02 -1.76975511e-12 -2.72903894e-13  5.15897098e-11 -2.03065638e-10 -1.89914280e-15  8.26210324e-16  2.51613855e-05 -2.31109713e-06 -1.30395781e-08  9.93442754e-10]:11.889926883070038
842:[3.37650010e+11 1.18952133e+12]:[ 6.17784380e-02 -1.72903166e-12 -2.82326821e-13  5.09237462e-11 -1.32046276e-10 -1.89365961e-15  8.30745595e-16  2.64991701e-05 -2.17958719e-06 -1.37424259e-08  9.98143225e-10]:12.075372234181724
Selected for new population:
[ 6.17784380e-02 -1.68628971e-12 -2.82326821e-13  5.09237462e-11 -2.11441910e-10 -1.89365961e-15  8.26210324e-16  2.50839873e-05 -2.22615770e-06 -1.37424259e-08  9.93442754e-10]
[ 6.26725266e-02 -1.76975511e-12 -2.72903894e-13  5.15897098e-11 -2.03065638e-10 -1.89914280e-15  8.30745595e-16  2.60375704e-05 -2.31109713e-06 -1.30395781e-08  9.98143225e-10]
Selected: [2 0]
***************
***CROSSOVER***
***************
&&&&&&&&&&&&&&&&&&&&&&&&
&&TOURNAMENT SELECTION&&
&&&&&&&&&&&&&&&&&&&&&&&&
parents:
[ 6.19581447e-02 -1.63620985e-12 -2.77816006e-13  5.00370183e-11 -2.01592443e-10 -1.83062044e-15  8.17689653e-16  2.47408450e-05 -2.20494309e-06 -1.39045130e-08  1.00292668e-09]
[ 6.17784380e-02 -1.68628971e-12 -2.82326821e-13  5.09237462e-11 -2.11441910e-10 -1.89365961e-15  8.26210324e-16  2.50839873e-05 -2.22615770e-06 -1.37424259e-08  9.93442754e-10]
children:
[ 6.17784380e-02 -1.63620985e-12 -2.02391391e-13  5.09237462e-11 -2.01592443e-10 -1.89365961e-15  7.74575769e-16  2.47482705e-05 -2.84722409e-06 -1.39045130e-08  9.93442754e-10]
[ 6.19581447e-02 -1.68628971e-12 -2.77816006e-13  5.00370183e-11 -2.15951464e-10 -1.83062044e-15  8.17689653e-16  2.83215770e-05 -2.20494309e-06 -1.99842548e-08  1.00292668e-09]
Population scores:
811:[3.06498192e+11 2.28661895e+11]:[ 6.17784380e-02 -1.68628971e-12 -2.82326821e-13  5.09237462e-11 -2.11441910e-10 -1.89365961e-15  8.26210324e-16  2.50839873e-05 -2.22615770e-06 -1.37424259e-08  9.93442754e-10]:11.359193797563053
837:[1.34813208e+11 3.13818447e+11]:[ 6.19581447e-02 -1.63620985e-12 -2.77816006e-13  5.00370183e-11 -2.01592443e-10 -1.83062044e-15  8.17689653e-16  2.47408450e-05 -2.20494309e-06 -1.39045130e-08  1.00292668e-09]:11.49667846837065
845:[4.28980172e+12 6.22386714e+12]:[ 6.19581447e-02 -1.68628971e-12 -2.77816006e-13  5.00370183e-11 -2.15951464e-10 -1.83062044e-15  8.17689653e-16  2.83215770e-05 -2.20494309e-06 -1.99842548e-08  1.00292668e-09]:12.794060313319374
844:[3.83877472e+13 6.67412334e+13]:[ 6.17784380e-02 -1.63620985e-12 -2.02391391e-13  5.09237462e-11 -2.01592443e-10 -1.89365961e-15  7.74575769e-16  2.47482705e-05 -2.84722409e-06 -1.39045130e-08  9.93442754e-10]:13.824394228291503
Selected for new population:
[ 6.17784380e-02 -1.68628971e-12 -2.82326821e-13  5.09237462e-11 -2.11441910e-10 -1.89365961e-15  8.26210324e-16  2.50839873e-05 -2.22615770e-06 -1.37424259e-08  9.93442754e-10]
[ 6.19581447e-02 -1.63620985e-12 -2.77816006e-13  5.00370183e-11 -2.01592443e-10 -1.83062044e-15  8.17689653e-16  2.47408450e-05 -2.20494309e-06 -1.39045130e-08  1.00292668e-09]
Selected: [3 1]
***************
***CROSSOVER***
***************
&&&&&&&&&&&&&&&&&&&&&&&&
&&TOURNAMENT SELECTION&&
&&&&&&&&&&&&&&&&&&&&&&&&
parents:
[ 6.26725266e-02 -1.76975511e-12 -2.72903894e-13  5.15897098e-11 -2.03065638e-10 -1.89914280e-15  8.30745595e-16  2.60375704e-05 -2.31109713e-06 -1.30395781e-08  9.98143225e-10]
[ 6.20497162e-02 -1.74607567e-12 -2.82900328e-13  5.13084258e-11 -2.05165856e-10 -1.85004254e-15  8.21813975e-16  2.58043853e-05 -2.20425516e-06 -1.44122470e-08  9.87487535e-10]
children:
[ 6.26725266e-02 -1.76975511e-12 -2.82900328e-13  5.15897098e-11 -2.05165856e-10 -1.89914280e-15  8.21813975e-16  2.58043853e-05 -2.20425516e-06 -1.30395781e-08  9.87487535e-10]
[ 6.20497162e-02 -1.74607567e-12 -2.72903894e-13  5.13084258e-11 -2.03065638e-10 -1.93401877e-15  8.30745595e-16  2.60375704e-05 -2.31109713e-06 -1.44122470e-08  9.98143225e-10]
Population scores:
838:[3.38426925e+11 2.34431498e+11]:[ 6.20497162e-02 -1.74607567e-12 -2.82900328e-13  5.13084258e-11 -2.05165856e-10 -1.85004254e-15  8.21813975e-16  2.58043853e-05 -2.20425516e-06 -1.44122470e-08  9.87487535e-10]:11.370015961864981
839:[6.32031913e+11 3.64521334e+11]:[ 6.26725266e-02 -1.76975511e-12 -2.72903894e-13  5.15897098e-11 -2.03065638e-10 -1.89914280e-15  8.30745595e-16  2.60375704e-05 -2.31109713e-06 -1.30395781e-08  9.98143225e-10]:11.561722951103688
846:[2.31467004e+11 5.80811972e+11]:[ 6.26725266e-02 -1.76975511e-12 -2.82900328e-13  5.15897098e-11 -2.05165856e-10 -1.89914280e-15  8.21813975e-16  2.58043853e-05 -2.20425516e-06 -1.30395781e-08  9.87487535e-10]:11.764035559699945
847:[1.61971993e+12 1.70159990e+12]:[ 6.20497162e-02 -1.74607567e-12 -2.72903894e-13  5.13084258e-11 -2.03065638e-10 -1.93401877e-15  8.30745595e-16  2.60375704e-05 -2.31109713e-06 -1.44122470e-08  9.98143225e-10]:12.230857450157933
Selected for new population:
[ 6.20497162e-02 -1.74607567e-12 -2.82900328e-13  5.13084258e-11 -2.05165856e-10 -1.85004254e-15  8.21813975e-16  2.58043853e-05 -2.20425516e-06 -1.44122470e-08  9.87487535e-10]
[ 6.26725266e-02 -1.76975511e-12 -2.72903894e-13  5.15897098e-11 -2.03065638e-10 -1.89914280e-15  8.30745595e-16  2.60375704e-05 -2.31109713e-06 -1.30395781e-08  9.98143225e-10]
Population scores:
811:[3.06498192e+11 2.28661895e+11]:[ 6.17784380e-02 -1.68628971e-12 -2.82326821e-13  5.09237462e-11 -2.11441910e-10 -1.89365961e-15  8.26210324e-16  2.50839873e-05 -2.22615770e-06 -1.37424259e-08  9.93442754e-10]:11.359193797563053
838:[3.38426925e+11 2.34431498e+11]:[ 6.20497162e-02 -1.74607567e-12 -2.82900328e-13  5.13084258e-11 -2.05165856e-10 -1.85004254e-15  8.21813975e-16  2.58043853e-05 -2.20425516e-06 -1.44122470e-08  9.87487535e-10]:11.370015961864981
837:[1.34813208e+11 3.13818447e+11]:[ 6.19581447e-02 -1.63620985e-12 -2.77816006e-13  5.00370183e-11 -2.01592443e-10 -1.83062044e-15  8.17689653e-16  2.47408450e-05 -2.20494309e-06 -1.39045130e-08  1.00292668e-09]:11.49667846837065
839:[6.32031913e+11 3.64521334e+11]:[ 6.26725266e-02 -1.76975511e-12 -2.72903894e-13  5.15897098e-11 -2.03065638e-10 -1.89914280e-15  8.30745595e-16  2.60375704e-05 -2.31109713e-06 -1.30395781e-08  9.98143225e-10]:11.561722951103688
841:[9.37851617e+11 1.94649883e+12]:[ 6.68263574e-02 -2.12166377e-12 -3.47343133e-13  5.51369457e-11 -1.88384171e-10 -1.32390617e-15  8.19650341e-16  2.63032792e-05 -1.83686159e-06 -2.35305068e-08  1.05627169e-09]:12.289254147457571
840:[5.95221710e+11 2.28910092e+12]:[ 6.18416690e-02 -7.09795745e-13 -2.05680144e-13  5.20762510e-11 -2.46948497e-10 -2.45154307e-15  7.52019617e-16  2.01276504e-05 -1.73997016e-06 -1.54974169e-08  9.27759643e-10]:12.359664940385128
*******************************
***iteration: 1 Population is***
*******************************
Population scores:
811:[3.06498192e+11 2.28661895e+11]:[ 6.17784380e-02 -1.68628971e-12 -2.82326821e-13  5.09237462e-11 -2.11441910e-10 -1.89365961e-15  8.26210324e-16  2.50839873e-05 -2.22615770e-06 -1.37424259e-08  9.93442754e-10]:11.359193797563053
838:[3.38426925e+11 2.34431498e+11]:[ 6.20497162e-02 -1.74607567e-12 -2.82900328e-13  5.13084258e-11 -2.05165856e-10 -1.85004254e-15  8.21813975e-16  2.58043853e-05 -2.20425516e-06 -1.44122470e-08  9.87487535e-10]:11.370015961864981
837:[1.34813208e+11 3.13818447e+11]:[ 6.19581447e-02 -1.63620985e-12 -2.77816006e-13  5.00370183e-11 -2.01592443e-10 -1.83062044e-15  8.17689653e-16  2.47408450e-05 -2.20494309e-06 -1.39045130e-08  1.00292668e-09]:11.49667846837065
839:[6.32031913e+11 3.64521334e+11]:[ 6.26725266e-02 -1.76975511e-12 -2.72903894e-13  5.15897098e-11 -2.03065638e-10 -1.89914280e-15  8.30745595e-16  2.60375704e-05 -2.31109713e-06 -1.30395781e-08  9.98143225e-10]:11.561722951103688
841:[9.37851617e+11 1.94649883e+12]:[ 6.68263574e-02 -2.12166377e-12 -3.47343133e-13  5.51369457e-11 -1.88384171e-10 -1.32390617e-15  8.19650341e-16  2.63032792e-05 -1.83686159e-06 -2.35305068e-08  1.05627169e-09]:12.289254147457571
840:[5.95221710e+11 2.28910092e+12]:[ 6.18416690e-02 -7.09795745e-13 -2.05680144e-13  5.20762510e-11 -2.46948497e-10 -2.45154307e-15  7.52019617e-16  2.01276504e-05 -1.73997016e-06 -1.54974169e-08  9.27759643e-10]:12.359664940385128
Selected: [1 3]
***************
***CROSSOVER***
***************
&&&&&&&&&&&&&&&&&&&&&&&&
&&TOURNAMENT SELECTION&&
&&&&&&&&&&&&&&&&&&&&&&&&
parents:
[ 6.20497162e-02 -1.74607567e-12 -2.82900328e-13  5.13084258e-11 -2.05165856e-10 -1.85004254e-15  8.21813975e-16  2.58043853e-05 -2.20425516e-06 -1.44122470e-08  9.87487535e-10]
[ 6.26725266e-02 -1.76975511e-12 -2.72903894e-13  5.15897098e-11 -2.03065638e-10 -1.89914280e-15  8.30745595e-16  2.60375704e-05 -2.31109713e-06 -1.30395781e-08  9.98143225e-10]
children:
[ 6.20497162e-02 -1.28233258e-12 -2.82900328e-13  5.15897098e-11 -2.13009232e-10 -1.89914280e-15  8.05970964e-16  2.58043853e-05 -2.20425516e-06 -1.44122470e-08  9.98143225e-10]
[ 6.26725266e-02 -1.76975511e-12 -2.69977774e-13  4.60533750e-11 -2.05733637e-10 -1.88717224e-15  8.21813975e-16  2.60375704e-05 -2.31109713e-06 -2.16413583e-08  9.87487535e-10]
Population scores:
848:[1.94666944e+11 2.12513465e+11]:[ 6.20497162e-02 -1.28233258e-12 -2.82900328e-13  5.15897098e-11 -2.13009232e-10 -1.89914280e-15  8.05970964e-16  2.58043853e-05 -2.20425516e-06 -1.44122470e-08  9.98143225e-10]:11.327386451720592
838:[3.38426925e+11 2.34431498e+11]:[ 6.20497162e-02 -1.74607567e-12 -2.82900328e-13  5.13084258e-11 -2.05165856e-10 -1.85004254e-15  8.21813975e-16  2.58043853e-05 -2.20425516e-06 -1.44122470e-08  9.87487535e-10]:11.370015961864981
839:[6.32031913e+11 3.64521334e+11]:[ 6.26725266e-02 -1.76975511e-12 -2.72903894e-13  5.15897098e-11 -2.03065638e-10 -1.89914280e-15  8.30745595e-16  2.60375704e-05 -2.31109713e-06 -1.30395781e-08  9.98143225e-10]:11.561722951103688
849:[2.04840442e+13 3.49667896e+13]:[ 6.26725266e-02 -1.76975511e-12 -2.69977774e-13  4.60533750e-11 -2.05733637e-10 -1.88717224e-15  8.21813975e-16  2.60375704e-05 -2.31109713e-06 -2.16413583e-08  9.87487535e-10]:13.543655760454627
Selected for new population:
[ 6.20497162e-02 -1.28233258e-12 -2.82900328e-13  5.15897098e-11 -2.13009232e-10 -1.89914280e-15  8.05970964e-16  2.58043853e-05 -2.20425516e-06 -1.44122470e-08  9.98143225e-10]
[ 6.20497162e-02 -1.74607567e-12 -2.82900328e-13  5.13084258e-11 -2.05165856e-10 -1.85004254e-15  8.21813975e-16  2.58043853e-05 -2.20425516e-06 -1.44122470e-08  9.87487535e-10]
Selected: [3 0]
***************
***CROSSOVER***
***************
&&&&&&&&&&&&&&&&&&&&&&&&
&&TOURNAMENT SELECTION&&
&&&&&&&&&&&&&&&&&&&&&&&&
parents:
[ 6.26725266e-02 -1.76975511e-12 -2.72903894e-13  5.15897098e-11 -2.03065638e-10 -1.89914280e-15  8.30745595e-16  2.60375704e-05 -2.31109713e-06 -1.30395781e-08  9.98143225e-10]
[ 6.17784380e-02 -1.68628971e-12 -2.82326821e-13  5.09237462e-11 -2.11441910e-10 -1.89365961e-15  8.26210324e-16  2.50839873e-05 -2.22615770e-06 -1.37424259e-08  9.93442754e-10]
children:
[ 6.17784380e-02 -1.68628971e-12 -2.82326821e-13  5.15897098e-11 -2.11441910e-10 -1.89365961e-15  8.30745595e-16  2.50839873e-05 -2.31109713e-06 -1.37424259e-08  9.93442754e-10]
[ 6.26725266e-02 -1.76975511e-12 -2.67937850e-13  5.09237462e-11 -2.03065638e-10 -1.89914280e-15  8.26210324e-16  2.60375704e-05 -2.22615770e-06 -1.30395781e-08  9.98143225e-10]
Population scores:
811:[3.06498192e+11 2.28661895e+11]:[ 6.17784380e-02 -1.68628971e-12 -2.82326821e-13  5.09237462e-11 -2.11441910e-10 -1.89365961e-15  8.26210324e-16  2.50839873e-05 -2.22615770e-06 -1.37424259e-08  9.93442754e-10]:11.359193797563053
839:[6.32031913e+11 3.64521334e+11]:[ 6.26725266e-02 -1.76975511e-12 -2.72903894e-13  5.15897098e-11 -2.03065638e-10 -1.89914280e-15  8.30745595e-16  2.60375704e-05 -2.31109713e-06 -1.30395781e-08  9.98143225e-10]:11.561722951103688
851:[2.72920938e+11 7.19500929e+11]:[ 6.26725266e-02 -1.76975511e-12 -2.67937850e-13  5.09237462e-11 -2.03065638e-10 -1.89914280e-15  8.26210324e-16  2.60375704e-05 -2.22615770e-06 -1.30395781e-08  9.98143225e-10]:11.85703135882496
850:[1.54108282e+12 1.62171226e+12]:[ 6.17784380e-02 -1.68628971e-12 -2.82326821e-13  5.15897098e-11 -2.11441910e-10 -1.89365961e-15  8.30745595e-16  2.50839873e-05 -2.31109713e-06 -1.37424259e-08  9.93442754e-10]:12.209973799419096
Selected for new population:
[ 6.17784380e-02 -1.68628971e-12 -2.82326821e-13  5.09237462e-11 -2.11441910e-10 -1.89365961e-15  8.26210324e-16  2.50839873e-05 -2.22615770e-06 -1.37424259e-08  9.93442754e-10]
[ 6.26725266e-02 -1.76975511e-12 -2.72903894e-13  5.15897098e-11 -2.03065638e-10 -1.89914280e-15  8.30745595e-16  2.60375704e-05 -2.31109713e-06 -1.30395781e-08  9.98143225e-10]
Selected: [2 3]
***************
***CROSSOVER***
***************
&&&&&&&&&&&&&&&&&&&&&&&&
&&TOURNAMENT SELECTION&&
&&&&&&&&&&&&&&&&&&&&&&&&
parents:
[ 6.19581447e-02 -1.63620985e-12 -2.77816006e-13  5.00370183e-11 -2.01592443e-10 -1.83062044e-15  8.17689653e-16  2.47408450e-05 -2.20494309e-06 -1.39045130e-08  1.00292668e-09]
[ 6.26725266e-02 -1.76975511e-12 -2.72903894e-13  5.15897098e-11 -2.03065638e-10 -1.89914280e-15  8.30745595e-16  2.60375704e-05 -2.31109713e-06 -1.30395781e-08  9.98143225e-10]
children:
[ 6.26725266e-02 -1.63620985e-12 -2.72903894e-13  5.00370183e-11 -2.03065638e-10 -2.38762058e-15  8.17689653e-16  2.47408450e-05 -2.31109713e-06 -1.30395781e-08  9.98143225e-10]
[ 6.19581447e-02 -1.76975511e-12 -2.82641816e-13  5.15897098e-11 -2.01592443e-10 -1.83062044e-15  9.05713690e-16  2.60375704e-05 -2.20494309e-06 -1.44002791e-08  1.00292668e-09]
Population scores:
837:[1.34813208e+11 3.13818447e+11]:[ 6.19581447e-02 -1.63620985e-12 -2.77816006e-13  5.00370183e-11 -2.01592443e-10 -1.83062044e-15  8.17689653e-16  2.47408450e-05 -2.20494309e-06 -1.39045130e-08  1.00292668e-09]:11.49667846837065
853:[1.46096828e+11 3.17354306e+11]:[ 6.19581447e-02 -1.76975511e-12 -2.82641816e-13  5.15897098e-11 -2.01592443e-10 -1.83062044e-15  9.05713690e-16  2.60375704e-05 -2.20494309e-06 -1.44002791e-08  1.00292668e-09]:11.501544395368446
839:[6.32031913e+11 3.64521334e+11]:[ 6.26725266e-02 -1.76975511e-12 -2.72903894e-13  5.15897098e-11 -2.03065638e-10 -1.89914280e-15  8.30745595e-16  2.60375704e-05 -2.31109713e-06 -1.30395781e-08  9.98143225e-10]:11.561722951103688
852:[1.40306140e+12 1.16998416e+12]:[ 6.26725266e-02 -1.63620985e-12 -2.72903894e-13  5.00370183e-11 -2.03065638e-10 -2.38762058e-15  8.17689653e-16  2.47408450e-05 -2.31109713e-06 -1.30395781e-08  9.98143225e-10]:12.068179982241954
Selected for new population:
[ 6.19581447e-02 -1.63620985e-12 -2.77816006e-13  5.00370183e-11 -2.01592443e-10 -1.83062044e-15  8.17689653e-16  2.47408450e-05 -2.20494309e-06 -1.39045130e-08  1.00292668e-09]
[ 6.19581447e-02 -1.76975511e-12 -2.82641816e-13  5.15897098e-11 -2.01592443e-10 -1.83062044e-15  9.05713690e-16  2.60375704e-05 -2.20494309e-06 -1.44002791e-08  1.00292668e-09]
Population scores:
848:[1.94666944e+11 2.12513465e+11]:[ 6.20497162e-02 -1.28233258e-12 -2.82900328e-13  5.15897098e-11 -2.13009232e-10 -1.89914280e-15  8.05970964e-16  2.58043853e-05 -2.20425516e-06 -1.44122470e-08  9.98143225e-10]:11.327386451720592
811:[3.06498192e+11 2.28661895e+11]:[ 6.17784380e-02 -1.68628971e-12 -2.82326821e-13  5.09237462e-11 -2.11441910e-10 -1.89365961e-15  8.26210324e-16  2.50839873e-05 -2.22615770e-06 -1.37424259e-08  9.93442754e-10]:11.359193797563053
838:[3.38426925e+11 2.34431498e+11]:[ 6.20497162e-02 -1.74607567e-12 -2.82900328e-13  5.13084258e-11 -2.05165856e-10 -1.85004254e-15  8.21813975e-16  2.58043853e-05 -2.20425516e-06 -1.44122470e-08  9.87487535e-10]:11.370015961864981
837:[1.34813208e+11 3.13818447e+11]:[ 6.19581447e-02 -1.63620985e-12 -2.77816006e-13  5.00370183e-11 -2.01592443e-10 -1.83062044e-15  8.17689653e-16  2.47408450e-05 -2.20494309e-06 -1.39045130e-08  1.00292668e-09]:11.49667846837065
853:[1.46096828e+11 3.17354306e+11]:[ 6.19581447e-02 -1.76975511e-12 -2.82641816e-13  5.15897098e-11 -2.01592443e-10 -1.83062044e-15  9.05713690e-16  2.60375704e-05 -2.20494309e-06 -1.44002791e-08  1.00292668e-09]:11.501544395368446
839:[6.32031913e+11 3.64521334e+11]:[ 6.26725266e-02 -1.76975511e-12 -2.72903894e-13  5.15897098e-11 -2.03065638e-10 -1.89914280e-15  8.30745595e-16  2.60375704e-05 -2.31109713e-06 -1.30395781e-08  9.98143225e-10]:11.561722951103688
841:[9.37851617e+11 1.94649883e+12]:[ 6.68263574e-02 -2.12166377e-12 -3.47343133e-13  5.51369457e-11 -1.88384171e-10 -1.32390617e-15  8.19650341e-16  2.63032792e-05 -1.83686159e-06 -2.35305068e-08  1.05627169e-09]:12.289254147457571
840:[5.95221710e+11 2.28910092e+12]:[ 6.18416690e-02 -7.09795745e-13 -2.05680144e-13  5.20762510e-11 -2.46948497e-10 -2.45154307e-15  7.52019617e-16  2.01276504e-05 -1.73997016e-06 -1.54974169e-08  9.27759643e-10]:12.359664940385128
*******************************
***iteration: 2 Population is***
*******************************
Population scores:
848:[1.94666944e+11 2.12513465e+11]:[ 6.20497162e-02 -1.28233258e-12 -2.82900328e-13  5.15897098e-11 -2.13009232e-10 -1.89914280e-15  8.05970964e-16  2.58043853e-05 -2.20425516e-06 -1.44122470e-08  9.98143225e-10]:11.327386451720592
811:[3.06498192e+11 2.28661895e+11]:[ 6.17784380e-02 -1.68628971e-12 -2.82326821e-13  5.09237462e-11 -2.11441910e-10 -1.89365961e-15  8.26210324e-16  2.50839873e-05 -2.22615770e-06 -1.37424259e-08  9.93442754e-10]:11.359193797563053
838:[3.38426925e+11 2.34431498e+11]:[ 6.20497162e-02 -1.74607567e-12 -2.82900328e-13  5.13084258e-11 -2.05165856e-10 -1.85004254e-15  8.21813975e-16  2.58043853e-05 -2.20425516e-06 -1.44122470e-08  9.87487535e-10]:11.370015961864981
837:[1.34813208e+11 3.13818447e+11]:[ 6.19581447e-02 -1.63620985e-12 -2.77816006e-13  5.00370183e-11 -2.01592443e-10 -1.83062044e-15  8.17689653e-16  2.47408450e-05 -2.20494309e-06 -1.39045130e-08  1.00292668e-09]:11.49667846837065
853:[1.46096828e+11 3.17354306e+11]:[ 6.19581447e-02 -1.76975511e-12 -2.82641816e-13  5.15897098e-11 -2.01592443e-10 -1.83062044e-15  9.05713690e-16  2.60375704e-05 -2.20494309e-06 -1.44002791e-08  1.00292668e-09]:11.501544395368446
839:[6.32031913e+11 3.64521334e+11]:[ 6.26725266e-02 -1.76975511e-12 -2.72903894e-13  5.15897098e-11 -2.03065638e-10 -1.89914280e-15  8.30745595e-16  2.60375704e-05 -2.31109713e-06 -1.30395781e-08  9.98143225e-10]:11.561722951103688
Selected: [0 2]
***************
***CROSSOVER***
***************
&&&&&&&&&&&&&&&&&&&&&&&&
&&TOURNAMENT SELECTION&&
&&&&&&&&&&&&&&&&&&&&&&&&
parents:
[ 6.20497162e-02 -1.28233258e-12 -2.82900328e-13  5.15897098e-11 -2.13009232e-10 -1.89914280e-15  8.05970964e-16  2.58043853e-05 -2.20425516e-06 -1.44122470e-08  9.98143225e-10]
[ 6.20497162e-02 -1.74607567e-12 -2.82900328e-13  5.13084258e-11 -2.05165856e-10 -1.85004254e-15  8.21813975e-16  2.58043853e-05 -2.20425516e-06 -1.44122470e-08  9.87487535e-10]
children:
[ 6.20497162e-02 -1.74607567e-12 -2.74641655e-13  5.13084258e-11 -2.13009232e-10 -1.85004254e-15  8.05970964e-16  2.58043853e-05 -2.20425516e-06 -1.44122470e-08  9.87487535e-10]
[ 6.20497162e-02 -1.22425276e-12 -2.82900328e-13  5.15897098e-11 -2.05165856e-10 -1.89914280e-15  7.34873065e-16  2.58043853e-05 -2.20425516e-06 -1.44122470e-08  1.07352680e-09]
Population scores:
848:[1.94666944e+11 2.12513465e+11]:[ 6.20497162e-02 -1.28233258e-12 -2.82900328e-13  5.15897098e-11 -2.13009232e-10 -1.89914280e-15  8.05970964e-16  2.58043853e-05 -2.20425516e-06 -1.44122470e-08  9.98143225e-10]:11.327386451720592
838:[3.38426925e+11 2.34431498e+11]:[ 6.20497162e-02 -1.74607567e-12 -2.82900328e-13  5.13084258e-11 -2.05165856e-10 -1.85004254e-15  8.21813975e-16  2.58043853e-05 -2.20425516e-06 -1.44122470e-08  9.87487535e-10]:11.370015961864981
854:[3.38426925e+11 2.34431498e+11]:[ 6.20497162e-02 -1.74607567e-12 -2.74641655e-13  5.13084258e-11 -2.13009232e-10 -1.85004254e-15  8.05970964e-16  2.58043853e-05 -2.20425516e-06 -1.44122470e-08  9.87487535e-10]:11.370015961885482
855:[1.95284695e+12 5.56448769e+12]:[ 6.20497162e-02 -1.22425276e-12 -2.82900328e-13  5.15897098e-11 -2.05165856e-10 -1.89914280e-15  7.34873065e-16  2.58043853e-05 -2.20425516e-06 -1.44122470e-08  1.07352680e-09]:12.74542518605067
Selected for new population:
[ 6.20497162e-02 -1.28233258e-12 -2.82900328e-13  5.15897098e-11 -2.13009232e-10 -1.89914280e-15  8.05970964e-16  2.58043853e-05 -2.20425516e-06 -1.44122470e-08  9.98143225e-10]
[ 6.20497162e-02 -1.74607567e-12 -2.82900328e-13  5.13084258e-11 -2.05165856e-10 -1.85004254e-15  8.21813975e-16  2.58043853e-05 -2.20425516e-06 -1.44122470e-08  9.87487535e-10]
Selected: [1 2]
***************
***CROSSOVER***
***************
&&&&&&&&&&&&&&&&&&&&&&&&
&&TOURNAMENT SELECTION&&
&&&&&&&&&&&&&&&&&&&&&&&&
parents:
[ 6.17784380e-02 -1.68628971e-12 -2.82326821e-13  5.09237462e-11 -2.11441910e-10 -1.89365961e-15  8.26210324e-16  2.50839873e-05 -2.22615770e-06 -1.37424259e-08  9.93442754e-10]
[ 6.20497162e-02 -1.74607567e-12 -2.82900328e-13  5.13084258e-11 -2.05165856e-10 -1.85004254e-15  8.21813975e-16  2.58043853e-05 -2.20425516e-06 -1.44122470e-08  9.87487535e-10]
children:
[ 6.21588719e-02 -1.72568885e-12 -2.82900328e-13  5.09237462e-11 -2.04290571e-10 -1.89365961e-15  8.26210324e-16  2.58043853e-05 -2.22615770e-06 -1.44122470e-08  9.83093147e-10]
[ 6.20497162e-02 -1.74607567e-12 -2.82326821e-13  5.13084258e-11 -2.05165856e-10 -2.76799048e-15  8.21813975e-16  2.52064454e-05 -2.20425516e-06 -2.08800118e-08  9.93442754e-10]
Population scores:
811:[3.06498192e+11 2.28661895e+11]:[ 6.17784380e-02 -1.68628971e-12 -2.82326821e-13  5.09237462e-11 -2.11441910e-10 -1.89365961e-15  8.26210324e-16  2.50839873e-05 -2.22615770e-06 -1.37424259e-08  9.93442754e-10]:11.359193797563053
838:[3.38426925e+11 2.34431498e+11]:[ 6.20497162e-02 -1.74607567e-12 -2.82900328e-13  5.13084258e-11 -2.05165856e-10 -1.85004254e-15  8.21813975e-16  2.58043853e-05 -2.20425516e-06 -1.44122470e-08  9.87487535e-10]:11.370015961864981
856:[7.32656610e+11 5.83109794e+11]:[ 6.21588719e-02 -1.72568885e-12 -2.82900328e-13  5.09237462e-11 -2.04290571e-10 -1.89365961e-15  8.26210324e-16  2.58043853e-05 -2.22615770e-06 -1.44122470e-08  9.83093147e-10]:11.765750335886707
857:[1.40281754e+13 2.13903393e+13]:[ 6.20497162e-02 -1.74607567e-12 -2.82326821e-13  5.13084258e-11 -2.05165856e-10 -2.76799048e-15  8.21813975e-16  2.52064454e-05 -2.20425516e-06 -2.08800118e-08  9.93442754e-10]:13.330217673269956
Selected for new population:
[ 6.17784380e-02 -1.68628971e-12 -2.82326821e-13  5.09237462e-11 -2.11441910e-10 -1.89365961e-15  8.26210324e-16  2.50839873e-05 -2.22615770e-06 -1.37424259e-08  9.93442754e-10]
[ 6.20497162e-02 -1.74607567e-12 -2.82900328e-13  5.13084258e-11 -2.05165856e-10 -1.85004254e-15  8.21813975e-16  2.58043853e-05 -2.20425516e-06 -1.44122470e-08  9.87487535e-10]
Selected: [0 1]
***************
***CROSSOVER***
***************
&&&&&&&&&&&&&&&&&&&&&&&&
&&TOURNAMENT SELECTION&&
&&&&&&&&&&&&&&&&&&&&&&&&
parents:
[ 6.20497162e-02 -1.28233258e-12 -2.82900328e-13  5.15897098e-11 -2.13009232e-10 -1.89914280e-15  8.05970964e-16  2.58043853e-05 -2.20425516e-06 -1.44122470e-08  9.98143225e-10]
[ 6.17784380e-02 -1.68628971e-12 -2.82326821e-13  5.09237462e-11 -2.11441910e-10 -1.89365961e-15  8.26210324e-16  2.50839873e-05 -2.22615770e-06 -1.37424259e-08  9.93442754e-10]
children:
[ 6.17784380e-02 -1.68628971e-12 -2.20694767e-13  5.10947803e-11 -2.11441910e-10 -1.89365961e-15  8.05970964e-16  2.58043853e-05 -2.20425516e-06 -1.37424259e-08  9.98143225e-10]
[ 6.27817558e-02 -1.28233258e-12 -2.82900328e-13  5.09237462e-11 -2.13009232e-10 -1.89914280e-15  8.26210324e-16  2.50839873e-05 -2.22615770e-06 -1.44122470e-08  9.90122746e-10]
Population scores:
848:[1.94666944e+11 2.12513465e+11]:[ 6.20497162e-02 -1.28233258e-12 -2.82900328e-13  5.15897098e-11 -2.13009232e-10 -1.89914280e-15  8.05970964e-16  2.58043853e-05 -2.20425516e-06 -1.44122470e-08  9.98143225e-10]:11.327386451720592
811:[3.06498192e+11 2.28661895e+11]:[ 6.17784380e-02 -1.68628971e-12 -2.82326821e-13  5.09237462e-11 -2.11441910e-10 -1.89365961e-15  8.26210324e-16  2.50839873e-05 -2.22615770e-06 -1.37424259e-08  9.93442754e-10]:11.359193797563053
858:[1.71559718e+11 4.60611301e+11]:[ 6.17784380e-02 -1.68628971e-12 -2.20694767e-13  5.10947803e-11 -2.11441910e-10 -1.89365961e-15  8.05970964e-16  2.58043853e-05 -2.20425516e-06 -1.37424259e-08  9.98143225e-10]:11.663334588713152
859:[6.85074496e+11 5.82286269e+11]:[ 6.27817558e-02 -1.28233258e-12 -2.82900328e-13  5.09237462e-11 -2.13009232e-10 -1.89914280e-15  8.26210324e-16  2.50839873e-05 -2.22615770e-06 -1.44122470e-08  9.90122746e-10]:11.765136548912809
Selected for new population:
[ 6.20497162e-02 -1.28233258e-12 -2.82900328e-13  5.15897098e-11 -2.13009232e-10 -1.89914280e-15  8.05970964e-16  2.58043853e-05 -2.20425516e-06 -1.44122470e-08  9.98143225e-10]
[ 6.17784380e-02 -1.68628971e-12 -2.82326821e-13  5.09237462e-11 -2.11441910e-10 -1.89365961e-15  8.26210324e-16  2.50839873e-05 -2.22615770e-06 -1.37424259e-08  9.93442754e-10]
Population scores:
848:[1.94666944e+11 2.12513465e+11]:[ 6.20497162e-02 -1.28233258e-12 -2.82900328e-13  5.15897098e-11 -2.13009232e-10 -1.89914280e-15  8.05970964e-16  2.58043853e-05 -2.20425516e-06 -1.44122470e-08  9.98143225e-10]:11.327386451720592
811:[3.06498192e+11 2.28661895e+11]:[ 6.17784380e-02 -1.68628971e-12 -2.82326821e-13  5.09237462e-11 -2.11441910e-10 -1.89365961e-15  8.26210324e-16  2.50839873e-05 -2.22615770e-06 -1.37424259e-08  9.93442754e-10]:11.359193797563053
838:[3.38426925e+11 2.34431498e+11]:[ 6.20497162e-02 -1.74607567e-12 -2.82900328e-13  5.13084258e-11 -2.05165856e-10 -1.85004254e-15  8.21813975e-16  2.58043853e-05 -2.20425516e-06 -1.44122470e-08  9.87487535e-10]:11.370015961864981
837:[1.34813208e+11 3.13818447e+11]:[ 6.19581447e-02 -1.63620985e-12 -2.77816006e-13  5.00370183e-11 -2.01592443e-10 -1.83062044e-15  8.17689653e-16  2.47408450e-05 -2.20494309e-06 -1.39045130e-08  1.00292668e-09]:11.49667846837065
853:[1.46096828e+11 3.17354306e+11]:[ 6.19581447e-02 -1.76975511e-12 -2.82641816e-13  5.15897098e-11 -2.01592443e-10 -1.83062044e-15  9.05713690e-16  2.60375704e-05 -2.20494309e-06 -1.44002791e-08  1.00292668e-09]:11.501544395368446
839:[6.32031913e+11 3.64521334e+11]:[ 6.26725266e-02 -1.76975511e-12 -2.72903894e-13  5.15897098e-11 -2.03065638e-10 -1.89914280e-15  8.30745595e-16  2.60375704e-05 -2.31109713e-06 -1.30395781e-08  9.98143225e-10]:11.561722951103688
*******************************
***iteration: 3 Population is***
*******************************
Population scores:
848:[1.94666944e+11 2.12513465e+11]:[ 6.20497162e-02 -1.28233258e-12 -2.82900328e-13  5.15897098e-11 -2.13009232e-10 -1.89914280e-15  8.05970964e-16  2.58043853e-05 -2.20425516e-06 -1.44122470e-08  9.98143225e-10]:11.327386451720592
811:[3.06498192e+11 2.28661895e+11]:[ 6.17784380e-02 -1.68628971e-12 -2.82326821e-13  5.09237462e-11 -2.11441910e-10 -1.89365961e-15  8.26210324e-16  2.50839873e-05 -2.22615770e-06 -1.37424259e-08  9.93442754e-10]:11.359193797563053
838:[3.38426925e+11 2.34431498e+11]:[ 6.20497162e-02 -1.74607567e-12 -2.82900328e-13  5.13084258e-11 -2.05165856e-10 -1.85004254e-15  8.21813975e-16  2.58043853e-05 -2.20425516e-06 -1.44122470e-08  9.87487535e-10]:11.370015961864981
837:[1.34813208e+11 3.13818447e+11]:[ 6.19581447e-02 -1.63620985e-12 -2.77816006e-13  5.00370183e-11 -2.01592443e-10 -1.83062044e-15  8.17689653e-16  2.47408450e-05 -2.20494309e-06 -1.39045130e-08  1.00292668e-09]:11.49667846837065
853:[1.46096828e+11 3.17354306e+11]:[ 6.19581447e-02 -1.76975511e-12 -2.82641816e-13  5.15897098e-11 -2.01592443e-10 -1.83062044e-15  9.05713690e-16  2.60375704e-05 -2.20494309e-06 -1.44002791e-08  1.00292668e-09]:11.501544395368446
839:[6.32031913e+11 3.64521334e+11]:[ 6.26725266e-02 -1.76975511e-12 -2.72903894e-13  5.15897098e-11 -2.03065638e-10 -1.89914280e-15  8.30745595e-16  2.60375704e-05 -2.31109713e-06 -1.30395781e-08  9.98143225e-10]:11.561722951103688
Selected: [3 1]
***************
***CROSSOVER***
***************
&&&&&&&&&&&&&&&&&&&&&&&&
&&TOURNAMENT SELECTION&&
&&&&&&&&&&&&&&&&&&&&&&&&
parents:
[ 6.19581447e-02 -1.63620985e-12 -2.77816006e-13  5.00370183e-11 -2.01592443e-10 -1.83062044e-15  8.17689653e-16  2.47408450e-05 -2.20494309e-06 -1.39045130e-08  1.00292668e-09]
[ 6.17784380e-02 -1.68628971e-12 -2.82326821e-13  5.09237462e-11 -2.11441910e-10 -1.89365961e-15  8.26210324e-16  2.50839873e-05 -2.22615770e-06 -1.37424259e-08  9.93442754e-10]
children:
[ 6.17784380e-02 -1.63620985e-12 -2.77816006e-13  5.09237462e-11 -2.11441910e-10 -1.89365961e-15  8.26210324e-16  2.47408450e-05 -2.22012691e-06 -1.37424259e-08  9.24623571e-10]
[ 6.19581447e-02 -1.68628971e-12 -2.82326821e-13  5.00370183e-11 -2.03372430e-10 -1.83062044e-15  8.17689653e-16  2.50839873e-05 -2.20494309e-06 -1.39045130e-08  1.00292668e-09]
Population scores:
811:[3.06498192e+11 2.28661895e+11]:[ 6.17784380e-02 -1.68628971e-12 -2.82326821e-13  5.09237462e-11 -2.11441910e-10 -1.89365961e-15  8.26210324e-16  2.50839873e-05 -2.22615770e-06 -1.37424259e-08  9.93442754e-10]:11.359193797563053
837:[1.34813208e+11 3.13818447e+11]:[ 6.19581447e-02 -1.63620985e-12 -2.77816006e-13  5.00370183e-11 -2.01592443e-10 -1.83062044e-15  8.17689653e-16  2.47408450e-05 -2.20494309e-06 -1.39045130e-08  1.00292668e-09]:11.49667846837065
861:[1.37876342e+11 3.69234774e+11]:[ 6.19581447e-02 -1.68628971e-12 -2.82326821e-13  5.00370183e-11 -2.03372430e-10 -1.83062044e-15  8.17689653e-16  2.50839873e-05 -2.20494309e-06 -1.39045130e-08  1.00292668e-09]:11.567302595910753
860:[3.62269183e+12 4.70478559e+12]:[ 6.17784380e-02 -1.63620985e-12 -2.77816006e-13  5.09237462e-11 -2.11441910e-10 -1.89365961e-15  8.26210324e-16  2.47408450e-05 -2.22012691e-06 -1.37424259e-08  9.24623571e-10]:12.672539836235448
Selected for new population:
[ 6.17784380e-02 -1.68628971e-12 -2.82326821e-13  5.09237462e-11 -2.11441910e-10 -1.89365961e-15  8.26210324e-16  2.50839873e-05 -2.22615770e-06 -1.37424259e-08  9.93442754e-10]
[ 6.19581447e-02 -1.63620985e-12 -2.77816006e-13  5.00370183e-11 -2.01592443e-10 -1.83062044e-15  8.17689653e-16  2.47408450e-05 -2.20494309e-06 -1.39045130e-08  1.00292668e-09]
Selected: [2 5]
***************
***CROSSOVER***
***************
&&&&&&&&&&&&&&&&&&&&&&&&
&&TOURNAMENT SELECTION&&
&&&&&&&&&&&&&&&&&&&&&&&&
parents:
[ 6.20497162e-02 -1.74607567e-12 -2.82900328e-13  5.13084258e-11 -2.05165856e-10 -1.85004254e-15  8.21813975e-16  2.58043853e-05 -2.20425516e-06 -1.44122470e-08  9.87487535e-10]
[ 6.26725266e-02 -1.76975511e-12 -2.72903894e-13  5.15897098e-11 -2.03065638e-10 -1.89914280e-15  8.30745595e-16  2.60375704e-05 -2.31109713e-06 -1.30395781e-08  9.98143225e-10]
children:
[ 6.20497162e-02 -1.65769281e-12 -2.82900328e-13  5.15897098e-11 -2.05165856e-10 -1.89914280e-15  8.30745595e-16  2.58043853e-05 -2.20425516e-06 -1.30395781e-08  1.04730587e-09]
[ 6.26725266e-02 -9.51349197e-13 -2.74110679e-13  5.13084258e-11 -2.03065638e-10 -1.85004254e-15  8.21813975e-16  2.64590768e-05 -2.31109713e-06 -1.44122470e-08  9.90698529e-10]
Population scores:
838:[3.38426925e+11 2.34431498e+11]:[ 6.20497162e-02 -1.74607567e-12 -2.82900328e-13  5.13084258e-11 -2.05165856e-10 -1.85004254e-15  8.21813975e-16  2.58043853e-05 -2.20425516e-06 -1.44122470e-08  9.87487535e-10]:11.370015961864981
839:[6.32031913e+11 3.64521334e+11]:[ 6.26725266e-02 -1.76975511e-12 -2.72903894e-13  5.15897098e-11 -2.03065638e-10 -1.89914280e-15  8.30745595e-16  2.60375704e-05 -2.31109713e-06 -1.30395781e-08  9.98143225e-10]:11.561722951103688
863:[1.72831660e+12 1.84767547e+12]:[ 6.26725266e-02 -9.51349197e-13 -2.74110679e-13  5.13084258e-11 -2.03065638e-10 -1.85004254e-15  8.21813975e-16  2.64590768e-05 -2.31109713e-06 -1.44122470e-08  9.90698529e-10]:12.266625691960288
862:[2.13390255e+12 5.85797724e+12]:[ 6.20497162e-02 -1.65769281e-12 -2.82900328e-13  5.15897098e-11 -2.05165856e-10 -1.89914280e-15  8.30745595e-16  2.58043853e-05 -2.20425516e-06 -1.30395781e-08  1.04730587e-09]:12.767747680229004
Selected for new population:
[ 6.20497162e-02 -1.74607567e-12 -2.82900328e-13  5.13084258e-11 -2.05165856e-10 -1.85004254e-15  8.21813975e-16  2.58043853e-05 -2.20425516e-06 -1.44122470e-08  9.87487535e-10]
[ 6.26725266e-02 -1.76975511e-12 -2.72903894e-13  5.15897098e-11 -2.03065638e-10 -1.89914280e-15  8.30745595e-16  2.60375704e-05 -2.31109713e-06 -1.30395781e-08  9.98143225e-10]
Selected: [4 1]
***************
***CROSSOVER***
***************
&&&&&&&&&&&&&&&&&&&&&&&&
&&TOURNAMENT SELECTION&&
&&&&&&&&&&&&&&&&&&&&&&&&
parents:
[ 6.19581447e-02 -1.76975511e-12 -2.82641816e-13  5.15897098e-11 -2.01592443e-10 -1.83062044e-15  9.05713690e-16  2.60375704e-05 -2.20494309e-06 -1.44002791e-08  1.00292668e-09]
[ 6.17784380e-02 -1.68628971e-12 -2.82326821e-13  5.09237462e-11 -2.11441910e-10 -1.89365961e-15  8.26210324e-16  2.50839873e-05 -2.22615770e-06 -1.37424259e-08  9.93442754e-10]
children:
[ 6.11122727e-02 -1.68628971e-12 -2.82641816e-13  5.09237462e-11 -2.15846288e-10 -1.89365961e-15  8.26210324e-16  3.25898406e-05 -2.22615770e-06 -1.37424259e-08  4.75199675e-10]
[ 6.17784380e-02 -1.76975511e-12 -2.82326821e-13  5.15897098e-11 -2.01592443e-10 -1.83062044e-15  9.05713690e-16  2.56145008e-05 -2.20494309e-06 -1.44002791e-08  1.04122956e-09]
Population scores:
811:[3.06498192e+11 2.28661895e+11]:[ 6.17784380e-02 -1.68628971e-12 -2.82326821e-13  5.09237462e-11 -2.11441910e-10 -1.89365961e-15  8.26210324e-16  2.50839873e-05 -2.22615770e-06 -1.37424259e-08  9.93442754e-10]:11.359193797563053
853:[1.46096828e+11 3.17354306e+11]:[ 6.19581447e-02 -1.76975511e-12 -2.82641816e-13  5.15897098e-11 -2.01592443e-10 -1.83062044e-15  9.05713690e-16  2.60375704e-05 -2.20494309e-06 -1.44002791e-08  1.00292668e-09]:11.501544395368446
865:[5.68096725e+11 2.04594215e+12]:[ 6.17784380e-02 -1.76975511e-12 -2.82326821e-13  5.15897098e-11 -2.01592443e-10 -1.83062044e-15  9.05713690e-16  2.56145008e-05 -2.20494309e-06 -1.44002791e-08  1.04122956e-09]:12.310893349667694
864:[1.01987110e+14 1.77062905e+14]:[ 6.11122727e-02 -1.68628971e-12 -2.82641816e-13  5.09237462e-11 -2.15846288e-10 -1.89365961e-15  8.26210324e-16  3.25898406e-05 -2.22615770e-06 -1.37424259e-08  4.75199675e-10]:14.248127584283216
Selected for new population:
[ 6.17784380e-02 -1.68628971e-12 -2.82326821e-13  5.09237462e-11 -2.11441910e-10 -1.89365961e-15  8.26210324e-16  2.50839873e-05 -2.22615770e-06 -1.37424259e-08  9.93442754e-10]
[ 6.19581447e-02 -1.76975511e-12 -2.82641816e-13  5.15897098e-11 -2.01592443e-10 -1.83062044e-15  9.05713690e-16  2.60375704e-05 -2.20494309e-06 -1.44002791e-08  1.00292668e-09]
Population scores:
848:[1.94666944e+11 2.12513465e+11]:[ 6.20497162e-02 -1.28233258e-12 -2.82900328e-13  5.15897098e-11 -2.13009232e-10 -1.89914280e-15  8.05970964e-16  2.58043853e-05 -2.20425516e-06 -1.44122470e-08  9.98143225e-10]:11.327386451720592
811:[3.06498192e+11 2.28661895e+11]:[ 6.17784380e-02 -1.68628971e-12 -2.82326821e-13  5.09237462e-11 -2.11441910e-10 -1.89365961e-15  8.26210324e-16  2.50839873e-05 -2.22615770e-06 -1.37424259e-08  9.93442754e-10]:11.359193797563053
838:[3.38426925e+11 2.34431498e+11]:[ 6.20497162e-02 -1.74607567e-12 -2.82900328e-13  5.13084258e-11 -2.05165856e-10 -1.85004254e-15  8.21813975e-16  2.58043853e-05 -2.20425516e-06 -1.44122470e-08  9.87487535e-10]:11.370015961864981
837:[1.34813208e+11 3.13818447e+11]:[ 6.19581447e-02 -1.63620985e-12 -2.77816006e-13  5.00370183e-11 -2.01592443e-10 -1.83062044e-15  8.17689653e-16  2.47408450e-05 -2.20494309e-06 -1.39045130e-08  1.00292668e-09]:11.49667846837065
853:[1.46096828e+11 3.17354306e+11]:[ 6.19581447e-02 -1.76975511e-12 -2.82641816e-13  5.15897098e-11 -2.01592443e-10 -1.83062044e-15  9.05713690e-16  2.60375704e-05 -2.20494309e-06 -1.44002791e-08  1.00292668e-09]:11.501544395368446
839:[6.32031913e+11 3.64521334e+11]:[ 6.26725266e-02 -1.76975511e-12 -2.72903894e-13  5.15897098e-11 -2.03065638e-10 -1.89914280e-15  8.30745595e-16  2.60375704e-05 -2.31109713e-06 -1.30395781e-08  9.98143225e-10]:11.561722951103688
%%%%%%%%%%%%%%%%%%%%%%%%%
%%%final - population%%%%
%%%%%%%%%%%%%%%%%%%%%%%%%
848:[ 6.20497162e-02 -1.28233258e-12 -2.82900328e-13  5.15897098e-11 -2.13009232e-10 -1.89914280e-15  8.05970964e-16  2.58043853e-05 -2.20425516e-06 -1.44122470e-08  9.98143225e-10]:[1.94666944e+11 2.12513465e+11]
811:[ 6.17784380e-02 -1.68628971e-12 -2.82326821e-13  5.09237462e-11 -2.11441910e-10 -1.89365961e-15  8.26210324e-16  2.50839873e-05 -2.22615770e-06 -1.37424259e-08  9.93442754e-10]:[3.06498192e+11 2.28661895e+11]
838:[ 6.20497162e-02 -1.74607567e-12 -2.82900328e-13  5.13084258e-11 -2.05165856e-10 -1.85004254e-15  8.21813975e-16  2.58043853e-05 -2.20425516e-06 -1.44122470e-08  9.87487535e-10]:[3.38426925e+11 2.34431498e+11]
837:[ 6.19581447e-02 -1.63620985e-12 -2.77816006e-13  5.00370183e-11 -2.01592443e-10 -1.83062044e-15  8.17689653e-16  2.47408450e-05 -2.20494309e-06 -1.39045130e-08  1.00292668e-09]:[1.34813208e+11 3.13818447e+11]
853:[ 6.19581447e-02 -1.76975511e-12 -2.82641816e-13  5.15897098e-11 -2.01592443e-10 -1.83062044e-15  9.05713690e-16  2.60375704e-05 -2.20494309e-06 -1.44002791e-08  1.00292668e-09]:[1.46096828e+11 3.17354306e+11]
839:[ 6.26725266e-02 -1.76975511e-12 -2.72903894e-13  5.15897098e-11 -2.03065638e-10 -1.89914280e-15  8.30745595e-16  2.60375704e-05 -2.31109713e-06 -1.30395781e-08  9.98143225e-10]:[6.32031913e+11 3.64521334e+11]
