Generating Population from
[ 6.26725266e-02 -1.76975511e-12 -2.72903894e-13  5.15897098e-11 -2.03065638e-10 -1.89914280e-15  8.30745595e-16  2.60375704e-05 -2.31109713e-06 -1.30395781e-08  9.98143225e-10]
*******************************
***iteration: 0 Population is***
*******************************
Population scores:
866:[4.04841250e+11 2.07431502e+11]:[ 6.33975715e-02 -1.77270324e-12 -2.75555494e-13  5.12623038e-11 -1.94477286e-10 -1.98142671e-15  8.20772366e-16  2.69787391e-05 -2.27666139e-06 -1.36017324e-08  9.98891323e-10]:11.31687471168904
868:[3.76829977e+11 2.39142714e+11]:[ 6.20679878e-02 -1.80316099e-12 -2.78678822e-13  5.14149417e-11 -2.09134954e-10 -1.97285561e-15  8.38718514e-16  2.60580107e-05 -2.29173241e-06 -1.26180904e-08  9.98426370e-10]:11.378657154069243
839:[6.32031913e+11 3.64521334e+11]:[ 6.26725266e-02 -1.76975511e-12 -2.72903894e-13  5.15897098e-11 -2.03065638e-10 -1.89914280e-15  8.30745595e-16  2.60375704e-05 -2.31109713e-06 -1.30395781e-08  9.98143225e-10]:11.561722951103688
867:[3.59907246e+11 1.01450390e+12]:[ 6.36657132e-02 -1.68154087e-12 -2.78662064e-13  5.24385660e-11 -2.05191292e-10 -1.80887701e-15  8.26588889e-16  2.50688303e-05 -2.22220509e-06 -1.22877939e-08  9.93795146e-10]:12.00625371965298
869:[2.47841565e+13 3.86628312e+13]:[ 5.77363228e-02 -2.45344519e-12 -3.57454340e-13  5.48637472e-11 -1.37385802e-10 -2.64071088e-15  8.66063472e-16  3.15642647e-05 -2.44008909e-06 -1.69954420e-08  9.00377661e-10]:13.587293652985652
870:[5.78935806e+13 1.24181646e+14]:[ 6.19603289e-02 -1.26182562e-12 -3.45441418e-13  4.70760884e-11 -1.55167374e-10 -2.38244298e-15  7.51323008e-16  1.63109832e-05 -1.53454208e-06 -4.75773073e-09  9.79756152e-10]:14.094057410577554
Selected: [0 2]
***************
***CROSSOVER***
***************
&&&&&&&&&&&&&&&&&&&&&&&&
&&TOURNAMENT SELECTION&&
&&&&&&&&&&&&&&&&&&&&&&&&
parents:
[ 6.33975715e-02 -1.77270324e-12 -2.75555494e-13  5.12623038e-11 -1.94477286e-10 -1.98142671e-15  8.20772366e-16  2.69787391e-05 -2.27666139e-06 -1.36017324e-08  9.98891323e-10]
[ 6.26725266e-02 -1.76975511e-12 -2.72903894e-13  5.15897098e-11 -2.03065638e-10 -1.89914280e-15  8.30745595e-16  2.60375704e-05 -2.31109713e-06 -1.30395781e-08  9.98143225e-10]
children:
[ 6.26725266e-02 -1.76975511e-12 -2.72903894e-13  5.14891929e-11 -2.03065638e-10 -1.98142671e-15  7.34588020e-16  2.28623950e-05 -2.40041677e-06 -1.36017324e-08  9.98143225e-10]
[ 6.33975715e-02 -1.77270324e-12 -2.85388519e-13  5.12623038e-11 -1.94477286e-10 -1.89914280e-15  8.30745595e-16  2.58813651e-05 -2.27666139e-06 -1.28763221e-08  9.98891323e-10]
Population scores:
866:[4.04841250e+11 2.07431502e+11]:[ 6.33975715e-02 -1.77270324e-12 -2.75555494e-13  5.12623038e-11 -1.94477286e-10 -1.98142671e-15  8.20772366e-16  2.69787391e-05 -2.27666139e-06 -1.36017324e-08  9.98891323e-10]:11.31687471168904
872:[3.19975806e+11 2.51949297e+11]:[ 6.33975715e-02 -1.77270324e-12 -2.85388519e-13  5.12623038e-11 -1.94477286e-10 -1.89914280e-15  8.30745595e-16  2.58813651e-05 -2.27666139e-06 -1.28763221e-08  9.98891323e-10]:11.401313150890699
839:[6.32031913e+11 3.64521334e+11]:[ 6.26725266e-02 -1.76975511e-12 -2.72903894e-13  5.15897098e-11 -2.03065638e-10 -1.89914280e-15  8.30745595e-16  2.60375704e-05 -2.31109713e-06 -1.30395781e-08  9.98143225e-10]:11.561722951103688
871:[5.27876455e+12 7.67078029e+12]:[ 6.26725266e-02 -1.76975511e-12 -2.72903894e-13  5.14891929e-11 -2.03065638e-10 -1.98142671e-15  7.34588020e-16  2.28623950e-05 -2.40041677e-06 -1.36017324e-08  9.98143225e-10]:12.8848395437314
Selected for new population:
[ 6.33975715e-02 -1.77270324e-12 -2.75555494e-13  5.12623038e-11 -1.94477286e-10 -1.98142671e-15  8.20772366e-16  2.69787391e-05 -2.27666139e-06 -1.36017324e-08  9.98891323e-10]
[ 6.33975715e-02 -1.77270324e-12 -2.85388519e-13  5.12623038e-11 -1.94477286e-10 -1.89914280e-15  8.30745595e-16  2.58813651e-05 -2.27666139e-06 -1.28763221e-08  9.98891323e-10]
Selected: [0 1]
***************
***CROSSOVER***
***************
&&&&&&&&&&&&&&&&&&&&&&&&
&&TOURNAMENT SELECTION&&
&&&&&&&&&&&&&&&&&&&&&&&&
parents:
[ 6.33975715e-02 -1.77270324e-12 -2.75555494e-13  5.12623038e-11 -1.94477286e-10 -1.98142671e-15  8.20772366e-16  2.69787391e-05 -2.27666139e-06 -1.36017324e-08  9.98891323e-10]
[ 6.20679878e-02 -1.80316099e-12 -2.78678822e-13  5.14149417e-11 -2.09134954e-10 -1.97285561e-15  8.38718514e-16  2.60580107e-05 -2.29173241e-06 -1.26180904e-08  9.98426370e-10]
children:
[ 6.20679878e-02 -1.80316099e-12 -3.45225383e-13  5.14149417e-11 -2.09134954e-10 -1.97285561e-15  8.42895237e-16  2.69787391e-05 -2.29173241e-06 -1.26180904e-08  9.98426370e-10]
[ 6.33975715e-02 -1.14432502e-12 -3.48375915e-13  5.12623038e-11 -1.94477286e-10 -1.32767693e-15  8.20772366e-16  2.60580107e-05 -2.27666139e-06 -1.36017324e-08  1.00240115e-09]
Population scores:
866:[4.04841250e+11 2.07431502e+11]:[ 6.33975715e-02 -1.77270324e-12 -2.75555494e-13  5.12623038e-11 -1.94477286e-10 -1.98142671e-15  8.20772366e-16  2.69787391e-05 -2.27666139e-06 -1.36017324e-08  9.98891323e-10]:11.31687471168904
868:[3.76829977e+11 2.39142714e+11]:[ 6.20679878e-02 -1.80316099e-12 -2.78678822e-13  5.14149417e-11 -2.09134954e-10 -1.97285561e-15  8.38718514e-16  2.60580107e-05 -2.29173241e-06 -1.26180904e-08  9.98426370e-10]:11.378657154069243
874:[2.85349805e+11 3.15907372e+11]:[ 6.33975715e-02 -1.14432502e-12 -3.48375915e-13  5.12623038e-11 -1.94477286e-10 -1.32767693e-15  8.20772366e-16  2.60580107e-05 -2.27666139e-06 -1.36017324e-08  1.00240115e-09]:11.499559761304635
873:[3.68093625e+11 3.40144235e+11]:[ 6.20679878e-02 -1.80316099e-12 -3.45225383e-13  5.14149417e-11 -2.09134954e-10 -1.97285561e-15  8.42895237e-16  2.69787391e-05 -2.29173241e-06 -1.26180904e-08  9.98426370e-10]:11.531663114255647
Selected for new population:
[ 6.33975715e-02 -1.77270324e-12 -2.75555494e-13  5.12623038e-11 -1.94477286e-10 -1.98142671e-15  8.20772366e-16  2.69787391e-05 -2.27666139e-06 -1.36017324e-08  9.98891323e-10]
[ 6.20679878e-02 -1.80316099e-12 -2.78678822e-13  5.14149417e-11 -2.09134954e-10 -1.97285561e-15  8.38718514e-16  2.60580107e-05 -2.29173241e-06 -1.26180904e-08  9.98426370e-10]
Selected: [1 0]
***************
***CROSSOVER***
***************
&&&&&&&&&&&&&&&&&&&&&&&&
&&TOURNAMENT SELECTION&&
&&&&&&&&&&&&&&&&&&&&&&&&
parents:
[ 6.20679878e-02 -1.80316099e-12 -2.78678822e-13  5.14149417e-11 -2.09134954e-10 -1.97285561e-15  8.38718514e-16  2.60580107e-05 -2.29173241e-06 -1.26180904e-08  9.98426370e-10]
[ 6.33975715e-02 -1.77270324e-12 -2.75555494e-13  5.12623038e-11 -1.94477286e-10 -1.98142671e-15  8.20772366e-16  2.69787391e-05 -2.27666139e-06 -1.36017324e-08  9.98891323e-10]
children:
[ 6.33975715e-02 -1.80316099e-12 -2.75555494e-13  5.12623038e-11 -1.94477286e-10 -1.57662715e-15  8.38718514e-16  2.69787391e-05 -2.27666139e-06 -1.26180904e-08  9.98891323e-10]
[ 6.30103955e-02 -1.77270324e-12 -2.78678822e-13  5.16374529e-11 -2.09134954e-10 -1.97285561e-15  8.20772366e-16  2.60580107e-05 -2.29173241e-06 -1.36017324e-08  9.98426370e-10]
Population scores:
866:[4.04841250e+11 2.07431502e+11]:[ 6.33975715e-02 -1.77270324e-12 -2.75555494e-13  5.12623038e-11 -1.94477286e-10 -1.98142671e-15  8.20772366e-16  2.69787391e-05 -2.27666139e-06 -1.36017324e-08  9.98891323e-10]:11.31687471168904
868:[3.76829977e+11 2.39142714e+11]:[ 6.20679878e-02 -1.80316099e-12 -2.78678822e-13  5.14149417e-11 -2.09134954e-10 -1.97285561e-15  8.38718514e-16  2.60580107e-05 -2.29173241e-06 -1.26180904e-08  9.98426370e-10]:11.378657154069243
876:[6.98321988e+11 4.56632645e+11]:[ 6.30103955e-02 -1.77270324e-12 -2.78678822e-13  5.16374529e-11 -2.09134954e-10 -1.97285561e-15  8.20772366e-16  2.60580107e-05 -2.29173241e-06 -1.36017324e-08  9.98426370e-10]:11.659566956214189
875:[4.48882374e+11 8.37235731e+11]:[ 6.33975715e-02 -1.80316099e-12 -2.75555494e-13  5.12623038e-11 -1.94477286e-10 -1.57662715e-15  8.38718514e-16  2.69787391e-05 -2.27666139e-06 -1.26180904e-08  9.98891323e-10]:11.922847754423135
Selected for new population:
[ 6.33975715e-02 -1.77270324e-12 -2.75555494e-13  5.12623038e-11 -1.94477286e-10 -1.98142671e-15  8.20772366e-16  2.69787391e-05 -2.27666139e-06 -1.36017324e-08  9.98891323e-10]
[ 6.20679878e-02 -1.80316099e-12 -2.78678822e-13  5.14149417e-11 -2.09134954e-10 -1.97285561e-15  8.38718514e-16  2.60580107e-05 -2.29173241e-06 -1.26180904e-08  9.98426370e-10]
Population scores:
866:[4.04841250e+11 2.07431502e+11]:[ 6.33975715e-02 -1.77270324e-12 -2.75555494e-13  5.12623038e-11 -1.94477286e-10 -1.98142671e-15  8.20772366e-16  2.69787391e-05 -2.27666139e-06 -1.36017324e-08  9.98891323e-10]:11.31687471168904
868:[3.76829977e+11 2.39142714e+11]:[ 6.20679878e-02 -1.80316099e-12 -2.78678822e-13  5.14149417e-11 -2.09134954e-10 -1.97285561e-15  8.38718514e-16  2.60580107e-05 -2.29173241e-06 -1.26180904e-08  9.98426370e-10]:11.378657154069243
872:[3.19975806e+11 2.51949297e+11]:[ 6.33975715e-02 -1.77270324e-12 -2.85388519e-13  5.12623038e-11 -1.94477286e-10 -1.89914280e-15  8.30745595e-16  2.58813651e-05 -2.27666139e-06 -1.28763221e-08  9.98891323e-10]:11.401313150890699
839:[6.32031913e+11 3.64521334e+11]:[ 6.26725266e-02 -1.76975511e-12 -2.72903894e-13  5.15897098e-11 -2.03065638e-10 -1.89914280e-15  8.30745595e-16  2.60375704e-05 -2.31109713e-06 -1.30395781e-08  9.98143225e-10]:11.561722951103688
867:[3.59907246e+11 1.01450390e+12]:[ 6.36657132e-02 -1.68154087e-12 -2.78662064e-13  5.24385660e-11 -2.05191292e-10 -1.80887701e-15  8.26588889e-16  2.50688303e-05 -2.22220509e-06 -1.22877939e-08  9.93795146e-10]:12.00625371965298
869:[2.47841565e+13 3.86628312e+13]:[ 5.77363228e-02 -2.45344519e-12 -3.57454340e-13  5.48637472e-11 -1.37385802e-10 -2.64071088e-15  8.66063472e-16  3.15642647e-05 -2.44008909e-06 -1.69954420e-08  9.00377661e-10]:13.587293652985652
870:[5.78935806e+13 1.24181646e+14]:[ 6.19603289e-02 -1.26182562e-12 -3.45441418e-13  4.70760884e-11 -1.55167374e-10 -2.38244298e-15  7.51323008e-16  1.63109832e-05 -1.53454208e-06 -4.75773073e-09  9.79756152e-10]:14.094057410577554
*******************************
***iteration: 1 Population is***
*******************************
Population scores:
866:[4.04841250e+11 2.07431502e+11]:[ 6.33975715e-02 -1.77270324e-12 -2.75555494e-13  5.12623038e-11 -1.94477286e-10 -1.98142671e-15  8.20772366e-16  2.69787391e-05 -2.27666139e-06 -1.36017324e-08  9.98891323e-10]:11.31687471168904
868:[3.76829977e+11 2.39142714e+11]:[ 6.20679878e-02 -1.80316099e-12 -2.78678822e-13  5.14149417e-11 -2.09134954e-10 -1.97285561e-15  8.38718514e-16  2.60580107e-05 -2.29173241e-06 -1.26180904e-08  9.98426370e-10]:11.378657154069243
872:[3.19975806e+11 2.51949297e+11]:[ 6.33975715e-02 -1.77270324e-12 -2.85388519e-13  5.12623038e-11 -1.94477286e-10 -1.89914280e-15  8.30745595e-16  2.58813651e-05 -2.27666139e-06 -1.28763221e-08  9.98891323e-10]:11.401313150890699
839:[6.32031913e+11 3.64521334e+11]:[ 6.26725266e-02 -1.76975511e-12 -2.72903894e-13  5.15897098e-11 -2.03065638e-10 -1.89914280e-15  8.30745595e-16  2.60375704e-05 -2.31109713e-06 -1.30395781e-08  9.98143225e-10]:11.561722951103688
867:[3.59907246e+11 1.01450390e+12]:[ 6.36657132e-02 -1.68154087e-12 -2.78662064e-13  5.24385660e-11 -2.05191292e-10 -1.80887701e-15  8.26588889e-16  2.50688303e-05 -2.22220509e-06 -1.22877939e-08  9.93795146e-10]:12.00625371965298
869:[2.47841565e+13 3.86628312e+13]:[ 5.77363228e-02 -2.45344519e-12 -3.57454340e-13  5.48637472e-11 -1.37385802e-10 -2.64071088e-15  8.66063472e-16  3.15642647e-05 -2.44008909e-06 -1.69954420e-08  9.00377661e-10]:13.587293652985652
Selected: [3 2]
***************
***CROSSOVER***
***************
&&&&&&&&&&&&&&&&&&&&&&&&
&&TOURNAMENT SELECTION&&
&&&&&&&&&&&&&&&&&&&&&&&&
parents:
[ 6.26725266e-02 -1.76975511e-12 -2.72903894e-13  5.15897098e-11 -2.03065638e-10 -1.89914280e-15  8.30745595e-16  2.60375704e-05 -2.31109713e-06 -1.30395781e-08  9.98143225e-10]
[ 6.33975715e-02 -1.77270324e-12 -2.85388519e-13  5.12623038e-11 -1.94477286e-10 -1.89914280e-15  8.30745595e-16  2.58813651e-05 -2.27666139e-06 -1.28763221e-08  9.98891323e-10]
children:
[ 6.33975715e-02 -1.77270324e-12 -2.85388519e-13  5.12623038e-11 -1.94477286e-10 -1.89914280e-15  8.30745595e-16  2.58813651e-05 -2.35374558e-06 -1.26688945e-08  9.89443546e-10]
[ 6.26725266e-02 -1.76975511e-12 -3.21270321e-13  5.15897098e-11 -2.03065638e-10 -1.89914280e-15  8.30745595e-16  2.60375704e-05 -2.31109713e-06 -1.30395781e-08  9.98891323e-10]
Population scores:
872:[3.19975806e+11 2.51949297e+11]:[ 6.33975715e-02 -1.77270324e-12 -2.85388519e-13  5.12623038e-11 -1.94477286e-10 -1.89914280e-15  8.30745595e-16  2.58813651e-05 -2.27666139e-06 -1.28763221e-08  9.98891323e-10]:11.401313150890699
878:[6.13523134e+11 3.49841708e+11]:[ 6.26725266e-02 -1.76975511e-12 -3.21270321e-13  5.15897098e-11 -2.03065638e-10 -1.89914280e-15  8.30745595e-16  2.60375704e-05 -2.31109713e-06 -1.30395781e-08  9.98891323e-10]:11.543871584469088
839:[6.32031913e+11 3.64521334e+11]:[ 6.26725266e-02 -1.76975511e-12 -2.72903894e-13  5.15897098e-11 -2.03065638e-10 -1.89914280e-15  8.30745595e-16  2.60375704e-05 -2.31109713e-06 -1.30395781e-08  9.98143225e-10]:11.561722951103688
877:[1.39471147e+12 1.18544496e+12]:[ 6.33975715e-02 -1.77270324e-12 -2.85388519e-13  5.12623038e-11 -1.94477286e-10 -1.89914280e-15  8.30745595e-16  2.58813651e-05 -2.35374558e-06 -1.26688945e-08  9.89443546e-10]:12.073881394504488
Selected for new population:
[ 6.33975715e-02 -1.77270324e-12 -2.85388519e-13  5.12623038e-11 -1.94477286e-10 -1.89914280e-15  8.30745595e-16  2.58813651e-05 -2.27666139e-06 -1.28763221e-08  9.98891323e-10]
[ 6.26725266e-02 -1.76975511e-12 -3.21270321e-13  5.15897098e-11 -2.03065638e-10 -1.89914280e-15  8.30745595e-16  2.60375704e-05 -2.31109713e-06 -1.30395781e-08  9.98891323e-10]
Selected: [3 0]
***************
***CROSSOVER***
***************
&&&&&&&&&&&&&&&&&&&&&&&&
&&TOURNAMENT SELECTION&&
&&&&&&&&&&&&&&&&&&&&&&&&
parents:
[ 6.26725266e-02 -1.76975511e-12 -2.72903894e-13  5.15897098e-11 -2.03065638e-10 -1.89914280e-15  8.30745595e-16  2.60375704e-05 -2.31109713e-06 -1.30395781e-08  9.98143225e-10]
[ 6.33975715e-02 -1.77270324e-12 -2.75555494e-13  5.12623038e-11 -1.94477286e-10 -1.98142671e-15  8.20772366e-16  2.69787391e-05 -2.27666139e-06 -1.36017324e-08  9.98891323e-10]
children:
[ 6.33975715e-02 -1.77270324e-12 -2.75555494e-13  5.12623038e-11 -1.94477286e-10 -1.98142671e-15  8.20892776e-16  2.69787391e-05 -2.31109713e-06 -1.30395781e-08  9.98891323e-10]
[ 6.26725266e-02 -1.76975511e-12 -2.72903894e-13  5.15897098e-11 -2.03065638e-10 -1.89914280e-15  8.20772366e-16  2.60375704e-05 -2.27666139e-06 -1.36017324e-08  1.00014720e-09]
Population scores:
866:[4.04841250e+11 2.07431502e+11]:[ 6.33975715e-02 -1.77270324e-12 -2.75555494e-13  5.12623038e-11 -1.94477286e-10 -1.98142671e-15  8.20772366e-16  2.69787391e-05 -2.27666139e-06 -1.36017324e-08  9.98891323e-10]:11.31687471168904
879:[5.29989323e+11 2.34654204e+11]:[ 6.33975715e-02 -1.77270324e-12 -2.75555494e-13  5.12623038e-11 -1.94477286e-10 -1.98142671e-15  8.20892776e-16  2.69787391e-05 -2.31109713e-06 -1.30395781e-08  9.98891323e-10]:11.370428338666743
880:[4.49242271e+11 2.67539734e+11]:[ 6.26725266e-02 -1.76975511e-12 -2.72903894e-13  5.15897098e-11 -2.03065638e-10 -1.89914280e-15  8.20772366e-16  2.60375704e-05 -2.27666139e-06 -1.36017324e-08  1.00014720e-09]:11.427388291689326
839:[6.32031913e+11 3.64521334e+11]:[ 6.26725266e-02 -1.76975511e-12 -2.72903894e-13  5.15897098e-11 -2.03065638e-10 -1.89914280e-15  8.30745595e-16  2.60375704e-05 -2.31109713e-06 -1.30395781e-08  9.98143225e-10]:11.561722951103688
Selected for new population:
[ 6.33975715e-02 -1.77270324e-12 -2.75555494e-13  5.12623038e-11 -1.94477286e-10 -1.98142671e-15  8.20772366e-16  2.69787391e-05 -2.27666139e-06 -1.36017324e-08  9.98891323e-10]
[ 6.33975715e-02 -1.77270324e-12 -2.75555494e-13  5.12623038e-11 -1.94477286e-10 -1.98142671e-15  8.20892776e-16  2.69787391e-05 -2.31109713e-06 -1.30395781e-08  9.98891323e-10]
Selected: [0 1]
***************
***CROSSOVER***
***************
&&&&&&&&&&&&&&&&&&&&&&&&
&&TOURNAMENT SELECTION&&
&&&&&&&&&&&&&&&&&&&&&&&&
parents:
[ 6.33975715e-02 -1.77270324e-12 -2.75555494e-13  5.12623038e-11 -1.94477286e-10 -1.98142671e-15  8.20772366e-16  2.69787391e-05 -2.27666139e-06 -1.36017324e-08  9.98891323e-10]
[ 6.20679878e-02 -1.80316099e-12 -2.78678822e-13  5.14149417e-11 -2.09134954e-10 -1.97285561e-15  8.38718514e-16  2.60580107e-05 -2.29173241e-06 -1.26180904e-08  9.98426370e-10]
children:
[ 6.33975715e-02 -1.80316099e-12 -2.78678822e-13  5.12623038e-11 -2.09134954e-10 -1.97285561e-15  8.38718514e-16  2.60580107e-05 -2.29173241e-06 -7.79718442e-09  9.98426370e-10]
[ 6.20679878e-02 -2.71236502e-12 -3.48589338e-13  5.14149417e-11 -1.94477286e-10 -1.98142671e-15  8.29029946e-16  2.69787391e-05 -2.27666139e-06 -4.13679338e-09  9.03179408e-10]
Population scores:
866:[4.04841250e+11 2.07431502e+11]:[ 6.33975715e-02 -1.77270324e-12 -2.75555494e-13  5.12623038e-11 -1.94477286e-10 -1.98142671e-15  8.20772366e-16  2.69787391e-05 -2.27666139e-06 -1.36017324e-08  9.98891323e-10]:11.31687471168904
868:[3.76829977e+11 2.39142714e+11]:[ 6.20679878e-02 -1.80316099e-12 -2.78678822e-13  5.14149417e-11 -2.09134954e-10 -1.97285561e-15  8.38718514e-16  2.60580107e-05 -2.29173241e-06 -1.26180904e-08  9.98426370e-10]:11.378657154069243
882:[4.43530344e+12 8.64883317e+12]:[ 6.20679878e-02 -2.71236502e-12 -3.48589338e-13  5.14149417e-11 -1.94477286e-10 -1.98142671e-15  8.29029946e-16  2.69787391e-05 -2.27666139e-06 -4.13679338e-09  9.03179408e-10]:12.936957519749186
881:[4.19819621e+12 9.51974391e+12]:[ 6.33975715e-02 -1.80316099e-12 -2.78678822e-13  5.12623038e-11 -2.09134954e-10 -1.97285561e-15  8.38718514e-16  2.60580107e-05 -2.29173241e-06 -7.79718442e-09  9.98426370e-10]:12.978625265591285
Selected for new population:
[ 6.33975715e-02 -1.77270324e-12 -2.75555494e-13  5.12623038e-11 -1.94477286e-10 -1.98142671e-15  8.20772366e-16  2.69787391e-05 -2.27666139e-06 -1.36017324e-08  9.98891323e-10]
[ 6.20679878e-02 -1.80316099e-12 -2.78678822e-13  5.14149417e-11 -2.09134954e-10 -1.97285561e-15  8.38718514e-16  2.60580107e-05 -2.29173241e-06 -1.26180904e-08  9.98426370e-10]
Population scores:
866:[4.04841250e+11 2.07431502e+11]:[ 6.33975715e-02 -1.77270324e-12 -2.75555494e-13  5.12623038e-11 -1.94477286e-10 -1.98142671e-15  8.20772366e-16  2.69787391e-05 -2.27666139e-06 -1.36017324e-08  9.98891323e-10]:11.31687471168904
879:[5.29989323e+11 2.34654204e+11]:[ 6.33975715e-02 -1.77270324e-12 -2.75555494e-13  5.12623038e-11 -1.94477286e-10 -1.98142671e-15  8.20892776e-16  2.69787391e-05 -2.31109713e-06 -1.30395781e-08  9.98891323e-10]:11.370428338666743
868:[3.76829977e+11 2.39142714e+11]:[ 6.20679878e-02 -1.80316099e-12 -2.78678822e-13  5.14149417e-11 -2.09134954e-10 -1.97285561e-15  8.38718514e-16  2.60580107e-05 -2.29173241e-06 -1.26180904e-08  9.98426370e-10]:11.378657154069243
872:[3.19975806e+11 2.51949297e+11]:[ 6.33975715e-02 -1.77270324e-12 -2.85388519e-13  5.12623038e-11 -1.94477286e-10 -1.89914280e-15  8.30745595e-16  2.58813651e-05 -2.27666139e-06 -1.28763221e-08  9.98891323e-10]:11.401313150890699
878:[6.13523134e+11 3.49841708e+11]:[ 6.26725266e-02 -1.76975511e-12 -3.21270321e-13  5.15897098e-11 -2.03065638e-10 -1.89914280e-15  8.30745595e-16  2.60375704e-05 -2.31109713e-06 -1.30395781e-08  9.98891323e-10]:11.543871584469088
839:[6.32031913e+11 3.64521334e+11]:[ 6.26725266e-02 -1.76975511e-12 -2.72903894e-13  5.15897098e-11 -2.03065638e-10 -1.89914280e-15  8.30745595e-16  2.60375704e-05 -2.31109713e-06 -1.30395781e-08  9.98143225e-10]:11.561722951103688
867:[3.59907246e+11 1.01450390e+12]:[ 6.36657132e-02 -1.68154087e-12 -2.78662064e-13  5.24385660e-11 -2.05191292e-10 -1.80887701e-15  8.26588889e-16  2.50688303e-05 -2.22220509e-06 -1.22877939e-08  9.93795146e-10]:12.00625371965298
869:[2.47841565e+13 3.86628312e+13]:[ 5.77363228e-02 -2.45344519e-12 -3.57454340e-13  5.48637472e-11 -1.37385802e-10 -2.64071088e-15  8.66063472e-16  3.15642647e-05 -2.44008909e-06 -1.69954420e-08  9.00377661e-10]:13.587293652985652
*******************************
***iteration: 2 Population is***
*******************************
Population scores:
866:[4.04841250e+11 2.07431502e+11]:[ 6.33975715e-02 -1.77270324e-12 -2.75555494e-13  5.12623038e-11 -1.94477286e-10 -1.98142671e-15  8.20772366e-16  2.69787391e-05 -2.27666139e-06 -1.36017324e-08  9.98891323e-10]:11.31687471168904
879:[5.29989323e+11 2.34654204e+11]:[ 6.33975715e-02 -1.77270324e-12 -2.75555494e-13  5.12623038e-11 -1.94477286e-10 -1.98142671e-15  8.20892776e-16  2.69787391e-05 -2.31109713e-06 -1.30395781e-08  9.98891323e-10]:11.370428338666743
868:[3.76829977e+11 2.39142714e+11]:[ 6.20679878e-02 -1.80316099e-12 -2.78678822e-13  5.14149417e-11 -2.09134954e-10 -1.97285561e-15  8.38718514e-16  2.60580107e-05 -2.29173241e-06 -1.26180904e-08  9.98426370e-10]:11.378657154069243
872:[3.19975806e+11 2.51949297e+11]:[ 6.33975715e-02 -1.77270324e-12 -2.85388519e-13  5.12623038e-11 -1.94477286e-10 -1.89914280e-15  8.30745595e-16  2.58813651e-05 -2.27666139e-06 -1.28763221e-08  9.98891323e-10]:11.401313150890699
878:[6.13523134e+11 3.49841708e+11]:[ 6.26725266e-02 -1.76975511e-12 -3.21270321e-13  5.15897098e-11 -2.03065638e-10 -1.89914280e-15  8.30745595e-16  2.60375704e-05 -2.31109713e-06 -1.30395781e-08  9.98891323e-10]:11.543871584469088
839:[6.32031913e+11 3.64521334e+11]:[ 6.26725266e-02 -1.76975511e-12 -2.72903894e-13  5.15897098e-11 -2.03065638e-10 -1.89914280e-15  8.30745595e-16  2.60375704e-05 -2.31109713e-06 -1.30395781e-08  9.98143225e-10]:11.561722951103688
Selected: [3 2]
***************
***CROSSOVER***
***************
&&&&&&&&&&&&&&&&&&&&&&&&
&&TOURNAMENT SELECTION&&
&&&&&&&&&&&&&&&&&&&&&&&&
parents:
[ 6.33975715e-02 -1.77270324e-12 -2.85388519e-13  5.12623038e-11 -1.94477286e-10 -1.89914280e-15  8.30745595e-16  2.58813651e-05 -2.27666139e-06 -1.28763221e-08  9.98891323e-10]
[ 6.20679878e-02 -1.80316099e-12 -2.78678822e-13  5.14149417e-11 -2.09134954e-10 -1.97285561e-15  8.38718514e-16  2.60580107e-05 -2.29173241e-06 -1.26180904e-08  9.98426370e-10]
children:
[ 6.20679878e-02 -1.80316099e-12 -2.91709038e-13  5.12623038e-11 -2.09134954e-10 -1.97285561e-15  8.30745595e-16  2.65980330e-05 -2.29173241e-06 -1.26180904e-08  9.98426370e-10]
[ 6.33975715e-02 -1.77270324e-12 -2.78678822e-13  5.14149417e-11 -1.94477286e-10 -1.28662735e-15  8.38718514e-16  2.58813651e-05 -2.27666139e-06 -1.28763221e-08  1.04340878e-09]
Population scores:
868:[3.76829977e+11 2.39142714e+11]:[ 6.20679878e-02 -1.80316099e-12 -2.78678822e-13  5.14149417e-11 -2.09134954e-10 -1.97285561e-15  8.38718514e-16  2.60580107e-05 -2.29173241e-06 -1.26180904e-08  9.98426370e-10]:11.378657154069243
872:[3.19975806e+11 2.51949297e+11]:[ 6.33975715e-02 -1.77270324e-12 -2.85388519e-13  5.12623038e-11 -1.94477286e-10 -1.89914280e-15  8.30745595e-16  2.58813651e-05 -2.27666139e-06 -1.28763221e-08  9.98891323e-10]:11.401313150890699
883:[3.64357972e+11 2.84021854e+11]:[ 6.20679878e-02 -1.80316099e-12 -2.91709038e-13  5.12623038e-11 -2.09134954e-10 -1.97285561e-15  8.30745595e-16  2.65980330e-05 -2.29173241e-06 -1.26180904e-08  9.98426370e-10]:11.453351757443626
884:[1.46814122e+12 3.54789280e+12]:[ 6.33975715e-02 -1.77270324e-12 -2.78678822e-13  5.14149417e-11 -1.94477286e-10 -1.28662735e-15  8.38718514e-16  2.58813651e-05 -2.27666139e-06 -1.28763221e-08  1.04340878e-09]:12.549970489152264
Selected for new population:
[ 6.20679878e-02 -1.80316099e-12 -2.78678822e-13  5.14149417e-11 -2.09134954e-10 -1.97285561e-15  8.38718514e-16  2.60580107e-05 -2.29173241e-06 -1.26180904e-08  9.98426370e-10]
[ 6.33975715e-02 -1.77270324e-12 -2.85388519e-13  5.12623038e-11 -1.94477286e-10 -1.89914280e-15  8.30745595e-16  2.58813651e-05 -2.27666139e-06 -1.28763221e-08  9.98891323e-10]
Selected: [3 2]
***************
***CROSSOVER***
***************
&&&&&&&&&&&&&&&&&&&&&&&&
&&TOURNAMENT SELECTION&&
&&&&&&&&&&&&&&&&&&&&&&&&
parents:
[ 6.33975715e-02 -1.77270324e-12 -2.85388519e-13  5.12623038e-11 -1.94477286e-10 -1.89914280e-15  8.30745595e-16  2.58813651e-05 -2.27666139e-06 -1.28763221e-08  9.98891323e-10]
[ 6.20679878e-02 -1.80316099e-12 -2.78678822e-13  5.14149417e-11 -2.09134954e-10 -1.97285561e-15  8.38718514e-16  2.60580107e-05 -2.29173241e-06 -1.26180904e-08  9.98426370e-10]
children:
[ 6.33975715e-02 -1.80316099e-12 -2.22618024e-13  5.12623038e-11 -2.09134954e-10 -1.89914280e-15  8.30745595e-16  2.59105486e-05 -2.29173241e-06 -1.28763221e-08  9.98426370e-10]
[ 6.20679878e-02 -1.77270324e-12 -2.75406715e-13  4.61442733e-11 -1.94477286e-10 -1.97285561e-15  7.71469150e-16  2.58813651e-05 -2.79098199e-06 -1.26180904e-08  9.98891323e-10]
Population scores:
885:[4.11476047e+11 2.33266429e+11]:[ 6.33975715e-02 -1.80316099e-12 -2.22618024e-13  5.12623038e-11 -2.09134954e-10 -1.89914280e-15  8.30745595e-16  2.59105486e-05 -2.29173241e-06 -1.28763221e-08  9.98426370e-10]:11.367852240964003
868:[3.76829977e+11 2.39142714e+11]:[ 6.20679878e-02 -1.80316099e-12 -2.78678822e-13  5.14149417e-11 -2.09134954e-10 -1.97285561e-15  8.38718514e-16  2.60580107e-05 -2.29173241e-06 -1.26180904e-08  9.98426370e-10]:11.378657154069243
872:[3.19975806e+11 2.51949297e+11]:[ 6.33975715e-02 -1.77270324e-12 -2.85388519e-13  5.12623038e-11 -1.94477286e-10 -1.89914280e-15  8.30745595e-16  2.58813651e-05 -2.27666139e-06 -1.28763221e-08  9.98891323e-10]:11.401313150890699
886:[2.38165710e+13 3.92515166e+13]:[ 6.20679878e-02 -1.77270324e-12 -2.75406715e-13  4.61442733e-11 -1.94477286e-10 -1.97285561e-15  7.71469150e-16  2.58813651e-05 -2.79098199e-06 -1.26180904e-08  9.98891323e-10]:13.593856441340206
Selected for new population:
[ 6.33975715e-02 -1.80316099e-12 -2.22618024e-13  5.12623038e-11 -2.09134954e-10 -1.89914280e-15  8.30745595e-16  2.59105486e-05 -2.29173241e-06 -1.28763221e-08  9.98426370e-10]
[ 6.20679878e-02 -1.80316099e-12 -2.78678822e-13  5.14149417e-11 -2.09134954e-10 -1.97285561e-15  8.38718514e-16  2.60580107e-05 -2.29173241e-06 -1.26180904e-08  9.98426370e-10]
Selected: [1 2]
***************
***CROSSOVER***
***************
&&&&&&&&&&&&&&&&&&&&&&&&
&&TOURNAMENT SELECTION&&
&&&&&&&&&&&&&&&&&&&&&&&&
parents:
[ 6.33975715e-02 -1.77270324e-12 -2.75555494e-13  5.12623038e-11 -1.94477286e-10 -1.98142671e-15  8.20892776e-16  2.69787391e-05 -2.31109713e-06 -1.30395781e-08  9.98891323e-10]
[ 6.20679878e-02 -1.80316099e-12 -2.78678822e-13  5.14149417e-11 -2.09134954e-10 -1.97285561e-15  8.38718514e-16  2.60580107e-05 -2.29173241e-06 -1.26180904e-08  9.98426370e-10]
children:
[ 6.20679878e-02 -1.80316099e-12 -2.78678822e-13  5.12623038e-11 -1.45498650e-10 -1.97285561e-15  8.20892776e-16  2.69787391e-05 -2.35963925e-06 -1.30395781e-08  9.98426370e-10]
[ 6.33975715e-02 -2.40571427e-12 -2.29074032e-13  5.14149417e-11 -1.94246502e-10 -1.98142671e-15  8.38718514e-16  2.60580107e-05 -2.29173241e-06 -5.68173416e-09  9.98891323e-10]
Population scores:
879:[5.29989323e+11 2.34654204e+11]:[ 6.33975715e-02 -1.77270324e-12 -2.75555494e-13  5.12623038e-11 -1.94477286e-10 -1.98142671e-15  8.20892776e-16  2.69787391e-05 -2.31109713e-06 -1.30395781e-08  9.98891323e-10]:11.370428338666743
868:[3.76829977e+11 2.39142714e+11]:[ 6.20679878e-02 -1.80316099e-12 -2.78678822e-13  5.14149417e-11 -2.09134954e-10 -1.97285561e-15  8.38718514e-16  2.60580107e-05 -2.29173241e-06 -1.26180904e-08  9.98426370e-10]:11.378657154069243
887:[1.15577186e+12 8.04329273e+11]:[ 6.20679878e-02 -1.80316099e-12 -2.78678822e-13  5.12623038e-11 -1.45498650e-10 -1.97285561e-15  8.20892776e-16  2.69787391e-05 -2.35963925e-06 -1.30395781e-08  9.98426370e-10]:11.905433874632367
888:[8.73284796e+12 1.90954874e+13]:[ 6.33975715e-02 -2.40571427e-12 -2.29074032e-13  5.14149417e-11 -1.94246502e-10 -1.98142671e-15  8.38718514e-16  2.60580107e-05 -2.29173241e-06 -5.68173416e-09  9.98891323e-10]:13.280930748974944
Selected for new population:
[ 6.33975715e-02 -1.77270324e-12 -2.75555494e-13  5.12623038e-11 -1.94477286e-10 -1.98142671e-15  8.20892776e-16  2.69787391e-05 -2.31109713e-06 -1.30395781e-08  9.98891323e-10]
[ 6.20679878e-02 -1.80316099e-12 -2.78678822e-13  5.14149417e-11 -2.09134954e-10 -1.97285561e-15  8.38718514e-16  2.60580107e-05 -2.29173241e-06 -1.26180904e-08  9.98426370e-10]
Population scores:
866:[4.04841250e+11 2.07431502e+11]:[ 6.33975715e-02 -1.77270324e-12 -2.75555494e-13  5.12623038e-11 -1.94477286e-10 -1.98142671e-15  8.20772366e-16  2.69787391e-05 -2.27666139e-06 -1.36017324e-08  9.98891323e-10]:11.31687471168904
885:[4.11476047e+11 2.33266429e+11]:[ 6.33975715e-02 -1.80316099e-12 -2.22618024e-13  5.12623038e-11 -2.09134954e-10 -1.89914280e-15  8.30745595e-16  2.59105486e-05 -2.29173241e-06 -1.28763221e-08  9.98426370e-10]:11.367852240964003
879:[5.29989323e+11 2.34654204e+11]:[ 6.33975715e-02 -1.77270324e-12 -2.75555494e-13  5.12623038e-11 -1.94477286e-10 -1.98142671e-15  8.20892776e-16  2.69787391e-05 -2.31109713e-06 -1.30395781e-08  9.98891323e-10]:11.370428338666743
868:[3.76829977e+11 2.39142714e+11]:[ 6.20679878e-02 -1.80316099e-12 -2.78678822e-13  5.14149417e-11 -2.09134954e-10 -1.97285561e-15  8.38718514e-16  2.60580107e-05 -2.29173241e-06 -1.26180904e-08  9.98426370e-10]:11.378657154069243
872:[3.19975806e+11 2.51949297e+11]:[ 6.33975715e-02 -1.77270324e-12 -2.85388519e-13  5.12623038e-11 -1.94477286e-10 -1.89914280e-15  8.30745595e-16  2.58813651e-05 -2.27666139e-06 -1.28763221e-08  9.98891323e-10]:11.401313150890699
878:[6.13523134e+11 3.49841708e+11]:[ 6.26725266e-02 -1.76975511e-12 -3.21270321e-13  5.15897098e-11 -2.03065638e-10 -1.89914280e-15  8.30745595e-16  2.60375704e-05 -2.31109713e-06 -1.30395781e-08  9.98891323e-10]:11.543871584469088
839:[6.32031913e+11 3.64521334e+11]:[ 6.26725266e-02 -1.76975511e-12 -2.72903894e-13  5.15897098e-11 -2.03065638e-10 -1.89914280e-15  8.30745595e-16  2.60375704e-05 -2.31109713e-06 -1.30395781e-08  9.98143225e-10]:11.561722951103688
*******************************
***iteration: 3 Population is***
*******************************
Population scores:
866:[4.04841250e+11 2.07431502e+11]:[ 6.33975715e-02 -1.77270324e-12 -2.75555494e-13  5.12623038e-11 -1.94477286e-10 -1.98142671e-15  8.20772366e-16  2.69787391e-05 -2.27666139e-06 -1.36017324e-08  9.98891323e-10]:11.31687471168904
885:[4.11476047e+11 2.33266429e+11]:[ 6.33975715e-02 -1.80316099e-12 -2.22618024e-13  5.12623038e-11 -2.09134954e-10 -1.89914280e-15  8.30745595e-16  2.59105486e-05 -2.29173241e-06 -1.28763221e-08  9.98426370e-10]:11.367852240964003
879:[5.29989323e+11 2.34654204e+11]:[ 6.33975715e-02 -1.77270324e-12 -2.75555494e-13  5.12623038e-11 -1.94477286e-10 -1.98142671e-15  8.20892776e-16  2.69787391e-05 -2.31109713e-06 -1.30395781e-08  9.98891323e-10]:11.370428338666743
868:[3.76829977e+11 2.39142714e+11]:[ 6.20679878e-02 -1.80316099e-12 -2.78678822e-13  5.14149417e-11 -2.09134954e-10 -1.97285561e-15  8.38718514e-16  2.60580107e-05 -2.29173241e-06 -1.26180904e-08  9.98426370e-10]:11.378657154069243
872:[3.19975806e+11 2.51949297e+11]:[ 6.33975715e-02 -1.77270324e-12 -2.85388519e-13  5.12623038e-11 -1.94477286e-10 -1.89914280e-15  8.30745595e-16  2.58813651e-05 -2.27666139e-06 -1.28763221e-08  9.98891323e-10]:11.401313150890699
878:[6.13523134e+11 3.49841708e+11]:[ 6.26725266e-02 -1.76975511e-12 -3.21270321e-13  5.15897098e-11 -2.03065638e-10 -1.89914280e-15  8.30745595e-16  2.60375704e-05 -2.31109713e-06 -1.30395781e-08  9.98891323e-10]:11.543871584469088
Selected: [3 5]
***************
***CROSSOVER***
***************
&&&&&&&&&&&&&&&&&&&&&&&&
&&TOURNAMENT SELECTION&&
&&&&&&&&&&&&&&&&&&&&&&&&
parents:
[ 6.20679878e-02 -1.80316099e-12 -2.78678822e-13  5.14149417e-11 -2.09134954e-10 -1.97285561e-15  8.38718514e-16  2.60580107e-05 -2.29173241e-06 -1.26180904e-08  9.98426370e-10]
[ 6.26725266e-02 -1.76975511e-12 -3.21270321e-13  5.15897098e-11 -2.03065638e-10 -1.89914280e-15  8.30745595e-16  2.60375704e-05 -2.31109713e-06 -1.30395781e-08  9.98891323e-10]
children:
[ 6.26725266e-02 -1.76975511e-12 -2.78678822e-13  5.14149417e-11 -2.09134954e-10 -1.89914280e-15  8.38718514e-16  2.61311223e-05 -2.98136045e-06 -1.30395781e-08  9.98891323e-10]
[ 6.20679878e-02 -1.80316099e-12 -3.21270321e-13  5.15897098e-11 -2.03065638e-10 -2.79094668e-15  8.30745595e-16  2.60375704e-05 -2.24535144e-06 -1.26180904e-08  9.98426370e-10]
Population scores:
868:[3.76829977e+11 2.39142714e+11]:[ 6.20679878e-02 -1.80316099e-12 -2.78678822e-13  5.14149417e-11 -2.09134954e-10 -1.97285561e-15  8.38718514e-16  2.60580107e-05 -2.29173241e-06 -1.26180904e-08  9.98426370e-10]:11.378657154069243
890:[3.83616950e+11 3.01686389e+11]:[ 6.20679878e-02 -1.80316099e-12 -3.21270321e-13  5.15897098e-11 -2.03065638e-10 -2.79094668e-15  8.30745595e-16  2.60375704e-05 -2.24535144e-06 -1.26180904e-08  9.98426370e-10]:11.47955571698382
878:[6.13523134e+11 3.49841708e+11]:[ 6.26725266e-02 -1.76975511e-12 -3.21270321e-13  5.15897098e-11 -2.03065638e-10 -1.89914280e-15  8.30745595e-16  2.60375704e-05 -2.31109713e-06 -1.30395781e-08  9.98891323e-10]:11.543871584469088
889:[4.48352889e+13 7.77825206e+13]:[ 6.26725266e-02 -1.76975511e-12 -2.78678822e-13  5.14149417e-11 -2.09134954e-10 -1.89914280e-15  8.38718514e-16  2.61311223e-05 -2.98136045e-06 -1.30395781e-08  9.98891323e-10]:13.890882012923885
Selected for new population:
[ 6.20679878e-02 -1.80316099e-12 -2.78678822e-13  5.14149417e-11 -2.09134954e-10 -1.97285561e-15  8.38718514e-16  2.60580107e-05 -2.29173241e-06 -1.26180904e-08  9.98426370e-10]
[ 6.20679878e-02 -1.80316099e-12 -3.21270321e-13  5.15897098e-11 -2.03065638e-10 -2.79094668e-15  8.30745595e-16  2.60375704e-05 -2.24535144e-06 -1.26180904e-08  9.98426370e-10]
Selected: [1 0]
***************
***CROSSOVER***
***************
&&&&&&&&&&&&&&&&&&&&&&&&
&&TOURNAMENT SELECTION&&
&&&&&&&&&&&&&&&&&&&&&&&&
parents:
[ 6.33975715e-02 -1.80316099e-12 -2.22618024e-13  5.12623038e-11 -2.09134954e-10 -1.89914280e-15  8.30745595e-16  2.59105486e-05 -2.29173241e-06 -1.28763221e-08  9.98426370e-10]
[ 6.33975715e-02 -1.77270324e-12 -2.75555494e-13  5.12623038e-11 -1.94477286e-10 -1.98142671e-15  8.20772366e-16  2.69787391e-05 -2.27666139e-06 -1.36017324e-08  9.98891323e-10]
children:
[ 6.29170275e-02 -1.77270324e-12 -2.22618024e-13  5.12623038e-11 -2.09134954e-10 -2.21184989e-15  8.28410013e-16  2.69729365e-05 -2.32846966e-06 -1.28763221e-08  1.00481252e-09]
[ 6.33975715e-02 -1.80316099e-12 -2.75555494e-13  5.12623038e-11 -1.94477286e-10 -1.13928147e-15  8.12370740e-16  2.59105486e-05 -2.27666139e-06 -1.36017324e-08  9.98891323e-10]
Population scores:
866:[4.04841250e+11 2.07431502e+11]:[ 6.33975715e-02 -1.77270324e-12 -2.75555494e-13  5.12623038e-11 -1.94477286e-10 -1.98142671e-15  8.20772366e-16  2.69787391e-05 -2.27666139e-06 -1.36017324e-08  9.98891323e-10]:11.31687471168904
885:[4.11476047e+11 2.33266429e+11]:[ 6.33975715e-02 -1.80316099e-12 -2.22618024e-13  5.12623038e-11 -2.09134954e-10 -1.89914280e-15  8.30745595e-16  2.59105486e-05 -2.29173241e-06 -1.28763221e-08  9.98426370e-10]:11.367852240964003
891:[6.33406767e+11 2.62467732e+11]:[ 6.29170275e-02 -1.77270324e-12 -2.22618024e-13  5.12623038e-11 -2.09134954e-10 -2.21184989e-15  8.28410013e-16  2.69729365e-05 -2.32846966e-06 -1.28763221e-08  1.00481252e-09]:11.41907591921482
892:[3.04357828e+11 3.34758959e+11]:[ 6.33975715e-02 -1.80316099e-12 -2.75555494e-13  5.12623038e-11 -1.94477286e-10 -1.13928147e-15  8.12370740e-16  2.59105486e-05 -2.27666139e-06 -1.36017324e-08  9.98891323e-10]:11.524732208386112
Selected for new population:
[ 6.33975715e-02 -1.77270324e-12 -2.75555494e-13  5.12623038e-11 -1.94477286e-10 -1.98142671e-15  8.20772366e-16  2.69787391e-05 -2.27666139e-06 -1.36017324e-08  9.98891323e-10]
[ 6.33975715e-02 -1.80316099e-12 -2.22618024e-13  5.12623038e-11 -2.09134954e-10 -1.89914280e-15  8.30745595e-16  2.59105486e-05 -2.29173241e-06 -1.28763221e-08  9.98426370e-10]
Selected: [2 1]
***************
***CROSSOVER***
***************
&&&&&&&&&&&&&&&&&&&&&&&&
&&TOURNAMENT SELECTION&&
&&&&&&&&&&&&&&&&&&&&&&&&
parents:
[ 6.33975715e-02 -1.77270324e-12 -2.75555494e-13  5.12623038e-11 -1.94477286e-10 -1.98142671e-15  8.20892776e-16  2.69787391e-05 -2.31109713e-06 -1.30395781e-08  9.98891323e-10]
[ 6.33975715e-02 -1.80316099e-12 -2.22618024e-13  5.12623038e-11 -2.09134954e-10 -1.89914280e-15  8.30745595e-16  2.59105486e-05 -2.29173241e-06 -1.28763221e-08  9.98426370e-10]
children:
[ 6.33975715e-02 -1.80316099e-12 -2.22618024e-13  5.12623038e-11 -1.94477286e-10 -1.99117217e-15  8.20892776e-16  2.59105486e-05 -2.29173241e-06 -1.28763221e-08  9.98891323e-10]
[ 5.39660419e-02 -1.77270324e-12 -2.75555494e-13  5.12623038e-11 -2.09134954e-10 -1.89914280e-15  8.30745595e-16  2.69267973e-05 -2.31109713e-06 -1.37581870e-08  9.98426370e-10]
Population scores:
893:[4.37693200e+11 2.32877534e+11]:[ 6.33975715e-02 -1.80316099e-12 -2.22618024e-13  5.12623038e-11 -1.94477286e-10 -1.99117217e-15  8.20892776e-16  2.59105486e-05 -2.29173241e-06 -1.28763221e-08  9.98891323e-10]:11.367127592679479
885:[4.11476047e+11 2.33266429e+11]:[ 6.33975715e-02 -1.80316099e-12 -2.22618024e-13  5.12623038e-11 -2.09134954e-10 -1.89914280e-15  8.30745595e-16  2.59105486e-05 -2.29173241e-06 -1.28763221e-08  9.98426370e-10]:11.367852240964003
879:[5.29989323e+11 2.34654204e+11]:[ 6.33975715e-02 -1.77270324e-12 -2.75555494e-13  5.12623038e-11 -1.94477286e-10 -1.98142671e-15  8.20892776e-16  2.69787391e-05 -2.31109713e-06 -1.30395781e-08  9.98891323e-10]:11.370428338666743
894:[8.03325410e+11 5.26587682e+11]:[ 5.39660419e-02 -1.77270324e-12 -2.75555494e-13  5.12623038e-11 -2.09134954e-10 -1.89914280e-15  8.30745595e-16  2.69267973e-05 -2.31109713e-06 -1.37581870e-08  9.98426370e-10]:11.721470695745419
Selected for new population:
[ 6.33975715e-02 -1.80316099e-12 -2.22618024e-13  5.12623038e-11 -1.94477286e-10 -1.99117217e-15  8.20892776e-16  2.59105486e-05 -2.29173241e-06 -1.28763221e-08  9.98891323e-10]
[ 6.33975715e-02 -1.80316099e-12 -2.22618024e-13  5.12623038e-11 -2.09134954e-10 -1.89914280e-15  8.30745595e-16  2.59105486e-05 -2.29173241e-06 -1.28763221e-08  9.98426370e-10]
Population scores:
866:[4.04841250e+11 2.07431502e+11]:[ 6.33975715e-02 -1.77270324e-12 -2.75555494e-13  5.12623038e-11 -1.94477286e-10 -1.98142671e-15  8.20772366e-16  2.69787391e-05 -2.27666139e-06 -1.36017324e-08  9.98891323e-10]:11.31687471168904
893:[4.37693200e+11 2.32877534e+11]:[ 6.33975715e-02 -1.80316099e-12 -2.22618024e-13  5.12623038e-11 -1.94477286e-10 -1.99117217e-15  8.20892776e-16  2.59105486e-05 -2.29173241e-06 -1.28763221e-08  9.98891323e-10]:11.367127592679479
885:[4.11476047e+11 2.33266429e+11]:[ 6.33975715e-02 -1.80316099e-12 -2.22618024e-13  5.12623038e-11 -2.09134954e-10 -1.89914280e-15  8.30745595e-16  2.59105486e-05 -2.29173241e-06 -1.28763221e-08  9.98426370e-10]:11.367852240964003
879:[5.29989323e+11 2.34654204e+11]:[ 6.33975715e-02 -1.77270324e-12 -2.75555494e-13  5.12623038e-11 -1.94477286e-10 -1.98142671e-15  8.20892776e-16  2.69787391e-05 -2.31109713e-06 -1.30395781e-08  9.98891323e-10]:11.370428338666743
868:[3.76829977e+11 2.39142714e+11]:[ 6.20679878e-02 -1.80316099e-12 -2.78678822e-13  5.14149417e-11 -2.09134954e-10 -1.97285561e-15  8.38718514e-16  2.60580107e-05 -2.29173241e-06 -1.26180904e-08  9.98426370e-10]:11.378657154069243
872:[3.19975806e+11 2.51949297e+11]:[ 6.33975715e-02 -1.77270324e-12 -2.85388519e-13  5.12623038e-11 -1.94477286e-10 -1.89914280e-15  8.30745595e-16  2.58813651e-05 -2.27666139e-06 -1.28763221e-08  9.98891323e-10]:11.401313150890699
890:[3.83616950e+11 3.01686389e+11]:[ 6.20679878e-02 -1.80316099e-12 -3.21270321e-13  5.15897098e-11 -2.03065638e-10 -2.79094668e-15  8.30745595e-16  2.60375704e-05 -2.24535144e-06 -1.26180904e-08  9.98426370e-10]:11.47955571698382
878:[6.13523134e+11 3.49841708e+11]:[ 6.26725266e-02 -1.76975511e-12 -3.21270321e-13  5.15897098e-11 -2.03065638e-10 -1.89914280e-15  8.30745595e-16  2.60375704e-05 -2.31109713e-06 -1.30395781e-08  9.98891323e-10]:11.543871584469088
%%%%%%%%%%%%%%%%%%%%%%%%%
%%%final - population%%%%
%%%%%%%%%%%%%%%%%%%%%%%%%
866:[ 6.33975715e-02 -1.77270324e-12 -2.75555494e-13  5.12623038e-11 -1.94477286e-10 -1.98142671e-15  8.20772366e-16  2.69787391e-05 -2.27666139e-06 -1.36017324e-08  9.98891323e-10]:[4.04841250e+11 2.07431502e+11]
893:[ 6.33975715e-02 -1.80316099e-12 -2.22618024e-13  5.12623038e-11 -1.94477286e-10 -1.99117217e-15  8.20892776e-16  2.59105486e-05 -2.29173241e-06 -1.28763221e-08  9.98891323e-10]:[4.37693200e+11 2.32877534e+11]
885:[ 6.33975715e-02 -1.80316099e-12 -2.22618024e-13  5.12623038e-11 -2.09134954e-10 -1.89914280e-15  8.30745595e-16  2.59105486e-05 -2.29173241e-06 -1.28763221e-08  9.98426370e-10]:[4.11476047e+11 2.33266429e+11]
879:[ 6.33975715e-02 -1.77270324e-12 -2.75555494e-13  5.12623038e-11 -1.94477286e-10 -1.98142671e-15  8.20892776e-16  2.69787391e-05 -2.31109713e-06 -1.30395781e-08  9.98891323e-10]:[5.29989323e+11 2.34654204e+11]
868:[ 6.20679878e-02 -1.80316099e-12 -2.78678822e-13  5.14149417e-11 -2.09134954e-10 -1.97285561e-15  8.38718514e-16  2.60580107e-05 -2.29173241e-06 -1.26180904e-08  9.98426370e-10]:[3.76829977e+11 2.39142714e+11]
872:[ 6.33975715e-02 -1.77270324e-12 -2.85388519e-13  5.12623038e-11 -1.94477286e-10 -1.89914280e-15  8.30745595e-16  2.58813651e-05 -2.27666139e-06 -1.28763221e-08  9.98891323e-10]:[3.19975806e+11 2.51949297e+11]
