Generating Population from
[ 6.33975715e-02 -1.80316099e-12 -2.22618024e-13  5.12623038e-11 -1.94477286e-10 -1.99117217e-15  8.20892776e-16  2.59105486e-05 -2.29173241e-06 -1.28763221e-08  9.98891323e-10]
[ 6.33975715e-02 -1.77270324e-12 -2.75555494e-13  5.12623038e-11 -1.94477286e-10 -1.98142671e-15  8.20892776e-16  2.69787391e-05 -2.31109713e-06 -1.30395781e-08  9.98891323e-10]
*******************************
***iteration: 0 Population is***
*******************************
Population scores:
898:[4.89086272e+11 2.19738668e+11]:[ 6.33986143e-02 -1.84259966e-12 -2.71035711e-13  5.15751870e-11 -1.96713799e-10 -1.98966929e-15  8.28600252e-16  2.77284984e-05 -2.30343729e-06 -1.37820111e-08  1.00498701e-09]:11.3419064877014
893:[4.37693200e+11 2.32877534e+11]:[ 6.33975715e-02 -1.80316099e-12 -2.22618024e-13  5.12623038e-11 -1.94477286e-10 -1.99117217e-15  8.20892776e-16  2.59105486e-05 -2.29173241e-06 -1.28763221e-08  9.98891323e-10]:11.367127592679479
879:[5.29989323e+11 2.34654204e+11]:[ 6.33975715e-02 -1.77270324e-12 -2.75555494e-13  5.12623038e-11 -1.94477286e-10 -1.98142671e-15  8.20892776e-16  2.69787391e-05 -2.31109713e-06 -1.30395781e-08  9.98891323e-10]:11.370428338666743
895:[2.91401692e+11 4.65227319e+11]:[ 6.29886694e-02 -1.81664016e-12 -2.24650522e-13  5.14150129e-11 -1.92839787e-10 -1.94674300e-15  8.13000460e-16  2.59414469e-05 -2.26627923e-06 -1.25920199e-08  1.00033747e-09]:11.667665209041958
899:[9.77162563e+11 5.88324275e+11]:[ 6.29991731e-02 -1.84908472e-12 -2.66803240e-13  5.20532333e-11 -2.01106402e-10 -2.07493329e-15  8.19182347e-16  2.67811482e-05 -2.35608809e-06 -1.29293492e-08  1.00374671e-09]:11.76961676828982
896:[9.57228057e+11 8.02717053e+11]:[ 6.29756336e-02 -1.73901541e-12 -2.18698284e-13  5.13794280e-11 -1.94385431e-10 -1.94010535e-15  8.16643475e-16  2.54909405e-05 -2.29624540e-06 -1.37094528e-08  9.97863504e-10]:11.90456248904108
900:[1.58423012e+13 3.67994475e+13]:[ 6.55628530e-02 -8.84757328e-13 -3.14059884e-13  6.03449458e-11 -2.80802516e-10 -2.39931568e-15  8.61394026e-16  1.96842965e-05 -1.71919752e-06 -1.24348016e-08  1.01524517e-09]:13.565841297933037
897:[4.02265285e+13 8.99397559e+13]:[ 5.57074283e-02 -2.67975974e-12 -2.47159558e-13  5.16826331e-11 -1.04567013e-10 -2.35949382e-15  8.05809851e-16  3.41022855e-05 -1.31429409e-06 -1.62951606e-08  9.06679681e-10]:13.953951704383876
Selected: [5 1]
***************
***CROSSOVER***
***************
&&&&&&&&&&&&&&&&&&&&&&&&
&&TOURNAMENT SELECTION&&
&&&&&&&&&&&&&&&&&&&&&&&&
parents:
[ 6.29756336e-02 -1.73901541e-12 -2.18698284e-13  5.13794280e-11 -1.94385431e-10 -1.94010535e-15  8.16643475e-16  2.54909405e-05 -2.29624540e-06 -1.37094528e-08  9.97863504e-10]
[ 6.33975715e-02 -1.80316099e-12 -2.22618024e-13  5.12623038e-11 -1.94477286e-10 -1.99117217e-15  8.20892776e-16  2.59105486e-05 -2.29173241e-06 -1.28763221e-08  9.98891323e-10]
children:
[ 6.29756336e-02 -1.77076902e-12 -2.18698284e-13  5.13794280e-11 -1.94477286e-10 -1.94010535e-15  8.20892776e-16  2.59105486e-05 -2.29173241e-06 -1.95357735e-08  9.97863504e-10]
[ 6.33975715e-02 -1.73901541e-12 -2.22618024e-13  5.12623038e-11 -1.94212016e-10 -1.99117217e-15  8.16643475e-16  2.54909405e-05 -2.29624540e-06 -1.37094528e-08  9.98891323e-10]
Population scores:
893:[4.37693200e+11 2.32877534e+11]:[ 6.33975715e-02 -1.80316099e-12 -2.22618024e-13  5.12623038e-11 -1.94477286e-10 -1.99117217e-15  8.20892776e-16  2.59105486e-05 -2.29173241e-06 -1.28763221e-08  9.98891323e-10]:11.367127592679479
902:[9.65522614e+11 7.96845932e+11]:[ 6.33975715e-02 -1.73901541e-12 -2.22618024e-13  5.12623038e-11 -1.94212016e-10 -1.99117217e-15  8.16643475e-16  2.54909405e-05 -2.29624540e-06 -1.37094528e-08  9.98891323e-10]:11.901374360001526
896:[9.57228057e+11 8.02717053e+11]:[ 6.29756336e-02 -1.73901541e-12 -2.18698284e-13  5.13794280e-11 -1.94385431e-10 -1.94010535e-15  8.16643475e-16  2.54909405e-05 -2.29624540e-06 -1.37094528e-08  9.97863504e-10]:11.90456248904108
901:[1.06921137e+13 1.72594354e+13]:[ 6.29756336e-02 -1.77076902e-12 -2.18698284e-13  5.13794280e-11 -1.94477286e-10 -1.94010535e-15  8.20892776e-16  2.59105486e-05 -2.29173241e-06 -1.95357735e-08  9.97863504e-10]:13.237026585759244
Selected for new population:
[ 6.33975715e-02 -1.80316099e-12 -2.22618024e-13  5.12623038e-11 -1.94477286e-10 -1.99117217e-15  8.20892776e-16  2.59105486e-05 -2.29173241e-06 -1.28763221e-08  9.98891323e-10]
[ 6.33975715e-02 -1.73901541e-12 -2.22618024e-13  5.12623038e-11 -1.94212016e-10 -1.99117217e-15  8.16643475e-16  2.54909405e-05 -2.29624540e-06 -1.37094528e-08  9.98891323e-10]
Selected: [2 1]
***************
***CROSSOVER***
***************
&&&&&&&&&&&&&&&&&&&&&&&&
&&TOURNAMENT SELECTION&&
&&&&&&&&&&&&&&&&&&&&&&&&
parents:
[ 6.33975715e-02 -1.77270324e-12 -2.75555494e-13  5.12623038e-11 -1.94477286e-10 -1.98142671e-15  8.20892776e-16  2.69787391e-05 -2.31109713e-06 -1.30395781e-08  9.98891323e-10]
[ 6.33975715e-02 -1.80316099e-12 -2.22618024e-13  5.12623038e-11 -1.94477286e-10 -1.99117217e-15  8.20892776e-16  2.59105486e-05 -2.29173241e-06 -1.28763221e-08  9.98891323e-10]
children:
[ 6.32259216e-02 -1.85378396e-12 -2.22618024e-13  5.22344947e-11 -1.94477286e-10 -1.99117217e-15  8.20892776e-16  2.59105486e-05 -2.31109713e-06 -1.30395781e-08  1.06513771e-09]
[ 6.33975715e-02 -1.80316099e-12 -2.75555494e-13  5.12623038e-11 -1.94477286e-10 -1.98142671e-15  8.20892776e-16  2.69787391e-05 -2.29173241e-06 -1.28763221e-08  9.98891323e-10]
Population scores:
893:[4.37693200e+11 2.32877534e+11]:[ 6.33975715e-02 -1.80316099e-12 -2.22618024e-13  5.12623038e-11 -1.94477286e-10 -1.99117217e-15  8.20892776e-16  2.59105486e-05 -2.29173241e-06 -1.28763221e-08  9.98891323e-10]:11.367127592679479
879:[5.29989323e+11 2.34654204e+11]:[ 6.33975715e-02 -1.77270324e-12 -2.75555494e-13  5.12623038e-11 -1.94477286e-10 -1.98142671e-15  8.20892776e-16  2.69787391e-05 -2.31109713e-06 -1.30395781e-08  9.98891323e-10]:11.370428338666743
904:[3.74600587e+11 2.55533904e+11]:[ 6.33975715e-02 -1.80316099e-12 -2.75555494e-13  5.12623038e-11 -1.94477286e-10 -1.98142671e-15  8.20892776e-16  2.69787391e-05 -2.29173241e-06 -1.28763221e-08  9.98891323e-10]:11.407448530872353
903:[8.58607127e+11 2.59530639e+12]:[ 6.32259216e-02 -1.85378396e-12 -2.22618024e-13  5.22344947e-11 -1.94477286e-10 -1.99117217e-15  8.20892776e-16  2.59105486e-05 -2.31109713e-06 -1.30395781e-08  1.06513771e-09]:12.41418863587568
Selected for new population:
[ 6.33975715e-02 -1.80316099e-12 -2.22618024e-13  5.12623038e-11 -1.94477286e-10 -1.99117217e-15  8.20892776e-16  2.59105486e-05 -2.29173241e-06 -1.28763221e-08  9.98891323e-10]
[ 6.33975715e-02 -1.77270324e-12 -2.75555494e-13  5.12623038e-11 -1.94477286e-10 -1.98142671e-15  8.20892776e-16  2.69787391e-05 -2.31109713e-06 -1.30395781e-08  9.98891323e-10]
Selected: [0 1]
***************
***CROSSOVER***
***************
&&&&&&&&&&&&&&&&&&&&&&&&
&&TOURNAMENT SELECTION&&
&&&&&&&&&&&&&&&&&&&&&&&&
parents:
[ 6.33986143e-02 -1.84259966e-12 -2.71035711e-13  5.15751870e-11 -1.96713799e-10 -1.98966929e-15  8.28600252e-16  2.77284984e-05 -2.30343729e-06 -1.37820111e-08  1.00498701e-09]
[ 6.33975715e-02 -1.80316099e-12 -2.22618024e-13  5.12623038e-11 -1.94477286e-10 -1.99117217e-15  8.20892776e-16  2.59105486e-05 -2.29173241e-06 -1.28763221e-08  9.98891323e-10]
children:
[ 6.33975715e-02 -1.87114329e-12 -2.23101312e-13  5.12623038e-11 -1.63688787e-10 -1.99117217e-15  8.20892776e-16  2.59105486e-05 -2.30343729e-06 -1.28763221e-08  1.00498701e-09]
[ 6.33986143e-02 -1.84259966e-12 -2.71035711e-13  5.15751870e-11 -1.96713799e-10 -1.98966929e-15  8.28600252e-16  2.77284984e-05 -2.31663300e-06 -1.37820111e-08  9.98891323e-10]
Population scores:
898:[4.89086272e+11 2.19738668e+11]:[ 6.33986143e-02 -1.84259966e-12 -2.71035711e-13  5.15751870e-11 -1.96713799e-10 -1.98966929e-15  8.28600252e-16  2.77284984e-05 -2.30343729e-06 -1.37820111e-08  1.00498701e-09]:11.3419064877014
893:[4.37693200e+11 2.32877534e+11]:[ 6.33975715e-02 -1.80316099e-12 -2.22618024e-13  5.12623038e-11 -1.94477286e-10 -1.99117217e-15  8.20892776e-16  2.59105486e-05 -2.29173241e-06 -1.28763221e-08  9.98891323e-10]:11.367127592679479
905:[4.25494245e+11 2.37294112e+11]:[ 6.33975715e-02 -1.87114329e-12 -2.23101312e-13  5.12623038e-11 -1.63688787e-10 -1.99117217e-15  8.20892776e-16  2.59105486e-05 -2.30343729e-06 -1.28763221e-08  1.00498701e-09]:11.375286961351499
906:[7.76169899e+11 4.19514187e+11]:[ 6.33986143e-02 -1.84259966e-12 -2.71035711e-13  5.15751870e-11 -1.96713799e-10 -1.98966929e-15  8.28600252e-16  2.77284984e-05 -2.31663300e-06 -1.37820111e-08  9.98891323e-10]:11.622746652071744
Selected for new population:
[ 6.33986143e-02 -1.84259966e-12 -2.71035711e-13  5.15751870e-11 -1.96713799e-10 -1.98966929e-15  8.28600252e-16  2.77284984e-05 -2.30343729e-06 -1.37820111e-08  1.00498701e-09]
[ 6.33975715e-02 -1.80316099e-12 -2.22618024e-13  5.12623038e-11 -1.94477286e-10 -1.99117217e-15  8.20892776e-16  2.59105486e-05 -2.29173241e-06 -1.28763221e-08  9.98891323e-10]
Selected: [2 0]
***************
***CROSSOVER***
***************
&&&&&&&&&&&&&&&&&&&&&&&&
&&TOURNAMENT SELECTION&&
&&&&&&&&&&&&&&&&&&&&&&&&
parents:
[ 6.33975715e-02 -1.77270324e-12 -2.75555494e-13  5.12623038e-11 -1.94477286e-10 -1.98142671e-15  8.20892776e-16  2.69787391e-05 -2.31109713e-06 -1.30395781e-08  9.98891323e-10]
[ 6.33986143e-02 -1.84259966e-12 -2.71035711e-13  5.15751870e-11 -1.96713799e-10 -1.98966929e-15  8.28600252e-16  2.77284984e-05 -2.30343729e-06 -1.37820111e-08  1.00498701e-09]
children:
[ 6.33986143e-02 -1.84259966e-12 -2.71035711e-13  5.87217866e-11 -1.94477286e-10 -2.06125373e-15  8.20892776e-16  2.84625942e-05 -2.30343729e-06 -1.35451469e-08  1.00498701e-09]
[ 6.33975715e-02 -1.77270324e-12 -2.75555494e-13  5.12265718e-11 -1.96713799e-10 -1.98142671e-15  8.28600252e-16  2.69787391e-05 -2.31109713e-06 -1.37820111e-08  9.93911228e-10]
Population scores:
898:[4.89086272e+11 2.19738668e+11]:[ 6.33986143e-02 -1.84259966e-12 -2.71035711e-13  5.15751870e-11 -1.96713799e-10 -1.98966929e-15  8.28600252e-16  2.77284984e-05 -2.30343729e-06 -1.37820111e-08  1.00498701e-09]:11.3419064877014
907:[4.16752041e+11 2.27726163e+11]:[ 6.33986143e-02 -1.84259966e-12 -2.71035711e-13  5.87217866e-11 -1.94477286e-10 -2.06125373e-15  8.20892776e-16  2.84625942e-05 -2.30343729e-06 -1.35451469e-08  1.00498701e-09]:11.357412928297345
879:[5.29989323e+11 2.34654204e+11]:[ 6.33975715e-02 -1.77270324e-12 -2.75555494e-13  5.12623038e-11 -1.94477286e-10 -1.98142671e-15  8.20892776e-16  2.69787391e-05 -2.31109713e-06 -1.30395781e-08  9.98891323e-10]:11.370428338666743
908:[1.02792236e+12 7.46630734e+11]:[ 6.33975715e-02 -1.77270324e-12 -2.75555494e-13  5.12265718e-11 -1.96713799e-10 -1.98142671e-15  8.28600252e-16  2.69787391e-05 -2.31109713e-06 -1.37820111e-08  9.93911228e-10]:11.873105862996688
Selected for new population:
[ 6.33986143e-02 -1.84259966e-12 -2.71035711e-13  5.15751870e-11 -1.96713799e-10 -1.98966929e-15  8.28600252e-16  2.77284984e-05 -2.30343729e-06 -1.37820111e-08  1.00498701e-09]
[ 6.33986143e-02 -1.84259966e-12 -2.71035711e-13  5.87217866e-11 -1.94477286e-10 -2.06125373e-15  8.20892776e-16  2.84625942e-05 -2.30343729e-06 -1.35451469e-08  1.00498701e-09]
Population scores:
898:[4.89086272e+11 2.19738668e+11]:[ 6.33986143e-02 -1.84259966e-12 -2.71035711e-13  5.15751870e-11 -1.96713799e-10 -1.98966929e-15  8.28600252e-16  2.77284984e-05 -2.30343729e-06 -1.37820111e-08  1.00498701e-09]:11.3419064877014
907:[4.16752041e+11 2.27726163e+11]:[ 6.33986143e-02 -1.84259966e-12 -2.71035711e-13  5.87217866e-11 -1.94477286e-10 -2.06125373e-15  8.20892776e-16  2.84625942e-05 -2.30343729e-06 -1.35451469e-08  1.00498701e-09]:11.357412928297345
893:[4.37693200e+11 2.32877534e+11]:[ 6.33975715e-02 -1.80316099e-12 -2.22618024e-13  5.12623038e-11 -1.94477286e-10 -1.99117217e-15  8.20892776e-16  2.59105486e-05 -2.29173241e-06 -1.28763221e-08  9.98891323e-10]:11.367127592679479
879:[5.29989323e+11 2.34654204e+11]:[ 6.33975715e-02 -1.77270324e-12 -2.75555494e-13  5.12623038e-11 -1.94477286e-10 -1.98142671e-15  8.20892776e-16  2.69787391e-05 -2.31109713e-06 -1.30395781e-08  9.98891323e-10]:11.370428338666743
895:[2.91401692e+11 4.65227319e+11]:[ 6.29886694e-02 -1.81664016e-12 -2.24650522e-13  5.14150129e-11 -1.92839787e-10 -1.94674300e-15  8.13000460e-16  2.59414469e-05 -2.26627923e-06 -1.25920199e-08  1.00033747e-09]:11.667665209041958
899:[9.77162563e+11 5.88324275e+11]:[ 6.29991731e-02 -1.84908472e-12 -2.66803240e-13  5.20532333e-11 -2.01106402e-10 -2.07493329e-15  8.19182347e-16  2.67811482e-05 -2.35608809e-06 -1.29293492e-08  1.00374671e-09]:11.76961676828982
902:[9.65522614e+11 7.96845932e+11]:[ 6.33975715e-02 -1.73901541e-12 -2.22618024e-13  5.12623038e-11 -1.94212016e-10 -1.99117217e-15  8.16643475e-16  2.54909405e-05 -2.29624540e-06 -1.37094528e-08  9.98891323e-10]:11.901374360001526
896:[9.57228057e+11 8.02717053e+11]:[ 6.29756336e-02 -1.73901541e-12 -2.18698284e-13  5.13794280e-11 -1.94385431e-10 -1.94010535e-15  8.16643475e-16  2.54909405e-05 -2.29624540e-06 -1.37094528e-08  9.97863504e-10]:11.90456248904108
900:[1.58423012e+13 3.67994475e+13]:[ 6.55628530e-02 -8.84757328e-13 -3.14059884e-13  6.03449458e-11 -2.80802516e-10 -2.39931568e-15  8.61394026e-16  1.96842965e-05 -1.71919752e-06 -1.24348016e-08  1.01524517e-09]:13.565841297933037
897:[4.02265285e+13 8.99397559e+13]:[ 5.57074283e-02 -2.67975974e-12 -2.47159558e-13  5.16826331e-11 -1.04567013e-10 -2.35949382e-15  8.05809851e-16  3.41022855e-05 -1.31429409e-06 -1.62951606e-08  9.06679681e-10]:13.953951704383876
*******************************
***iteration: 1 Population is***
*******************************
Population scores:
898:[4.89086272e+11 2.19738668e+11]:[ 6.33986143e-02 -1.84259966e-12 -2.71035711e-13  5.15751870e-11 -1.96713799e-10 -1.98966929e-15  8.28600252e-16  2.77284984e-05 -2.30343729e-06 -1.37820111e-08  1.00498701e-09]:11.3419064877014
907:[4.16752041e+11 2.27726163e+11]:[ 6.33986143e-02 -1.84259966e-12 -2.71035711e-13  5.87217866e-11 -1.94477286e-10 -2.06125373e-15  8.20892776e-16  2.84625942e-05 -2.30343729e-06 -1.35451469e-08  1.00498701e-09]:11.357412928297345
893:[4.37693200e+11 2.32877534e+11]:[ 6.33975715e-02 -1.80316099e-12 -2.22618024e-13  5.12623038e-11 -1.94477286e-10 -1.99117217e-15  8.20892776e-16  2.59105486e-05 -2.29173241e-06 -1.28763221e-08  9.98891323e-10]:11.367127592679479
879:[5.29989323e+11 2.34654204e+11]:[ 6.33975715e-02 -1.77270324e-12 -2.75555494e-13  5.12623038e-11 -1.94477286e-10 -1.98142671e-15  8.20892776e-16  2.69787391e-05 -2.31109713e-06 -1.30395781e-08  9.98891323e-10]:11.370428338666743
895:[2.91401692e+11 4.65227319e+11]:[ 6.29886694e-02 -1.81664016e-12 -2.24650522e-13  5.14150129e-11 -1.92839787e-10 -1.94674300e-15  8.13000460e-16  2.59414469e-05 -2.26627923e-06 -1.25920199e-08  1.00033747e-09]:11.667665209041958
899:[9.77162563e+11 5.88324275e+11]:[ 6.29991731e-02 -1.84908472e-12 -2.66803240e-13  5.20532333e-11 -2.01106402e-10 -2.07493329e-15  8.19182347e-16  2.67811482e-05 -2.35608809e-06 -1.29293492e-08  1.00374671e-09]:11.76961676828982
902:[9.65522614e+11 7.96845932e+11]:[ 6.33975715e-02 -1.73901541e-12 -2.22618024e-13  5.12623038e-11 -1.94212016e-10 -1.99117217e-15  8.16643475e-16  2.54909405e-05 -2.29624540e-06 -1.37094528e-08  9.98891323e-10]:11.901374360001526
896:[9.57228057e+11 8.02717053e+11]:[ 6.29756336e-02 -1.73901541e-12 -2.18698284e-13  5.13794280e-11 -1.94385431e-10 -1.94010535e-15  8.16643475e-16  2.54909405e-05 -2.29624540e-06 -1.37094528e-08  9.97863504e-10]:11.90456248904108
Selected: [0 2]
***************
***CROSSOVER***
***************
&&&&&&&&&&&&&&&&&&&&&&&&
&&TOURNAMENT SELECTION&&
&&&&&&&&&&&&&&&&&&&&&&&&
parents:
[ 6.33986143e-02 -1.84259966e-12 -2.71035711e-13  5.15751870e-11 -1.96713799e-10 -1.98966929e-15  8.28600252e-16  2.77284984e-05 -2.30343729e-06 -1.37820111e-08  1.00498701e-09]
[ 6.33975715e-02 -1.80316099e-12 -2.22618024e-13  5.12623038e-11 -1.94477286e-10 -1.99117217e-15  8.20892776e-16  2.59105486e-05 -2.29173241e-06 -1.28763221e-08  9.98891323e-10]
children:
[ 6.33975715e-02 -1.80316099e-12 -2.71035711e-13  5.92879695e-11 -1.94477286e-10 -1.95591583e-15  8.20892776e-16  2.59105486e-05 -2.29173241e-06 -1.19091730e-08  9.98891323e-10]
[ 6.33986143e-02 -1.84259966e-12 -2.22618024e-13  5.15751870e-11 -1.96713799e-10 -1.99117217e-15  8.28600252e-16  3.44558590e-05 -2.30343729e-06 -1.37820111e-08  7.62901702e-10]
Population scores:
898:[4.89086272e+11 2.19738668e+11]:[ 6.33986143e-02 -1.84259966e-12 -2.71035711e-13  5.15751870e-11 -1.96713799e-10 -1.98966929e-15  8.28600252e-16  2.77284984e-05 -2.30343729e-06 -1.37820111e-08  1.00498701e-09]:11.3419064877014
893:[4.37693200e+11 2.32877534e+11]:[ 6.33975715e-02 -1.80316099e-12 -2.22618024e-13  5.12623038e-11 -1.94477286e-10 -1.99117217e-15  8.20892776e-16  2.59105486e-05 -2.29173241e-06 -1.28763221e-08  9.98891323e-10]:11.367127592679479
909:[3.68188097e+11 5.12229505e+11]:[ 6.33975715e-02 -1.80316099e-12 -2.71035711e-13  5.92879695e-11 -1.94477286e-10 -1.95591583e-15  8.20892776e-16  2.59105486e-05 -2.29173241e-06 -1.19091730e-08  9.98891323e-10]:11.709464590564615
910:[1.98996494e+13 2.96573749e+13]:[ 6.33986143e-02 -1.84259966e-12 -2.22618024e-13  5.15751870e-11 -1.96713799e-10 -1.99117217e-15  8.28600252e-16  3.44558590e-05 -2.30343729e-06 -1.37820111e-08  7.62901702e-10]:13.472132707765562
Selected for new population:
[ 6.33986143e-02 -1.84259966e-12 -2.71035711e-13  5.15751870e-11 -1.96713799e-10 -1.98966929e-15  8.28600252e-16  2.77284984e-05 -2.30343729e-06 -1.37820111e-08  1.00498701e-09]
[ 6.33975715e-02 -1.80316099e-12 -2.22618024e-13  5.12623038e-11 -1.94477286e-10 -1.99117217e-15  8.20892776e-16  2.59105486e-05 -2.29173241e-06 -1.28763221e-08  9.98891323e-10]
Selected: [3 4]
***************
***CROSSOVER***
***************
&&&&&&&&&&&&&&&&&&&&&&&&
&&TOURNAMENT SELECTION&&
&&&&&&&&&&&&&&&&&&&&&&&&
parents:
[ 6.33975715e-02 -1.77270324e-12 -2.75555494e-13  5.12623038e-11 -1.94477286e-10 -1.98142671e-15  8.20892776e-16  2.69787391e-05 -2.31109713e-06 -1.30395781e-08  9.98891323e-10]
[ 6.29886694e-02 -1.81664016e-12 -2.24650522e-13  5.14150129e-11 -1.92839787e-10 -1.94674300e-15  8.13000460e-16  2.59414469e-05 -2.26627923e-06 -1.25920199e-08  1.00033747e-09]
children:
[ 6.33975715e-02 -1.77270324e-12 -2.75555494e-13  5.14150129e-11 -1.94477286e-10 -1.94674300e-15  8.13000460e-16  2.69787391e-05 -2.26627923e-06 -1.30395781e-08  1.00033747e-09]
[ 6.29886694e-02 -1.81664016e-12 -2.24650522e-13  5.12623038e-11 -1.92839787e-10 -1.98142671e-15  8.20892776e-16  2.59414469e-05 -2.32630718e-06 -1.25920199e-08  9.92325856e-10]
Population scores:
879:[5.29989323e+11 2.34654204e+11]:[ 6.33975715e-02 -1.77270324e-12 -2.75555494e-13  5.12623038e-11 -1.94477286e-10 -1.98142671e-15  8.20892776e-16  2.69787391e-05 -2.31109713e-06 -1.30395781e-08  9.98891323e-10]:11.370428338666743
911:[3.06443660e+11 4.49916854e+11]:[ 6.33975715e-02 -1.77270324e-12 -2.75555494e-13  5.14150129e-11 -1.94477286e-10 -1.94674300e-15  8.13000460e-16  2.69787391e-05 -2.26627923e-06 -1.30395781e-08  1.00033747e-09]:11.65313226213279
895:[2.91401692e+11 4.65227319e+11]:[ 6.29886694e-02 -1.81664016e-12 -2.24650522e-13  5.14150129e-11 -1.92839787e-10 -1.94674300e-15  8.13000460e-16  2.59414469e-05 -2.26627923e-06 -1.25920199e-08  1.00033747e-09]:11.667665209041958
912:[8.42480820e+11 5.03495263e+11]:[ 6.29886694e-02 -1.81664016e-12 -2.24650522e-13  5.12623038e-11 -1.92839787e-10 -1.98142671e-15  8.20892776e-16  2.59414469e-05 -2.32630718e-06 -1.25920199e-08  9.92325856e-10]:11.70199538865719
Selected for new population:
[ 6.33975715e-02 -1.77270324e-12 -2.75555494e-13  5.12623038e-11 -1.94477286e-10 -1.98142671e-15  8.20892776e-16  2.69787391e-05 -2.31109713e-06 -1.30395781e-08  9.98891323e-10]
[ 6.33975715e-02 -1.77270324e-12 -2.75555494e-13  5.14150129e-11 -1.94477286e-10 -1.94674300e-15  8.13000460e-16  2.69787391e-05 -2.26627923e-06 -1.30395781e-08  1.00033747e-09]
Selected: [2 3]
***************
***CROSSOVER***
***************
&&&&&&&&&&&&&&&&&&&&&&&&
&&TOURNAMENT SELECTION&&
&&&&&&&&&&&&&&&&&&&&&&&&
parents:
[ 6.33975715e-02 -1.80316099e-12 -2.22618024e-13  5.12623038e-11 -1.94477286e-10 -1.99117217e-15  8.20892776e-16  2.59105486e-05 -2.29173241e-06 -1.28763221e-08  9.98891323e-10]
[ 6.33975715e-02 -1.77270324e-12 -2.75555494e-13  5.12623038e-11 -1.94477286e-10 -1.98142671e-15  8.20892776e-16  2.69787391e-05 -2.31109713e-06 -1.30395781e-08  9.98891323e-10]
children:
[ 6.33975715e-02 -1.77270324e-12 -2.22618024e-13  5.12623038e-11 -1.94477286e-10 -1.99117217e-15  8.20892776e-16  2.69787391e-05 -2.29173241e-06 -1.30395781e-08  9.98891323e-10]
[ 6.33975715e-02 -1.80316099e-12 -2.75555494e-13  5.12623038e-11 -2.00804527e-10 -1.98142671e-15  8.20892776e-16  3.08825472e-05 -2.31109713e-06 -1.33554837e-08  9.98891323e-10]
Population scores:
913:[3.95366858e+11 2.21872237e+11]:[ 6.33975715e-02 -1.77270324e-12 -2.22618024e-13  5.12623038e-11 -1.94477286e-10 -1.99117217e-15  8.20892776e-16  2.69787391e-05 -2.29173241e-06 -1.30395781e-08  9.98891323e-10]:11.34610296172517
893:[4.37693200e+11 2.32877534e+11]:[ 6.33975715e-02 -1.80316099e-12 -2.22618024e-13  5.12623038e-11 -1.94477286e-10 -1.99117217e-15  8.20892776e-16  2.59105486e-05 -2.29173241e-06 -1.28763221e-08  9.98891323e-10]:11.367127592679479
879:[5.29989323e+11 2.34654204e+11]:[ 6.33975715e-02 -1.77270324e-12 -2.75555494e-13  5.12623038e-11 -1.94477286e-10 -1.98142671e-15  8.20892776e-16  2.69787391e-05 -2.31109713e-06 -1.30395781e-08  9.98891323e-10]:11.370428338666743
914:[5.63518108e+11 6.58118726e+11]:[ 6.33975715e-02 -1.80316099e-12 -2.75555494e-13  5.12623038e-11 -2.00804527e-10 -1.98142671e-15  8.20892776e-16  3.08825472e-05 -2.31109713e-06 -1.33554837e-08  9.98891323e-10]:11.818304248043612
Selected for new population:
[ 6.33975715e-02 -1.77270324e-12 -2.22618024e-13  5.12623038e-11 -1.94477286e-10 -1.99117217e-15  8.20892776e-16  2.69787391e-05 -2.29173241e-06 -1.30395781e-08  9.98891323e-10]
[ 6.33975715e-02 -1.80316099e-12 -2.22618024e-13  5.12623038e-11 -1.94477286e-10 -1.99117217e-15  8.20892776e-16  2.59105486e-05 -2.29173241e-06 -1.28763221e-08  9.98891323e-10]
Selected: [1 2]
***************
***CROSSOVER***
***************
&&&&&&&&&&&&&&&&&&&&&&&&
&&TOURNAMENT SELECTION&&
&&&&&&&&&&&&&&&&&&&&&&&&
parents:
[ 6.33986143e-02 -1.84259966e-12 -2.71035711e-13  5.87217866e-11 -1.94477286e-10 -2.06125373e-15  8.20892776e-16  2.84625942e-05 -2.30343729e-06 -1.35451469e-08  1.00498701e-09]
[ 6.33975715e-02 -1.80316099e-12 -2.22618024e-13  5.12623038e-11 -1.94477286e-10 -1.99117217e-15  8.20892776e-16  2.59105486e-05 -2.29173241e-06 -1.28763221e-08  9.98891323e-10]
children:
[ 6.33986143e-02 -1.93222672e-12 -2.17185146e-13  5.12623038e-11 -1.94477286e-10 -2.06125373e-15  8.20892776e-16  2.59105486e-05 -2.29173241e-06 -1.28763221e-08  9.98891323e-10]
[ 6.34584090e-02 -1.84259966e-12 -2.62734118e-13  5.87217866e-11 -1.94477286e-10 -1.99117217e-15  8.20892776e-16  2.84625942e-05 -2.30343729e-06 -1.35451469e-08  8.80080492e-10]
Population scores:
907:[4.16752041e+11 2.27726163e+11]:[ 6.33986143e-02 -1.84259966e-12 -2.71035711e-13  5.87217866e-11 -1.94477286e-10 -2.06125373e-15  8.20892776e-16  2.84625942e-05 -2.30343729e-06 -1.35451469e-08  1.00498701e-09]:11.357412928297345
893:[4.37693200e+11 2.32877534e+11]:[ 6.33975715e-02 -1.80316099e-12 -2.22618024e-13  5.12623038e-11 -1.94477286e-10 -1.99117217e-15  8.20892776e-16  2.59105486e-05 -2.29173241e-06 -1.28763221e-08  9.98891323e-10]:11.367127592679479
915:[4.67178956e+11 2.37244234e+11]:[ 6.33986143e-02 -1.93222672e-12 -2.17185146e-13  5.12623038e-11 -1.94477286e-10 -2.06125373e-15  8.20892776e-16  2.59105486e-05 -2.29173241e-06 -1.28763221e-08  9.98891323e-10]:11.375195666881881
916:[8.55721801e+12 1.19563807e+13]:[ 6.34584090e-02 -1.84259966e-12 -2.62734118e-13  5.87217866e-11 -1.94477286e-10 -1.99117217e-15  8.20892776e-16  2.84625942e-05 -2.30343729e-06 -1.35451469e-08  8.80080492e-10]:13.077599735950482
Selected for new population:
[ 6.33986143e-02 -1.84259966e-12 -2.71035711e-13  5.87217866e-11 -1.94477286e-10 -2.06125373e-15  8.20892776e-16  2.84625942e-05 -2.30343729e-06 -1.35451469e-08  1.00498701e-09]
[ 6.33975715e-02 -1.80316099e-12 -2.22618024e-13  5.12623038e-11 -1.94477286e-10 -1.99117217e-15  8.20892776e-16  2.59105486e-05 -2.29173241e-06 -1.28763221e-08  9.98891323e-10]
Population scores:
898:[4.89086272e+11 2.19738668e+11]:[ 6.33986143e-02 -1.84259966e-12 -2.71035711e-13  5.15751870e-11 -1.96713799e-10 -1.98966929e-15  8.28600252e-16  2.77284984e-05 -2.30343729e-06 -1.37820111e-08  1.00498701e-09]:11.3419064877014
913:[3.95366858e+11 2.21872237e+11]:[ 6.33975715e-02 -1.77270324e-12 -2.22618024e-13  5.12623038e-11 -1.94477286e-10 -1.99117217e-15  8.20892776e-16  2.69787391e-05 -2.29173241e-06 -1.30395781e-08  9.98891323e-10]:11.34610296172517
907:[4.16752041e+11 2.27726163e+11]:[ 6.33986143e-02 -1.84259966e-12 -2.71035711e-13  5.87217866e-11 -1.94477286e-10 -2.06125373e-15  8.20892776e-16  2.84625942e-05 -2.30343729e-06 -1.35451469e-08  1.00498701e-09]:11.357412928297345
893:[4.37693200e+11 2.32877534e+11]:[ 6.33975715e-02 -1.80316099e-12 -2.22618024e-13  5.12623038e-11 -1.94477286e-10 -1.99117217e-15  8.20892776e-16  2.59105486e-05 -2.29173241e-06 -1.28763221e-08  9.98891323e-10]:11.367127592679479
879:[5.29989323e+11 2.34654204e+11]:[ 6.33975715e-02 -1.77270324e-12 -2.75555494e-13  5.12623038e-11 -1.94477286e-10 -1.98142671e-15  8.20892776e-16  2.69787391e-05 -2.31109713e-06 -1.30395781e-08  9.98891323e-10]:11.370428338666743
911:[3.06443660e+11 4.49916854e+11]:[ 6.33975715e-02 -1.77270324e-12 -2.75555494e-13  5.14150129e-11 -1.94477286e-10 -1.94674300e-15  8.13000460e-16  2.69787391e-05 -2.26627923e-06 -1.30395781e-08  1.00033747e-09]:11.65313226213279
895:[2.91401692e+11 4.65227319e+11]:[ 6.29886694e-02 -1.81664016e-12 -2.24650522e-13  5.14150129e-11 -1.92839787e-10 -1.94674300e-15  8.13000460e-16  2.59414469e-05 -2.26627923e-06 -1.25920199e-08  1.00033747e-09]:11.667665209041958
899:[9.77162563e+11 5.88324275e+11]:[ 6.29991731e-02 -1.84908472e-12 -2.66803240e-13  5.20532333e-11 -2.01106402e-10 -2.07493329e-15  8.19182347e-16  2.67811482e-05 -2.35608809e-06 -1.29293492e-08  1.00374671e-09]:11.76961676828982
902:[9.65522614e+11 7.96845932e+11]:[ 6.33975715e-02 -1.73901541e-12 -2.22618024e-13  5.12623038e-11 -1.94212016e-10 -1.99117217e-15  8.16643475e-16  2.54909405e-05 -2.29624540e-06 -1.37094528e-08  9.98891323e-10]:11.901374360001526
896:[9.57228057e+11 8.02717053e+11]:[ 6.29756336e-02 -1.73901541e-12 -2.18698284e-13  5.13794280e-11 -1.94385431e-10 -1.94010535e-15  8.16643475e-16  2.54909405e-05 -2.29624540e-06 -1.37094528e-08  9.97863504e-10]:11.90456248904108
*******************************
***iteration: 2 Population is***
*******************************
Population scores:
898:[4.89086272e+11 2.19738668e+11]:[ 6.33986143e-02 -1.84259966e-12 -2.71035711e-13  5.15751870e-11 -1.96713799e-10 -1.98966929e-15  8.28600252e-16  2.77284984e-05 -2.30343729e-06 -1.37820111e-08  1.00498701e-09]:11.3419064877014
913:[3.95366858e+11 2.21872237e+11]:[ 6.33975715e-02 -1.77270324e-12 -2.22618024e-13  5.12623038e-11 -1.94477286e-10 -1.99117217e-15  8.20892776e-16  2.69787391e-05 -2.29173241e-06 -1.30395781e-08  9.98891323e-10]:11.34610296172517
907:[4.16752041e+11 2.27726163e+11]:[ 6.33986143e-02 -1.84259966e-12 -2.71035711e-13  5.87217866e-11 -1.94477286e-10 -2.06125373e-15  8.20892776e-16  2.84625942e-05 -2.30343729e-06 -1.35451469e-08  1.00498701e-09]:11.357412928297345
893:[4.37693200e+11 2.32877534e+11]:[ 6.33975715e-02 -1.80316099e-12 -2.22618024e-13  5.12623038e-11 -1.94477286e-10 -1.99117217e-15  8.20892776e-16  2.59105486e-05 -2.29173241e-06 -1.28763221e-08  9.98891323e-10]:11.367127592679479
879:[5.29989323e+11 2.34654204e+11]:[ 6.33975715e-02 -1.77270324e-12 -2.75555494e-13  5.12623038e-11 -1.94477286e-10 -1.98142671e-15  8.20892776e-16  2.69787391e-05 -2.31109713e-06 -1.30395781e-08  9.98891323e-10]:11.370428338666743
911:[3.06443660e+11 4.49916854e+11]:[ 6.33975715e-02 -1.77270324e-12 -2.75555494e-13  5.14150129e-11 -1.94477286e-10 -1.94674300e-15  8.13000460e-16  2.69787391e-05 -2.26627923e-06 -1.30395781e-08  1.00033747e-09]:11.65313226213279
895:[2.91401692e+11 4.65227319e+11]:[ 6.29886694e-02 -1.81664016e-12 -2.24650522e-13  5.14150129e-11 -1.92839787e-10 -1.94674300e-15  8.13000460e-16  2.59414469e-05 -2.26627923e-06 -1.25920199e-08  1.00033747e-09]:11.667665209041958
899:[9.77162563e+11 5.88324275e+11]:[ 6.29991731e-02 -1.84908472e-12 -2.66803240e-13  5.20532333e-11 -2.01106402e-10 -2.07493329e-15  8.19182347e-16  2.67811482e-05 -2.35608809e-06 -1.29293492e-08  1.00374671e-09]:11.76961676828982
Selected: [6 1]
***************
***CROSSOVER***
***************
&&&&&&&&&&&&&&&&&&&&&&&&
&&TOURNAMENT SELECTION&&
&&&&&&&&&&&&&&&&&&&&&&&&
parents:
[ 6.29886694e-02 -1.81664016e-12 -2.24650522e-13  5.14150129e-11 -1.92839787e-10 -1.94674300e-15  8.13000460e-16  2.59414469e-05 -2.26627923e-06 -1.25920199e-08  1.00033747e-09]
[ 6.33975715e-02 -1.77270324e-12 -2.22618024e-13  5.12623038e-11 -1.94477286e-10 -1.99117217e-15  8.20892776e-16  2.69787391e-05 -2.29173241e-06 -1.30395781e-08  9.98891323e-10]
children:
[ 6.33975715e-02 -1.77270324e-12 -2.24650522e-13  5.14150129e-11 -1.94477286e-10 -1.99117217e-15  8.90454376e-16  2.59414469e-05 -2.20913874e-06 -1.19288981e-08  1.00033747e-09]
[ 6.29886694e-02 -1.81664016e-12 -2.15678317e-13  5.12623038e-11 -1.92839787e-10 -1.38770005e-15  8.13000460e-16  2.69787391e-05 -1.45343665e-06 -1.30395781e-08  9.98891323e-10]
Population scores:
913:[3.95366858e+11 2.21872237e+11]:[ 6.33975715e-02 -1.77270324e-12 -2.22618024e-13  5.12623038e-11 -1.94477286e-10 -1.99117217e-15  8.20892776e-16  2.69787391e-05 -2.29173241e-06 -1.30395781e-08  9.98891323e-10]:11.34610296172517
895:[2.91401692e+11 4.65227319e+11]:[ 6.29886694e-02 -1.81664016e-12 -2.24650522e-13  5.14150129e-11 -1.92839787e-10 -1.94674300e-15  8.13000460e-16  2.59414469e-05 -2.26627923e-06 -1.25920199e-08  1.00033747e-09]:11.667665209041958
917:[9.46179414e+11 2.74781219e+12]:[ 6.33975715e-02 -1.77270324e-12 -2.24650522e-13  5.14150129e-11 -1.94477286e-10 -1.99117217e-15  8.90454376e-16  2.59414469e-05 -2.20913874e-06 -1.19288981e-08  1.00033747e-09]:12.438987045949238
918:[5.86218929e+13 1.21748228e+14]:[ 6.29886694e-02 -1.81664016e-12 -2.15678317e-13  5.12623038e-11 -1.92839787e-10 -1.38770005e-15  8.13000460e-16  2.69787391e-05 -1.45343665e-06 -1.30395781e-08  9.98891323e-10]:14.08546264810174
Selected for new population:
[ 6.33975715e-02 -1.77270324e-12 -2.22618024e-13  5.12623038e-11 -1.94477286e-10 -1.99117217e-15  8.20892776e-16  2.69787391e-05 -2.29173241e-06 -1.30395781e-08  9.98891323e-10]
[ 6.29886694e-02 -1.81664016e-12 -2.24650522e-13  5.14150129e-11 -1.92839787e-10 -1.94674300e-15  8.13000460e-16  2.59414469e-05 -2.26627923e-06 -1.25920199e-08  1.00033747e-09]
Selected: [2 1]
***************
***CROSSOVER***
***************
&&&&&&&&&&&&&&&&&&&&&&&&
&&TOURNAMENT SELECTION&&
&&&&&&&&&&&&&&&&&&&&&&&&
parents:
[ 6.33986143e-02 -1.84259966e-12 -2.71035711e-13  5.87217866e-11 -1.94477286e-10 -2.06125373e-15  8.20892776e-16  2.84625942e-05 -2.30343729e-06 -1.35451469e-08  1.00498701e-09]
[ 6.33975715e-02 -1.77270324e-12 -2.22618024e-13  5.12623038e-11 -1.94477286e-10 -1.99117217e-15  8.20892776e-16  2.69787391e-05 -2.29173241e-06 -1.30395781e-08  9.98891323e-10]
children:
[ 6.33975715e-02 -1.77270324e-12 -2.22618024e-13  5.12623038e-11 -1.94477286e-10 -2.06125373e-15  8.20892776e-16  2.84625942e-05 -2.49627702e-06 -1.30395781e-08  9.98891323e-10]
[ 6.33986143e-02 -1.84259966e-12 -2.64801038e-13  5.87217866e-11 -1.88205826e-10 -1.96134079e-15  8.20892776e-16  2.69787391e-05 -2.32774334e-06 -1.42316067e-08  1.00498701e-09]
Population scores:
913:[3.95366858e+11 2.21872237e+11]:[ 6.33975715e-02 -1.77270324e-12 -2.22618024e-13  5.12623038e-11 -1.94477286e-10 -1.99117217e-15  8.20892776e-16  2.69787391e-05 -2.29173241e-06 -1.30395781e-08  9.98891323e-10]:11.34610296172517
907:[4.16752041e+11 2.27726163e+11]:[ 6.33986143e-02 -1.84259966e-12 -2.71035711e-13  5.87217866e-11 -1.94477286e-10 -2.06125373e-15  8.20892776e-16  2.84625942e-05 -2.30343729e-06 -1.35451469e-08  1.00498701e-09]:11.357412928297345
920:[1.18182378e+12 9.99147274e+11]:[ 6.33986143e-02 -1.84259966e-12 -2.64801038e-13  5.87217866e-11 -1.88205826e-10 -1.96134079e-15  8.20892776e-16  2.69787391e-05 -2.32774334e-06 -1.42316067e-08  1.00498701e-09]:11.999629507949104
919:[4.15054132e+12 4.77441395e+12]:[ 6.33975715e-02 -1.77270324e-12 -2.22618024e-13  5.12623038e-11 -1.94477286e-10 -2.06125373e-15  8.20892776e-16  2.84625942e-05 -2.49627702e-06 -1.30395781e-08  9.98891323e-10]:12.678920070127504
Selected for new population:
[ 6.33975715e-02 -1.77270324e-12 -2.22618024e-13  5.12623038e-11 -1.94477286e-10 -1.99117217e-15  8.20892776e-16  2.69787391e-05 -2.29173241e-06 -1.30395781e-08  9.98891323e-10]
[ 6.33986143e-02 -1.84259966e-12 -2.71035711e-13  5.87217866e-11 -1.94477286e-10 -2.06125373e-15  8.20892776e-16  2.84625942e-05 -2.30343729e-06 -1.35451469e-08  1.00498701e-09]
Selected: [6 4]
***************
***CROSSOVER***
***************
&&&&&&&&&&&&&&&&&&&&&&&&
&&TOURNAMENT SELECTION&&
&&&&&&&&&&&&&&&&&&&&&&&&
parents:
[ 6.29886694e-02 -1.81664016e-12 -2.24650522e-13  5.14150129e-11 -1.92839787e-10 -1.94674300e-15  8.13000460e-16  2.59414469e-05 -2.26627923e-06 -1.25920199e-08  1.00033747e-09]
[ 6.33975715e-02 -1.77270324e-12 -2.75555494e-13  5.12623038e-11 -1.94477286e-10 -1.98142671e-15  8.20892776e-16  2.69787391e-05 -2.31109713e-06 -1.30395781e-08  9.98891323e-10]
children:
[ 6.33975715e-02 -1.77270324e-12 -2.67671463e-13  5.12623038e-11 -1.94477286e-10 -1.51282310e-15  8.27403375e-16  2.59414469e-05 -2.31109713e-06 -2.25348964e-08  9.98891323e-10]
[ 6.29886694e-02 -1.81847952e-12 -2.24650522e-13  5.14150129e-11 -1.92839787e-10 -1.98142671e-15  8.13000460e-16  2.86003719e-05 -2.26627923e-06 -1.30395781e-08  1.00020982e-09]
Population scores:
879:[5.29989323e+11 2.34654204e+11]:[ 6.33975715e-02 -1.77270324e-12 -2.75555494e-13  5.12623038e-11 -1.94477286e-10 -1.98142671e-15  8.20892776e-16  2.69787391e-05 -2.31109713e-06 -1.30395781e-08  9.98891323e-10]:11.370428338666743
895:[2.91401692e+11 4.65227319e+11]:[ 6.29886694e-02 -1.81664016e-12 -2.24650522e-13  5.14150129e-11 -1.92839787e-10 -1.94674300e-15  8.13000460e-16  2.59414469e-05 -2.26627923e-06 -1.25920199e-08  1.00033747e-09]:11.667665209041958
922:[4.78509291e+11 9.90338519e+11]:[ 6.29886694e-02 -1.81847952e-12 -2.24650522e-13  5.14150129e-11 -1.92839787e-10 -1.98142671e-15  8.13000460e-16  2.86003719e-05 -2.26627923e-06 -1.30395781e-08  1.00020982e-09]:11.995783671112758
921:[2.01325922e+13 3.53989111e+13]:[ 6.33975715e-02 -1.77270324e-12 -2.67671463e-13  5.12623038e-11 -1.94477286e-10 -1.51282310e-15  8.27403375e-16  2.59414469e-05 -2.31109713e-06 -2.25348964e-08  9.98891323e-10]:13.548989903165825
Selected for new population:
[ 6.33975715e-02 -1.77270324e-12 -2.75555494e-13  5.12623038e-11 -1.94477286e-10 -1.98142671e-15  8.20892776e-16  2.69787391e-05 -2.31109713e-06 -1.30395781e-08  9.98891323e-10]
[ 6.29886694e-02 -1.81664016e-12 -2.24650522e-13  5.14150129e-11 -1.92839787e-10 -1.94674300e-15  8.13000460e-16  2.59414469e-05 -2.26627923e-06 -1.25920199e-08  1.00033747e-09]
Selected: [4 0]
***************
***CROSSOVER***
***************
&&&&&&&&&&&&&&&&&&&&&&&&
&&TOURNAMENT SELECTION&&
&&&&&&&&&&&&&&&&&&&&&&&&
parents:
[ 6.33975715e-02 -1.77270324e-12 -2.75555494e-13  5.12623038e-11 -1.94477286e-10 -1.98142671e-15  8.20892776e-16  2.69787391e-05 -2.31109713e-06 -1.30395781e-08  9.98891323e-10]
[ 6.33986143e-02 -1.84259966e-12 -2.71035711e-13  5.15751870e-11 -1.96713799e-10 -1.98966929e-15  8.28600252e-16  2.77284984e-05 -2.30343729e-06 -1.37820111e-08  1.00498701e-09]
children:
[ 6.33986143e-02 -1.84259966e-12 -2.71035711e-13  5.15751870e-11 -1.96713799e-10 -1.98142671e-15  7.26688465e-16  2.77284984e-05 -2.31109713e-06 -1.37820111e-08  9.98891323e-10]
[ 6.33975715e-02 -1.77270324e-12 -2.75555494e-13  5.12623038e-11 -1.94477286e-10 -1.98966929e-15  8.28600252e-16  2.69787391e-05 -2.30343729e-06 -1.30395781e-08  1.00498701e-09]
Population scores:
898:[4.89086272e+11 2.19738668e+11]:[ 6.33986143e-02 -1.84259966e-12 -2.71035711e-13  5.15751870e-11 -1.96713799e-10 -1.98966929e-15  8.28600252e-16  2.77284984e-05 -2.30343729e-06 -1.37820111e-08  1.00498701e-09]:11.3419064877014
879:[5.29989323e+11 2.34654204e+11]:[ 6.33975715e-02 -1.77270324e-12 -2.75555494e-13  5.12623038e-11 -1.94477286e-10 -1.98142671e-15  8.20892776e-16  2.69787391e-05 -2.31109713e-06 -1.30395781e-08  9.98891323e-10]:11.370428338666743
924:[3.88946087e+11 2.37098874e+11]:[ 6.33975715e-02 -1.77270324e-12 -2.75555494e-13  5.12623038e-11 -1.94477286e-10 -1.98966929e-15  8.28600252e-16  2.69787391e-05 -2.30343729e-06 -1.30395781e-08  1.00498701e-09]:11.374929492161797
923:[7.01479606e+11 3.54950805e+11]:[ 6.33986143e-02 -1.84259966e-12 -2.71035711e-13  5.15751870e-11 -1.96713799e-10 -1.98142671e-15  7.26688465e-16  2.77284984e-05 -2.31109713e-06 -1.37820111e-08  9.98891323e-10]:11.550168165214224
Selected for new population:
[ 6.33986143e-02 -1.84259966e-12 -2.71035711e-13  5.15751870e-11 -1.96713799e-10 -1.98966929e-15  8.28600252e-16  2.77284984e-05 -2.30343729e-06 -1.37820111e-08  1.00498701e-09]
[ 6.33975715e-02 -1.77270324e-12 -2.75555494e-13  5.12623038e-11 -1.94477286e-10 -1.98142671e-15  8.20892776e-16  2.69787391e-05 -2.31109713e-06 -1.30395781e-08  9.98891323e-10]
Population scores:
898:[4.89086272e+11 2.19738668e+11]:[ 6.33986143e-02 -1.84259966e-12 -2.71035711e-13  5.15751870e-11 -1.96713799e-10 -1.98966929e-15  8.28600252e-16  2.77284984e-05 -2.30343729e-06 -1.37820111e-08  1.00498701e-09]:11.3419064877014
913:[3.95366858e+11 2.21872237e+11]:[ 6.33975715e-02 -1.77270324e-12 -2.22618024e-13  5.12623038e-11 -1.94477286e-10 -1.99117217e-15  8.20892776e-16  2.69787391e-05 -2.29173241e-06 -1.30395781e-08  9.98891323e-10]:11.34610296172517
907:[4.16752041e+11 2.27726163e+11]:[ 6.33986143e-02 -1.84259966e-12 -2.71035711e-13  5.87217866e-11 -1.94477286e-10 -2.06125373e-15  8.20892776e-16  2.84625942e-05 -2.30343729e-06 -1.35451469e-08  1.00498701e-09]:11.357412928297345
893:[4.37693200e+11 2.32877534e+11]:[ 6.33975715e-02 -1.80316099e-12 -2.22618024e-13  5.12623038e-11 -1.94477286e-10 -1.99117217e-15  8.20892776e-16  2.59105486e-05 -2.29173241e-06 -1.28763221e-08  9.98891323e-10]:11.367127592679479
879:[5.29989323e+11 2.34654204e+11]:[ 6.33975715e-02 -1.77270324e-12 -2.75555494e-13  5.12623038e-11 -1.94477286e-10 -1.98142671e-15  8.20892776e-16  2.69787391e-05 -2.31109713e-06 -1.30395781e-08  9.98891323e-10]:11.370428338666743
911:[3.06443660e+11 4.49916854e+11]:[ 6.33975715e-02 -1.77270324e-12 -2.75555494e-13  5.14150129e-11 -1.94477286e-10 -1.94674300e-15  8.13000460e-16  2.69787391e-05 -2.26627923e-06 -1.30395781e-08  1.00033747e-09]:11.65313226213279
895:[2.91401692e+11 4.65227319e+11]:[ 6.29886694e-02 -1.81664016e-12 -2.24650522e-13  5.14150129e-11 -1.92839787e-10 -1.94674300e-15  8.13000460e-16  2.59414469e-05 -2.26627923e-06 -1.25920199e-08  1.00033747e-09]:11.667665209041958
899:[9.77162563e+11 5.88324275e+11]:[ 6.29991731e-02 -1.84908472e-12 -2.66803240e-13  5.20532333e-11 -2.01106402e-10 -2.07493329e-15  8.19182347e-16  2.67811482e-05 -2.35608809e-06 -1.29293492e-08  1.00374671e-09]:11.76961676828982
*******************************
***iteration: 3 Population is***
*******************************
Population scores:
898:[4.89086272e+11 2.19738668e+11]:[ 6.33986143e-02 -1.84259966e-12 -2.71035711e-13  5.15751870e-11 -1.96713799e-10 -1.98966929e-15  8.28600252e-16  2.77284984e-05 -2.30343729e-06 -1.37820111e-08  1.00498701e-09]:11.3419064877014
913:[3.95366858e+11 2.21872237e+11]:[ 6.33975715e-02 -1.77270324e-12 -2.22618024e-13  5.12623038e-11 -1.94477286e-10 -1.99117217e-15  8.20892776e-16  2.69787391e-05 -2.29173241e-06 -1.30395781e-08  9.98891323e-10]:11.34610296172517
907:[4.16752041e+11 2.27726163e+11]:[ 6.33986143e-02 -1.84259966e-12 -2.71035711e-13  5.87217866e-11 -1.94477286e-10 -2.06125373e-15  8.20892776e-16  2.84625942e-05 -2.30343729e-06 -1.35451469e-08  1.00498701e-09]:11.357412928297345
893:[4.37693200e+11 2.32877534e+11]:[ 6.33975715e-02 -1.80316099e-12 -2.22618024e-13  5.12623038e-11 -1.94477286e-10 -1.99117217e-15  8.20892776e-16  2.59105486e-05 -2.29173241e-06 -1.28763221e-08  9.98891323e-10]:11.367127592679479
879:[5.29989323e+11 2.34654204e+11]:[ 6.33975715e-02 -1.77270324e-12 -2.75555494e-13  5.12623038e-11 -1.94477286e-10 -1.98142671e-15  8.20892776e-16  2.69787391e-05 -2.31109713e-06 -1.30395781e-08  9.98891323e-10]:11.370428338666743
911:[3.06443660e+11 4.49916854e+11]:[ 6.33975715e-02 -1.77270324e-12 -2.75555494e-13  5.14150129e-11 -1.94477286e-10 -1.94674300e-15  8.13000460e-16  2.69787391e-05 -2.26627923e-06 -1.30395781e-08  1.00033747e-09]:11.65313226213279
895:[2.91401692e+11 4.65227319e+11]:[ 6.29886694e-02 -1.81664016e-12 -2.24650522e-13  5.14150129e-11 -1.92839787e-10 -1.94674300e-15  8.13000460e-16  2.59414469e-05 -2.26627923e-06 -1.25920199e-08  1.00033747e-09]:11.667665209041958
899:[9.77162563e+11 5.88324275e+11]:[ 6.29991731e-02 -1.84908472e-12 -2.66803240e-13  5.20532333e-11 -2.01106402e-10 -2.07493329e-15  8.19182347e-16  2.67811482e-05 -2.35608809e-06 -1.29293492e-08  1.00374671e-09]:11.76961676828982
Selected: [3 0]
***************
***CROSSOVER***
***************
&&&&&&&&&&&&&&&&&&&&&&&&
&&TOURNAMENT SELECTION&&
&&&&&&&&&&&&&&&&&&&&&&&&
parents:
[ 6.33975715e-02 -1.80316099e-12 -2.22618024e-13  5.12623038e-11 -1.94477286e-10 -1.99117217e-15  8.20892776e-16  2.59105486e-05 -2.29173241e-06 -1.28763221e-08  9.98891323e-10]
[ 6.33986143e-02 -1.84259966e-12 -2.71035711e-13  5.15751870e-11 -1.96713799e-10 -1.98966929e-15  8.28600252e-16  2.77284984e-05 -2.30343729e-06 -1.37820111e-08  1.00498701e-09]
children:
[ 6.33975715e-02 -1.82975645e-12 -2.71035711e-13  5.41138970e-11 -1.94477286e-10 -2.97495248e-15  8.16957982e-16  2.59105486e-05 -2.30343729e-06 -1.34248891e-08  9.98891323e-10]
[ 6.33986143e-02 -1.80316099e-12 -2.20619247e-13  5.15751870e-11 -1.88852087e-10 -1.99117217e-15  8.28600252e-16  2.77284984e-05 -2.29173241e-06 -1.28763221e-08  1.00498701e-09]
Population scores:
898:[4.89086272e+11 2.19738668e+11]:[ 6.33986143e-02 -1.84259966e-12 -2.71035711e-13  5.15751870e-11 -1.96713799e-10 -1.98966929e-15  8.28600252e-16  2.77284984e-05 -2.30343729e-06 -1.37820111e-08  1.00498701e-09]:11.3419064877014
893:[4.37693200e+11 2.32877534e+11]:[ 6.33975715e-02 -1.80316099e-12 -2.22618024e-13  5.12623038e-11 -1.94477286e-10 -1.99117217e-15  8.20892776e-16  2.59105486e-05 -2.29173241e-06 -1.28763221e-08  9.98891323e-10]:11.367127592679479
926:[3.80540288e+11 5.41734764e+11]:[ 6.33986143e-02 -1.80316099e-12 -2.20619247e-13  5.15751870e-11 -1.88852087e-10 -1.99117217e-15  8.28600252e-16  2.77284984e-05 -2.29173241e-06 -1.28763221e-08  1.00498701e-09]:11.733786706041325
925:[1.90367491e+12 1.44625772e+12]:[ 6.33975715e-02 -1.82975645e-12 -2.71035711e-13  5.41138970e-11 -1.94477286e-10 -2.97495248e-15  8.16957982e-16  2.59105486e-05 -2.30343729e-06 -1.34248891e-08  9.98891323e-10]:12.160245690726901
Selected for new population:
[ 6.33986143e-02 -1.84259966e-12 -2.71035711e-13  5.15751870e-11 -1.96713799e-10 -1.98966929e-15  8.28600252e-16  2.77284984e-05 -2.30343729e-06 -1.37820111e-08  1.00498701e-09]
[ 6.33975715e-02 -1.80316099e-12 -2.22618024e-13  5.12623038e-11 -1.94477286e-10 -1.99117217e-15  8.20892776e-16  2.59105486e-05 -2.29173241e-06 -1.28763221e-08  9.98891323e-10]
Selected: [3 4]
***************
***CROSSOVER***
***************
&&&&&&&&&&&&&&&&&&&&&&&&
&&TOURNAMENT SELECTION&&
&&&&&&&&&&&&&&&&&&&&&&&&
parents:
[ 6.33975715e-02 -1.80316099e-12 -2.22618024e-13  5.12623038e-11 -1.94477286e-10 -1.99117217e-15  8.20892776e-16  2.59105486e-05 -2.29173241e-06 -1.28763221e-08  9.98891323e-10]
[ 6.33975715e-02 -1.77270324e-12 -2.75555494e-13  5.12623038e-11 -1.94477286e-10 -1.98142671e-15  8.20892776e-16  2.69787391e-05 -2.31109713e-06 -1.30395781e-08  9.98891323e-10]
children:
[ 6.33975715e-02 -1.80316099e-12 -2.75555494e-13  5.12623038e-11 -1.94477286e-10 -1.99117217e-15  7.58603635e-16  2.69787391e-05 -2.31109713e-06 -1.30395781e-08  9.98891323e-10]
[ 6.33975715e-02 -1.77270324e-12 -2.22618024e-13  5.16144058e-11 -2.73879786e-10 -1.98142671e-15  8.20892776e-16  2.59105486e-05 -2.29173241e-06 -1.19982249e-08  1.00295707e-09]
Population scores:
893:[4.37693200e+11 2.32877534e+11]:[ 6.33975715e-02 -1.80316099e-12 -2.22618024e-13  5.12623038e-11 -1.94477286e-10 -1.99117217e-15  8.20892776e-16  2.59105486e-05 -2.29173241e-06 -1.28763221e-08  9.98891323e-10]:11.367127592679479
879:[5.29989323e+11 2.34654204e+11]:[ 6.33975715e-02 -1.77270324e-12 -2.75555494e-13  5.12623038e-11 -1.94477286e-10 -1.98142671e-15  8.20892776e-16  2.69787391e-05 -2.31109713e-06 -1.30395781e-08  9.98891323e-10]:11.370428338666743
927:[5.34345759e+11 2.35690103e+11]:[ 6.33975715e-02 -1.80316099e-12 -2.75555494e-13  5.12623038e-11 -1.94477286e-10 -1.99117217e-15  7.58603635e-16  2.69787391e-05 -2.31109713e-06 -1.30395781e-08  9.98891323e-10]:11.372341345556391
928:[3.61811604e+11 5.70670256e+11]:[ 6.33975715e-02 -1.77270324e-12 -2.22618024e-13  5.16144058e-11 -2.73879786e-10 -1.98142671e-15  8.20892776e-16  2.59105486e-05 -2.29173241e-06 -1.19982249e-08  1.00295707e-09]:11.75638523694908
Selected for new population:
[ 6.33975715e-02 -1.80316099e-12 -2.22618024e-13  5.12623038e-11 -1.94477286e-10 -1.99117217e-15  8.20892776e-16  2.59105486e-05 -2.29173241e-06 -1.28763221e-08  9.98891323e-10]
[ 6.33975715e-02 -1.77270324e-12 -2.75555494e-13  5.12623038e-11 -1.94477286e-10 -1.98142671e-15  8.20892776e-16  2.69787391e-05 -2.31109713e-06 -1.30395781e-08  9.98891323e-10]
Selected: [7 0]
***************
***CROSSOVER***
***************
&&&&&&&&&&&&&&&&&&&&&&&&
&&TOURNAMENT SELECTION&&
&&&&&&&&&&&&&&&&&&&&&&&&
parents:
[ 6.29991731e-02 -1.84908472e-12 -2.66803240e-13  5.20532333e-11 -2.01106402e-10 -2.07493329e-15  8.19182347e-16  2.67811482e-05 -2.35608809e-06 -1.29293492e-08  1.00374671e-09]
[ 6.33986143e-02 -1.84259966e-12 -2.71035711e-13  5.15751870e-11 -1.96713799e-10 -1.98966929e-15  8.28600252e-16  2.77284984e-05 -2.30343729e-06 -1.37820111e-08  1.00498701e-09]
children:
[ 6.33986143e-02 -1.84259966e-12 -2.71035711e-13  5.40593629e-11 -1.96713799e-10 -1.98966929e-15  8.19090313e-16  2.77284984e-05 -2.30343729e-06 -1.37820111e-08  1.00498701e-09]
[ 6.29991731e-02 -1.84908472e-12 -2.66803240e-13  5.20532333e-11 -2.02864212e-10 -2.07493329e-15  8.24992678e-16  2.73400688e-05 -2.35608809e-06 -1.29293492e-08  1.00374671e-09]
Population scores:
929:[4.89086272e+11 2.19738668e+11]:[ 6.33986143e-02 -1.84259966e-12 -2.71035711e-13  5.40593629e-11 -1.96713799e-10 -1.98966929e-15  8.19090313e-16  2.77284984e-05 -2.30343729e-06 -1.37820111e-08  1.00498701e-09]:11.341906487701273
898:[4.89086272e+11 2.19738668e+11]:[ 6.33986143e-02 -1.84259966e-12 -2.71035711e-13  5.15751870e-11 -1.96713799e-10 -1.98966929e-15  8.28600252e-16  2.77284984e-05 -2.30343729e-06 -1.37820111e-08  1.00498701e-09]:11.3419064877014
930:[8.59338523e+11 4.26021604e+11]:[ 6.29991731e-02 -1.84908472e-12 -2.66803240e-13  5.20532333e-11 -2.02864212e-10 -2.07493329e-15  8.24992678e-16  2.73400688e-05 -2.35608809e-06 -1.29293492e-08  1.00374671e-09]:11.629431623465148
899:[9.77162563e+11 5.88324275e+11]:[ 6.29991731e-02 -1.84908472e-12 -2.66803240e-13  5.20532333e-11 -2.01106402e-10 -2.07493329e-15  8.19182347e-16  2.67811482e-05 -2.35608809e-06 -1.29293492e-08  1.00374671e-09]:11.76961676828982
Selected for new population:
[ 6.33986143e-02 -1.84259966e-12 -2.71035711e-13  5.40593629e-11 -1.96713799e-10 -1.98966929e-15  8.19090313e-16  2.77284984e-05 -2.30343729e-06 -1.37820111e-08  1.00498701e-09]
[ 6.33986143e-02 -1.84259966e-12 -2.71035711e-13  5.15751870e-11 -1.96713799e-10 -1.98966929e-15  8.28600252e-16  2.77284984e-05 -2.30343729e-06 -1.37820111e-08  1.00498701e-09]
Selected: [0 2]
***************
***CROSSOVER***
***************
&&&&&&&&&&&&&&&&&&&&&&&&
&&TOURNAMENT SELECTION&&
&&&&&&&&&&&&&&&&&&&&&&&&
parents:
[ 6.33986143e-02 -1.84259966e-12 -2.71035711e-13  5.15751870e-11 -1.96713799e-10 -1.98966929e-15  8.28600252e-16  2.77284984e-05 -2.30343729e-06 -1.37820111e-08  1.00498701e-09]
[ 6.33986143e-02 -1.84259966e-12 -2.71035711e-13  5.87217866e-11 -1.94477286e-10 -2.06125373e-15  8.20892776e-16  2.84625942e-05 -2.30343729e-06 -1.35451469e-08  1.00498701e-09]
children:
[ 6.33986143e-02 -2.25123208e-12 -2.71035711e-13  5.87217866e-11 -1.94477286e-10 -2.06125373e-15  8.26167615e-16  2.84625942e-05 -2.64576986e-06 -6.99560427e-09  5.84200591e-11]
[ 6.33986143e-02 -1.84259966e-12 -2.71035711e-13  5.15751870e-11 -1.96713799e-10 -1.98966929e-15  8.20892776e-16  2.77284984e-05 -2.30343729e-06 -1.37820111e-08  1.00498701e-09]
Population scores:
898:[4.89086272e+11 2.19738668e+11]:[ 6.33986143e-02 -1.84259966e-12 -2.71035711e-13  5.15751870e-11 -1.96713799e-10 -1.98966929e-15  8.28600252e-16  2.77284984e-05 -2.30343729e-06 -1.37820111e-08  1.00498701e-09]:11.3419064877014
932:[4.89086272e+11 2.19738668e+11]:[ 6.33986143e-02 -1.84259966e-12 -2.71035711e-13  5.15751870e-11 -1.96713799e-10 -1.98966929e-15  8.20892776e-16  2.77284984e-05 -2.30343729e-06 -1.37820111e-08  1.00498701e-09]:11.3419064877014
907:[4.16752041e+11 2.27726163e+11]:[ 6.33986143e-02 -1.84259966e-12 -2.71035711e-13  5.87217866e-11 -1.94477286e-10 -2.06125373e-15  8.20892776e-16  2.84625942e-05 -2.30343729e-06 -1.35451469e-08  1.00498701e-09]:11.357412928297345
931:[4.29423810e+14 7.77852354e+14]:[ 6.33986143e-02 -2.25123208e-12 -2.71035711e-13  5.87217866e-11 -1.94477286e-10 -2.06125373e-15  8.26167615e-16  2.84625942e-05 -2.64576986e-06 -6.99560427e-09  5.84200591e-11]:14.890897170159377
Selected for new population:
[ 6.33986143e-02 -1.84259966e-12 -2.71035711e-13  5.15751870e-11 -1.96713799e-10 -1.98966929e-15  8.28600252e-16  2.77284984e-05 -2.30343729e-06 -1.37820111e-08  1.00498701e-09]
[ 6.33986143e-02 -1.84259966e-12 -2.71035711e-13  5.15751870e-11 -1.96713799e-10 -1.98966929e-15  8.20892776e-16  2.77284984e-05 -2.30343729e-06 -1.37820111e-08  1.00498701e-09]
Population scores:
929:[4.89086272e+11 2.19738668e+11]:[ 6.33986143e-02 -1.84259966e-12 -2.71035711e-13  5.40593629e-11 -1.96713799e-10 -1.98966929e-15  8.19090313e-16  2.77284984e-05 -2.30343729e-06 -1.37820111e-08  1.00498701e-09]:11.341906487701273
932:[4.89086272e+11 2.19738668e+11]:[ 6.33986143e-02 -1.84259966e-12 -2.71035711e-13  5.15751870e-11 -1.96713799e-10 -1.98966929e-15  8.20892776e-16  2.77284984e-05 -2.30343729e-06 -1.37820111e-08  1.00498701e-09]:11.3419064877014
898:[4.89086272e+11 2.19738668e+11]:[ 6.33986143e-02 -1.84259966e-12 -2.71035711e-13  5.15751870e-11 -1.96713799e-10 -1.98966929e-15  8.28600252e-16  2.77284984e-05 -2.30343729e-06 -1.37820111e-08  1.00498701e-09]:11.3419064877014
913:[3.95366858e+11 2.21872237e+11]:[ 6.33975715e-02 -1.77270324e-12 -2.22618024e-13  5.12623038e-11 -1.94477286e-10 -1.99117217e-15  8.20892776e-16  2.69787391e-05 -2.29173241e-06 -1.30395781e-08  9.98891323e-10]:11.34610296172517
907:[4.16752041e+11 2.27726163e+11]:[ 6.33986143e-02 -1.84259966e-12 -2.71035711e-13  5.87217866e-11 -1.94477286e-10 -2.06125373e-15  8.20892776e-16  2.84625942e-05 -2.30343729e-06 -1.35451469e-08  1.00498701e-09]:11.357412928297345
893:[4.37693200e+11 2.32877534e+11]:[ 6.33975715e-02 -1.80316099e-12 -2.22618024e-13  5.12623038e-11 -1.94477286e-10 -1.99117217e-15  8.20892776e-16  2.59105486e-05 -2.29173241e-06 -1.28763221e-08  9.98891323e-10]:11.367127592679479
879:[5.29989323e+11 2.34654204e+11]:[ 6.33975715e-02 -1.77270324e-12 -2.75555494e-13  5.12623038e-11 -1.94477286e-10 -1.98142671e-15  8.20892776e-16  2.69787391e-05 -2.31109713e-06 -1.30395781e-08  9.98891323e-10]:11.370428338666743
911:[3.06443660e+11 4.49916854e+11]:[ 6.33975715e-02 -1.77270324e-12 -2.75555494e-13  5.14150129e-11 -1.94477286e-10 -1.94674300e-15  8.13000460e-16  2.69787391e-05 -2.26627923e-06 -1.30395781e-08  1.00033747e-09]:11.65313226213279
895:[2.91401692e+11 4.65227319e+11]:[ 6.29886694e-02 -1.81664016e-12 -2.24650522e-13  5.14150129e-11 -1.92839787e-10 -1.94674300e-15  8.13000460e-16  2.59414469e-05 -2.26627923e-06 -1.25920199e-08  1.00033747e-09]:11.667665209041958
899:[9.77162563e+11 5.88324275e+11]:[ 6.29991731e-02 -1.84908472e-12 -2.66803240e-13  5.20532333e-11 -2.01106402e-10 -2.07493329e-15  8.19182347e-16  2.67811482e-05 -2.35608809e-06 -1.29293492e-08  1.00374671e-09]:11.76961676828982
%%%%%%%%%%%%%%%%%%%%%%%%%
%%%final - population%%%%
%%%%%%%%%%%%%%%%%%%%%%%%%
929:[ 6.33986143e-02 -1.84259966e-12 -2.71035711e-13  5.40593629e-11 -1.96713799e-10 -1.98966929e-15  8.19090313e-16  2.77284984e-05 -2.30343729e-06 -1.37820111e-08  1.00498701e-09]:[4.89086272e+11 2.19738668e+11]
932:[ 6.33986143e-02 -1.84259966e-12 -2.71035711e-13  5.15751870e-11 -1.96713799e-10 -1.98966929e-15  8.20892776e-16  2.77284984e-05 -2.30343729e-06 -1.37820111e-08  1.00498701e-09]:[4.89086272e+11 2.19738668e+11]
898:[ 6.33986143e-02 -1.84259966e-12 -2.71035711e-13  5.15751870e-11 -1.96713799e-10 -1.98966929e-15  8.28600252e-16  2.77284984e-05 -2.30343729e-06 -1.37820111e-08  1.00498701e-09]:[4.89086272e+11 2.19738668e+11]
913:[ 6.33975715e-02 -1.77270324e-12 -2.22618024e-13  5.12623038e-11 -1.94477286e-10 -1.99117217e-15  8.20892776e-16  2.69787391e-05 -2.29173241e-06 -1.30395781e-08  9.98891323e-10]:[3.95366858e+11 2.21872237e+11]
907:[ 6.33986143e-02 -1.84259966e-12 -2.71035711e-13  5.87217866e-11 -1.94477286e-10 -2.06125373e-15  8.20892776e-16  2.84625942e-05 -2.30343729e-06 -1.35451469e-08  1.00498701e-09]:[4.16752041e+11 2.27726163e+11]
893:[ 6.33975715e-02 -1.80316099e-12 -2.22618024e-13  5.12623038e-11 -1.94477286e-10 -1.99117217e-15  8.20892776e-16  2.59105486e-05 -2.29173241e-06 -1.28763221e-08  9.98891323e-10]:[4.37693200e+11 2.32877534e+11]
879:[ 6.33975715e-02 -1.77270324e-12 -2.75555494e-13  5.12623038e-11 -1.94477286e-10 -1.98142671e-15  8.20892776e-16  2.69787391e-05 -2.31109713e-06 -1.30395781e-08  9.98891323e-10]:[5.29989323e+11 2.34654204e+11]
911:[ 6.33975715e-02 -1.77270324e-12 -2.75555494e-13  5.14150129e-11 -1.94477286e-10 -1.94674300e-15  8.13000460e-16  2.69787391e-05 -2.26627923e-06 -1.30395781e-08  1.00033747e-09]:[3.06443660e+11 4.49916854e+11]
