Generating Population from [ 0.00000000e+00 -1.45799022e-12 -2.28980078e-13  4.62010753e-11 -1.75214813e-10 -1.83669770e-15  8.52944060e-16  2.29423303e-05 -2.04721003e-06 -1.59792834e-08  9.98214034e-10]
*******************************
***iteration: 0 Population is***
*******************************
Population scores:
[1.05659295e+11 1.85628912e+11]:[ 6.26201057e-02 -1.41539557e-12 -2.22596627e-13  4.60572928e-11 -1.75504831e-10 -1.82855845e-15  8.53064488e-16  2.37259063e-05 -2.05062007e-06 -1.67000556e-08  9.92839951e-10]:11.138767197140398
[1.35107232e+10 3.68296581e+11]:[ 0.00000000e+00 -1.45799022e-12 -2.28980078e-13  4.62010753e-11 -1.75214813e-10 -1.83669770e-15  8.52944060e-16  2.29423303e-05 -2.04721003e-06 -1.59792834e-08  9.98214034e-10]:11.19152106151278
[8.77175807e+10 7.85707493e+11]:[-6.43263737e-02 -1.41040794e-12 -2.29139952e-13  4.63854002e-11 -1.77262993e-10 -1.80474016e-15  8.44132511e-16  2.20564611e-05 -2.00390099e-06 -1.55880264e-08  9.90943312e-10]:11.564563745032109
[2.20413761e+11 1.21439915e+12]:[-7.62253042e-02 -1.39372914e-12 -2.33208797e-13  4.67611598e-11 -1.83219882e-10 -1.74846099e-15  8.52323286e-16  2.21803232e-05 -1.99745165e-06 -1.57410140e-08  9.97374489e-10]:11.790994037720473
[4.16362268e+11 1.76154968e+12]:[ 2.84996239e-02 -1.40466320e-12 -2.19914477e-13  4.65899724e-11 -1.73517375e-10 -1.79242451e-15  8.51877030e-16  2.25145702e-05 -1.95755794e-06 -1.63791248e-08  9.99726280e-10]:11.97974737221237
[1.01768453e+12 1.15496324e+12]:[ 9.21609206e-02 -1.46367207e-12 -2.23913452e-13  4.64523786e-11 -1.71310725e-10 -1.92404328e-15  8.57544449e-16  2.31633461e-05 -2.13855984e-06 -1.59618205e-08  9.89768888e-10]:12.030436178394739
[6.15324755e+12 1.61850731e+13]:[ 3.32976283e-02 -2.17507388e-12 -2.88482090e-13  4.74351277e-11 -1.13088554e-10 -2.60065528e-15  7.97834194e-16  1.62632219e-05 -1.98363259e-06 -7.51691083e-09  9.91354050e-10]:13.00714915665307
[1.13772592e+13 2.69097504e+13]:[-9.45324867e-02 -1.25527371e-12 -2.88694946e-13  5.61714059e-11 -2.11866708e-10 -2.43466197e-15  8.41685782e-16  3.15040502e-05 -2.17924228e-06 -1.16102563e-08  1.06105579e-09]:13.245272151487672
[2.16211535e+13 4.56978003e+13]:[-4.68241590e-02 -2.06909225e-12 -1.30445515e-13  4.49631821e-11 -1.80719620e-10 -1.34412764e-15  9.21718197e-16  2.84346173e-05 -2.04610624e-06 -8.15033573e-09  9.93135916e-10]:13.494875205700772
[3.41899650e+13 7.40959328e+13]:[ 5.29667258e-02 -1.91837984e-12 -3.28595731e-13  5.41285973e-11 -2.71523171e-10 -2.01667003e-15  8.93144446e-16  2.73415786e-05 -1.90353768e-06 -1.11112941e-08  1.07846325e-09]:13.700291305937656
Selected: [1 0]
***************
***CROSSOVER***
***************
Population scores:
[1.05659295e+11 1.85628912e+11]:[ 6.26201057e-02 -1.41539557e-12 -2.22596627e-13  4.60572928e-11 -1.75504831e-10 -1.82855845e-15  8.53064488e-16  2.37259063e-05 -2.05062007e-06 -1.67000556e-08  9.92839951e-10]:11.138767197140398
[1.35107232e+10 3.68296581e+11]:[ 0.00000000e+00 -1.45799022e-12 -2.28980078e-13  4.62010753e-11 -1.75214813e-10 -1.83669770e-15  8.52944060e-16  2.29423303e-05 -2.04721003e-06 -1.59792834e-08  9.98214034e-10]:11.19152106151278
&&&&&&&&&&&&&&&&&&&&&&&&
&&TOURNAMENT SELECTION&&
&&&&&&&&&&&&&&&&&&&&&&&&
parents:
[ 0.00000000e+00 -1.45799022e-12 -2.28980078e-13  4.62010753e-11 -1.75214813e-10 -1.83669770e-15  8.52944060e-16  2.29423303e-05 -2.04721003e-06 -1.59792834e-08  9.98214034e-10]
[ 6.26201057e-02 -1.41539557e-12 -2.22596627e-13  4.60572928e-11 -1.75504831e-10 -1.82855845e-15  8.53064488e-16  2.37259063e-05 -2.05062007e-06 -1.67000556e-08  9.92839951e-10]
children:
[ 5.62584682e-02 -1.44264691e-12 -2.27628840e-13  4.61842831e-11 -1.75441886e-10 -1.83310902e-15  8.53046180e-16  2.29926769e-05 -2.04809882e-06 -1.62022025e-08  9.92373641e-10]
[ 5.06202842e-02 -1.44205556e-12 -2.28630120e-13  4.61592033e-11 -1.75445734e-10 -1.82806930e-15  8.53066835e-16  2.30107440e-05 -2.04723390e-06 -1.59629657e-08  9.92915045e-10]
Population scores:
[5.82760821e+10 2.06850659e+11]:[ 5.62584682e-02 -1.44264691e-12 -2.27628840e-13  4.61842831e-11 -1.75441886e-10 -1.83310902e-15  8.53046180e-16  2.29926769e-05 -2.04809882e-06 -1.62022025e-08  9.92373641e-10]:11.070798279500423
[2.01665436e+10 2.78393816e+11]:[ 5.06202842e-02 -1.44205556e-12 -2.28630120e-13  4.61592033e-11 -1.75445734e-10 -1.82806930e-15  8.53066835e-16  2.30107440e-05 -2.04723390e-06 -1.59629657e-08  9.92915045e-10]:11.091517311041377
[1.05659295e+11 1.85628912e+11]:[ 6.26201057e-02 -1.41539557e-12 -2.22596627e-13  4.60572928e-11 -1.75504831e-10 -1.82855845e-15  8.53064488e-16  2.37259063e-05 -2.05062007e-06 -1.67000556e-08  9.92839951e-10]:11.138767197140398
[1.35107232e+10 3.68296581e+11]:[ 0.00000000e+00 -1.45799022e-12 -2.28980078e-13  4.62010753e-11 -1.75214813e-10 -1.83669770e-15  8.52944060e-16  2.29423303e-05 -2.04721003e-06 -1.59792834e-08  9.98214034e-10]:11.19152106151278
Selected for new population:
[ 5.62584682e-02 -1.44264691e-12 -2.27628840e-13  4.61842831e-11 -1.75441886e-10 -1.83310902e-15  8.53046180e-16  2.29926769e-05 -2.04809882e-06 -1.62022025e-08  9.92373641e-10]
[ 5.06202842e-02 -1.44205556e-12 -2.28630120e-13  4.61592033e-11 -1.75445734e-10 -1.82806930e-15  8.53066835e-16  2.30107440e-05 -2.04723390e-06 -1.59629657e-08  9.92915045e-10]
Selected: [3 0]
***************
***CROSSOVER***
***************
Population scores:
[1.05659295e+11 1.85628912e+11]:[ 6.26201057e-02 -1.41539557e-12 -2.22596627e-13  4.60572928e-11 -1.75504831e-10 -1.82855845e-15  8.53064488e-16  2.37259063e-05 -2.05062007e-06 -1.67000556e-08  9.92839951e-10]:11.138767197140398
[2.20413761e+11 1.21439915e+12]:[-7.62253042e-02 -1.39372914e-12 -2.33208797e-13  4.67611598e-11 -1.83219882e-10 -1.74846099e-15  8.52323286e-16  2.21803232e-05 -1.99745165e-06 -1.57410140e-08  9.97374489e-10]:11.790994037720473
&&&&&&&&&&&&&&&&&&&&&&&&
&&TOURNAMENT SELECTION&&
&&&&&&&&&&&&&&&&&&&&&&&&
parents:
[-7.62253042e-02 -1.39372914e-12 -2.33208797e-13  4.67611598e-11 -1.83219882e-10 -1.74846099e-15  8.52323286e-16  2.21803232e-05 -1.99745165e-06 -1.57410140e-08  9.97374489e-10]
[ 6.26201057e-02 -1.41539557e-12 -2.22596627e-13  4.60572928e-11 -1.75504831e-10 -1.82855845e-15  8.53064488e-16  2.37259063e-05 -2.05062007e-06 -1.67000556e-08  9.92839951e-10]
children:
[ 3.39126840e-02 -1.41540521e-12 -2.23555646e-13  4.64813303e-11 -1.82126512e-10 -1.77189668e-15  8.53041092e-16  2.21286649e-05 -2.01717702e-06 -1.61232833e-08  9.96817010e-10]
[-4.75193195e-02 -1.40348473e-12 -2.28408100e-13  4.68192359e-11 -1.76086404e-10 -1.83050945e-15  8.52264976e-16  2.25288334e-05 -1.99253675e-06 -1.56781153e-08  9.93704344e-10]
Population scores:
[1.05659295e+11 1.85628912e+11]:[ 6.26201057e-02 -1.41539557e-12 -2.22596627e-13  4.60572928e-11 -1.75504831e-10 -1.82855845e-15  8.53064488e-16  2.37259063e-05 -2.05062007e-06 -1.67000556e-08  9.92839951e-10]:11.138767197140398
[2.42675412e+10 4.37836782e+11]:[ 3.39126840e-02 -1.41540521e-12 -2.23555646e-13  4.64813303e-11 -1.82126512e-10 -1.77189668e-15  8.53041092e-16  2.21286649e-05 -2.01717702e-06 -1.61232833e-08  9.96817010e-10]:11.278056428139676
[2.20413761e+11 1.21439915e+12]:[-7.62253042e-02 -1.39372914e-12 -2.33208797e-13  4.67611598e-11 -1.83219882e-10 -1.74846099e-15  8.52323286e-16  2.21803232e-05 -1.99745165e-06 -1.57410140e-08  9.97374489e-10]:11.790994037720473
[2.30541705e+11 1.28492395e+12]:[-4.75193195e-02 -1.40348473e-12 -2.28408100e-13  4.68192359e-11 -1.76086404e-10 -1.83050945e-15  8.52264976e-16  2.25288334e-05 -1.99253675e-06 -1.56781153e-08  9.93704344e-10]:11.814443784004773
Selected for new population:
[ 6.26201057e-02 -1.41539557e-12 -2.22596627e-13  4.60572928e-11 -1.75504831e-10 -1.82855845e-15  8.53064488e-16  2.37259063e-05 -2.05062007e-06 -1.67000556e-08  9.92839951e-10]
[ 3.39126840e-02 -1.41540521e-12 -2.23555646e-13  4.64813303e-11 -1.82126512e-10 -1.77189668e-15  8.53041092e-16  2.21286649e-05 -2.01717702e-06 -1.61232833e-08  9.96817010e-10]
Selected: [0 1]
***************
***CROSSOVER***
***************
Population scores:
[1.05659295e+11 1.85628912e+11]:[ 6.26201057e-02 -1.41539557e-12 -2.22596627e-13  4.60572928e-11 -1.75504831e-10 -1.82855845e-15  8.53064488e-16  2.37259063e-05 -2.05062007e-06 -1.67000556e-08  9.92839951e-10]:11.138767197140398
[1.35107232e+10 3.68296581e+11]:[ 0.00000000e+00 -1.45799022e-12 -2.28980078e-13  4.62010753e-11 -1.75214813e-10 -1.83669770e-15  8.52944060e-16  2.29423303e-05 -2.04721003e-06 -1.59792834e-08  9.98214034e-10]:11.19152106151278
&&&&&&&&&&&&&&&&&&&&&&&&
&&TOURNAMENT SELECTION&&
&&&&&&&&&&&&&&&&&&&&&&&&
parents:
[ 6.26201057e-02 -1.41539557e-12 -2.22596627e-13  4.60572928e-11 -1.75504831e-10 -1.82855845e-15  8.53064488e-16  2.37259063e-05 -2.05062007e-06 -1.67000556e-08  9.92839951e-10]
[ 0.00000000e+00 -1.45799022e-12 -2.28980078e-13  4.62010753e-11 -1.75214813e-10 -1.83669770e-15  8.52944060e-16  2.29423303e-05 -2.04721003e-06 -1.59792834e-08  9.98214034e-10]
children:
[ 6.10216320e-03 -1.41562901e-12 -2.23727865e-13  4.61724032e-11 -1.75423030e-10 -1.82832479e-15  8.53049751e-16  2.36217958e-05 -2.05083146e-06 -1.61591204e-08  9.95325437e-10]
[ 1.78644310e-02 -1.43676285e-12 -2.29124177e-13  4.60812976e-11 -1.75392041e-10 -1.83341470e-15  8.52942903e-16  2.30436318e-05 -2.04902661e-06 -1.59761749e-08  9.95782573e-10]
Population scores:
[1.50997151e+10 3.14742730e+11]:[ 6.10216320e-03 -1.41562901e-12 -2.23727865e-13  4.61724032e-11 -1.75423030e-10 -1.82832479e-15  8.53049751e-16  2.36217958e-05 -2.05083146e-06 -1.61591204e-08  9.95325437e-10]:11.130195161120863
[1.50150642e+10 3.17539197e+11]:[ 1.78644310e-02 -1.43676285e-12 -2.29124177e-13  4.60812976e-11 -1.75392041e-10 -1.83341470e-15  8.52942903e-16  2.30436318e-05 -2.04902661e-06 -1.59761749e-08  9.95782573e-10]:11.133617832091664
[1.05659295e+11 1.85628912e+11]:[ 6.26201057e-02 -1.41539557e-12 -2.22596627e-13  4.60572928e-11 -1.75504831e-10 -1.82855845e-15  8.53064488e-16  2.37259063e-05 -2.05062007e-06 -1.67000556e-08  9.92839951e-10]:11.138767197140398
[1.35107232e+10 3.68296581e+11]:[ 0.00000000e+00 -1.45799022e-12 -2.28980078e-13  4.62010753e-11 -1.75214813e-10 -1.83669770e-15  8.52944060e-16  2.29423303e-05 -2.04721003e-06 -1.59792834e-08  9.98214034e-10]:11.19152106151278
Selected for new population:
[ 6.10216320e-03 -1.41562901e-12 -2.23727865e-13  4.61724032e-11 -1.75423030e-10 -1.82832479e-15  8.53049751e-16  2.36217958e-05 -2.05083146e-06 -1.61591204e-08  9.95325437e-10]
[ 1.78644310e-02 -1.43676285e-12 -2.29124177e-13  4.60812976e-11 -1.75392041e-10 -1.83341470e-15  8.52942903e-16  2.30436318e-05 -2.04902661e-06 -1.59761749e-08  9.95782573e-10]
Selected: [0 1]
***************
***CROSSOVER***
***************
Population scores:
[1.05659295e+11 1.85628912e+11]:[ 6.26201057e-02 -1.41539557e-12 -2.22596627e-13  4.60572928e-11 -1.75504831e-10 -1.82855845e-15  8.53064488e-16  2.37259063e-05 -2.05062007e-06 -1.67000556e-08  9.92839951e-10]:11.138767197140398
[1.35107232e+10 3.68296581e+11]:[ 0.00000000e+00 -1.45799022e-12 -2.28980078e-13  4.62010753e-11 -1.75214813e-10 -1.83669770e-15  8.52944060e-16  2.29423303e-05 -2.04721003e-06 -1.59792834e-08  9.98214034e-10]:11.19152106151278
&&&&&&&&&&&&&&&&&&&&&&&&
&&TOURNAMENT SELECTION&&
&&&&&&&&&&&&&&&&&&&&&&&&
parents:
[ 6.26201057e-02 -1.41539557e-12 -2.22596627e-13  4.60572928e-11 -1.75504831e-10 -1.82855845e-15  8.53064488e-16  2.37259063e-05 -2.05062007e-06 -1.67000556e-08  9.92839951e-10]
[ 0.00000000e+00 -1.45799022e-12 -2.28980078e-13  4.62010753e-11 -1.75214813e-10 -1.83669770e-15  8.52944060e-16  2.29423303e-05 -2.04721003e-06 -1.59792834e-08  9.98214034e-10]
children:
[ 3.49803582e-03 -1.45136552e-12 -2.24196757e-13  4.62079901e-11 -1.75527589e-10 -1.83565861e-15  8.52995312e-16  2.31565059e-05 -2.04975291e-06 -1.66080326e-08  9.97588648e-10]
[ 6.73651841e-02 -1.45714459e-12 -2.24133661e-13  4.61562308e-11 -1.75379790e-10 -1.83638639e-15  8.52965543e-16  2.34856480e-05 -2.04810867e-06 -1.64237736e-08  9.97899221e-10]
Population scores:
[2.39186935e+10 2.60447870e+11]:[ 6.73651841e-02 -1.45714459e-12 -2.24133661e-13  4.61562308e-11 -1.75379790e-10 -1.83638639e-15  8.52965543e-16  2.34856480e-05 -2.04810867e-06 -1.64237736e-08  9.97899221e-10]:11.073829618082597
[8.38111440e+10 1.97218989e+11]:[ 3.49803582e-03 -1.45136552e-12 -2.24196757e-13  4.62079901e-11 -1.75527589e-10 -1.83565861e-15  8.52995312e-16  2.31565059e-05 -2.04975291e-06 -1.66080326e-08  9.97588648e-10]:11.111176056290688
[1.05659295e+11 1.85628912e+11]:[ 6.26201057e-02 -1.41539557e-12 -2.22596627e-13  4.60572928e-11 -1.75504831e-10 -1.82855845e-15  8.53064488e-16  2.37259063e-05 -2.05062007e-06 -1.67000556e-08  9.92839951e-10]:11.138767197140398
[1.35107232e+10 3.68296581e+11]:[ 0.00000000e+00 -1.45799022e-12 -2.28980078e-13  4.62010753e-11 -1.75214813e-10 -1.83669770e-15  8.52944060e-16  2.29423303e-05 -2.04721003e-06 -1.59792834e-08  9.98214034e-10]:11.19152106151278
Selected for new population:
[ 6.73651841e-02 -1.45714459e-12 -2.24133661e-13  4.61562308e-11 -1.75379790e-10 -1.83638639e-15  8.52965543e-16  2.34856480e-05 -2.04810867e-06 -1.64237736e-08  9.97899221e-10]
[ 3.49803582e-03 -1.45136552e-12 -2.24196757e-13  4.62079901e-11 -1.75527589e-10 -1.83565861e-15  8.52995312e-16  2.31565059e-05 -2.04975291e-06 -1.66080326e-08  9.97588648e-10]
Selected: [0 1]
***************
***CROSSOVER***
***************
Population scores:
[1.05659295e+11 1.85628912e+11]:[ 6.26201057e-02 -1.41539557e-12 -2.22596627e-13  4.60572928e-11 -1.75504831e-10 -1.82855845e-15  8.53064488e-16  2.37259063e-05 -2.05062007e-06 -1.67000556e-08  9.92839951e-10]:11.138767197140398
[1.35107232e+10 3.68296581e+11]:[ 0.00000000e+00 -1.45799022e-12 -2.28980078e-13  4.62010753e-11 -1.75214813e-10 -1.83669770e-15  8.52944060e-16  2.29423303e-05 -2.04721003e-06 -1.59792834e-08  9.98214034e-10]:11.19152106151278
&&&&&&&&&&&&&&&&&&&&&&&&
&&TOURNAMENT SELECTION&&
&&&&&&&&&&&&&&&&&&&&&&&&
parents:
[ 6.26201057e-02 -1.41539557e-12 -2.22596627e-13  4.60572928e-11 -1.75504831e-10 -1.82855845e-15  8.53064488e-16  2.37259063e-05 -2.05062007e-06 -1.67000556e-08  9.92839951e-10]
[ 0.00000000e+00 -1.45799022e-12 -2.28980078e-13  4.62010753e-11 -1.75214813e-10 -1.83669770e-15  8.52944060e-16  2.29423303e-05 -2.04721003e-06 -1.59792834e-08  9.98214034e-10]
children:
[ 4.60736432e-02 -1.42699887e-12 -2.22747167e-13  4.61385576e-11 -1.75386881e-10 -1.83732770e-15  8.52992801e-16  2.33732887e-05 -2.05069674e-06 -1.61462734e-08  9.95227884e-10]
[ 2.28231617e-02 -1.45787998e-12 -2.24048731e-13  4.60974665e-11 -1.75260160e-10 -1.82892677e-15  8.53048294e-16  2.28883045e-05 -2.05087844e-06 -1.59932765e-08  9.96557685e-10]
Population scores:
[2.0281825e+10 2.7675539e+11]:[ 4.60736432e-02 -1.42699887e-12 -2.22747167e-13  4.61385576e-11 -1.75386881e-10 -1.83732770e-15  8.52992801e-16  2.33732887e-05 -2.05069674e-06 -1.61462734e-08  9.95227884e-10]:11.089450280596502
[1.88400252e+10 2.89115876e+11]:[ 2.28231617e-02 -1.45787998e-12 -2.24048731e-13  4.60974665e-11 -1.75260160e-10 -1.82892677e-15  8.53048294e-16  2.28883045e-05 -2.05087844e-06 -1.59932765e-08  9.96557685e-10]:11.103633955402605
[1.05659295e+11 1.85628912e+11]:[ 6.26201057e-02 -1.41539557e-12 -2.22596627e-13  4.60572928e-11 -1.75504831e-10 -1.82855845e-15  8.53064488e-16  2.37259063e-05 -2.05062007e-06 -1.67000556e-08  9.92839951e-10]:11.138767197140398
[1.35107232e+10 3.68296581e+11]:[ 0.00000000e+00 -1.45799022e-12 -2.28980078e-13  4.62010753e-11 -1.75214813e-10 -1.83669770e-15  8.52944060e-16  2.29423303e-05 -2.04721003e-06 -1.59792834e-08  9.98214034e-10]:11.19152106151278
Selected for new population:
[ 4.60736432e-02 -1.42699887e-12 -2.22747167e-13  4.61385576e-11 -1.75386881e-10 -1.83732770e-15  8.52992801e-16  2.33732887e-05 -2.05069674e-06 -1.61462734e-08  9.95227884e-10]
[ 2.28231617e-02 -1.45787998e-12 -2.24048731e-13  4.60974665e-11 -1.75260160e-10 -1.82892677e-15  8.53048294e-16  2.28883045e-05 -2.05087844e-06 -1.59932765e-08  9.96557685e-10]
Population scores:
[5.82760821e+10 2.06850659e+11]:[ 5.62584682e-02 -1.44264691e-12 -2.27628840e-13  4.61842831e-11 -1.75441886e-10 -1.83310902e-15  8.53046180e-16  2.29926769e-05 -2.04809882e-06 -1.62022025e-08  9.92373641e-10]:11.070798279500423
[2.39186935e+10 2.60447870e+11]:[ 6.73651841e-02 -1.45714459e-12 -2.24133661e-13  4.61562308e-11 -1.75379790e-10 -1.83638639e-15  8.52965543e-16  2.34856480e-05 -2.04810867e-06 -1.64237736e-08  9.97899221e-10]:11.073829618082597
[2.0281825e+10 2.7675539e+11]:[ 4.60736432e-02 -1.42699887e-12 -2.22747167e-13  4.61385576e-11 -1.75386881e-10 -1.83732770e-15  8.52992801e-16  2.33732887e-05 -2.05069674e-06 -1.61462734e-08  9.95227884e-10]:11.089450280596502
[2.01665436e+10 2.78393816e+11]:[ 5.06202842e-02 -1.44205556e-12 -2.28630120e-13  4.61592033e-11 -1.75445734e-10 -1.82806930e-15  8.53066835e-16  2.30107440e-05 -2.04723390e-06 -1.59629657e-08  9.92915045e-10]:11.091517311041377
[1.88400252e+10 2.89115876e+11]:[ 2.28231617e-02 -1.45787998e-12 -2.24048731e-13  4.60974665e-11 -1.75260160e-10 -1.82892677e-15  8.53048294e-16  2.28883045e-05 -2.05087844e-06 -1.59932765e-08  9.96557685e-10]:11.103633955402605
[8.38111440e+10 1.97218989e+11]:[ 3.49803582e-03 -1.45136552e-12 -2.24196757e-13  4.62079901e-11 -1.75527589e-10 -1.83565861e-15  8.52995312e-16  2.31565059e-05 -2.04975291e-06 -1.66080326e-08  9.97588648e-10]:11.111176056290688
[1.50997151e+10 3.14742730e+11]:[ 6.10216320e-03 -1.41562901e-12 -2.23727865e-13  4.61724032e-11 -1.75423030e-10 -1.82832479e-15  8.53049751e-16  2.36217958e-05 -2.05083146e-06 -1.61591204e-08  9.95325437e-10]:11.130195161120863
[1.50150642e+10 3.17539197e+11]:[ 1.78644310e-02 -1.43676285e-12 -2.29124177e-13  4.60812976e-11 -1.75392041e-10 -1.83341470e-15  8.52942903e-16  2.30436318e-05 -2.04902661e-06 -1.59761749e-08  9.95782573e-10]:11.133617832091664
[1.05659295e+11 1.85628912e+11]:[ 6.26201057e-02 -1.41539557e-12 -2.22596627e-13  4.60572928e-11 -1.75504831e-10 -1.82855845e-15  8.53064488e-16  2.37259063e-05 -2.05062007e-06 -1.67000556e-08  9.92839951e-10]:11.138767197140398
[1.35107232e+10 3.68296581e+11]:[ 0.00000000e+00 -1.45799022e-12 -2.28980078e-13  4.62010753e-11 -1.75214813e-10 -1.83669770e-15  8.52944060e-16  2.29423303e-05 -2.04721003e-06 -1.59792834e-08  9.98214034e-10]:11.19152106151278
[2.42675412e+10 4.37836782e+11]:[ 3.39126840e-02 -1.41540521e-12 -2.23555646e-13  4.64813303e-11 -1.82126512e-10 -1.77189668e-15  8.53041092e-16  2.21286649e-05 -2.01717702e-06 -1.61232833e-08  9.96817010e-10]:11.278056428139676
[8.77175807e+10 7.85707493e+11]:[-6.43263737e-02 -1.41040794e-12 -2.29139952e-13  4.63854002e-11 -1.77262993e-10 -1.80474016e-15  8.44132511e-16  2.20564611e-05 -2.00390099e-06 -1.55880264e-08  9.90943312e-10]:11.564563745032109
[2.20413761e+11 1.21439915e+12]:[-7.62253042e-02 -1.39372914e-12 -2.33208797e-13  4.67611598e-11 -1.83219882e-10 -1.74846099e-15  8.52323286e-16  2.21803232e-05 -1.99745165e-06 -1.57410140e-08  9.97374489e-10]:11.790994037720473
[4.16362268e+11 1.76154968e+12]:[ 2.84996239e-02 -1.40466320e-12 -2.19914477e-13  4.65899724e-11 -1.73517375e-10 -1.79242451e-15  8.51877030e-16  2.25145702e-05 -1.95755794e-06 -1.63791248e-08  9.99726280e-10]:11.97974737221237
[1.01768453e+12 1.15496324e+12]:[ 9.21609206e-02 -1.46367207e-12 -2.23913452e-13  4.64523786e-11 -1.71310725e-10 -1.92404328e-15  8.57544449e-16  2.31633461e-05 -2.13855984e-06 -1.59618205e-08  9.89768888e-10]:12.030436178394739
[6.15324755e+12 1.61850731e+13]:[ 3.32976283e-02 -2.17507388e-12 -2.88482090e-13  4.74351277e-11 -1.13088554e-10 -2.60065528e-15  7.97834194e-16  1.62632219e-05 -1.98363259e-06 -7.51691083e-09  9.91354050e-10]:13.007149156653071
[1.13772592e+13 2.69097504e+13]:[-9.45324867e-02 -1.25527371e-12 -2.88694946e-13  5.61714059e-11 -2.11866708e-10 -2.43466197e-15  8.41685782e-16  3.15040502e-05 -2.17924228e-06 -1.16102563e-08  1.06105579e-09]:13.245272151487672
[2.16211535e+13 4.56978003e+13]:[-4.68241590e-02 -2.06909225e-12 -1.30445515e-13  4.49631821e-11 -1.80719620e-10 -1.34412764e-15  9.21718197e-16  2.84346173e-05 -2.04610624e-06 -8.15033573e-09  9.93135916e-10]:13.494875205700772
[3.41899650e+13 7.40959328e+13]:[ 5.29667258e-02 -1.91837984e-12 -3.28595731e-13  5.41285973e-11 -2.71523171e-10 -2.01667003e-15  8.93144446e-16  2.73415786e-05 -1.90353768e-06 -1.11112941e-08  1.07846325e-09]:13.700291305937656
*******************************
***iteration: 1 Population is***
*******************************
Population scores:
[5.82760821e+10 2.06850659e+11]:[ 5.62584682e-02 -1.44264691e-12 -2.27628840e-13  4.61842831e-11 -1.75441886e-10 -1.83310902e-15  8.53046180e-16  2.29926769e-05 -2.04809882e-06 -1.62022025e-08  9.92373641e-10]:11.070798279500423
[2.39186935e+10 2.60447870e+11]:[ 6.73651841e-02 -1.45714459e-12 -2.24133661e-13  4.61562308e-11 -1.75379790e-10 -1.83638639e-15  8.52965543e-16  2.34856480e-05 -2.04810867e-06 -1.64237736e-08  9.97899221e-10]:11.073829618082597
[2.0281825e+10 2.7675539e+11]:[ 4.60736432e-02 -1.42699887e-12 -2.22747167e-13  4.61385576e-11 -1.75386881e-10 -1.83732770e-15  8.52992801e-16  2.33732887e-05 -2.05069674e-06 -1.61462734e-08  9.95227884e-10]:11.089450280596502
[2.01665436e+10 2.78393816e+11]:[ 5.06202842e-02 -1.44205556e-12 -2.28630120e-13  4.61592033e-11 -1.75445734e-10 -1.82806930e-15  8.53066835e-16  2.30107440e-05 -2.04723390e-06 -1.59629657e-08  9.92915045e-10]:11.091517311041377
[1.88400252e+10 2.89115876e+11]:[ 2.28231617e-02 -1.45787998e-12 -2.24048731e-13  4.60974665e-11 -1.75260160e-10 -1.82892677e-15  8.53048294e-16  2.28883045e-05 -2.05087844e-06 -1.59932765e-08  9.96557685e-10]:11.103633955402605
[8.38111440e+10 1.97218989e+11]:[ 3.49803582e-03 -1.45136552e-12 -2.24196757e-13  4.62079901e-11 -1.75527589e-10 -1.83565861e-15  8.52995312e-16  2.31565059e-05 -2.04975291e-06 -1.66080326e-08  9.97588648e-10]:11.111176056290688
[1.50997151e+10 3.14742730e+11]:[ 6.10216320e-03 -1.41562901e-12 -2.23727865e-13  4.61724032e-11 -1.75423030e-10 -1.82832479e-15  8.53049751e-16  2.36217958e-05 -2.05083146e-06 -1.61591204e-08  9.95325437e-10]:11.130195161120863
[1.50150642e+10 3.17539197e+11]:[ 1.78644310e-02 -1.43676285e-12 -2.29124177e-13  4.60812976e-11 -1.75392041e-10 -1.83341470e-15  8.52942903e-16  2.30436318e-05 -2.04902661e-06 -1.59761749e-08  9.95782573e-10]:11.133617832091664
[1.05659295e+11 1.85628912e+11]:[ 6.26201057e-02 -1.41539557e-12 -2.22596627e-13  4.60572928e-11 -1.75504831e-10 -1.82855845e-15  8.53064488e-16  2.37259063e-05 -2.05062007e-06 -1.67000556e-08  9.92839951e-10]:11.138767197140398
[1.35107232e+10 3.68296581e+11]:[ 0.00000000e+00 -1.45799022e-12 -2.28980078e-13  4.62010753e-11 -1.75214813e-10 -1.83669770e-15  8.52944060e-16  2.29423303e-05 -2.04721003e-06 -1.59792834e-08  9.98214034e-10]:11.19152106151278
Selected: [3 9]
***************
***CROSSOVER***
***************
Population scores:
[2.01665436e+10 2.78393816e+11]:[ 5.06202842e-02 -1.44205556e-12 -2.28630120e-13  4.61592033e-11 -1.75445734e-10 -1.82806930e-15  8.53066835e-16  2.30107440e-05 -2.04723390e-06 -1.59629657e-08  9.92915045e-10]:11.091517311041377
[1.35107232e+10 3.68296581e+11]:[ 0.00000000e+00 -1.45799022e-12 -2.28980078e-13  4.62010753e-11 -1.75214813e-10 -1.83669770e-15  8.52944060e-16  2.29423303e-05 -2.04721003e-06 -1.59792834e-08  9.98214034e-10]:11.19152106151278
&&&&&&&&&&&&&&&&&&&&&&&&
&&TOURNAMENT SELECTION&&
&&&&&&&&&&&&&&&&&&&&&&&&
parents:
[ 5.06202842e-02 -1.44205556e-12 -2.28630120e-13  4.61592033e-11 -1.75445734e-10 -1.82806930e-15  8.53066835e-16  2.30107440e-05 -2.04723390e-06 -1.59629657e-08  9.92915045e-10]
[ 0.00000000e+00 -1.45799022e-12 -2.28980078e-13  4.62010753e-11 -1.75214813e-10 -1.83669770e-15  8.52944060e-16  2.29423303e-05 -2.04721003e-06 -1.59792834e-08  9.98214034e-10]
children:
[ 3.13581471e-02 -1.44855945e-12 -2.28981159e-13  4.61966207e-11 -1.75437387e-10 -1.82991140e-15  8.53056438e-16  2.29665679e-05 -2.04720932e-06 -1.59618604e-08  9.94306955e-10]
[ 3.03536022e-02 -1.44897909e-12 -2.28639108e-13  4.61636487e-11 -1.75334174e-10 -1.82744078e-15  8.53066716e-16  2.29924210e-05 -2.04721272e-06 -1.59672048e-08  9.96052773e-10]
Population scores:
[2.01665436e+10 2.78393816e+11]:[ 5.06202842e-02 -1.44205556e-12 -2.28630120e-13  4.61592033e-11 -1.75445734e-10 -1.82806930e-15  8.53066835e-16  2.30107440e-05 -2.04723390e-06 -1.59629657e-08  9.92915045e-10]:11.091517311041377
[1.71281541e+10 2.97467050e+11]:[ 3.13581471e-02 -1.44855945e-12 -2.28981159e-13  4.61966207e-11 -1.75437387e-10 -1.82991140e-15  8.53056438e-16  2.29665679e-05 -2.04720932e-06 -1.59618604e-08  9.94306955e-10]:11.111476625036781
[1.38229877e+10 3.36951437e+11]:[ 3.03536022e-02 -1.44897909e-12 -2.28639108e-13  4.61636487e-11 -1.75334174e-10 -1.82744078e-15  8.53066716e-16  2.29924210e-05 -2.04721272e-06 -1.59672048e-08  9.96052773e-10]:11.1555618348577
[1.35107232e+10 3.68296581e+11]:[ 0.00000000e+00 -1.45799022e-12 -2.28980078e-13  4.62010753e-11 -1.75214813e-10 -1.83669770e-15  8.52944060e-16  2.29423303e-05 -2.04721003e-06 -1.59792834e-08  9.98214034e-10]:11.19152106151278
Selected for new population:
[ 5.06202842e-02 -1.44205556e-12 -2.28630120e-13  4.61592033e-11 -1.75445734e-10 -1.82806930e-15  8.53066835e-16  2.30107440e-05 -2.04723390e-06 -1.59629657e-08  9.92915045e-10]
[ 3.13581471e-02 -1.44855945e-12 -2.28981159e-13  4.61966207e-11 -1.75437387e-10 -1.82991140e-15  8.53056438e-16  2.29665679e-05 -2.04720932e-06 -1.59618604e-08  9.94306955e-10]
Selected: [2 4]
***************
***CROSSOVER***
***************
Population scores:
[2.0281825e+10 2.7675539e+11]:[ 4.60736432e-02 -1.42699887e-12 -2.22747167e-13  4.61385576e-11 -1.75386881e-10 -1.83732770e-15  8.52992801e-16  2.33732887e-05 -2.05069674e-06 -1.61462734e-08  9.95227884e-10]:11.089450280596502
[1.88400252e+10 2.89115876e+11]:[ 2.28231617e-02 -1.45787998e-12 -2.24048731e-13  4.60974665e-11 -1.75260160e-10 -1.82892677e-15  8.53048294e-16  2.28883045e-05 -2.05087844e-06 -1.59932765e-08  9.96557685e-10]:11.103633955402605
&&&&&&&&&&&&&&&&&&&&&&&&
&&TOURNAMENT SELECTION&&
&&&&&&&&&&&&&&&&&&&&&&&&
parents:
[ 4.60736432e-02 -1.42699887e-12 -2.22747167e-13  4.61385576e-11 -1.75386881e-10 -1.83732770e-15  8.52992801e-16  2.33732887e-05 -2.05069674e-06 -1.61462734e-08  9.95227884e-10]
[ 2.28231617e-02 -1.45787998e-12 -2.24048731e-13  4.60974665e-11 -1.75260160e-10 -1.82892677e-15  8.53048294e-16  2.28883045e-05 -2.05087844e-06 -1.59932765e-08  9.96557685e-10]
children:
[ 4.61585413e-02 -1.45225801e-12 -2.22748466e-13  4.60987916e-11 -1.75334667e-10 -1.83104305e-15  8.53044742e-16  2.31082341e-05 -2.05079422e-06 -1.60063802e-08  9.95552253e-10]
[ 4.43983159e-02 -1.44382942e-12 -2.22804991e-13  4.61305918e-11 -1.75316112e-10 -1.83404167e-15  8.53001588e-16  2.34118146e-05 -2.05078834e-06 -1.60252729e-08  9.96381237e-10]
Population scores:
[2.0281825e+10 2.7675539e+11]:[ 4.60736432e-02 -1.42699887e-12 -2.22747167e-13  4.61385576e-11 -1.75386881e-10 -1.83732770e-15  8.52992801e-16  2.33732887e-05 -2.05069674e-06 -1.61462734e-08  9.95227884e-10]:11.089450280596502
[1.88400252e+10 2.89115876e+11]:[ 2.28231617e-02 -1.45787998e-12 -2.24048731e-13  4.60974665e-11 -1.75260160e-10 -1.82892677e-15  8.53048294e-16  2.28883045e-05 -2.05087844e-06 -1.59932765e-08  9.96557685e-10]:11.103633955402605
[1.71151476e+10 2.97641659e+11]:[ 4.61585413e-02 -1.45225801e-12 -2.22748466e-13  4.60987916e-11 -1.75334667e-10 -1.83104305e-15  8.53044742e-16  2.31082341e-05 -2.05079422e-06 -1.60063802e-08  9.95552253e-10]:11.111685013503397
[1.37147189e+10 3.59905664e+11]:[ 4.43983159e-02 -1.44382942e-12 -2.22804991e-13  4.61305918e-11 -1.75316112e-10 -1.83404167e-15  8.53001588e-16  2.34118146e-05 -2.05078834e-06 -1.60252729e-08  9.96381237e-10]:11.182389246855848
Selected for new population:
[ 4.60736432e-02 -1.42699887e-12 -2.22747167e-13  4.61385576e-11 -1.75386881e-10 -1.83732770e-15  8.52992801e-16  2.33732887e-05 -2.05069674e-06 -1.61462734e-08  9.95227884e-10]
[ 2.28231617e-02 -1.45787998e-12 -2.24048731e-13  4.60974665e-11 -1.75260160e-10 -1.82892677e-15  8.53048294e-16  2.28883045e-05 -2.05087844e-06 -1.59932765e-08  9.96557685e-10]
Selected: [0 9]
***************
***CROSSOVER***
***************
Population scores:
[5.82760821e+10 2.06850659e+11]:[ 5.62584682e-02 -1.44264691e-12 -2.27628840e-13  4.61842831e-11 -1.75441886e-10 -1.83310902e-15  8.53046180e-16  2.29926769e-05 -2.04809882e-06 -1.62022025e-08  9.92373641e-10]:11.070798279500423
[1.35107232e+10 3.68296581e+11]:[ 0.00000000e+00 -1.45799022e-12 -2.28980078e-13  4.62010753e-11 -1.75214813e-10 -1.83669770e-15  8.52944060e-16  2.29423303e-05 -2.04721003e-06 -1.59792834e-08  9.98214034e-10]:11.19152106151278
&&&&&&&&&&&&&&&&&&&&&&&&
&&TOURNAMENT SELECTION&&
&&&&&&&&&&&&&&&&&&&&&&&&
parents:
[ 5.62584682e-02 -1.44264691e-12 -2.27628840e-13  4.61842831e-11 -1.75441886e-10 -1.83310902e-15  8.53046180e-16  2.29926769e-05 -2.04809882e-06 -1.62022025e-08  9.92373641e-10]
[ 0.00000000e+00 -1.45799022e-12 -2.28980078e-13  4.62010753e-11 -1.75214813e-10 -1.83669770e-15  8.52944060e-16  2.29423303e-05 -2.04721003e-06 -1.59792834e-08  9.98214034e-10]
children:
[ 5.21428703e-02 -1.45117051e-12 -2.29000138e-13  4.61999140e-11 -1.75302530e-10 -1.83512671e-15  8.53042386e-16  2.29966232e-05 -2.04788841e-06 -1.60747833e-08  9.93211946e-10]
[ 7.04547766e-04 -1.45242315e-12 -2.28941531e-13  4.61840222e-11 -1.75411318e-10 -1.83523743e-15  8.52933880e-16  2.29453367e-05 -2.04780942e-06 -1.61810490e-08  9.92367303e-10]
Population scores:
[3.21439252e+10 2.40935439e+11]:[ 5.21428703e-02 -1.45117051e-12 -2.29000138e-13  4.61999140e-11 -1.75302530e-10 -1.83512671e-15  8.53042386e-16  2.29966232e-05 -2.04788841e-06 -1.60747833e-08  9.93211946e-10]:11.06318518080608
[5.82760821e+10 2.06850659e+11]:[ 5.62584682e-02 -1.44264691e-12 -2.27628840e-13  4.61842831e-11 -1.75441886e-10 -1.83310902e-15  8.53046180e-16  2.29926769e-05 -2.04809882e-06 -1.62022025e-08  9.92373641e-10]:11.070798279500423
[5.75415306e+10 2.07981256e+11]:[ 7.04547766e-04 -1.45242315e-12 -2.28941531e-13  4.61840222e-11 -1.75411318e-10 -1.83523743e-15  8.52933880e-16  2.29453367e-05 -2.04780942e-06 -1.61810490e-08  9.92367303e-10]:11.070840737672723
[1.35107232e+10 3.68296581e+11]:[ 0.00000000e+00 -1.45799022e-12 -2.28980078e-13  4.62010753e-11 -1.75214813e-10 -1.83669770e-15  8.52944060e-16  2.29423303e-05 -2.04721003e-06 -1.59792834e-08  9.98214034e-10]:11.19152106151278
Selected for new population:
[ 5.21428703e-02 -1.45117051e-12 -2.29000138e-13  4.61999140e-11 -1.75302530e-10 -1.83512671e-15  8.53042386e-16  2.29966232e-05 -2.04788841e-06 -1.60747833e-08  9.93211946e-10]
[ 5.62584682e-02 -1.44264691e-12 -2.27628840e-13  4.61842831e-11 -1.75441886e-10 -1.83310902e-15  8.53046180e-16  2.29926769e-05 -2.04809882e-06 -1.62022025e-08  9.92373641e-10]
Selected: [7 0]
***************
***CROSSOVER***
***************
Population scores:
[5.82760821e+10 2.06850659e+11]:[ 5.62584682e-02 -1.44264691e-12 -2.27628840e-13  4.61842831e-11 -1.75441886e-10 -1.83310902e-15  8.53046180e-16  2.29926769e-05 -2.04809882e-06 -1.62022025e-08  9.92373641e-10]:11.070798279500423
[1.50150642e+10 3.17539197e+11]:[ 1.78644310e-02 -1.43676285e-12 -2.29124177e-13  4.60812976e-11 -1.75392041e-10 -1.83341470e-15  8.52942903e-16  2.30436318e-05 -2.04902661e-06 -1.59761749e-08  9.95782573e-10]:11.133617832091664
&&&&&&&&&&&&&&&&&&&&&&&&
&&TOURNAMENT SELECTION&&
&&&&&&&&&&&&&&&&&&&&&&&&
parents:
[ 1.78644310e-02 -1.43676285e-12 -2.29124177e-13  4.60812976e-11 -1.75392041e-10 -1.83341470e-15  8.52942903e-16  2.30436318e-05 -2.04902661e-06 -1.59761749e-08  9.95782573e-10]
[ 5.62584682e-02 -1.44264691e-12 -2.27628840e-13  4.61842831e-11 -1.75441886e-10 -1.83310902e-15  8.53046180e-16  2.29926769e-05 -2.04809882e-06 -1.62022025e-08  9.92373641e-10]
children:
[ 3.97444248e-02 -1.44150851e-12 -2.29270982e-13  4.60835566e-11 -1.75445543e-10 -1.83340537e-15  8.52974497e-16  2.30451298e-05 -2.04840511e-06 -1.61106953e-08  9.93960501e-10]
[ 3.74955343e-02 -1.44271002e-12 -2.27571706e-13  4.61018725e-11 -1.75391466e-10 -1.83342931e-15  8.52938862e-16  2.29899842e-05 -2.04813728e-06 -1.60200154e-08  9.92796396e-10]
Population scores:
[3.06681019e+10 2.44032109e+11]:[ 3.97444248e-02 -1.44150851e-12 -2.29270982e-13  4.60835566e-11 -1.75445543e-10 -1.83340537e-15  8.52974497e-16  2.30451298e-05 -2.04840511e-06 -1.61106953e-08  9.93960501e-10]:11.064509295511622
[2.88744681e+10 2.48573678e+11]:[ 3.74955343e-02 -1.44271002e-12 -2.27571706e-13  4.61018725e-11 -1.75391466e-10 -1.83342931e-15  8.52938862e-16  2.29899842e-05 -2.04813728e-06 -1.60200154e-08  9.92796396e-10]:11.067272334603743
[5.82760821e+10 2.06850659e+11]:[ 5.62584682e-02 -1.44264691e-12 -2.27628840e-13  4.61842831e-11 -1.75441886e-10 -1.83310902e-15  8.53046180e-16  2.29926769e-05 -2.04809882e-06 -1.62022025e-08  9.92373641e-10]:11.070798279500423
[1.50150642e+10 3.17539197e+11]:[ 1.78644310e-02 -1.43676285e-12 -2.29124177e-13  4.60812976e-11 -1.75392041e-10 -1.83341470e-15  8.52942903e-16  2.30436318e-05 -2.04902661e-06 -1.59761749e-08  9.95782573e-10]:11.133617832091664
Selected for new population:
[ 3.97444248e-02 -1.44150851e-12 -2.29270982e-13  4.60835566e-11 -1.75445543e-10 -1.83340537e-15  8.52974497e-16  2.30451298e-05 -2.04840511e-06 -1.61106953e-08  9.93960501e-10]
[ 3.74955343e-02 -1.44271002e-12 -2.27571706e-13  4.61018725e-11 -1.75391466e-10 -1.83342931e-15  8.52938862e-16  2.29899842e-05 -2.04813728e-06 -1.60200154e-08  9.92796396e-10]
Selected: [4 7]
***************
***CROSSOVER***
***************
Population scores:
[1.88400252e+10 2.89115876e+11]:[ 2.28231617e-02 -1.45787998e-12 -2.24048731e-13  4.60974665e-11 -1.75260160e-10 -1.82892677e-15  8.53048294e-16  2.28883045e-05 -2.05087844e-06 -1.59932765e-08  9.96557685e-10]:11.103633955402605
[1.50150642e+10 3.17539197e+11]:[ 1.78644310e-02 -1.43676285e-12 -2.29124177e-13  4.60812976e-11 -1.75392041e-10 -1.83341470e-15  8.52942903e-16  2.30436318e-05 -2.04902661e-06 -1.59761749e-08  9.95782573e-10]:11.133617832091664
&&&&&&&&&&&&&&&&&&&&&&&&
&&TOURNAMENT SELECTION&&
&&&&&&&&&&&&&&&&&&&&&&&&
parents:
[ 2.28231617e-02 -1.45787998e-12 -2.24048731e-13  4.60974665e-11 -1.75260160e-10 -1.82892677e-15  8.53048294e-16  2.28883045e-05 -2.05087844e-06 -1.59932765e-08  9.96557685e-10]
[ 1.78644310e-02 -1.43676285e-12 -2.29124177e-13  4.60812976e-11 -1.75392041e-10 -1.83341470e-15  8.52942903e-16  2.30436318e-05 -2.04902661e-06 -1.59761749e-08  9.95782573e-10]
children:
[ 2.24891404e-02 -1.45648424e-12 -2.24669736e-13  4.60990708e-11 -1.75272023e-10 -1.83201039e-15  8.53024752e-16  2.30539861e-05 -2.05084648e-06 -1.59760620e-08  9.96074253e-10]
[ 2.19482111e-02 -1.45524113e-12 -2.29038887e-13  4.60954857e-11 -1.75271733e-10 -1.83107902e-15  8.53025645e-16  2.29031992e-05 -2.05062556e-06 -1.59949279e-08  9.96309363e-10]
Population scores:
[1.91586651e+10 2.87179670e+11]:[ 2.19482111e-02 -1.45524113e-12 -2.29038887e-13  4.60954857e-11 -1.75271733e-10 -1.83107902e-15  8.53025645e-16  2.29031992e-05 -2.05062556e-06 -1.59949279e-08  9.96309363e-10]:11.101633905460455
[1.88400252e+10 2.89115876e+11]:[ 2.28231617e-02 -1.45787998e-12 -2.24048731e-13  4.60974665e-11 -1.75260160e-10 -1.82892677e-15  8.53048294e-16  2.28883045e-05 -2.05087844e-06 -1.59932765e-08  9.96557685e-10]:11.103633955402605
[1.56660459e+10 3.10721588e+11]:[ 2.24891404e-02 -1.45648424e-12 -2.24669736e-13  4.60990708e-11 -1.75272023e-10 -1.83201039e-15  8.53024752e-16  2.30539861e-05 -2.05084648e-06 -1.59760620e-08  9.96074253e-10]:11.12609328033066
[1.50150642e+10 3.17539197e+11]:[ 1.78644310e-02 -1.43676285e-12 -2.29124177e-13  4.60812976e-11 -1.75392041e-10 -1.83341470e-15  8.52942903e-16  2.30436318e-05 -2.04902661e-06 -1.59761749e-08  9.95782573e-10]:11.133617832091664
Selected for new population:
[ 2.19482111e-02 -1.45524113e-12 -2.29038887e-13  4.60954857e-11 -1.75271733e-10 -1.83107902e-15  8.53025645e-16  2.29031992e-05 -2.05062556e-06 -1.59949279e-08  9.96309363e-10]
[ 2.28231617e-02 -1.45787998e-12 -2.24048731e-13  4.60974665e-11 -1.75260160e-10 -1.82892677e-15  8.53048294e-16  2.28883045e-05 -2.05087844e-06 -1.59932765e-08  9.96557685e-10]
Population scores:
[3.21439252e+10 2.40935439e+11]:[ 5.21428703e-02 -1.45117051e-12 -2.29000138e-13  4.61999140e-11 -1.75302530e-10 -1.83512671e-15  8.53042386e-16  2.29966232e-05 -2.04788841e-06 -1.60747833e-08  9.93211946e-10]:11.06318518080608
[3.06681019e+10 2.44032109e+11]:[ 3.97444248e-02 -1.44150851e-12 -2.29270982e-13  4.60835566e-11 -1.75445543e-10 -1.83340537e-15  8.52974497e-16  2.30451298e-05 -2.04840511e-06 -1.61106953e-08  9.93960501e-10]:11.064509295511622
[2.88744681e+10 2.48573678e+11]:[ 3.74955343e-02 -1.44271002e-12 -2.27571706e-13  4.61018725e-11 -1.75391466e-10 -1.83342931e-15  8.52938862e-16  2.29899842e-05 -2.04813728e-06 -1.60200154e-08  9.92796396e-10]:11.067272334603743
[5.82760821e+10 2.06850659e+11]:[ 5.62584682e-02 -1.44264691e-12 -2.27628840e-13  4.61842831e-11 -1.75441886e-10 -1.83310902e-15  8.53046180e-16  2.29926769e-05 -2.04809882e-06 -1.62022025e-08  9.92373641e-10]:11.070798279500423
[2.39186935e+10 2.60447870e+11]:[ 6.73651841e-02 -1.45714459e-12 -2.24133661e-13  4.61562308e-11 -1.75379790e-10 -1.83638639e-15  8.52965543e-16  2.34856480e-05 -2.04810867e-06 -1.64237736e-08  9.97899221e-10]:11.073829618082597
[2.0281825e+10 2.7675539e+11]:[ 4.60736432e-02 -1.42699887e-12 -2.22747167e-13  4.61385576e-11 -1.75386881e-10 -1.83732770e-15  8.52992801e-16  2.33732887e-05 -2.05069674e-06 -1.61462734e-08  9.95227884e-10]:11.089450280596502
[2.01665436e+10 2.78393816e+11]:[ 5.06202842e-02 -1.44205556e-12 -2.28630120e-13  4.61592033e-11 -1.75445734e-10 -1.82806930e-15  8.53066835e-16  2.30107440e-05 -2.04723390e-06 -1.59629657e-08  9.92915045e-10]:11.091517311041377
[1.91586651e+10 2.87179670e+11]:[ 2.19482111e-02 -1.45524113e-12 -2.29038887e-13  4.60954857e-11 -1.75271733e-10 -1.83107902e-15  8.53025645e-16  2.29031992e-05 -2.05062556e-06 -1.59949279e-08  9.96309363e-10]:11.101633905460455
[1.88400252e+10 2.89115876e+11]:[ 2.28231617e-02 -1.45787998e-12 -2.24048731e-13  4.60974665e-11 -1.75260160e-10 -1.82892677e-15  8.53048294e-16  2.28883045e-05 -2.05087844e-06 -1.59932765e-08  9.96557685e-10]:11.103633955402605
[8.38111440e+10 1.97218989e+11]:[ 3.49803582e-03 -1.45136552e-12 -2.24196757e-13  4.62079901e-11 -1.75527589e-10 -1.83565861e-15  8.52995312e-16  2.31565059e-05 -2.04975291e-06 -1.66080326e-08  9.97588648e-10]:11.111176056290688
[1.71281541e+10 2.97467050e+11]:[ 3.13581471e-02 -1.44855945e-12 -2.28981159e-13  4.61966207e-11 -1.75437387e-10 -1.82991140e-15  8.53056438e-16  2.29665679e-05 -2.04720932e-06 -1.59618604e-08  9.94306955e-10]:11.111476625036781
[1.50997151e+10 3.14742730e+11]:[ 6.10216320e-03 -1.41562901e-12 -2.23727865e-13  4.61724032e-11 -1.75423030e-10 -1.82832479e-15  8.53049751e-16  2.36217958e-05 -2.05083146e-06 -1.61591204e-08  9.95325437e-10]:11.130195161120863
[1.50150642e+10 3.17539197e+11]:[ 1.78644310e-02 -1.43676285e-12 -2.29124177e-13  4.60812976e-11 -1.75392041e-10 -1.83341470e-15  8.52942903e-16  2.30436318e-05 -2.04902661e-06 -1.59761749e-08  9.95782573e-10]:11.133617832091664
[1.05659295e+11 1.85628912e+11]:[ 6.26201057e-02 -1.41539557e-12 -2.22596627e-13  4.60572928e-11 -1.75504831e-10 -1.82855845e-15  8.53064488e-16  2.37259063e-05 -2.05062007e-06 -1.67000556e-08  9.92839951e-10]:11.138767197140398
[1.35107232e+10 3.68296581e+11]:[ 0.00000000e+00 -1.45799022e-12 -2.28980078e-13  4.62010753e-11 -1.75214813e-10 -1.83669770e-15  8.52944060e-16  2.29423303e-05 -2.04721003e-06 -1.59792834e-08  9.98214034e-10]:11.19152106151278
*******************************
***iteration: 2 Population is***
*******************************
Population scores:
[3.21439252e+10 2.40935439e+11]:[ 5.21428703e-02 -1.45117051e-12 -2.29000138e-13  4.61999140e-11 -1.75302530e-10 -1.83512671e-15  8.53042386e-16  2.29966232e-05 -2.04788841e-06 -1.60747833e-08  9.93211946e-10]:11.06318518080608
[3.06681019e+10 2.44032109e+11]:[ 3.97444248e-02 -1.44150851e-12 -2.29270982e-13  4.60835566e-11 -1.75445543e-10 -1.83340537e-15  8.52974497e-16  2.30451298e-05 -2.04840511e-06 -1.61106953e-08  9.93960501e-10]:11.064509295511622
[2.88744681e+10 2.48573678e+11]:[ 3.74955343e-02 -1.44271002e-12 -2.27571706e-13  4.61018725e-11 -1.75391466e-10 -1.83342931e-15  8.52938862e-16  2.29899842e-05 -2.04813728e-06 -1.60200154e-08  9.92796396e-10]:11.067272334603743
[5.82760821e+10 2.06850659e+11]:[ 5.62584682e-02 -1.44264691e-12 -2.27628840e-13  4.61842831e-11 -1.75441886e-10 -1.83310902e-15  8.53046180e-16  2.29926769e-05 -2.04809882e-06 -1.62022025e-08  9.92373641e-10]:11.070798279500423
[2.39186935e+10 2.60447870e+11]:[ 6.73651841e-02 -1.45714459e-12 -2.24133661e-13  4.61562308e-11 -1.75379790e-10 -1.83638639e-15  8.52965543e-16  2.34856480e-05 -2.04810867e-06 -1.64237736e-08  9.97899221e-10]:11.073829618082597
[2.0281825e+10 2.7675539e+11]:[ 4.60736432e-02 -1.42699887e-12 -2.22747167e-13  4.61385576e-11 -1.75386881e-10 -1.83732770e-15  8.52992801e-16  2.33732887e-05 -2.05069674e-06 -1.61462734e-08  9.95227884e-10]:11.089450280596502
[2.01665436e+10 2.78393816e+11]:[ 5.06202842e-02 -1.44205556e-12 -2.28630120e-13  4.61592033e-11 -1.75445734e-10 -1.82806930e-15  8.53066835e-16  2.30107440e-05 -2.04723390e-06 -1.59629657e-08  9.92915045e-10]:11.091517311041377
[1.91586651e+10 2.87179670e+11]:[ 2.19482111e-02 -1.45524113e-12 -2.29038887e-13  4.60954857e-11 -1.75271733e-10 -1.83107902e-15  8.53025645e-16  2.29031992e-05 -2.05062556e-06 -1.59949279e-08  9.96309363e-10]:11.101633905460455
[1.88400252e+10 2.89115876e+11]:[ 2.28231617e-02 -1.45787998e-12 -2.24048731e-13  4.60974665e-11 -1.75260160e-10 -1.82892677e-15  8.53048294e-16  2.28883045e-05 -2.05087844e-06 -1.59932765e-08  9.96557685e-10]:11.103633955402605
[8.38111440e+10 1.97218989e+11]:[ 3.49803582e-03 -1.45136552e-12 -2.24196757e-13  4.62079901e-11 -1.75527589e-10 -1.83565861e-15  8.52995312e-16  2.31565059e-05 -2.04975291e-06 -1.66080326e-08  9.97588648e-10]:11.111176056290688
Selected: [6 7]
***************
***CROSSOVER***
***************
Population scores:
[2.01665436e+10 2.78393816e+11]:[ 5.06202842e-02 -1.44205556e-12 -2.28630120e-13  4.61592033e-11 -1.75445734e-10 -1.82806930e-15  8.53066835e-16  2.30107440e-05 -2.04723390e-06 -1.59629657e-08  9.92915045e-10]:11.091517311041377
[1.91586651e+10 2.87179670e+11]:[ 2.19482111e-02 -1.45524113e-12 -2.29038887e-13  4.60954857e-11 -1.75271733e-10 -1.83107902e-15  8.53025645e-16  2.29031992e-05 -2.05062556e-06 -1.59949279e-08  9.96309363e-10]:11.101633905460455
&&&&&&&&&&&&&&&&&&&&&&&&
&&TOURNAMENT SELECTION&&
&&&&&&&&&&&&&&&&&&&&&&&&
parents:
[ 5.06202842e-02 -1.44205556e-12 -2.28630120e-13  4.61592033e-11 -1.75445734e-10 -1.82806930e-15  8.53066835e-16  2.30107440e-05 -2.04723390e-06 -1.59629657e-08  9.92915045e-10]
[ 2.19482111e-02 -1.45524113e-12 -2.29038887e-13  4.60954857e-11 -1.75271733e-10 -1.83107902e-15  8.53025645e-16  2.29031992e-05 -2.05062556e-06 -1.59949279e-08  9.96309363e-10]
children:
[ 3.20906798e-02 -1.44912417e-12 -2.28927140e-13  4.61431950e-11 -1.75420535e-10 -1.82797096e-15  8.53033549e-16  2.29633113e-05 -2.04960460e-06 -1.59637762e-08  9.94624894e-10]
[ 2.76844784e-02 -1.44093998e-12 -2.28595461e-13  4.61359078e-11 -1.75332328e-10 -1.83060426e-15  8.53037016e-16  2.29529769e-05 -2.04708153e-06 -1.59700070e-08  9.95076887e-10]
Population scores:
[2.01665436e+10 2.78393816e+11]:[ 5.06202842e-02 -1.44205556e-12 -2.28630120e-13  4.61592033e-11 -1.75445734e-10 -1.82806930e-15  8.53066835e-16  2.30107440e-05 -2.04723390e-06 -1.59629657e-08  9.92915045e-10]:11.091517311041377
[1.91980519e+10 2.85078581e+11]:[ 3.20906798e-02 -1.44912417e-12 -2.28927140e-13  4.61431950e-11 -1.75420535e-10 -1.82797096e-15  8.53033549e-16  2.29633113e-05 -2.04960460e-06 -1.59637762e-08  9.94624894e-10]:11.098817628491735
[1.91586651e+10 2.87179670e+11]:[ 2.19482111e-02 -1.45524113e-12 -2.29038887e-13  4.60954857e-11 -1.75271733e-10 -1.83107902e-15  8.53025645e-16  2.29031992e-05 -2.05062556e-06 -1.59949279e-08  9.96309363e-10]:11.101633905460455
[1.59039240e+10 3.07994162e+11]:[ 2.76844784e-02 -1.44093998e-12 -2.28595461e-13  4.61359078e-11 -1.75332328e-10 -1.83060426e-15  8.53037016e-16  2.29529769e-05 -2.04708153e-06 -1.59700070e-08  9.95076887e-10]:11.123001876531232
Selected for new population:
[ 5.06202842e-02 -1.44205556e-12 -2.28630120e-13  4.61592033e-11 -1.75445734e-10 -1.82806930e-15  8.53066835e-16  2.30107440e-05 -2.04723390e-06 -1.59629657e-08  9.92915045e-10]
[ 3.20906798e-02 -1.44912417e-12 -2.28927140e-13  4.61431950e-11 -1.75420535e-10 -1.82797096e-15  8.53033549e-16  2.29633113e-05 -2.04960460e-06 -1.59637762e-08  9.94624894e-10]
Selected: [1 8]
***************
***CROSSOVER***
***************
Population scores:
[3.06681019e+10 2.44032109e+11]:[ 3.97444248e-02 -1.44150851e-12 -2.29270982e-13  4.60835566e-11 -1.75445543e-10 -1.83340537e-15  8.52974497e-16  2.30451298e-05 -2.04840511e-06 -1.61106953e-08  9.93960501e-10]:11.064509295511622
[1.88400252e+10 2.89115876e+11]:[ 2.28231617e-02 -1.45787998e-12 -2.24048731e-13  4.60974665e-11 -1.75260160e-10 -1.82892677e-15  8.53048294e-16  2.28883045e-05 -2.05087844e-06 -1.59932765e-08  9.96557685e-10]:11.103633955402605
&&&&&&&&&&&&&&&&&&&&&&&&
&&TOURNAMENT SELECTION&&
&&&&&&&&&&&&&&&&&&&&&&&&
parents:
[ 3.97444248e-02 -1.44150851e-12 -2.29270982e-13  4.60835566e-11 -1.75445543e-10 -1.83340537e-15  8.52974497e-16  2.30451298e-05 -2.04840511e-06 -1.61106953e-08  9.93960501e-10]
[ 2.28231617e-02 -1.45787998e-12 -2.24048731e-13  4.60974665e-11 -1.75260160e-10 -1.82892677e-15  8.53048294e-16  2.28883045e-05 -2.05087844e-06 -1.59932765e-08  9.96557685e-10]
children:
[ 2.45193078e-02 -1.45521463e-12 -2.28329391e-13  4.60894575e-11 -1.75390940e-10 -1.83263031e-15  8.53036681e-16  2.29319939e-05 -2.04955406e-06 -1.60199456e-08  9.94070616e-10]
[ 3.31005939e-02 -1.44192677e-12 -2.24178870e-13  4.60837607e-11 -1.75447133e-10 -1.82981514e-15  8.52976052e-16  2.29689089e-05 -2.04824822e-06 -1.61077476e-08  9.94309250e-10]
Population scores:
[3.06681019e+10 2.44032109e+11]:[ 3.97444248e-02 -1.44150851e-12 -2.29270982e-13  4.60835566e-11 -1.75445543e-10 -1.83340537e-15  8.52974497e-16  2.30451298e-05 -2.04840511e-06 -1.61106953e-08  9.93960501e-10]:11.064509295511622
[3.12120549e+10 2.43674281e+11]:[ 3.31005939e-02 -1.44192677e-12 -2.24178870e-13  4.60837607e-11 -1.75447133e-10 -1.82981514e-15  8.52976052e-16  2.29689089e-05 -2.04824822e-06 -1.61077476e-08  9.94309250e-10]:11.065194710833124
[2.78573142e+10 2.52835596e+11]:[ 2.45193078e-02 -1.45521463e-12 -2.28329391e-13  4.60894575e-11 -1.75390940e-10 -1.83263031e-15  8.53036681e-16  2.29319939e-05 -2.04955406e-06 -1.60199456e-08  9.94070616e-10]:11.071324526631726
[1.88400252e+10 2.89115876e+11]:[ 2.28231617e-02 -1.45787998e-12 -2.24048731e-13  4.60974665e-11 -1.75260160e-10 -1.82892677e-15  8.53048294e-16  2.28883045e-05 -2.05087844e-06 -1.59932765e-08  9.96557685e-10]:11.103633955402605
Selected for new population:
[ 3.97444248e-02 -1.44150851e-12 -2.29270982e-13  4.60835566e-11 -1.75445543e-10 -1.83340537e-15  8.52974497e-16  2.30451298e-05 -2.04840511e-06 -1.61106953e-08  9.93960501e-10]
[ 3.31005939e-02 -1.44192677e-12 -2.24178870e-13  4.60837607e-11 -1.75447133e-10 -1.82981514e-15  8.52976052e-16  2.29689089e-05 -2.04824822e-06 -1.61077476e-08  9.94309250e-10]
Selected: [7 8]
***************
***CROSSOVER***
***************
Population scores:
[1.91586651e+10 2.87179670e+11]:[ 2.19482111e-02 -1.45524113e-12 -2.29038887e-13  4.60954857e-11 -1.75271733e-10 -1.83107902e-15  8.53025645e-16  2.29031992e-05 -2.05062556e-06 -1.59949279e-08  9.96309363e-10]:11.101633905460455
[1.88400252e+10 2.89115876e+11]:[ 2.28231617e-02 -1.45787998e-12 -2.24048731e-13  4.60974665e-11 -1.75260160e-10 -1.82892677e-15  8.53048294e-16  2.28883045e-05 -2.05087844e-06 -1.59932765e-08  9.96557685e-10]:11.103633955402605
&&&&&&&&&&&&&&&&&&&&&&&&
&&TOURNAMENT SELECTION&&
&&&&&&&&&&&&&&&&&&&&&&&&
parents:
[ 2.19482111e-02 -1.45524113e-12 -2.29038887e-13  4.60954857e-11 -1.75271733e-10 -1.83107902e-15  8.53025645e-16  2.29031992e-05 -2.05062556e-06 -1.59949279e-08  9.96309363e-10]
[ 2.28231617e-02 -1.45787998e-12 -2.24048731e-13  4.60974665e-11 -1.75260160e-10 -1.82892677e-15  8.53048294e-16  2.28883045e-05 -2.05087844e-06 -1.59932765e-08  9.96557685e-10]
children:
[ 2.27206978e-02 -1.45614626e-12 -2.27048202e-13  4.60956388e-11 -1.75266730e-10 -1.83044834e-15  8.53039133e-16  2.28911572e-05 -2.05069069e-06 -1.59935118e-08  9.96454106e-10]
[ 2.18695940e-02 -1.45608104e-12 -2.25003463e-13  4.60965832e-11 -1.75272650e-10 -1.83064051e-15  8.53027114e-16  2.29040377e-05 -2.05076263e-06 -1.59939676e-08  9.96529557e-10]
Population scores:
[1.91586651e+10 2.87179670e+11]:[ 2.19482111e-02 -1.45524113e-12 -2.29038887e-13  4.60954857e-11 -1.75271733e-10 -1.83107902e-15  8.53025645e-16  2.29031992e-05 -2.05062556e-06 -1.59949279e-08  9.96309363e-10]:11.101633905460455
[1.89763261e+10 2.88359593e+11]:[ 2.27206978e-02 -1.45614626e-12 -2.27048202e-13  4.60956388e-11 -1.75266730e-10 -1.83044834e-15  8.53039133e-16  2.28911572e-05 -2.05069069e-06 -1.59935118e-08  9.96454106e-10]:11.10287817624997
[1.88400252e+10 2.89115876e+11]:[ 2.28231617e-02 -1.45787998e-12 -2.24048731e-13  4.60974665e-11 -1.75260160e-10 -1.82892677e-15  8.53048294e-16  2.28883045e-05 -2.05087844e-06 -1.59932765e-08  9.96557685e-10]:11.103633955402605
[1.85309413e+10 2.90805045e+11]:[ 2.18695940e-02 -1.45608104e-12 -2.25003463e-13  4.60965832e-11 -1.75272650e-10 -1.83064051e-15  8.53027114e-16  2.29040377e-05 -2.05076263e-06 -1.59939676e-08  9.96529557e-10]:11.105307748072647
Selected for new population:
[ 2.19482111e-02 -1.45524113e-12 -2.29038887e-13  4.60954857e-11 -1.75271733e-10 -1.83107902e-15  8.53025645e-16  2.29031992e-05 -2.05062556e-06 -1.59949279e-08  9.96309363e-10]
[ 2.27206978e-02 -1.45614626e-12 -2.27048202e-13  4.60956388e-11 -1.75266730e-10 -1.83044834e-15  8.53039133e-16  2.28911572e-05 -2.05069069e-06 -1.59935118e-08  9.96454106e-10]
Selected: [2 7]
***************
***CROSSOVER***
***************
Population scores:
[2.88744681e+10 2.48573678e+11]:[ 3.74955343e-02 -1.44271002e-12 -2.27571706e-13  4.61018725e-11 -1.75391466e-10 -1.83342931e-15  8.52938862e-16  2.29899842e-05 -2.04813728e-06 -1.60200154e-08  9.92796396e-10]:11.067272334603743
[1.91586651e+10 2.87179670e+11]:[ 2.19482111e-02 -1.45524113e-12 -2.29038887e-13  4.60954857e-11 -1.75271733e-10 -1.83107902e-15  8.53025645e-16  2.29031992e-05 -2.05062556e-06 -1.59949279e-08  9.96309363e-10]:11.101633905460455
&&&&&&&&&&&&&&&&&&&&&&&&
&&TOURNAMENT SELECTION&&
&&&&&&&&&&&&&&&&&&&&&&&&
parents:
[ 3.74955343e-02 -1.44271002e-12 -2.27571706e-13  4.61018725e-11 -1.75391466e-10 -1.83342931e-15  8.52938862e-16  2.29899842e-05 -2.04813728e-06 -1.60200154e-08  9.92796396e-10]
[ 2.19482111e-02 -1.45524113e-12 -2.29038887e-13  4.60954857e-11 -1.75271733e-10 -1.83107902e-15  8.53025645e-16  2.29031992e-05 -2.05062556e-06 -1.59949279e-08  9.96309363e-10]
children:
[ 3.51823235e-02 -1.44155898e-12 -2.29164739e-13  4.60989036e-11 -1.75275969e-10 -1.83246944e-15  8.53008952e-16  2.29175674e-05 -2.04985596e-06 -1.60000325e-08  9.96529770e-10]
[ 3.88661734e-02 -1.45325578e-12 -2.28598359e-13  4.60986835e-11 -1.75359804e-10 -1.83359682e-15  8.52984544e-16  2.29173915e-05 -2.04968355e-06 -1.59968530e-08  9.92621435e-10]
Population scores:
[3.45338035e+10 2.37177180e+11]:[ 3.88661734e-02 -1.45325578e-12 -2.28598359e-13  4.60986835e-11 -1.75359804e-10 -1.83359682e-15  8.52984544e-16  2.29173915e-05 -2.04968355e-06 -1.59968530e-08  9.92621435e-10]:11.062924599709989
[2.88744681e+10 2.48573678e+11]:[ 3.74955343e-02 -1.44271002e-12 -2.27571706e-13  4.61018725e-11 -1.75391466e-10 -1.83342931e-15  8.52938862e-16  2.29899842e-05 -2.04813728e-06 -1.60200154e-08  9.92796396e-10]:11.067272334603743
[1.91586651e+10 2.87179670e+11]:[ 2.19482111e-02 -1.45524113e-12 -2.29038887e-13  4.60954857e-11 -1.75271733e-10 -1.83107902e-15  8.53025645e-16  2.29031992e-05 -2.05062556e-06 -1.59949279e-08  9.96309363e-10]:11.101633905460455
[1.75842885e+10 2.96580141e+11]:[ 3.51823235e-02 -1.44155898e-12 -2.29164739e-13  4.60989036e-11 -1.75275969e-10 -1.83246944e-15  8.53008952e-16  2.29175674e-05 -2.04985596e-06 -1.60000325e-08  9.96529770e-10]:11.111204119836316
Selected for new population:
[ 3.88661734e-02 -1.45325578e-12 -2.28598359e-13  4.60986835e-11 -1.75359804e-10 -1.83359682e-15  8.52984544e-16  2.29173915e-05 -2.04968355e-06 -1.59968530e-08  9.92621435e-10]
[ 3.74955343e-02 -1.44271002e-12 -2.27571706e-13  4.61018725e-11 -1.75391466e-10 -1.83342931e-15  8.52938862e-16  2.29899842e-05 -2.04813728e-06 -1.60200154e-08  9.92796396e-10]
Selected: [7 8]
***************
***CROSSOVER***
***************
Population scores:
[1.91586651e+10 2.87179670e+11]:[ 2.19482111e-02 -1.45524113e-12 -2.29038887e-13  4.60954857e-11 -1.75271733e-10 -1.83107902e-15  8.53025645e-16  2.29031992e-05 -2.05062556e-06 -1.59949279e-08  9.96309363e-10]:11.101633905460455
[1.88400252e+10 2.89115876e+11]:[ 2.28231617e-02 -1.45787998e-12 -2.24048731e-13  4.60974665e-11 -1.75260160e-10 -1.82892677e-15  8.53048294e-16  2.28883045e-05 -2.05087844e-06 -1.59932765e-08  9.96557685e-10]:11.103633955402605
&&&&&&&&&&&&&&&&&&&&&&&&
&&TOURNAMENT SELECTION&&
&&&&&&&&&&&&&&&&&&&&&&&&
parents:
[ 2.19482111e-02 -1.45524113e-12 -2.29038887e-13  4.60954857e-11 -1.75271733e-10 -1.83107902e-15  8.53025645e-16  2.29031992e-05 -2.05062556e-06 -1.59949279e-08  9.96309363e-10]
[ 2.28231617e-02 -1.45787998e-12 -2.24048731e-13  4.60974665e-11 -1.75260160e-10 -1.82892677e-15  8.53048294e-16  2.28883045e-05 -2.05087844e-06 -1.59932765e-08  9.96557685e-10]
children:
[ 2.23516422e-02 -1.45660456e-12 -2.25869329e-13  4.60964473e-11 -1.75266777e-10 -1.83060344e-15  8.53042328e-16  2.28891347e-05 -2.05075514e-06 -1.59946235e-08  9.96327576e-10]
[ 2.22383572e-02 -1.45685568e-12 -2.25067337e-13  4.60963149e-11 -1.75269585e-10 -1.83036832e-15  8.53030289e-16  2.28988492e-05 -2.05072729e-06 -1.59934349e-08  9.96424444e-10]
Population scores:
[1.96216114e+10 2.84903902e+11]:[ 2.23516422e-02 -1.45660456e-12 -2.25869329e-13  4.60964473e-11 -1.75266777e-10 -1.83060344e-15  8.53042328e-16  2.28891347e-05 -2.05075514e-06 -1.59946235e-08  9.96327576e-10]:11.09945455489744
[1.91586651e+10 2.87179670e+11]:[ 2.19482111e-02 -1.45524113e-12 -2.29038887e-13  4.60954857e-11 -1.75271733e-10 -1.83107902e-15  8.53025645e-16  2.29031992e-05 -2.05062556e-06 -1.59949279e-08  9.96309363e-10]:11.101633905460455
[1.88941906e+10 2.88706025e+11]:[ 2.22383572e-02 -1.45685568e-12 -2.25067337e-13  4.60963149e-11 -1.75269585e-10 -1.83036832e-15  8.53030289e-16  2.28988492e-05 -2.05072729e-06 -1.59934349e-08  9.96424444e-10]:11.103184065669247
[1.88400252e+10 2.89115876e+11]:[ 2.28231617e-02 -1.45787998e-12 -2.24048731e-13  4.60974665e-11 -1.75260160e-10 -1.82892677e-15  8.53048294e-16  2.28883045e-05 -2.05087844e-06 -1.59932765e-08  9.96557685e-10]:11.103633955402605
Selected for new population:
[ 2.23516422e-02 -1.45660456e-12 -2.25869329e-13  4.60964473e-11 -1.75266777e-10 -1.83060344e-15  8.53042328e-16  2.28891347e-05 -2.05075514e-06 -1.59946235e-08  9.96327576e-10]
[ 2.19482111e-02 -1.45524113e-12 -2.29038887e-13  4.60954857e-11 -1.75271733e-10 -1.83107902e-15  8.53025645e-16  2.29031992e-05 -2.05062556e-06 -1.59949279e-08  9.96309363e-10]
Population scores:
[3.45338035e+10 2.37177180e+11]:[ 3.88661734e-02 -1.45325578e-12 -2.28598359e-13  4.60986835e-11 -1.75359804e-10 -1.83359682e-15  8.52984544e-16  2.29173915e-05 -2.04968355e-06 -1.59968530e-08  9.92621435e-10]:11.062924599709989
[3.21439252e+10 2.40935439e+11]:[ 5.21428703e-02 -1.45117051e-12 -2.29000138e-13  4.61999140e-11 -1.75302530e-10 -1.83512671e-15  8.53042386e-16  2.29966232e-05 -2.04788841e-06 -1.60747833e-08  9.93211946e-10]:11.06318518080608
[3.06681019e+10 2.44032109e+11]:[ 3.97444248e-02 -1.44150851e-12 -2.29270982e-13  4.60835566e-11 -1.75445543e-10 -1.83340537e-15  8.52974497e-16  2.30451298e-05 -2.04840511e-06 -1.61106953e-08  9.93960501e-10]:11.064509295511622
[3.12120549e+10 2.43674281e+11]:[ 3.31005939e-02 -1.44192677e-12 -2.24178870e-13  4.60837607e-11 -1.75447133e-10 -1.82981514e-15  8.52976052e-16  2.29689089e-05 -2.04824822e-06 -1.61077476e-08  9.94309250e-10]:11.065194710833124
[2.88744681e+10 2.48573678e+11]:[ 3.74955343e-02 -1.44271002e-12 -2.27571706e-13  4.61018725e-11 -1.75391466e-10 -1.83342931e-15  8.52938862e-16  2.29899842e-05 -2.04813728e-06 -1.60200154e-08  9.92796396e-10]:11.067272334603743
[5.82760821e+10 2.06850659e+11]:[ 5.62584682e-02 -1.44264691e-12 -2.27628840e-13  4.61842831e-11 -1.75441886e-10 -1.83310902e-15  8.53046180e-16  2.29926769e-05 -2.04809882e-06 -1.62022025e-08  9.92373641e-10]:11.070798279500423
[2.39186935e+10 2.60447870e+11]:[ 6.73651841e-02 -1.45714459e-12 -2.24133661e-13  4.61562308e-11 -1.75379790e-10 -1.83638639e-15  8.52965543e-16  2.34856480e-05 -2.04810867e-06 -1.64237736e-08  9.97899221e-10]:11.073829618082597
[2.0281825e+10 2.7675539e+11]:[ 4.60736432e-02 -1.42699887e-12 -2.22747167e-13  4.61385576e-11 -1.75386881e-10 -1.83732770e-15  8.52992801e-16  2.33732887e-05 -2.05069674e-06 -1.61462734e-08  9.95227884e-10]:11.089450280596502
[2.01665436e+10 2.78393816e+11]:[ 5.06202842e-02 -1.44205556e-12 -2.28630120e-13  4.61592033e-11 -1.75445734e-10 -1.82806930e-15  8.53066835e-16  2.30107440e-05 -2.04723390e-06 -1.59629657e-08  9.92915045e-10]:11.091517311041377
[1.91980519e+10 2.85078581e+11]:[ 3.20906798e-02 -1.44912417e-12 -2.28927140e-13  4.61431950e-11 -1.75420535e-10 -1.82797096e-15  8.53033549e-16  2.29633113e-05 -2.04960460e-06 -1.59637762e-08  9.94624894e-10]:11.098817628491735
[1.96216114e+10 2.84903902e+11]:[ 2.23516422e-02 -1.45660456e-12 -2.25869329e-13  4.60964473e-11 -1.75266777e-10 -1.83060344e-15  8.53042328e-16  2.28891347e-05 -2.05075514e-06 -1.59946235e-08  9.96327576e-10]:11.09945455489744
[1.91586651e+10 2.87179670e+11]:[ 2.19482111e-02 -1.45524113e-12 -2.29038887e-13  4.60954857e-11 -1.75271733e-10 -1.83107902e-15  8.53025645e-16  2.29031992e-05 -2.05062556e-06 -1.59949279e-08  9.96309363e-10]:11.101633905460455
[1.89763261e+10 2.88359593e+11]:[ 2.27206978e-02 -1.45614626e-12 -2.27048202e-13  4.60956388e-11 -1.75266730e-10 -1.83044834e-15  8.53039133e-16  2.28911572e-05 -2.05069069e-06 -1.59935118e-08  9.96454106e-10]:11.10287817624997
[1.88400252e+10 2.89115876e+11]:[ 2.28231617e-02 -1.45787998e-12 -2.24048731e-13  4.60974665e-11 -1.75260160e-10 -1.82892677e-15  8.53048294e-16  2.28883045e-05 -2.05087844e-06 -1.59932765e-08  9.96557685e-10]:11.103633955402605
[8.38111440e+10 1.97218989e+11]:[ 3.49803582e-03 -1.45136552e-12 -2.24196757e-13  4.62079901e-11 -1.75527589e-10 -1.83565861e-15  8.52995312e-16  2.31565059e-05 -2.04975291e-06 -1.66080326e-08  9.97588648e-10]:11.111176056290688
*******************************
***iteration: 3 Population is***
*******************************
Population scores:
[3.45338035e+10 2.37177180e+11]:[ 3.88661734e-02 -1.45325578e-12 -2.28598359e-13  4.60986835e-11 -1.75359804e-10 -1.83359682e-15  8.52984544e-16  2.29173915e-05 -2.04968355e-06 -1.59968530e-08  9.92621435e-10]:11.062924599709989
[3.21439252e+10 2.40935439e+11]:[ 5.21428703e-02 -1.45117051e-12 -2.29000138e-13  4.61999140e-11 -1.75302530e-10 -1.83512671e-15  8.53042386e-16  2.29966232e-05 -2.04788841e-06 -1.60747833e-08  9.93211946e-10]:11.06318518080608
[3.06681019e+10 2.44032109e+11]:[ 3.97444248e-02 -1.44150851e-12 -2.29270982e-13  4.60835566e-11 -1.75445543e-10 -1.83340537e-15  8.52974497e-16  2.30451298e-05 -2.04840511e-06 -1.61106953e-08  9.93960501e-10]:11.064509295511622
[3.12120549e+10 2.43674281e+11]:[ 3.31005939e-02 -1.44192677e-12 -2.24178870e-13  4.60837607e-11 -1.75447133e-10 -1.82981514e-15  8.52976052e-16  2.29689089e-05 -2.04824822e-06 -1.61077476e-08  9.94309250e-10]:11.065194710833124
[2.88744681e+10 2.48573678e+11]:[ 3.74955343e-02 -1.44271002e-12 -2.27571706e-13  4.61018725e-11 -1.75391466e-10 -1.83342931e-15  8.52938862e-16  2.29899842e-05 -2.04813728e-06 -1.60200154e-08  9.92796396e-10]:11.067272334603743
[5.82760821e+10 2.06850659e+11]:[ 5.62584682e-02 -1.44264691e-12 -2.27628840e-13  4.61842831e-11 -1.75441886e-10 -1.83310902e-15  8.53046180e-16  2.29926769e-05 -2.04809882e-06 -1.62022025e-08  9.92373641e-10]:11.070798279500423
[2.39186935e+10 2.60447870e+11]:[ 6.73651841e-02 -1.45714459e-12 -2.24133661e-13  4.61562308e-11 -1.75379790e-10 -1.83638639e-15  8.52965543e-16  2.34856480e-05 -2.04810867e-06 -1.64237736e-08  9.97899221e-10]:11.073829618082597
[2.0281825e+10 2.7675539e+11]:[ 4.60736432e-02 -1.42699887e-12 -2.22747167e-13  4.61385576e-11 -1.75386881e-10 -1.83732770e-15  8.52992801e-16  2.33732887e-05 -2.05069674e-06 -1.61462734e-08  9.95227884e-10]:11.089450280596502
[2.01665436e+10 2.78393816e+11]:[ 5.06202842e-02 -1.44205556e-12 -2.28630120e-13  4.61592033e-11 -1.75445734e-10 -1.82806930e-15  8.53066835e-16  2.30107440e-05 -2.04723390e-06 -1.59629657e-08  9.92915045e-10]:11.091517311041377
[1.91980519e+10 2.85078581e+11]:[ 3.20906798e-02 -1.44912417e-12 -2.28927140e-13  4.61431950e-11 -1.75420535e-10 -1.82797096e-15  8.53033549e-16  2.29633113e-05 -2.04960460e-06 -1.59637762e-08  9.94624894e-10]:11.098817628491735
Selected: [4 5]
***************
***CROSSOVER***
***************
Population scores:
[2.88744681e+10 2.48573678e+11]:[ 3.74955343e-02 -1.44271002e-12 -2.27571706e-13  4.61018725e-11 -1.75391466e-10 -1.83342931e-15  8.52938862e-16  2.29899842e-05 -2.04813728e-06 -1.60200154e-08  9.92796396e-10]:11.067272334603743
[5.82760821e+10 2.06850659e+11]:[ 5.62584682e-02 -1.44264691e-12 -2.27628840e-13  4.61842831e-11 -1.75441886e-10 -1.83310902e-15  8.53046180e-16  2.29926769e-05 -2.04809882e-06 -1.62022025e-08  9.92373641e-10]:11.070798279500423
&&&&&&&&&&&&&&&&&&&&&&&&
&&TOURNAMENT SELECTION&&
&&&&&&&&&&&&&&&&&&&&&&&&
parents:
[ 3.74955343e-02 -1.44271002e-12 -2.27571706e-13  4.61018725e-11 -1.75391466e-10 -1.83342931e-15  8.52938862e-16  2.29899842e-05 -2.04813728e-06 -1.60200154e-08  9.92796396e-10]
[ 5.62584682e-02 -1.44264691e-12 -2.27628840e-13  4.61842831e-11 -1.75441886e-10 -1.83310902e-15  8.53046180e-16  2.29926769e-05 -2.04809882e-06 -1.62022025e-08  9.92373641e-10]
children:
[ 5.50585338e-02 -1.44269168e-12 -2.27591722e-13  4.61176383e-11 -1.75427296e-10 -1.83344129e-15  8.52949574e-16  2.29923645e-05 -2.04813151e-06 -1.62197305e-08  9.92758150e-10]
[ 5.20851538e-02 -1.44267951e-12 -2.27572115e-13  4.61788794e-11 -1.75413840e-10 -1.83321051e-15  8.52932511e-16  2.29927745e-05 -2.04811489e-06 -1.60383344e-08  9.92424834e-10]
Population scores:
[3.28394132e+10 2.39104337e+11]:[ 5.20851538e-02 -1.44267951e-12 -2.27572115e-13  4.61788794e-11 -1.75413840e-10 -1.83321051e-15  8.52932511e-16  2.29927745e-05 -2.04811489e-06 -1.60383344e-08  9.92424834e-10]:11.062000215082323
[2.88744681e+10 2.48573678e+11]:[ 3.74955343e-02 -1.44271002e-12 -2.27571706e-13  4.61018725e-11 -1.75391466e-10 -1.83342931e-15  8.52938862e-16  2.29899842e-05 -2.04813728e-06 -1.60200154e-08  9.92796396e-10]:11.067272334603743
[5.82760821e+10 2.06850659e+11]:[ 5.62584682e-02 -1.44264691e-12 -2.27628840e-13  4.61842831e-11 -1.75441886e-10 -1.83310902e-15  8.53046180e-16  2.29926769e-05 -2.04809882e-06 -1.62022025e-08  9.92373641e-10]:11.070798279500423
[5.83006773e+10 2.07060167e+11]:[ 5.50585338e-02 -1.44269168e-12 -2.27591722e-13  4.61176383e-11 -1.75427296e-10 -1.83344129e-15  8.52949574e-16  2.29923645e-05 -2.04813151e-06 -1.62197305e-08  9.92758150e-10]:11.071161781183914
Selected for new population:
[ 5.20851538e-02 -1.44267951e-12 -2.27572115e-13  4.61788794e-11 -1.75413840e-10 -1.83321051e-15  8.52932511e-16  2.29927745e-05 -2.04811489e-06 -1.60383344e-08  9.92424834e-10]
[ 3.74955343e-02 -1.44271002e-12 -2.27571706e-13  4.61018725e-11 -1.75391466e-10 -1.83342931e-15  8.52938862e-16  2.29899842e-05 -2.04813728e-06 -1.60200154e-08  9.92796396e-10]
Selected: [0 3]
***************
***CROSSOVER***
***************
Population scores:
[3.45338035e+10 2.37177180e+11]:[ 3.88661734e-02 -1.45325578e-12 -2.28598359e-13  4.60986835e-11 -1.75359804e-10 -1.83359682e-15  8.52984544e-16  2.29173915e-05 -2.04968355e-06 -1.59968530e-08  9.92621435e-10]:11.062924599709989
[3.12120549e+10 2.43674281e+11]:[ 3.31005939e-02 -1.44192677e-12 -2.24178870e-13  4.60837607e-11 -1.75447133e-10 -1.82981514e-15  8.52976052e-16  2.29689089e-05 -2.04824822e-06 -1.61077476e-08  9.94309250e-10]:11.065194710833124
&&&&&&&&&&&&&&&&&&&&&&&&
&&TOURNAMENT SELECTION&&
&&&&&&&&&&&&&&&&&&&&&&&&
parents:
[ 3.88661734e-02 -1.45325578e-12 -2.28598359e-13  4.60986835e-11 -1.75359804e-10 -1.83359682e-15  8.52984544e-16  2.29173915e-05 -2.04968355e-06 -1.59968530e-08  9.92621435e-10]
[ 3.31005939e-02 -1.44192677e-12 -2.24178870e-13  4.60837607e-11 -1.75447133e-10 -1.82981514e-15  8.52976052e-16  2.29689089e-05 -2.04824822e-06 -1.61077476e-08  9.94309250e-10]
children:
[ 3.77577548e-02 -1.45379480e-12 -2.27338542e-13  4.60848350e-11 -1.75401555e-10 -1.83059468e-15  8.52978274e-16  2.29478568e-05 -2.04949374e-06 -1.60592060e-08  9.93192448e-10]
[ 3.72587100e-02 -1.45007408e-12 -2.24961573e-13  4.60859259e-11 -1.75400018e-10 -1.82971079e-15  8.52977085e-16  2.29403652e-05 -2.04829517e-06 -1.60189817e-08  9.93487365e-10]
Population scores:
[3.63273131e+10 2.33518525e+11]:[ 3.77577548e-02 -1.45379480e-12 -2.27338542e-13  4.60848350e-11 -1.75401555e-10 -1.83059468e-15  8.52978274e-16  2.29478568e-05 -2.04949374e-06 -1.60592060e-08  9.93192448e-10]:11.061466796205169
[3.45338035e+10 2.37177180e+11]:[ 3.88661734e-02 -1.45325578e-12 -2.28598359e-13  4.60986835e-11 -1.75359804e-10 -1.83359682e-15  8.52984544e-16  2.29173915e-05 -2.04968355e-06 -1.59968530e-08  9.92621435e-10]:11.062924599709989
[3.12120549e+10 2.43674281e+11]:[ 3.31005939e-02 -1.44192677e-12 -2.24178870e-13  4.60837607e-11 -1.75447133e-10 -1.82981514e-15  8.52976052e-16  2.29689089e-05 -2.04824822e-06 -1.61077476e-08  9.94309250e-10]:11.065194710833124
[2.72652745e+10 2.53603560e+11]:[ 3.72587100e-02 -1.45007408e-12 -2.24961573e-13  4.60859259e-11 -1.75400018e-10 -1.82971079e-15  8.52977085e-16  2.29403652e-05 -2.04829517e-06 -1.60189817e-08  9.93487365e-10]:11.071147460952819
Selected for new population:
[ 3.77577548e-02 -1.45379480e-12 -2.27338542e-13  4.60848350e-11 -1.75401555e-10 -1.83059468e-15  8.52978274e-16  2.29478568e-05 -2.04949374e-06 -1.60592060e-08  9.93192448e-10]
[ 3.88661734e-02 -1.45325578e-12 -2.28598359e-13  4.60986835e-11 -1.75359804e-10 -1.83359682e-15  8.52984544e-16  2.29173915e-05 -2.04968355e-06 -1.59968530e-08  9.92621435e-10]
Selected: [8 2]
***************
***CROSSOVER***
***************
Population scores:
[3.06681019e+10 2.44032109e+11]:[ 3.97444248e-02 -1.44150851e-12 -2.29270982e-13  4.60835566e-11 -1.75445543e-10 -1.83340537e-15  8.52974497e-16  2.30451298e-05 -2.04840511e-06 -1.61106953e-08  9.93960501e-10]:11.064509295511622
[2.01665436e+10 2.78393816e+11]:[ 5.06202842e-02 -1.44205556e-12 -2.28630120e-13  4.61592033e-11 -1.75445734e-10 -1.82806930e-15  8.53066835e-16  2.30107440e-05 -2.04723390e-06 -1.59629657e-08  9.92915045e-10]:11.091517311041377
&&&&&&&&&&&&&&&&&&&&&&&&
&&TOURNAMENT SELECTION&&
&&&&&&&&&&&&&&&&&&&&&&&&
parents:
[ 5.06202842e-02 -1.44205556e-12 -2.28630120e-13  4.61592033e-11 -1.75445734e-10 -1.82806930e-15  8.53066835e-16  2.30107440e-05 -2.04723390e-06 -1.59629657e-08  9.92915045e-10]
[ 3.97444248e-02 -1.44150851e-12 -2.29270982e-13  4.60835566e-11 -1.75445543e-10 -1.83340537e-15  8.52974497e-16  2.30451298e-05 -2.04840511e-06 -1.61106953e-08  9.93960501e-10]
children:
[ 4.97238236e-02 -1.44202667e-12 -2.28595053e-13  4.61087492e-11 -1.75445548e-10 -1.82821092e-15  8.52992870e-16  2.30417879e-05 -2.04839672e-06 -1.59708378e-08  9.93672793e-10]
[ 4.51487660e-02 -1.44169087e-12 -2.28634415e-13  4.61610747e-11 -1.75445530e-10 -1.83270195e-15  8.52980608e-16  2.30153940e-05 -2.04795603e-06 -1.60694005e-08  9.93907403e-10]
Population scores:
[3.06681019e+10 2.44032109e+11]:[ 3.97444248e-02 -1.44150851e-12 -2.29270982e-13  4.60835566e-11 -1.75445543e-10 -1.83340537e-15  8.52974497e-16  2.30451298e-05 -2.04840511e-06 -1.61106953e-08  9.93960501e-10]:11.064509295511622
[2.67632194e+10 2.54442027e+11]:[ 4.51487660e-02 -1.44169087e-12 -2.28634415e-13  4.61610747e-11 -1.75445530e-10 -1.83270195e-15  8.52980608e-16  2.30153940e-05 -2.04795603e-06 -1.60694005e-08  9.93907403e-10]:11.071273356409169
[2.01665436e+10 2.78393816e+11]:[ 5.06202842e-02 -1.44205556e-12 -2.28630120e-13  4.61592033e-11 -1.75445734e-10 -1.82806930e-15  8.53066835e-16  2.30107440e-05 -2.04723390e-06 -1.59629657e-08  9.92915045e-10]:11.091517311041377
[1.89441404e+10 2.85092007e+11]:[ 4.97238236e-02 -1.44202667e-12 -2.28595053e-13  4.61087492e-11 -1.75445548e-10 -1.82821092e-15  8.52992870e-16  2.30417879e-05 -2.04839672e-06 -1.59708378e-08  9.93672793e-10]:11.098308920457455
Selected for new population:
[ 3.97444248e-02 -1.44150851e-12 -2.29270982e-13  4.60835566e-11 -1.75445543e-10 -1.83340537e-15  8.52974497e-16  2.30451298e-05 -2.04840511e-06 -1.61106953e-08  9.93960501e-10]
[ 4.51487660e-02 -1.44169087e-12 -2.28634415e-13  4.61610747e-11 -1.75445530e-10 -1.83270195e-15  8.52980608e-16  2.30153940e-05 -2.04795603e-06 -1.60694005e-08  9.93907403e-10]
Selected: [9 8]
***************
***CROSSOVER***
***************
Population scores:
[2.01665436e+10 2.78393816e+11]:[ 5.06202842e-02 -1.44205556e-12 -2.28630120e-13  4.61592033e-11 -1.75445734e-10 -1.82806930e-15  8.53066835e-16  2.30107440e-05 -2.04723390e-06 -1.59629657e-08  9.92915045e-10]:11.091517311041377
[1.91980519e+10 2.85078581e+11]:[ 3.20906798e-02 -1.44912417e-12 -2.28927140e-13  4.61431950e-11 -1.75420535e-10 -1.82797096e-15  8.53033549e-16  2.29633113e-05 -2.04960460e-06 -1.59637762e-08  9.94624894e-10]:11.098817628491735
&&&&&&&&&&&&&&&&&&&&&&&&
&&TOURNAMENT SELECTION&&
&&&&&&&&&&&&&&&&&&&&&&&&
parents:
[ 3.20906798e-02 -1.44912417e-12 -2.28927140e-13  4.61431950e-11 -1.75420535e-10 -1.82797096e-15  8.53033549e-16  2.29633113e-05 -2.04960460e-06 -1.59637762e-08  9.94624894e-10]
[ 5.06202842e-02 -1.44205556e-12 -2.28630120e-13  4.61592033e-11 -1.75445734e-10 -1.82806930e-15  8.53066835e-16  2.30107440e-05 -2.04723390e-06 -1.59629657e-08  9.92915045e-10]
children:
[ 4.29752014e-02 -1.44765346e-12 -2.28851681e-13  4.61600771e-11 -1.75442856e-10 -1.82805778e-15  8.53037530e-16  2.29874317e-05 -2.04862419e-06 -1.59636847e-08  9.94297334e-10]
[ 3.63892581e-02 -1.44197874e-12 -2.28765722e-13  4.61546644e-11 -1.75434946e-10 -1.82803659e-15  8.53050531e-16  2.29810782e-05 -2.04816192e-06 -1.59638022e-08  9.94135696e-10]
Population scores:
[2.01665436e+10 2.78393816e+11]:[ 5.06202842e-02 -1.44205556e-12 -2.28630120e-13  4.61592033e-11 -1.75445734e-10 -1.82806930e-15  8.53066835e-16  2.30107440e-05 -2.04723390e-06 -1.59629657e-08  9.92915045e-10]:11.091517311041377
[1.91980519e+10 2.85078581e+11]:[ 3.20906798e-02 -1.44912417e-12 -2.28927140e-13  4.61431950e-11 -1.75420535e-10 -1.82797096e-15  8.53033549e-16  2.29633113e-05 -2.04960460e-06 -1.59637762e-08  9.94624894e-10]:11.098817628491735
[1.83535183e+10 2.89183061e+11]:[ 3.63892581e-02 -1.44197874e-12 -2.28765722e-13  4.61546644e-11 -1.75434946e-10 -1.82803659e-15  8.53050531e-16  2.29810782e-05 -2.04816192e-06 -1.59638022e-08  9.94135696e-10]:11.102726345673519
[1.82862889e+10 2.89708878e+11]:[ 4.29752014e-02 -1.44765346e-12 -2.28851681e-13  4.61600771e-11 -1.75442856e-10 -1.82805778e-15  8.53037530e-16  2.29874317e-05 -2.04862419e-06 -1.59636847e-08  9.94297334e-10]:11.103308700660188
Selected for new population:
[ 5.06202842e-02 -1.44205556e-12 -2.28630120e-13  4.61592033e-11 -1.75445734e-10 -1.82806930e-15  8.53066835e-16  2.30107440e-05 -2.04723390e-06 -1.59629657e-08  9.92915045e-10]
[ 3.20906798e-02 -1.44912417e-12 -2.28927140e-13  4.61431950e-11 -1.75420535e-10 -1.82797096e-15  8.53033549e-16  2.29633113e-05 -2.04960460e-06 -1.59637762e-08  9.94624894e-10]
Selected: [6 8]
***************
***CROSSOVER***
***************
Population scores:
[2.39186935e+10 2.60447870e+11]:[ 6.73651841e-02 -1.45714459e-12 -2.24133661e-13  4.61562308e-11 -1.75379790e-10 -1.83638639e-15  8.52965543e-16  2.34856480e-05 -2.04810867e-06 -1.64237736e-08  9.97899221e-10]:11.073829618082597
[2.01665436e+10 2.78393816e+11]:[ 5.06202842e-02 -1.44205556e-12 -2.28630120e-13  4.61592033e-11 -1.75445734e-10 -1.82806930e-15  8.53066835e-16  2.30107440e-05 -2.04723390e-06 -1.59629657e-08  9.92915045e-10]:11.091517311041377
&&&&&&&&&&&&&&&&&&&&&&&&
&&TOURNAMENT SELECTION&&
&&&&&&&&&&&&&&&&&&&&&&&&
parents:
[ 6.73651841e-02 -1.45714459e-12 -2.24133661e-13  4.61562308e-11 -1.75379790e-10 -1.83638639e-15  8.52965543e-16  2.34856480e-05 -2.04810867e-06 -1.64237736e-08  9.97899221e-10]
[ 5.06202842e-02 -1.44205556e-12 -2.28630120e-13  4.61592033e-11 -1.75445734e-10 -1.82806930e-15  8.53066835e-16  2.30107440e-05 -2.04723390e-06 -1.59629657e-08  9.92915045e-10]
children:
[ 5.52782513e-02 -1.45714203e-12 -2.28210371e-13  4.61590952e-11 -1.75450663e-10 -1.82972172e-15  8.53039709e-16  2.29681551e-05 -2.04730176e-06 -1.61504072e-08  9.94502516e-10]
[ 5.31274036e-02 -1.45592988e-12 -2.24549606e-13  4.61583746e-11 -1.75374471e-10 -1.83046096e-15  8.53002961e-16  2.30097840e-05 -2.04759117e-06 -1.64292350e-08  9.96065130e-10]
Population scores:
[3.29219803e+10 2.39899110e+11]:[ 5.52782513e-02 -1.45714203e-12 -2.28210371e-13  4.61590952e-11 -1.75450663e-10 -1.82972172e-15  8.53039709e-16  2.29681551e-05 -2.04730176e-06 -1.61504072e-08  9.94502516e-10]:11.063381523853103
[2.39186935e+10 2.60447870e+11]:[ 6.73651841e-02 -1.45714459e-12 -2.24133661e-13  4.61562308e-11 -1.75379790e-10 -1.83638639e-15  8.52965543e-16  2.34856480e-05 -2.04810867e-06 -1.64237736e-08  9.97899221e-10]:11.073829618082597
[6.37524833e+10 2.05170473e+11]:[ 5.31274036e-02 -1.45592988e-12 -2.24549606e-13  4.61583746e-11 -1.75374471e-10 -1.83046096e-15  8.53002961e-16  2.30097840e-05 -2.04759117e-06 -1.64292350e-08  9.96065130e-10]:11.08033666527335
[2.01665436e+10 2.78393816e+11]:[ 5.06202842e-02 -1.44205556e-12 -2.28630120e-13  4.61592033e-11 -1.75445734e-10 -1.82806930e-15  8.53066835e-16  2.30107440e-05 -2.04723390e-06 -1.59629657e-08  9.92915045e-10]:11.091517311041377
Selected for new population:
[ 5.52782513e-02 -1.45714203e-12 -2.28210371e-13  4.61590952e-11 -1.75450663e-10 -1.82972172e-15  8.53039709e-16  2.29681551e-05 -2.04730176e-06 -1.61504072e-08  9.94502516e-10]
[ 6.73651841e-02 -1.45714459e-12 -2.24133661e-13  4.61562308e-11 -1.75379790e-10 -1.83638639e-15  8.52965543e-16  2.34856480e-05 -2.04810867e-06 -1.64237736e-08  9.97899221e-10]
Population scores:
[3.63273131e+10 2.33518525e+11]:[ 3.77577548e-02 -1.45379480e-12 -2.27338542e-13  4.60848350e-11 -1.75401555e-10 -1.83059468e-15  8.52978274e-16  2.29478568e-05 -2.04949374e-06 -1.60592060e-08  9.93192448e-10]:11.061466796205169
[3.28394132e+10 2.39104337e+11]:[ 5.20851538e-02 -1.44267951e-12 -2.27572115e-13  4.61788794e-11 -1.75413840e-10 -1.83321051e-15  8.52932511e-16  2.29927745e-05 -2.04811489e-06 -1.60383344e-08  9.92424834e-10]:11.062000215082323
[3.45338035e+10 2.37177180e+11]:[ 3.88661734e-02 -1.45325578e-12 -2.28598359e-13  4.60986835e-11 -1.75359804e-10 -1.83359682e-15  8.52984544e-16  2.29173915e-05 -2.04968355e-06 -1.59968530e-08  9.92621435e-10]:11.062924599709989
[3.21439252e+10 2.40935439e+11]:[ 5.21428703e-02 -1.45117051e-12 -2.29000138e-13  4.61999140e-11 -1.75302530e-10 -1.83512671e-15  8.53042386e-16  2.29966232e-05 -2.04788841e-06 -1.60747833e-08  9.93211946e-10]:11.06318518080608
[3.29219803e+10 2.39899110e+11]:[ 5.52782513e-02 -1.45714203e-12 -2.28210371e-13  4.61590952e-11 -1.75450663e-10 -1.82972172e-15  8.53039709e-16  2.29681551e-05 -2.04730176e-06 -1.61504072e-08  9.94502516e-10]:11.063381523853103
[3.06681019e+10 2.44032109e+11]:[ 3.97444248e-02 -1.44150851e-12 -2.29270982e-13  4.60835566e-11 -1.75445543e-10 -1.83340537e-15  8.52974497e-16  2.30451298e-05 -2.04840511e-06 -1.61106953e-08  9.93960501e-10]:11.064509295511622
[3.12120549e+10 2.43674281e+11]:[ 3.31005939e-02 -1.44192677e-12 -2.24178870e-13  4.60837607e-11 -1.75447133e-10 -1.82981514e-15  8.52976052e-16  2.29689089e-05 -2.04824822e-06 -1.61077476e-08  9.94309250e-10]:11.065194710833124
[2.88744681e+10 2.48573678e+11]:[ 3.74955343e-02 -1.44271002e-12 -2.27571706e-13  4.61018725e-11 -1.75391466e-10 -1.83342931e-15  8.52938862e-16  2.29899842e-05 -2.04813728e-06 -1.60200154e-08  9.92796396e-10]:11.067272334603743
[5.82760821e+10 2.06850659e+11]:[ 5.62584682e-02 -1.44264691e-12 -2.27628840e-13  4.61842831e-11 -1.75441886e-10 -1.83310902e-15  8.53046180e-16  2.29926769e-05 -2.04809882e-06 -1.62022025e-08  9.92373641e-10]:11.070798279500423
[2.67632194e+10 2.54442027e+11]:[ 4.51487660e-02 -1.44169087e-12 -2.28634415e-13  4.61610747e-11 -1.75445530e-10 -1.83270195e-15  8.52980608e-16  2.30153940e-05 -2.04795603e-06 -1.60694005e-08  9.93907403e-10]:11.071273356409169
[2.39186935e+10 2.60447870e+11]:[ 6.73651841e-02 -1.45714459e-12 -2.24133661e-13  4.61562308e-11 -1.75379790e-10 -1.83638639e-15  8.52965543e-16  2.34856480e-05 -2.04810867e-06 -1.64237736e-08  9.97899221e-10]:11.073829618082597
[2.0281825e+10 2.7675539e+11]:[ 4.60736432e-02 -1.42699887e-12 -2.22747167e-13  4.61385576e-11 -1.75386881e-10 -1.83732770e-15  8.52992801e-16  2.33732887e-05 -2.05069674e-06 -1.61462734e-08  9.95227884e-10]:11.089450280596502
[2.01665436e+10 2.78393816e+11]:[ 5.06202842e-02 -1.44205556e-12 -2.28630120e-13  4.61592033e-11 -1.75445734e-10 -1.82806930e-15  8.53066835e-16  2.30107440e-05 -2.04723390e-06 -1.59629657e-08  9.92915045e-10]:11.091517311041377
[1.91980519e+10 2.85078581e+11]:[ 3.20906798e-02 -1.44912417e-12 -2.28927140e-13  4.61431950e-11 -1.75420535e-10 -1.82797096e-15  8.53033549e-16  2.29633113e-05 -2.04960460e-06 -1.59637762e-08  9.94624894e-10]:11.098817628491735
*******************************
***iteration: 4 Population is***
*******************************
Population scores:
[3.63273131e+10 2.33518525e+11]:[ 3.77577548e-02 -1.45379480e-12 -2.27338542e-13  4.60848350e-11 -1.75401555e-10 -1.83059468e-15  8.52978274e-16  2.29478568e-05 -2.04949374e-06 -1.60592060e-08  9.93192448e-10]:11.061466796205169
[3.28394132e+10 2.39104337e+11]:[ 5.20851538e-02 -1.44267951e-12 -2.27572115e-13  4.61788794e-11 -1.75413840e-10 -1.83321051e-15  8.52932511e-16  2.29927745e-05 -2.04811489e-06 -1.60383344e-08  9.92424834e-10]:11.062000215082323
[3.45338035e+10 2.37177180e+11]:[ 3.88661734e-02 -1.45325578e-12 -2.28598359e-13  4.60986835e-11 -1.75359804e-10 -1.83359682e-15  8.52984544e-16  2.29173915e-05 -2.04968355e-06 -1.59968530e-08  9.92621435e-10]:11.062924599709989
[3.21439252e+10 2.40935439e+11]:[ 5.21428703e-02 -1.45117051e-12 -2.29000138e-13  4.61999140e-11 -1.75302530e-10 -1.83512671e-15  8.53042386e-16  2.29966232e-05 -2.04788841e-06 -1.60747833e-08  9.93211946e-10]:11.06318518080608
[3.29219803e+10 2.39899110e+11]:[ 5.52782513e-02 -1.45714203e-12 -2.28210371e-13  4.61590952e-11 -1.75450663e-10 -1.82972172e-15  8.53039709e-16  2.29681551e-05 -2.04730176e-06 -1.61504072e-08  9.94502516e-10]:11.063381523853103
[3.06681019e+10 2.44032109e+11]:[ 3.97444248e-02 -1.44150851e-12 -2.29270982e-13  4.60835566e-11 -1.75445543e-10 -1.83340537e-15  8.52974497e-16  2.30451298e-05 -2.04840511e-06 -1.61106953e-08  9.93960501e-10]:11.064509295511622
[3.12120549e+10 2.43674281e+11]:[ 3.31005939e-02 -1.44192677e-12 -2.24178870e-13  4.60837607e-11 -1.75447133e-10 -1.82981514e-15  8.52976052e-16  2.29689089e-05 -2.04824822e-06 -1.61077476e-08  9.94309250e-10]:11.065194710833124
[2.88744681e+10 2.48573678e+11]:[ 3.74955343e-02 -1.44271002e-12 -2.27571706e-13  4.61018725e-11 -1.75391466e-10 -1.83342931e-15  8.52938862e-16  2.29899842e-05 -2.04813728e-06 -1.60200154e-08  9.92796396e-10]:11.067272334603743
[5.82760821e+10 2.06850659e+11]:[ 5.62584682e-02 -1.44264691e-12 -2.27628840e-13  4.61842831e-11 -1.75441886e-10 -1.83310902e-15  8.53046180e-16  2.29926769e-05 -2.04809882e-06 -1.62022025e-08  9.92373641e-10]:11.070798279500423
[2.67632194e+10 2.54442027e+11]:[ 4.51487660e-02 -1.44169087e-12 -2.28634415e-13  4.61610747e-11 -1.75445530e-10 -1.83270195e-15  8.52980608e-16  2.30153940e-05 -2.04795603e-06 -1.60694005e-08  9.93907403e-10]:11.071273356409169
Selected: [5 9]
***************
***CROSSOVER***
***************
Population scores:
[3.06681019e+10 2.44032109e+11]:[ 3.97444248e-02 -1.44150851e-12 -2.29270982e-13  4.60835566e-11 -1.75445543e-10 -1.83340537e-15  8.52974497e-16  2.30451298e-05 -2.04840511e-06 -1.61106953e-08  9.93960501e-10]:11.064509295511622
[2.67632194e+10 2.54442027e+11]:[ 4.51487660e-02 -1.44169087e-12 -2.28634415e-13  4.61610747e-11 -1.75445530e-10 -1.83270195e-15  8.52980608e-16  2.30153940e-05 -2.04795603e-06 -1.60694005e-08  9.93907403e-10]:11.071273356409169
&&&&&&&&&&&&&&&&&&&&&&&&
&&TOURNAMENT SELECTION&&
&&&&&&&&&&&&&&&&&&&&&&&&
parents:
[ 3.97444248e-02 -1.44150851e-12 -2.29270982e-13  4.60835566e-11 -1.75445543e-10 -1.83340537e-15  8.52974497e-16  2.30451298e-05 -2.04840511e-06 -1.61106953e-08  9.93960501e-10]
[ 4.51487660e-02 -1.44169087e-12 -2.28634415e-13  4.61610747e-11 -1.75445530e-10 -1.83270195e-15  8.52980608e-16  2.30153940e-05 -2.04795603e-06 -1.60694005e-08  9.93907403e-10]
children:
[ 4.21723073e-02 -1.44162319e-12 -2.29167249e-13  4.61527925e-11 -1.75445542e-10 -1.83283567e-15  8.52981114e-16  2.30364873e-05 -2.04826457e-06 -1.60949944e-08  9.93962834e-10]
[ 4.22077644e-02 -1.44169625e-12 -2.28572983e-13  4.60982166e-11 -1.75445536e-10 -1.83330250e-15  8.52979598e-16  2.30464923e-05 -2.04813511e-06 -1.61033808e-08  9.93954512e-10]
Population scores:
[3.06681019e+10 2.44032109e+11]:[ 3.97444248e-02 -1.44150851e-12 -2.29270982e-13  4.60835566e-11 -1.75445543e-10 -1.83340537e-15  8.52974497e-16  2.30451298e-05 -2.04840511e-06 -1.61106953e-08  9.93960501e-10]:11.064509295511622
[2.91801782e+10 2.47574012e+11]:[ 4.22077644e-02 -1.44169625e-12 -2.28572983e-13  4.60982166e-11 -1.75445536e-10 -1.83330250e-15  8.52979598e-16  2.30464923e-05 -2.04813511e-06 -1.61033808e-08  9.93954512e-10]:11.066466485706735
[2.89076569e+10 2.48398735e+11]:[ 4.21723073e-02 -1.44162319e-12 -2.29167249e-13  4.61527925e-11 -1.75445542e-10 -1.83283567e-15  8.52981114e-16  2.30364873e-05 -2.04826457e-06 -1.60949944e-08  9.93962834e-10]:11.067086070402956
[2.67632194e+10 2.54442027e+11]:[ 4.51487660e-02 -1.44169087e-12 -2.28634415e-13  4.61610747e-11 -1.75445530e-10 -1.83270195e-15  8.52980608e-16  2.30153940e-05 -2.04795603e-06 -1.60694005e-08  9.93907403e-10]:11.071273356409169
Selected for new population:
[ 3.97444248e-02 -1.44150851e-12 -2.29270982e-13  4.60835566e-11 -1.75445543e-10 -1.83340537e-15  8.52974497e-16  2.30451298e-05 -2.04840511e-06 -1.61106953e-08  9.93960501e-10]
[ 4.22077644e-02 -1.44169625e-12 -2.28572983e-13  4.60982166e-11 -1.75445536e-10 -1.83330250e-15  8.52979598e-16  2.30464923e-05 -2.04813511e-06 -1.61033808e-08  9.93954512e-10]
Selected: [6 0]
***************
***CROSSOVER***
***************
Population scores:
[3.63273131e+10 2.33518525e+11]:[ 3.77577548e-02 -1.45379480e-12 -2.27338542e-13  4.60848350e-11 -1.75401555e-10 -1.83059468e-15  8.52978274e-16  2.29478568e-05 -2.04949374e-06 -1.60592060e-08  9.93192448e-10]:11.061466796205169
[3.12120549e+10 2.43674281e+11]:[ 3.31005939e-02 -1.44192677e-12 -2.24178870e-13  4.60837607e-11 -1.75447133e-10 -1.82981514e-15  8.52976052e-16  2.29689089e-05 -2.04824822e-06 -1.61077476e-08  9.94309250e-10]:11.065194710833124
&&&&&&&&&&&&&&&&&&&&&&&&
&&TOURNAMENT SELECTION&&
&&&&&&&&&&&&&&&&&&&&&&&&
parents:
[ 3.31005939e-02 -1.44192677e-12 -2.24178870e-13  4.60837607e-11 -1.75447133e-10 -1.82981514e-15  8.52976052e-16  2.29689089e-05 -2.04824822e-06 -1.61077476e-08  9.94309250e-10]
[ 3.77577548e-02 -1.45379480e-12 -2.27338542e-13  4.60848350e-11 -1.75401555e-10 -1.83059468e-15  8.52978274e-16  2.29478568e-05 -2.04949374e-06 -1.60592060e-08  9.93192448e-10]
children:
[ 3.39581965e-02 -1.44929360e-12 -2.24876174e-13  4.60841278e-11 -1.75448442e-10 -1.83053559e-15  8.52977732e-16  2.29655212e-05 -2.04826992e-06 -1.60766456e-08  9.94039107e-10]
[ 3.53425587e-02 -1.44230075e-12 -2.25522990e-13  4.60840741e-11 -1.75434368e-10 -1.82981130e-15  8.52976869e-16  2.29698129e-05 -2.04894029e-06 -1.60686063e-08  9.93608972e-10]
Population scores:
[3.63273131e+10 2.33518525e+11]:[ 3.77577548e-02 -1.45379480e-12 -2.27338542e-13  4.60848350e-11 -1.75401555e-10 -1.83059468e-15  8.52978274e-16  2.29478568e-05 -2.04949374e-06 -1.60592060e-08  9.93192448e-10]:11.061466796205169
[3.22292041e+10 2.41234490e+11]:[ 3.53425587e-02 -1.44230075e-12 -2.25522990e-13  4.60840741e-11 -1.75434368e-10 -1.82981130e-15  8.52976869e-16  2.29698129e-05 -2.04894029e-06 -1.60686063e-08  9.93608972e-10]:11.063826000404392
[3.12120549e+10 2.43674281e+11]:[ 3.31005939e-02 -1.44192677e-12 -2.24178870e-13  4.60837607e-11 -1.75447133e-10 -1.82981514e-15  8.52976052e-16  2.29689089e-05 -2.04824822e-06 -1.61077476e-08  9.94309250e-10]:11.065194710833124
[2.94783062e+10 2.47730918e+11]:[ 3.39581965e-02 -1.44929360e-12 -2.24876174e-13  4.60841278e-11 -1.75448442e-10 -1.83053559e-15  8.52977732e-16  2.29655212e-05 -2.04826992e-06 -1.60766456e-08  9.94039107e-10]:11.067366056396628
Selected for new population:
[ 3.77577548e-02 -1.45379480e-12 -2.27338542e-13  4.60848350e-11 -1.75401555e-10 -1.83059468e-15  8.52978274e-16  2.29478568e-05 -2.04949374e-06 -1.60592060e-08  9.93192448e-10]
[ 3.53425587e-02 -1.44230075e-12 -2.25522990e-13  4.60840741e-11 -1.75434368e-10 -1.82981130e-15  8.52976869e-16  2.29698129e-05 -2.04894029e-06 -1.60686063e-08  9.93608972e-10]
Selected: [3 7]
***************
***CROSSOVER***
***************
Population scores:
[3.21439252e+10 2.40935439e+11]:[ 5.21428703e-02 -1.45117051e-12 -2.29000138e-13  4.61999140e-11 -1.75302530e-10 -1.83512671e-15  8.53042386e-16  2.29966232e-05 -2.04788841e-06 -1.60747833e-08  9.93211946e-10]:11.06318518080608
[2.88744681e+10 2.48573678e+11]:[ 3.74955343e-02 -1.44271002e-12 -2.27571706e-13  4.61018725e-11 -1.75391466e-10 -1.83342931e-15  8.52938862e-16  2.29899842e-05 -2.04813728e-06 -1.60200154e-08  9.92796396e-10]:11.067272334603743
&&&&&&&&&&&&&&&&&&&&&&&&
&&TOURNAMENT SELECTION&&
&&&&&&&&&&&&&&&&&&&&&&&&
parents:
[ 5.21428703e-02 -1.45117051e-12 -2.29000138e-13  4.61999140e-11 -1.75302530e-10 -1.83512671e-15  8.53042386e-16  2.29966232e-05 -2.04788841e-06 -1.60747833e-08  9.93211946e-10]
[ 3.74955343e-02 -1.44271002e-12 -2.27571706e-13  4.61018725e-11 -1.75391466e-10 -1.83342931e-15  8.52938862e-16  2.29899842e-05 -2.04813728e-06 -1.60200154e-08  9.92796396e-10]
children:
[ 4.53229908e-02 -1.44906220e-12 -2.27981691e-13  4.62067216e-11 -1.75358111e-10 -1.83513506e-15  8.53028800e-16  2.29912867e-05 -2.04788856e-06 -1.60687824e-08  9.93210159e-10]
[ 4.19830688e-02 -1.44449954e-12 -2.27630505e-13  4.61423726e-11 -1.75355779e-10 -1.83508052e-15  8.53030588e-16  2.29923469e-05 -2.04804122e-06 -1.60168727e-08  9.93056775e-10]
Population scores:
[3.21439252e+10 2.40935439e+11]:[ 5.21428703e-02 -1.45117051e-12 -2.29000138e-13  4.61999140e-11 -1.75302530e-10 -1.83512671e-15  8.53042386e-16  2.29966232e-05 -2.04788841e-06 -1.60747833e-08  9.93211946e-10]:11.06318518080608
[3.17115006e+10 2.41953680e+11]:[ 4.53229908e-02 -1.44906220e-12 -2.27981691e-13  4.62067216e-11 -1.75358111e-10 -1.83513506e-15  8.53028800e-16  2.29912867e-05 -2.04788856e-06 -1.60687824e-08  9.93210159e-10]:11.06373995818497
[2.88744681e+10 2.48573678e+11]:[ 3.74955343e-02 -1.44271002e-12 -2.27571706e-13  4.61018725e-11 -1.75391466e-10 -1.83342931e-15  8.52938862e-16  2.29899842e-05 -2.04813728e-06 -1.60200154e-08  9.92796396e-10]:11.067272334603743
[2.71169592e+10 2.53543882e+11]:[ 4.19830688e-02 -1.44449954e-12 -2.27630505e-13  4.61423726e-11 -1.75355779e-10 -1.83508052e-15  8.53030588e-16  2.29923469e-05 -2.04804122e-06 -1.60168727e-08  9.93056775e-10]:11.07073117967011
Selected for new population:
[ 5.21428703e-02 -1.45117051e-12 -2.29000138e-13  4.61999140e-11 -1.75302530e-10 -1.83512671e-15  8.53042386e-16  2.29966232e-05 -2.04788841e-06 -1.60747833e-08  9.93211946e-10]
[ 4.53229908e-02 -1.44906220e-12 -2.27981691e-13  4.62067216e-11 -1.75358111e-10 -1.83513506e-15  8.53028800e-16  2.29912867e-05 -2.04788856e-06 -1.60687824e-08  9.93210159e-10]
Selected: [0 3]
***************
***CROSSOVER***
***************
Population scores:
[3.63273131e+10 2.33518525e+11]:[ 3.77577548e-02 -1.45379480e-12 -2.27338542e-13  4.60848350e-11 -1.75401555e-10 -1.83059468e-15  8.52978274e-16  2.29478568e-05 -2.04949374e-06 -1.60592060e-08  9.93192448e-10]:11.061466796205169
[3.21439252e+10 2.40935439e+11]:[ 5.21428703e-02 -1.45117051e-12 -2.29000138e-13  4.61999140e-11 -1.75302530e-10 -1.83512671e-15  8.53042386e-16  2.29966232e-05 -2.04788841e-06 -1.60747833e-08  9.93211946e-10]:11.06318518080608
&&&&&&&&&&&&&&&&&&&&&&&&
&&TOURNAMENT SELECTION&&
&&&&&&&&&&&&&&&&&&&&&&&&
parents:
[ 3.77577548e-02 -1.45379480e-12 -2.27338542e-13  4.60848350e-11 -1.75401555e-10 -1.83059468e-15  8.52978274e-16  2.29478568e-05 -2.04949374e-06 -1.60592060e-08  9.93192448e-10]
[ 5.21428703e-02 -1.45117051e-12 -2.29000138e-13  4.61999140e-11 -1.75302530e-10 -1.83512671e-15  8.53042386e-16  2.29966232e-05 -2.04788841e-06 -1.60747833e-08  9.93211946e-10]
children:
[ 4.22090094e-02 -1.45146271e-12 -2.27362609e-13  4.61342963e-11 -1.75329059e-10 -1.83115775e-15  8.52992738e-16  2.29447401e-05 -2.04950112e-06 -1.60730387e-08  9.93202232e-10]
[ 5.08595370e-02 -1.45119771e-12 -2.27402236e-13  4.60992018e-11 -1.75304429e-10 -1.83136219e-15  8.53044474e-16  2.29541297e-05 -2.04777160e-06 -1.60676666e-08  9.93206096e-10]
Population scores:
[3.84265299e+10 2.30048509e+11]:[ 4.22090094e-02 -1.45146271e-12 -2.27362609e-13  4.61342963e-11 -1.75329059e-10 -1.83115775e-15  8.52992738e-16  2.29447401e-05 -2.04950112e-06 -1.60730387e-08  9.93202232e-10]:11.060982197709388
[3.63273131e+10 2.33518525e+11]:[ 3.77577548e-02 -1.45379480e-12 -2.27338542e-13  4.60848350e-11 -1.75401555e-10 -1.83059468e-15  8.52978274e-16  2.29478568e-05 -2.04949374e-06 -1.60592060e-08  9.93192448e-10]:11.061466796205169
[3.26222719e+10 2.40196793e+11]:[ 5.08595370e-02 -1.45119771e-12 -2.27402236e-13  4.60992018e-11 -1.75304429e-10 -1.83136219e-15  8.53044474e-16  2.29541297e-05 -2.04777160e-06 -1.60676666e-08  9.93206096e-10]:11.063153449719652
[3.21439252e+10 2.40935439e+11]:[ 5.21428703e-02 -1.45117051e-12 -2.29000138e-13  4.61999140e-11 -1.75302530e-10 -1.83512671e-15  8.53042386e-16  2.29966232e-05 -2.04788841e-06 -1.60747833e-08  9.93211946e-10]:11.06318518080608
Selected for new population:
[ 4.22090094e-02 -1.45146271e-12 -2.27362609e-13  4.61342963e-11 -1.75329059e-10 -1.83115775e-15  8.52992738e-16  2.29447401e-05 -2.04950112e-06 -1.60730387e-08  9.93202232e-10]
[ 3.77577548e-02 -1.45379480e-12 -2.27338542e-13  4.60848350e-11 -1.75401555e-10 -1.83059468e-15  8.52978274e-16  2.29478568e-05 -2.04949374e-06 -1.60592060e-08  9.93192448e-10]
Selected: [6 3]
***************
***CROSSOVER***
***************
Population scores:
[3.21439252e+10 2.40935439e+11]:[ 5.21428703e-02 -1.45117051e-12 -2.29000138e-13  4.61999140e-11 -1.75302530e-10 -1.83512671e-15  8.53042386e-16  2.29966232e-05 -2.04788841e-06 -1.60747833e-08  9.93211946e-10]:11.06318518080608
[3.12120549e+10 2.43674281e+11]:[ 3.31005939e-02 -1.44192677e-12 -2.24178870e-13  4.60837607e-11 -1.75447133e-10 -1.82981514e-15  8.52976052e-16  2.29689089e-05 -2.04824822e-06 -1.61077476e-08  9.94309250e-10]:11.065194710833124
&&&&&&&&&&&&&&&&&&&&&&&&
&&TOURNAMENT SELECTION&&
&&&&&&&&&&&&&&&&&&&&&&&&
parents:
[ 3.31005939e-02 -1.44192677e-12 -2.24178870e-13  4.60837607e-11 -1.75447133e-10 -1.82981514e-15  8.52976052e-16  2.29689089e-05 -2.04824822e-06 -1.61077476e-08  9.94309250e-10]
[ 5.21428703e-02 -1.45117051e-12 -2.29000138e-13  4.61999140e-11 -1.75302530e-10 -1.83512671e-15  8.53042386e-16  2.29966232e-05 -2.04788841e-06 -1.60747833e-08  9.93211946e-10]
children:
[ 3.23659871e-02 -1.45020627e-12 -2.24804395e-13  4.61074329e-11 -1.75337578e-10 -1.83356638e-15  8.53032151e-16  2.29993121e-05 -2.04793481e-06 -1.60824211e-08  9.94166590e-10]
[ 3.89866804e-02 -1.44167971e-12 -2.27707521e-13  4.61228049e-11 -1.75440786e-10 -1.83016844e-15  8.52976060e-16  2.29684209e-05 -2.04822887e-06 -1.60861722e-08  9.93262834e-10]
Population scores:
[3.48072771e+10 2.35718376e+11]:[ 3.89866804e-02 -1.44167971e-12 -2.27707521e-13  4.61228049e-11 -1.75440786e-10 -1.83016844e-15  8.52976060e-16  2.29684209e-05 -2.04822887e-06 -1.60861722e-08  9.93262834e-10]:11.061345840436674
[3.21439252e+10 2.40935439e+11]:[ 5.21428703e-02 -1.45117051e-12 -2.29000138e-13  4.61999140e-11 -1.75302530e-10 -1.83512671e-15  8.53042386e-16  2.29966232e-05 -2.04788841e-06 -1.60747833e-08  9.93211946e-10]:11.06318518080608
[3.12120549e+10 2.43674281e+11]:[ 3.31005939e-02 -1.44192677e-12 -2.24178870e-13  4.60837607e-11 -1.75447133e-10 -1.82981514e-15  8.52976052e-16  2.29689089e-05 -2.04824822e-06 -1.61077476e-08  9.94309250e-10]:11.065194710833124
[2.75728573e+10 2.52503784e+11]:[ 3.23659871e-02 -1.45020627e-12 -2.24804395e-13  4.61074329e-11 -1.75337578e-10 -1.83356638e-15  8.53032151e-16  2.29993121e-05 -2.04793481e-06 -1.60824211e-08  9.94166590e-10]:11.070205002667846
Selected for new population:
[ 3.89866804e-02 -1.44167971e-12 -2.27707521e-13  4.61228049e-11 -1.75440786e-10 -1.83016844e-15  8.52976060e-16  2.29684209e-05 -2.04822887e-06 -1.60861722e-08  9.93262834e-10]
[ 5.21428703e-02 -1.45117051e-12 -2.29000138e-13  4.61999140e-11 -1.75302530e-10 -1.83512671e-15  8.53042386e-16  2.29966232e-05 -2.04788841e-06 -1.60747833e-08  9.93211946e-10]
Population scores:
[3.84265299e+10 2.30048509e+11]:[ 4.22090094e-02 -1.45146271e-12 -2.27362609e-13  4.61342963e-11 -1.75329059e-10 -1.83115775e-15  8.52992738e-16  2.29447401e-05 -2.04950112e-06 -1.60730387e-08  9.93202232e-10]:11.060982197709388
[3.48072771e+10 2.35718376e+11]:[ 3.89866804e-02 -1.44167971e-12 -2.27707521e-13  4.61228049e-11 -1.75440786e-10 -1.83016844e-15  8.52976060e-16  2.29684209e-05 -2.04822887e-06 -1.60861722e-08  9.93262834e-10]:11.061345840436674
[3.63273131e+10 2.33518525e+11]:[ 3.77577548e-02 -1.45379480e-12 -2.27338542e-13  4.60848350e-11 -1.75401555e-10 -1.83059468e-15  8.52978274e-16  2.29478568e-05 -2.04949374e-06 -1.60592060e-08  9.93192448e-10]:11.061466796205169
[3.28394132e+10 2.39104337e+11]:[ 5.20851538e-02 -1.44267951e-12 -2.27572115e-13  4.61788794e-11 -1.75413840e-10 -1.83321051e-15  8.52932511e-16  2.29927745e-05 -2.04811489e-06 -1.60383344e-08  9.92424834e-10]:11.062000215082323
[3.45338035e+10 2.37177180e+11]:[ 3.88661734e-02 -1.45325578e-12 -2.28598359e-13  4.60986835e-11 -1.75359804e-10 -1.83359682e-15  8.52984544e-16  2.29173915e-05 -2.04968355e-06 -1.59968530e-08  9.92621435e-10]:11.062924599709989
[3.21439252e+10 2.40935439e+11]:[ 5.21428703e-02 -1.45117051e-12 -2.29000138e-13  4.61999140e-11 -1.75302530e-10 -1.83512671e-15  8.53042386e-16  2.29966232e-05 -2.04788841e-06 -1.60747833e-08  9.93211946e-10]:11.06318518080608
[3.29219803e+10 2.39899110e+11]:[ 5.52782513e-02 -1.45714203e-12 -2.28210371e-13  4.61590952e-11 -1.75450663e-10 -1.82972172e-15  8.53039709e-16  2.29681551e-05 -2.04730176e-06 -1.61504072e-08  9.94502516e-10]:11.063381523853103
[3.17115006e+10 2.41953680e+11]:[ 4.53229908e-02 -1.44906220e-12 -2.27981691e-13  4.62067216e-11 -1.75358111e-10 -1.83513506e-15  8.53028800e-16  2.29912867e-05 -2.04788856e-06 -1.60687824e-08  9.93210159e-10]:11.06373995818497
[3.22292041e+10 2.41234490e+11]:[ 3.53425587e-02 -1.44230075e-12 -2.25522990e-13  4.60840741e-11 -1.75434368e-10 -1.82981130e-15  8.52976869e-16  2.29698129e-05 -2.04894029e-06 -1.60686063e-08  9.93608972e-10]:11.063826000404392
[3.06681019e+10 2.44032109e+11]:[ 3.97444248e-02 -1.44150851e-12 -2.29270982e-13  4.60835566e-11 -1.75445543e-10 -1.83340537e-15  8.52974497e-16  2.30451298e-05 -2.04840511e-06 -1.61106953e-08  9.93960501e-10]:11.064509295511622
[3.12120549e+10 2.43674281e+11]:[ 3.31005939e-02 -1.44192677e-12 -2.24178870e-13  4.60837607e-11 -1.75447133e-10 -1.82981514e-15  8.52976052e-16  2.29689089e-05 -2.04824822e-06 -1.61077476e-08  9.94309250e-10]:11.065194710833124
[2.91801782e+10 2.47574012e+11]:[ 4.22077644e-02 -1.44169625e-12 -2.28572983e-13  4.60982166e-11 -1.75445536e-10 -1.83330250e-15  8.52979598e-16  2.30464923e-05 -2.04813511e-06 -1.61033808e-08  9.93954512e-10]:11.066466485706735
[2.88744681e+10 2.48573678e+11]:[ 3.74955343e-02 -1.44271002e-12 -2.27571706e-13  4.61018725e-11 -1.75391466e-10 -1.83342931e-15  8.52938862e-16  2.29899842e-05 -2.04813728e-06 -1.60200154e-08  9.92796396e-10]:11.067272334603743
[5.82760821e+10 2.06850659e+11]:[ 5.62584682e-02 -1.44264691e-12 -2.27628840e-13  4.61842831e-11 -1.75441886e-10 -1.83310902e-15  8.53046180e-16  2.29926769e-05 -2.04809882e-06 -1.62022025e-08  9.92373641e-10]:11.070798279500423
[2.67632194e+10 2.54442027e+11]:[ 4.51487660e-02 -1.44169087e-12 -2.28634415e-13  4.61610747e-11 -1.75445530e-10 -1.83270195e-15  8.52980608e-16  2.30153940e-05 -2.04795603e-06 -1.60694005e-08  9.93907403e-10]:11.071273356409169
%%%%%%%%%%%%%%%%%%%%%%%%%
%%%final - population%%%%
%%%%%%%%%%%%%%%%%%%%%%%%%
[ 4.22090094e-02 -1.45146271e-12 -2.27362609e-13  4.61342963e-11 -1.75329059e-10 -1.83115775e-15  8.52992738e-16  2.29447401e-05 -2.04950112e-06 -1.60730387e-08  9.93202232e-10]:[3.84265299e+10 2.30048509e+11]
[ 3.89866804e-02 -1.44167971e-12 -2.27707521e-13  4.61228049e-11 -1.75440786e-10 -1.83016844e-15  8.52976060e-16  2.29684209e-05 -2.04822887e-06 -1.60861722e-08  9.93262834e-10]:[3.48072771e+10 2.35718376e+11]
[ 3.77577548e-02 -1.45379480e-12 -2.27338542e-13  4.60848350e-11 -1.75401555e-10 -1.83059468e-15  8.52978274e-16  2.29478568e-05 -2.04949374e-06 -1.60592060e-08  9.93192448e-10]:[3.63273131e+10 2.33518525e+11]
[ 5.20851538e-02 -1.44267951e-12 -2.27572115e-13  4.61788794e-11 -1.75413840e-10 -1.83321051e-15  8.52932511e-16  2.29927745e-05 -2.04811489e-06 -1.60383344e-08  9.92424834e-10]:[3.28394132e+10 2.39104337e+11]
[ 3.88661734e-02 -1.45325578e-12 -2.28598359e-13  4.60986835e-11 -1.75359804e-10 -1.83359682e-15  8.52984544e-16  2.29173915e-05 -2.04968355e-06 -1.59968530e-08  9.92621435e-10]:[3.45338035e+10 2.37177180e+11]
[ 5.21428703e-02 -1.45117051e-12 -2.29000138e-13  4.61999140e-11 -1.75302530e-10 -1.83512671e-15  8.53042386e-16  2.29966232e-05 -2.04788841e-06 -1.60747833e-08  9.93211946e-10]:[3.21439252e+10 2.40935439e+11]
[ 5.52782513e-02 -1.45714203e-12 -2.28210371e-13  4.61590952e-11 -1.75450663e-10 -1.82972172e-15  8.53039709e-16  2.29681551e-05 -2.04730176e-06 -1.61504072e-08  9.94502516e-10]:[3.29219803e+10 2.39899110e+11]
[ 4.53229908e-02 -1.44906220e-12 -2.27981691e-13  4.62067216e-11 -1.75358111e-10 -1.83513506e-15  8.53028800e-16  2.29912867e-05 -2.04788856e-06 -1.60687824e-08  9.93210159e-10]:[3.17115006e+10 2.41953680e+11]
[ 3.53425587e-02 -1.44230075e-12 -2.25522990e-13  4.60840741e-11 -1.75434368e-10 -1.82981130e-15  8.52976869e-16  2.29698129e-05 -2.04894029e-06 -1.60686063e-08  9.93608972e-10]:[3.22292041e+10 2.41234490e+11]
[ 3.97444248e-02 -1.44150851e-12 -2.29270982e-13  4.60835566e-11 -1.75445543e-10 -1.83340537e-15  8.52974497e-16  2.30451298e-05 -2.04840511e-06 -1.61106953e-08  9.93960501e-10]:[3.06681019e+10 2.44032109e+11]
