Generating Population from
[ 6.33975715e-02 -1.77270324e-12 -2.75555494e-13  5.12623038e-11 -1.94477286e-10 -1.98142671e-15  8.20892776e-16  2.69787391e-05 -2.31109713e-06 -1.30395781e-08  9.98891323e-10]
*******************************
***iteration: 0 Population is***
*******************************
Population scores:
879:[5.29989323e+11 2.34654204e+11]:[ 6.33975715e-02 -1.77270324e-12 -2.75555494e-13  5.12623038e-11 -1.94477286e-10 -1.98142671e-15  8.20892776e-16  2.69787391e-05 -2.31109713e-06 -1.30395781e-08  9.98891323e-10]:11.370428338666743
935:[4.80541772e+11 2.81541854e+11]:[ 6.35866603e-02 -1.82434056e-12 -2.77122703e-13  5.14881523e-11 -1.91677277e-10 -1.95794430e-15  8.26363593e-16  2.61639755e-05 -2.28849808e-06 -1.36575997e-08  1.00546274e-09]:11.449542966330831
933:[5.74775444e+11 2.97079600e+11]:[ 6.41422526e-02 -1.73595529e-12 -2.78879963e-13  5.20766755e-11 -1.99532668e-10 -2.06811430e-15  8.17442237e-16  2.66875958e-05 -2.28252485e-06 -1.36462439e-08  9.97758308e-10]:11.472872830512513
934:[3.85774219e+11 4.41758717e+11]:[ 6.41032893e-02 -1.76083966e-12 -2.85095034e-13  5.21133060e-11 -1.87831248e-10 -2.05462696e-15  8.15516439e-16  2.68672818e-05 -2.29841038e-06 -1.22923824e-08  1.00108727e-09]:11.645185128044034
936:[4.03251963e+13 6.99519949e+13]:[ 6.89519765e-02 -1.86193074e-12 -3.69189781e-13  6.05150236e-11 -2.77310049e-10 -1.48768966e-15  8.57088884e-16  2.26906926e-05 -2.93094072e-06 -8.81321970e-09  9.28502908e-10]:13.84480010396393
937:[1.06870028e+14 1.96313551e+14]:[ 5.90662396e-02 -7.97389052e-13 -1.98229732e-13  6.00893162e-11 -1.81409882e-10 -1.83315309e-15  8.34593394e-16  1.73650019e-05 -3.11598302e-06 -1.18627330e-08  9.32891981e-10]:14.292950279376036
Selected: [0 1]
***************
***CROSSOVER***
***************
&&&&&&&&&&&&&&&&&&&&&&&&
&&TOURNAMENT SELECTION&&
&&&&&&&&&&&&&&&&&&&&&&&&
parents:
[ 6.33975715e-02 -1.77270324e-12 -2.75555494e-13  5.12623038e-11 -1.94477286e-10 -1.98142671e-15  8.20892776e-16  2.69787391e-05 -2.31109713e-06 -1.30395781e-08  9.98891323e-10]
[ 6.35866603e-02 -1.82434056e-12 -2.77122703e-13  5.14881523e-11 -1.91677277e-10 -1.95794430e-15  8.26363593e-16  2.61639755e-05 -2.28849808e-06 -1.36575997e-08  1.00546274e-09]
children:
[ 6.30366544e-02 -1.82434056e-12 -2.77122703e-13  5.14881523e-11 -2.25668244e-10 -1.85093234e-15  9.06867218e-16  2.61639755e-05 -2.28849808e-06 -8.16844192e-09  9.98891323e-10]
[ 6.33975715e-02 -1.77270324e-12 -2.75555494e-13  5.12623038e-11 -1.91677277e-10 -1.89788154e-15  8.20892776e-16  2.24080084e-05 -2.31109713e-06 -1.36575997e-08  1.00546274e-09]
Population scores:
879:[5.29989323e+11 2.34654204e+11]:[ 6.33975715e-02 -1.77270324e-12 -2.75555494e-13  5.12623038e-11 -1.94477286e-10 -1.98142671e-15  8.20892776e-16  2.69787391e-05 -2.31109713e-06 -1.30395781e-08  9.98891323e-10]:11.370428338666743
935:[4.80541772e+11 2.81541854e+11]:[ 6.35866603e-02 -1.82434056e-12 -2.77122703e-13  5.14881523e-11 -1.91677277e-10 -1.95794430e-15  8.26363593e-16  2.61639755e-05 -2.28849808e-06 -1.36575997e-08  1.00546274e-09]:11.449542966330831
939:[1.95508257e+12 2.48666954e+12]:[ 6.33975715e-02 -1.77270324e-12 -2.75555494e-13  5.12623038e-11 -1.91677277e-10 -1.89788154e-15  8.20892776e-16  2.24080084e-05 -2.31109713e-06 -1.36575997e-08  1.00546274e-09]:12.395618074808436
938:[4.03171926e+12 9.05697163e+12]:[ 6.30366544e-02 -1.82434056e-12 -2.77122703e-13  5.14881523e-11 -2.25668244e-10 -1.85093234e-15  9.06867218e-16  2.61639755e-05 -2.28849808e-06 -8.16844192e-09  9.98891323e-10]:12.956983007195417
Selected for new population:
[ 6.33975715e-02 -1.77270324e-12 -2.75555494e-13  5.12623038e-11 -1.94477286e-10 -1.98142671e-15  8.20892776e-16  2.69787391e-05 -2.31109713e-06 -1.30395781e-08  9.98891323e-10]
[ 6.35866603e-02 -1.82434056e-12 -2.77122703e-13  5.14881523e-11 -1.91677277e-10 -1.95794430e-15  8.26363593e-16  2.61639755e-05 -2.28849808e-06 -1.36575997e-08  1.00546274e-09]
Selected: [1 0]
***************
***CROSSOVER***
***************
&&&&&&&&&&&&&&&&&&&&&&&&
&&TOURNAMENT SELECTION&&
&&&&&&&&&&&&&&&&&&&&&&&&
parents:
[ 6.35866603e-02 -1.82434056e-12 -2.77122703e-13  5.14881523e-11 -1.91677277e-10 -1.95794430e-15  8.26363593e-16  2.61639755e-05 -2.28849808e-06 -1.36575997e-08  1.00546274e-09]
[ 6.33975715e-02 -1.77270324e-12 -2.75555494e-13  5.12623038e-11 -1.94477286e-10 -1.98142671e-15  8.20892776e-16  2.69787391e-05 -2.31109713e-06 -1.30395781e-08  9.98891323e-10]
children:
[ 6.33975715e-02 -1.58402980e-12 -2.75555494e-13  5.12623038e-11 -1.85486208e-10 -1.98142671e-15  8.20892776e-16  2.61639755e-05 -2.28849808e-06 -1.36575997e-08  1.00546274e-09]
[ 6.34472282e-02 -1.82434056e-12 -2.77122703e-13  5.14881523e-11 -1.91677277e-10 -1.95794430e-15  8.26363593e-16  2.69787391e-05 -2.31109713e-06 -1.30395781e-08  1.00874234e-09]
Population scores:
879:[5.29989323e+11 2.34654204e+11]:[ 6.33975715e-02 -1.77270324e-12 -2.75555494e-13  5.12623038e-11 -1.94477286e-10 -1.98142671e-15  8.20892776e-16  2.69787391e-05 -2.31109713e-06 -1.30395781e-08  9.98891323e-10]:11.370428338666743
941:[3.81555430e+11 2.52763986e+11]:[ 6.34472282e-02 -1.82434056e-12 -2.77122703e-13  5.14881523e-11 -1.91677277e-10 -1.95794430e-15  8.26363593e-16  2.69787391e-05 -2.31109713e-06 -1.30395781e-08  1.00874234e-09]:11.402715195248298
935:[4.80541772e+11 2.81541854e+11]:[ 6.35866603e-02 -1.82434056e-12 -2.77122703e-13  5.14881523e-11 -1.91677277e-10 -1.95794430e-15  8.26363593e-16  2.61639755e-05 -2.28849808e-06 -1.36575997e-08  1.00546274e-09]:11.449542966330831
940:[4.92667968e+11 2.86448554e+11]:[ 6.33975715e-02 -1.58402980e-12 -2.75555494e-13  5.12623038e-11 -1.85486208e-10 -1.98142671e-15  8.20892776e-16  2.61639755e-05 -2.28849808e-06 -1.36575997e-08  1.00546274e-09]:11.457046633787435
Selected for new population:
[ 6.33975715e-02 -1.77270324e-12 -2.75555494e-13  5.12623038e-11 -1.94477286e-10 -1.98142671e-15  8.20892776e-16  2.69787391e-05 -2.31109713e-06 -1.30395781e-08  9.98891323e-10]
[ 6.34472282e-02 -1.82434056e-12 -2.77122703e-13  5.14881523e-11 -1.91677277e-10 -1.95794430e-15  8.26363593e-16  2.69787391e-05 -2.31109713e-06 -1.30395781e-08  1.00874234e-09]
Selected: [1 0]
***************
***CROSSOVER***
***************
&&&&&&&&&&&&&&&&&&&&&&&&
&&TOURNAMENT SELECTION&&
&&&&&&&&&&&&&&&&&&&&&&&&
parents:
[ 6.35866603e-02 -1.82434056e-12 -2.77122703e-13  5.14881523e-11 -1.91677277e-10 -1.95794430e-15  8.26363593e-16  2.61639755e-05 -2.28849808e-06 -1.36575997e-08  1.00546274e-09]
[ 6.33975715e-02 -1.77270324e-12 -2.75555494e-13  5.12623038e-11 -1.94477286e-10 -1.98142671e-15  8.20892776e-16  2.69787391e-05 -2.31109713e-06 -1.30395781e-08  9.98891323e-10]
children:
[ 6.33975715e-02 -2.43242449e-12 -2.75555494e-13  5.10601752e-11 -1.94477286e-10 -1.95794430e-15  8.20892776e-16  2.69787391e-05 -2.28849808e-06 -1.30395781e-08  1.00546274e-09]
[ 6.35866603e-02 -1.82434056e-12 -2.77122703e-13  5.14881523e-11 -1.91677277e-10 -1.98142671e-15  8.26363593e-16  2.61639755e-05 -2.31109713e-06 -1.36575997e-08  9.98891323e-10]
Population scores:
879:[5.29989323e+11 2.34654204e+11]:[ 6.33975715e-02 -1.77270324e-12 -2.75555494e-13  5.12623038e-11 -1.94477286e-10 -1.98142671e-15  8.20892776e-16  2.69787391e-05 -2.31109713e-06 -1.30395781e-08  9.98891323e-10]:11.370428338666743
935:[4.80541772e+11 2.81541854e+11]:[ 6.35866603e-02 -1.82434056e-12 -2.77122703e-13  5.14881523e-11 -1.91677277e-10 -1.95794430e-15  8.26363593e-16  2.61639755e-05 -2.28849808e-06 -1.36575997e-08  1.00546274e-09]:11.449542966330831
942:[3.26187922e+11 3.42969456e+11]:[ 6.33975715e-02 -2.43242449e-12 -2.75555494e-13  5.10601752e-11 -1.94477286e-10 -1.95794430e-15  8.20892776e-16  2.69787391e-05 -2.28849808e-06 -1.30395781e-08  1.00546274e-09]:11.535255445138207
943:[9.79152509e+11 7.52721191e+11]:[ 6.35866603e-02 -1.82434056e-12 -2.77122703e-13  5.14881523e-11 -1.91677277e-10 -1.98142671e-15  8.26363593e-16  2.61639755e-05 -2.31109713e-06 -1.36575997e-08  9.98891323e-10]:11.876634142967992
Selected for new population:
[ 6.33975715e-02 -1.77270324e-12 -2.75555494e-13  5.12623038e-11 -1.94477286e-10 -1.98142671e-15  8.20892776e-16  2.69787391e-05 -2.31109713e-06 -1.30395781e-08  9.98891323e-10]
[ 6.35866603e-02 -1.82434056e-12 -2.77122703e-13  5.14881523e-11 -1.91677277e-10 -1.95794430e-15  8.26363593e-16  2.61639755e-05 -2.28849808e-06 -1.36575997e-08  1.00546274e-09]
Population scores:
879:[5.29989323e+11 2.34654204e+11]:[ 6.33975715e-02 -1.77270324e-12 -2.75555494e-13  5.12623038e-11 -1.94477286e-10 -1.98142671e-15  8.20892776e-16  2.69787391e-05 -2.31109713e-06 -1.30395781e-08  9.98891323e-10]:11.370428338666743
941:[3.81555430e+11 2.52763986e+11]:[ 6.34472282e-02 -1.82434056e-12 -2.77122703e-13  5.14881523e-11 -1.91677277e-10 -1.95794430e-15  8.26363593e-16  2.69787391e-05 -2.31109713e-06 -1.30395781e-08  1.00874234e-09]:11.402715195248298
935:[4.80541772e+11 2.81541854e+11]:[ 6.35866603e-02 -1.82434056e-12 -2.77122703e-13  5.14881523e-11 -1.91677277e-10 -1.95794430e-15  8.26363593e-16  2.61639755e-05 -2.28849808e-06 -1.36575997e-08  1.00546274e-09]:11.449542966330831
933:[5.74775444e+11 2.97079600e+11]:[ 6.41422526e-02 -1.73595529e-12 -2.78879963e-13  5.20766755e-11 -1.99532668e-10 -2.06811430e-15  8.17442237e-16  2.66875958e-05 -2.28252485e-06 -1.36462439e-08  9.97758308e-10]:11.472872830512513
934:[3.85774219e+11 4.41758717e+11]:[ 6.41032893e-02 -1.76083966e-12 -2.85095034e-13  5.21133060e-11 -1.87831248e-10 -2.05462696e-15  8.15516439e-16  2.68672818e-05 -2.29841038e-06 -1.22923824e-08  1.00108727e-09]:11.645185128044034
936:[4.03251963e+13 6.99519949e+13]:[ 6.89519765e-02 -1.86193074e-12 -3.69189781e-13  6.05150236e-11 -2.77310049e-10 -1.48768966e-15  8.57088884e-16  2.26906926e-05 -2.93094072e-06 -8.81321970e-09  9.28502908e-10]:13.84480010396393
937:[1.06870028e+14 1.96313551e+14]:[ 5.90662396e-02 -7.97389052e-13 -1.98229732e-13  6.00893162e-11 -1.81409882e-10 -1.83315309e-15  8.34593394e-16  1.73650019e-05 -3.11598302e-06 -1.18627330e-08  9.32891981e-10]:14.292950279376036
*******************************
***iteration: 1 Population is***
*******************************
Population scores:
879:[5.29989323e+11 2.34654204e+11]:[ 6.33975715e-02 -1.77270324e-12 -2.75555494e-13  5.12623038e-11 -1.94477286e-10 -1.98142671e-15  8.20892776e-16  2.69787391e-05 -2.31109713e-06 -1.30395781e-08  9.98891323e-10]:11.370428338666743
941:[3.81555430e+11 2.52763986e+11]:[ 6.34472282e-02 -1.82434056e-12 -2.77122703e-13  5.14881523e-11 -1.91677277e-10 -1.95794430e-15  8.26363593e-16  2.69787391e-05 -2.31109713e-06 -1.30395781e-08  1.00874234e-09]:11.402715195248298
935:[4.80541772e+11 2.81541854e+11]:[ 6.35866603e-02 -1.82434056e-12 -2.77122703e-13  5.14881523e-11 -1.91677277e-10 -1.95794430e-15  8.26363593e-16  2.61639755e-05 -2.28849808e-06 -1.36575997e-08  1.00546274e-09]:11.449542966330831
933:[5.74775444e+11 2.97079600e+11]:[ 6.41422526e-02 -1.73595529e-12 -2.78879963e-13  5.20766755e-11 -1.99532668e-10 -2.06811430e-15  8.17442237e-16  2.66875958e-05 -2.28252485e-06 -1.36462439e-08  9.97758308e-10]:11.472872830512513
934:[3.85774219e+11 4.41758717e+11]:[ 6.41032893e-02 -1.76083966e-12 -2.85095034e-13  5.21133060e-11 -1.87831248e-10 -2.05462696e-15  8.15516439e-16  2.68672818e-05 -2.29841038e-06 -1.22923824e-08  1.00108727e-09]:11.645185128044034
936:[4.03251963e+13 6.99519949e+13]:[ 6.89519765e-02 -1.86193074e-12 -3.69189781e-13  6.05150236e-11 -2.77310049e-10 -1.48768966e-15  8.57088884e-16  2.26906926e-05 -2.93094072e-06 -8.81321970e-09  9.28502908e-10]:13.84480010396393
Selected: [4 0]
***************
***CROSSOVER***
***************
&&&&&&&&&&&&&&&&&&&&&&&&
&&TOURNAMENT SELECTION&&
&&&&&&&&&&&&&&&&&&&&&&&&
parents:
[ 6.41032893e-02 -1.76083966e-12 -2.85095034e-13  5.21133060e-11 -1.87831248e-10 -2.05462696e-15  8.15516439e-16  2.68672818e-05 -2.29841038e-06 -1.22923824e-08  1.00108727e-09]
[ 6.33975715e-02 -1.77270324e-12 -2.75555494e-13  5.12623038e-11 -1.94477286e-10 -1.98142671e-15  8.20892776e-16  2.69787391e-05 -2.31109713e-06 -1.30395781e-08  9.98891323e-10]
children:
[ 6.33975715e-02 -1.76083966e-12 -2.85095034e-13  5.12623038e-11 -1.94477286e-10 -1.98142671e-15  8.20892776e-16  2.69787391e-05 -2.31109713e-06 -1.24995898e-08  9.98891323e-10]
[ 6.41032893e-02 -1.68447143e-12 -2.75555494e-13  5.21133060e-11 -1.87831248e-10 -2.05462696e-15  8.15516439e-16  2.64650136e-05 -2.29841038e-06 -1.22923824e-08  1.00108727e-09]
Population scores:
879:[5.29989323e+11 2.34654204e+11]:[ 6.33975715e-02 -1.77270324e-12 -2.75555494e-13  5.12623038e-11 -1.94477286e-10 -1.98142671e-15  8.20892776e-16  2.69787391e-05 -2.31109713e-06 -1.30395781e-08  9.98891323e-10]:11.370428338666743
944:[4.27995796e+11 2.55481629e+11]:[ 6.33975715e-02 -1.76083966e-12 -2.85095034e-13  5.12623038e-11 -1.94477286e-10 -1.98142671e-15  8.20892776e-16  2.69787391e-05 -2.31109713e-06 -1.24995898e-08  9.98891323e-10]:11.407359677192337
945:[3.70636284e+11 3.57891928e+11]:[ 6.41032893e-02 -1.68447143e-12 -2.75555494e-13  5.21133060e-11 -1.87831248e-10 -2.05462696e-15  8.15516439e-16  2.64650136e-05 -2.29841038e-06 -1.22923824e-08  1.00108727e-09]:11.553751903396021
934:[3.85774219e+11 4.41758717e+11]:[ 6.41032893e-02 -1.76083966e-12 -2.85095034e-13  5.21133060e-11 -1.87831248e-10 -2.05462696e-15  8.15516439e-16  2.68672818e-05 -2.29841038e-06 -1.22923824e-08  1.00108727e-09]:11.645185128044034
Selected for new population:
[ 6.33975715e-02 -1.77270324e-12 -2.75555494e-13  5.12623038e-11 -1.94477286e-10 -1.98142671e-15  8.20892776e-16  2.69787391e-05 -2.31109713e-06 -1.30395781e-08  9.98891323e-10]
[ 6.33975715e-02 -1.76083966e-12 -2.85095034e-13  5.12623038e-11 -1.94477286e-10 -1.98142671e-15  8.20892776e-16  2.69787391e-05 -2.31109713e-06 -1.24995898e-08  9.98891323e-10]
Selected: [0 1]
***************
***CROSSOVER***
***************
&&&&&&&&&&&&&&&&&&&&&&&&
&&TOURNAMENT SELECTION&&
&&&&&&&&&&&&&&&&&&&&&&&&
parents:
[ 6.33975715e-02 -1.77270324e-12 -2.75555494e-13  5.12623038e-11 -1.94477286e-10 -1.98142671e-15  8.20892776e-16  2.69787391e-05 -2.31109713e-06 -1.30395781e-08  9.98891323e-10]
[ 6.34472282e-02 -1.82434056e-12 -2.77122703e-13  5.14881523e-11 -1.91677277e-10 -1.95794430e-15  8.26363593e-16  2.69787391e-05 -2.31109713e-06 -1.30395781e-08  1.00874234e-09]
children:
[ 6.33975715e-02 -1.77270324e-12 -2.77122703e-13  5.14881523e-11 -1.94477286e-10 -2.06914434e-15  8.26363593e-16  2.62185558e-05 -2.31109713e-06 -1.30395781e-08  1.00866716e-09]
[ 6.34472282e-02 -1.81060262e-12 -2.75555494e-13  5.12623038e-11 -1.91677277e-10 -1.95794430e-15  8.19538910e-16  2.69787391e-05 -2.31109713e-06 -1.30395781e-08  1.00874234e-09]
Population scores:
879:[5.29989323e+11 2.34654204e+11]:[ 6.33975715e-02 -1.77270324e-12 -2.75555494e-13  5.12623038e-11 -1.94477286e-10 -1.98142671e-15  8.20892776e-16  2.69787391e-05 -2.31109713e-06 -1.30395781e-08  9.98891323e-10]:11.370428338666743
946:[4.66535099e+11 2.40602163e+11]:[ 6.33975715e-02 -1.77270324e-12 -2.77122703e-13  5.14881523e-11 -1.94477286e-10 -2.06914434e-15  8.26363593e-16  2.62185558e-05 -2.31109713e-06 -1.30395781e-08  1.00866716e-09]:11.381299527479484
947:[3.81555430e+11 2.52763986e+11]:[ 6.34472282e-02 -1.81060262e-12 -2.75555494e-13  5.12623038e-11 -1.91677277e-10 -1.95794430e-15  8.19538910e-16  2.69787391e-05 -2.31109713e-06 -1.30395781e-08  1.00874234e-09]:11.402715195248296
941:[3.81555430e+11 2.52763986e+11]:[ 6.34472282e-02 -1.82434056e-12 -2.77122703e-13  5.14881523e-11 -1.91677277e-10 -1.95794430e-15  8.26363593e-16  2.69787391e-05 -2.31109713e-06 -1.30395781e-08  1.00874234e-09]:11.402715195248298
Selected for new population:
[ 6.33975715e-02 -1.77270324e-12 -2.75555494e-13  5.12623038e-11 -1.94477286e-10 -1.98142671e-15  8.20892776e-16  2.69787391e-05 -2.31109713e-06 -1.30395781e-08  9.98891323e-10]
[ 6.33975715e-02 -1.77270324e-12 -2.77122703e-13  5.14881523e-11 -1.94477286e-10 -2.06914434e-15  8.26363593e-16  2.62185558e-05 -2.31109713e-06 -1.30395781e-08  1.00866716e-09]
Selected: [2 0]
***************
***CROSSOVER***
***************
&&&&&&&&&&&&&&&&&&&&&&&&
&&TOURNAMENT SELECTION&&
&&&&&&&&&&&&&&&&&&&&&&&&
parents:
[ 6.35866603e-02 -1.82434056e-12 -2.77122703e-13  5.14881523e-11 -1.91677277e-10 -1.95794430e-15  8.26363593e-16  2.61639755e-05 -2.28849808e-06 -1.36575997e-08  1.00546274e-09]
[ 6.33975715e-02 -1.77270324e-12 -2.75555494e-13  5.12623038e-11 -1.94477286e-10 -1.98142671e-15  8.20892776e-16  2.69787391e-05 -2.31109713e-06 -1.30395781e-08  9.98891323e-10]
children:
[ 6.33975715e-02 -1.82434056e-12 -2.75555494e-13  5.12623038e-11 -1.94477286e-10 -1.98142671e-15  8.20892776e-16  2.61639755e-05 -3.06535124e-06 -1.36575997e-08  9.98891323e-10]
[ 6.35866603e-02 -1.77270324e-12 -2.77122703e-13  5.14881523e-11 -1.84258532e-10 -1.95794430e-15  8.26363593e-16  2.69787391e-05 -2.28849808e-06 -1.38860712e-08  9.34790792e-10]
Population scores:
879:[5.29989323e+11 2.34654204e+11]:[ 6.33975715e-02 -1.77270324e-12 -2.75555494e-13  5.12623038e-11 -1.94477286e-10 -1.98142671e-15  8.20892776e-16  2.69787391e-05 -2.31109713e-06 -1.30395781e-08  9.98891323e-10]:11.370428338666743
935:[4.80541772e+11 2.81541854e+11]:[ 6.35866603e-02 -1.82434056e-12 -2.77122703e-13  5.14881523e-11 -1.91677277e-10 -1.95794430e-15  8.26363593e-16  2.61639755e-05 -2.28849808e-06 -1.36575997e-08  1.00546274e-09]:11.449542966330831
949:[4.08841179e+12 5.13132616e+12]:[ 6.35866603e-02 -1.77270324e-12 -2.77122703e-13  5.14881523e-11 -1.84258532e-10 -1.95794430e-15  8.26363593e-16  2.69787391e-05 -2.28849808e-06 -1.38860712e-08  9.34790792e-10]:12.710229620270535
948:[6.01168322e+13 1.05885430e+14]:[ 6.33975715e-02 -1.82434056e-12 -2.75555494e-13  5.12623038e-11 -1.94477286e-10 -1.98142671e-15  8.20892776e-16  2.61639755e-05 -3.06535124e-06 -1.36575997e-08  9.98891323e-10]:14.02483620489494
Selected for new population:
[ 6.33975715e-02 -1.77270324e-12 -2.75555494e-13  5.12623038e-11 -1.94477286e-10 -1.98142671e-15  8.20892776e-16  2.69787391e-05 -2.31109713e-06 -1.30395781e-08  9.98891323e-10]
[ 6.35866603e-02 -1.82434056e-12 -2.77122703e-13  5.14881523e-11 -1.91677277e-10 -1.95794430e-15  8.26363593e-16  2.61639755e-05 -2.28849808e-06 -1.36575997e-08  1.00546274e-09]
Population scores:
879:[5.29989323e+11 2.34654204e+11]:[ 6.33975715e-02 -1.77270324e-12 -2.75555494e-13  5.12623038e-11 -1.94477286e-10 -1.98142671e-15  8.20892776e-16  2.69787391e-05 -2.31109713e-06 -1.30395781e-08  9.98891323e-10]:11.370428338666743
946:[4.66535099e+11 2.40602163e+11]:[ 6.33975715e-02 -1.77270324e-12 -2.77122703e-13  5.14881523e-11 -1.94477286e-10 -2.06914434e-15  8.26363593e-16  2.62185558e-05 -2.31109713e-06 -1.30395781e-08  1.00866716e-09]:11.381299527479484
941:[3.81555430e+11 2.52763986e+11]:[ 6.34472282e-02 -1.82434056e-12 -2.77122703e-13  5.14881523e-11 -1.91677277e-10 -1.95794430e-15  8.26363593e-16  2.69787391e-05 -2.31109713e-06 -1.30395781e-08  1.00874234e-09]:11.402715195248298
944:[4.27995796e+11 2.55481629e+11]:[ 6.33975715e-02 -1.76083966e-12 -2.85095034e-13  5.12623038e-11 -1.94477286e-10 -1.98142671e-15  8.20892776e-16  2.69787391e-05 -2.31109713e-06 -1.24995898e-08  9.98891323e-10]:11.407359677192337
935:[4.80541772e+11 2.81541854e+11]:[ 6.35866603e-02 -1.82434056e-12 -2.77122703e-13  5.14881523e-11 -1.91677277e-10 -1.95794430e-15  8.26363593e-16  2.61639755e-05 -2.28849808e-06 -1.36575997e-08  1.00546274e-09]:11.449542966330831
933:[5.74775444e+11 2.97079600e+11]:[ 6.41422526e-02 -1.73595529e-12 -2.78879963e-13  5.20766755e-11 -1.99532668e-10 -2.06811430e-15  8.17442237e-16  2.66875958e-05 -2.28252485e-06 -1.36462439e-08  9.97758308e-10]:11.472872830512513
934:[3.85774219e+11 4.41758717e+11]:[ 6.41032893e-02 -1.76083966e-12 -2.85095034e-13  5.21133060e-11 -1.87831248e-10 -2.05462696e-15  8.15516439e-16  2.68672818e-05 -2.29841038e-06 -1.22923824e-08  1.00108727e-09]:11.645185128044034
936:[4.03251963e+13 6.99519949e+13]:[ 6.89519765e-02 -1.86193074e-12 -3.69189781e-13  6.05150236e-11 -2.77310049e-10 -1.48768966e-15  8.57088884e-16  2.26906926e-05 -2.93094072e-06 -8.81321970e-09  9.28502908e-10]:13.84480010396393
*******************************
***iteration: 2 Population is***
*******************************
Population scores:
879:[5.29989323e+11 2.34654204e+11]:[ 6.33975715e-02 -1.77270324e-12 -2.75555494e-13  5.12623038e-11 -1.94477286e-10 -1.98142671e-15  8.20892776e-16  2.69787391e-05 -2.31109713e-06 -1.30395781e-08  9.98891323e-10]:11.370428338666743
946:[4.66535099e+11 2.40602163e+11]:[ 6.33975715e-02 -1.77270324e-12 -2.77122703e-13  5.14881523e-11 -1.94477286e-10 -2.06914434e-15  8.26363593e-16  2.62185558e-05 -2.31109713e-06 -1.30395781e-08  1.00866716e-09]:11.381299527479484
941:[3.81555430e+11 2.52763986e+11]:[ 6.34472282e-02 -1.82434056e-12 -2.77122703e-13  5.14881523e-11 -1.91677277e-10 -1.95794430e-15  8.26363593e-16  2.69787391e-05 -2.31109713e-06 -1.30395781e-08  1.00874234e-09]:11.402715195248298
944:[4.27995796e+11 2.55481629e+11]:[ 6.33975715e-02 -1.76083966e-12 -2.85095034e-13  5.12623038e-11 -1.94477286e-10 -1.98142671e-15  8.20892776e-16  2.69787391e-05 -2.31109713e-06 -1.24995898e-08  9.98891323e-10]:11.407359677192337
935:[4.80541772e+11 2.81541854e+11]:[ 6.35866603e-02 -1.82434056e-12 -2.77122703e-13  5.14881523e-11 -1.91677277e-10 -1.95794430e-15  8.26363593e-16  2.61639755e-05 -2.28849808e-06 -1.36575997e-08  1.00546274e-09]:11.449542966330831
933:[5.74775444e+11 2.97079600e+11]:[ 6.41422526e-02 -1.73595529e-12 -2.78879963e-13  5.20766755e-11 -1.99532668e-10 -2.06811430e-15  8.17442237e-16  2.66875958e-05 -2.28252485e-06 -1.36462439e-08  9.97758308e-10]:11.472872830512513
Selected: [3 2]
***************
***CROSSOVER***
***************
&&&&&&&&&&&&&&&&&&&&&&&&
&&TOURNAMENT SELECTION&&
&&&&&&&&&&&&&&&&&&&&&&&&
parents:
[ 6.33975715e-02 -1.76083966e-12 -2.85095034e-13  5.12623038e-11 -1.94477286e-10 -1.98142671e-15  8.20892776e-16  2.69787391e-05 -2.31109713e-06 -1.24995898e-08  9.98891323e-10]
[ 6.34472282e-02 -1.82434056e-12 -2.77122703e-13  5.14881523e-11 -1.91677277e-10 -1.95794430e-15  8.26363593e-16  2.69787391e-05 -2.31109713e-06 -1.30395781e-08  1.00874234e-09]
children:
[ 6.34472282e-02 -1.76083966e-12 -2.77122703e-13  5.14881523e-11 -1.91677277e-10 -9.68512019e-16  8.26363593e-16  2.46099071e-05 -2.34048348e-06 -1.24995898e-08  9.94642353e-10]
[ 6.33975715e-02 -1.82434056e-12 -2.78923708e-13  5.12623038e-11 -1.94477286e-10 -1.98142671e-15  8.20892776e-16  2.69787391e-05 -2.39279189e-06 -1.36692190e-08  1.00874234e-09]
Population scores:
941:[3.81555430e+11 2.52763986e+11]:[ 6.34472282e-02 -1.82434056e-12 -2.77122703e-13  5.14881523e-11 -1.91677277e-10 -1.95794430e-15  8.26363593e-16  2.69787391e-05 -2.31109713e-06 -1.30395781e-08  1.00874234e-09]:11.402715195248298
944:[4.27995796e+11 2.55481629e+11]:[ 6.33975715e-02 -1.76083966e-12 -2.85095034e-13  5.12623038e-11 -1.94477286e-10 -1.98142671e-15  8.20892776e-16  2.69787391e-05 -2.31109713e-06 -1.24995898e-08  9.98891323e-10]:11.407359677192337
950:[6.02834390e+11 5.60698177e+11]:[ 6.34472282e-02 -1.76083966e-12 -2.77122703e-13  5.14881523e-11 -1.91677277e-10 -9.68512019e-16  8.26363593e-16  2.46099071e-05 -2.34048348e-06 -1.24995898e-08  9.94642353e-10]:11.748729144407067
951:[1.88131319e+12 1.83985148e+12]:[ 6.33975715e-02 -1.82434056e-12 -2.78923708e-13  5.12623038e-11 -1.94477286e-10 -1.98142671e-15  8.20892776e-16  2.69787391e-05 -2.39279189e-06 -1.36692190e-08  1.00874234e-09]:12.264782765536877
Selected for new population:
[ 6.34472282e-02 -1.82434056e-12 -2.77122703e-13  5.14881523e-11 -1.91677277e-10 -1.95794430e-15  8.26363593e-16  2.69787391e-05 -2.31109713e-06 -1.30395781e-08  1.00874234e-09]
[ 6.33975715e-02 -1.76083966e-12 -2.85095034e-13  5.12623038e-11 -1.94477286e-10 -1.98142671e-15  8.20892776e-16  2.69787391e-05 -2.31109713e-06 -1.24995898e-08  9.98891323e-10]
Selected: [0 1]
***************
***CROSSOVER***
***************
&&&&&&&&&&&&&&&&&&&&&&&&
&&TOURNAMENT SELECTION&&
&&&&&&&&&&&&&&&&&&&&&&&&
parents:
[ 6.33975715e-02 -1.77270324e-12 -2.75555494e-13  5.12623038e-11 -1.94477286e-10 -1.98142671e-15  8.20892776e-16  2.69787391e-05 -2.31109713e-06 -1.30395781e-08  9.98891323e-10]
[ 6.33975715e-02 -1.77270324e-12 -2.77122703e-13  5.14881523e-11 -1.94477286e-10 -2.06914434e-15  8.26363593e-16  2.62185558e-05 -2.31109713e-06 -1.30395781e-08  1.00866716e-09]
children:
[ 6.33975715e-02 -1.77270324e-12 -2.77122703e-13  5.14881523e-11 -1.94477286e-10 -1.98142671e-15  8.20892776e-16  3.57399729e-05 -2.31109713e-06 -1.30395781e-08  9.98891323e-10]
[ 6.33975715e-02 -1.77270324e-12 -2.75555494e-13  5.12623038e-11 -1.94477286e-10 -2.06914434e-15  8.26363593e-16  2.62185558e-05 -2.31109713e-06 -8.18432922e-09  1.00866716e-09]
Population scores:
879:[5.29989323e+11 2.34654204e+11]:[ 6.33975715e-02 -1.77270324e-12 -2.75555494e-13  5.12623038e-11 -1.94477286e-10 -1.98142671e-15  8.20892776e-16  2.69787391e-05 -2.31109713e-06 -1.30395781e-08  9.98891323e-10]:11.370428338666743
946:[4.66535099e+11 2.40602163e+11]:[ 6.33975715e-02 -1.77270324e-12 -2.77122703e-13  5.14881523e-11 -1.94477286e-10 -2.06914434e-15  8.26363593e-16  2.62185558e-05 -2.31109713e-06 -1.30395781e-08  1.00866716e-09]:11.381299527479484
952:[2.33243632e+12 4.84674246e+12]:[ 6.33975715e-02 -1.77270324e-12 -2.77122703e-13  5.14881523e-11 -1.94477286e-10 -1.98142671e-15  8.20892776e-16  3.57399729e-05 -2.31109713e-06 -1.30395781e-08  9.98891323e-10]:12.685449943731276
953:[3.64953083e+12 8.40365071e+12]:[ 6.33975715e-02 -1.77270324e-12 -2.75555494e-13  5.12623038e-11 -1.94477286e-10 -2.06914434e-15  8.26363593e-16  2.62185558e-05 -2.31109713e-06 -8.18432922e-09  1.00866716e-09]:12.924467993039137
Selected for new population:
[ 6.33975715e-02 -1.77270324e-12 -2.75555494e-13  5.12623038e-11 -1.94477286e-10 -1.98142671e-15  8.20892776e-16  2.69787391e-05 -2.31109713e-06 -1.30395781e-08  9.98891323e-10]
[ 6.33975715e-02 -1.77270324e-12 -2.77122703e-13  5.14881523e-11 -1.94477286e-10 -2.06914434e-15  8.26363593e-16  2.62185558e-05 -2.31109713e-06 -1.30395781e-08  1.00866716e-09]
Selected: [4 5]
***************
***CROSSOVER***
***************
&&&&&&&&&&&&&&&&&&&&&&&&
&&TOURNAMENT SELECTION&&
&&&&&&&&&&&&&&&&&&&&&&&&
parents:
[ 6.35866603e-02 -1.82434056e-12 -2.77122703e-13  5.14881523e-11 -1.91677277e-10 -1.95794430e-15  8.26363593e-16  2.61639755e-05 -2.28849808e-06 -1.36575997e-08  1.00546274e-09]
[ 6.41422526e-02 -1.73595529e-12 -2.78879963e-13  5.20766755e-11 -1.99532668e-10 -2.06811430e-15  8.17442237e-16  2.66875958e-05 -2.28252485e-06 -1.36462439e-08  9.97758308e-10]
children:
[ 6.35866603e-02 -1.73595529e-12 -2.78879963e-13  5.14881523e-11 -1.91677277e-10 -1.95794430e-15  8.17442237e-16  2.66875958e-05 -2.28849808e-06 -1.36462439e-08  1.00546274e-09]
[ 6.41422526e-02 -1.91547227e-12 -2.77122703e-13  5.20766755e-11 -1.99532668e-10 -2.06811430e-15  8.26363593e-16  3.45204617e-05 -2.40755213e-06 -1.36575997e-08  9.97758308e-10]
Population scores:
955:[9.66024332e+11 1.78504248e+11]:[ 6.41422526e-02 -1.91547227e-12 -2.77122703e-13  5.20766755e-11 -1.99532668e-10 -2.06811430e-15  8.26363593e-16  3.45204617e-05 -2.40755213e-06 -1.36575997e-08  9.97758308e-10]:11.251648556156233
954:[4.14700983e+11 2.26775322e+11]:[ 6.35866603e-02 -1.73595529e-12 -2.78879963e-13  5.14881523e-11 -1.91677277e-10 -1.95794430e-15  8.17442237e-16  2.66875958e-05 -2.28849808e-06 -1.36462439e-08  1.00546274e-09]:11.355595792527675
935:[4.80541772e+11 2.81541854e+11]:[ 6.35866603e-02 -1.82434056e-12 -2.77122703e-13  5.14881523e-11 -1.91677277e-10 -1.95794430e-15  8.26363593e-16  2.61639755e-05 -2.28849808e-06 -1.36575997e-08  1.00546274e-09]:11.449542966330831
933:[5.74775444e+11 2.97079600e+11]:[ 6.41422526e-02 -1.73595529e-12 -2.78879963e-13  5.20766755e-11 -1.99532668e-10 -2.06811430e-15  8.17442237e-16  2.66875958e-05 -2.28252485e-06 -1.36462439e-08  9.97758308e-10]:11.472872830512513
Selected for new population:
[ 6.41422526e-02 -1.91547227e-12 -2.77122703e-13  5.20766755e-11 -1.99532668e-10 -2.06811430e-15  8.26363593e-16  3.45204617e-05 -2.40755213e-06 -1.36575997e-08  9.97758308e-10]
[ 6.35866603e-02 -1.73595529e-12 -2.78879963e-13  5.14881523e-11 -1.91677277e-10 -1.95794430e-15  8.17442237e-16  2.66875958e-05 -2.28849808e-06 -1.36462439e-08  1.00546274e-09]
Population scores:
955:[9.66024332e+11 1.78504248e+11]:[ 6.41422526e-02 -1.91547227e-12 -2.77122703e-13  5.20766755e-11 -1.99532668e-10 -2.06811430e-15  8.26363593e-16  3.45204617e-05 -2.40755213e-06 -1.36575997e-08  9.97758308e-10]:11.251648556156233
954:[4.14700983e+11 2.26775322e+11]:[ 6.35866603e-02 -1.73595529e-12 -2.78879963e-13  5.14881523e-11 -1.91677277e-10 -1.95794430e-15  8.17442237e-16  2.66875958e-05 -2.28849808e-06 -1.36462439e-08  1.00546274e-09]:11.355595792527675
879:[5.29989323e+11 2.34654204e+11]:[ 6.33975715e-02 -1.77270324e-12 -2.75555494e-13  5.12623038e-11 -1.94477286e-10 -1.98142671e-15  8.20892776e-16  2.69787391e-05 -2.31109713e-06 -1.30395781e-08  9.98891323e-10]:11.370428338666743
946:[4.66535099e+11 2.40602163e+11]:[ 6.33975715e-02 -1.77270324e-12 -2.77122703e-13  5.14881523e-11 -1.94477286e-10 -2.06914434e-15  8.26363593e-16  2.62185558e-05 -2.31109713e-06 -1.30395781e-08  1.00866716e-09]:11.381299527479484
941:[3.81555430e+11 2.52763986e+11]:[ 6.34472282e-02 -1.82434056e-12 -2.77122703e-13  5.14881523e-11 -1.91677277e-10 -1.95794430e-15  8.26363593e-16  2.69787391e-05 -2.31109713e-06 -1.30395781e-08  1.00874234e-09]:11.402715195248298
944:[4.27995796e+11 2.55481629e+11]:[ 6.33975715e-02 -1.76083966e-12 -2.85095034e-13  5.12623038e-11 -1.94477286e-10 -1.98142671e-15  8.20892776e-16  2.69787391e-05 -2.31109713e-06 -1.24995898e-08  9.98891323e-10]:11.407359677192337
935:[4.80541772e+11 2.81541854e+11]:[ 6.35866603e-02 -1.82434056e-12 -2.77122703e-13  5.14881523e-11 -1.91677277e-10 -1.95794430e-15  8.26363593e-16  2.61639755e-05 -2.28849808e-06 -1.36575997e-08  1.00546274e-09]:11.449542966330831
933:[5.74775444e+11 2.97079600e+11]:[ 6.41422526e-02 -1.73595529e-12 -2.78879963e-13  5.20766755e-11 -1.99532668e-10 -2.06811430e-15  8.17442237e-16  2.66875958e-05 -2.28252485e-06 -1.36462439e-08  9.97758308e-10]:11.472872830512513
*******************************
***iteration: 3 Population is***
*******************************
Population scores:
955:[9.66024332e+11 1.78504248e+11]:[ 6.41422526e-02 -1.91547227e-12 -2.77122703e-13  5.20766755e-11 -1.99532668e-10 -2.06811430e-15  8.26363593e-16  3.45204617e-05 -2.40755213e-06 -1.36575997e-08  9.97758308e-10]:11.251648556156233
954:[4.14700983e+11 2.26775322e+11]:[ 6.35866603e-02 -1.73595529e-12 -2.78879963e-13  5.14881523e-11 -1.91677277e-10 -1.95794430e-15  8.17442237e-16  2.66875958e-05 -2.28849808e-06 -1.36462439e-08  1.00546274e-09]:11.355595792527675
879:[5.29989323e+11 2.34654204e+11]:[ 6.33975715e-02 -1.77270324e-12 -2.75555494e-13  5.12623038e-11 -1.94477286e-10 -1.98142671e-15  8.20892776e-16  2.69787391e-05 -2.31109713e-06 -1.30395781e-08  9.98891323e-10]:11.370428338666743
946:[4.66535099e+11 2.40602163e+11]:[ 6.33975715e-02 -1.77270324e-12 -2.77122703e-13  5.14881523e-11 -1.94477286e-10 -2.06914434e-15  8.26363593e-16  2.62185558e-05 -2.31109713e-06 -1.30395781e-08  1.00866716e-09]:11.381299527479484
941:[3.81555430e+11 2.52763986e+11]:[ 6.34472282e-02 -1.82434056e-12 -2.77122703e-13  5.14881523e-11 -1.91677277e-10 -1.95794430e-15  8.26363593e-16  2.69787391e-05 -2.31109713e-06 -1.30395781e-08  1.00874234e-09]:11.402715195248298
944:[4.27995796e+11 2.55481629e+11]:[ 6.33975715e-02 -1.76083966e-12 -2.85095034e-13  5.12623038e-11 -1.94477286e-10 -1.98142671e-15  8.20892776e-16  2.69787391e-05 -2.31109713e-06 -1.24995898e-08  9.98891323e-10]:11.407359677192337
Selected: [2 0]
***************
***CROSSOVER***
***************
&&&&&&&&&&&&&&&&&&&&&&&&
&&TOURNAMENT SELECTION&&
&&&&&&&&&&&&&&&&&&&&&&&&
parents:
[ 6.33975715e-02 -1.77270324e-12 -2.75555494e-13  5.12623038e-11 -1.94477286e-10 -1.98142671e-15  8.20892776e-16  2.69787391e-05 -2.31109713e-06 -1.30395781e-08  9.98891323e-10]
[ 6.41422526e-02 -1.91547227e-12 -2.77122703e-13  5.20766755e-11 -1.99532668e-10 -2.06811430e-15  8.26363593e-16  3.45204617e-05 -2.40755213e-06 -1.36575997e-08  9.97758308e-10]
children:
[ 6.34613275e-02 -1.91547227e-12 -2.77386001e-13  5.12623038e-11 -1.97248743e-10 -1.99056293e-15  8.26363593e-16  3.45204617e-05 -2.40755213e-06 -1.36575997e-08  9.97758308e-10]
[ 6.33975715e-02 -1.77270324e-12 -2.77122703e-13  5.18369533e-11 -1.94477286e-10 -1.98142671e-15  8.20892776e-16  2.69787391e-05 -2.37436489e-06 -1.30395781e-08  9.98891323e-10]
Population scores:
955:[9.66024332e+11 1.78504248e+11]:[ 6.41422526e-02 -1.91547227e-12 -2.77122703e-13  5.20766755e-11 -1.99532668e-10 -2.06811430e-15  8.26363593e-16  3.45204617e-05 -2.40755213e-06 -1.36575997e-08  9.97758308e-10]:11.251648556156233
956:[9.46425647e+11 1.93672104e+11]:[ 6.34613275e-02 -1.91547227e-12 -2.77386001e-13  5.12623038e-11 -1.97248743e-10 -1.99056293e-15  8.26363593e-16  3.45204617e-05 -2.40755213e-06 -1.36575997e-08  9.97758308e-10]:11.287067069716919
879:[5.29989323e+11 2.34654204e+11]:[ 6.33975715e-02 -1.77270324e-12 -2.75555494e-13  5.12623038e-11 -1.94477286e-10 -1.98142671e-15  8.20892776e-16  2.69787391e-05 -2.31109713e-06 -1.30395781e-08  9.98891323e-10]:11.370428338666743
957:[1.40981096e+12 1.10853290e+12]:[ 6.33975715e-02 -1.77270324e-12 -2.77122703e-13  5.18369533e-11 -1.94477286e-10 -1.98142671e-15  8.20892776e-16  2.69787391e-05 -2.37436489e-06 -1.30395781e-08  9.98891323e-10]:12.04474858529948
Selected for new population:
[ 6.41422526e-02 -1.91547227e-12 -2.77122703e-13  5.20766755e-11 -1.99532668e-10 -2.06811430e-15  8.26363593e-16  3.45204617e-05 -2.40755213e-06 -1.36575997e-08  9.97758308e-10]
[ 6.34613275e-02 -1.91547227e-12 -2.77386001e-13  5.12623038e-11 -1.97248743e-10 -1.99056293e-15  8.26363593e-16  3.45204617e-05 -2.40755213e-06 -1.36575997e-08  9.97758308e-10]
Selected: [4 5]
***************
***CROSSOVER***
***************
&&&&&&&&&&&&&&&&&&&&&&&&
&&TOURNAMENT SELECTION&&
&&&&&&&&&&&&&&&&&&&&&&&&
parents:
[ 6.34472282e-02 -1.82434056e-12 -2.77122703e-13  5.14881523e-11 -1.91677277e-10 -1.95794430e-15  8.26363593e-16  2.69787391e-05 -2.31109713e-06 -1.30395781e-08  1.00874234e-09]
[ 6.33975715e-02 -1.76083966e-12 -2.85095034e-13  5.12623038e-11 -1.94477286e-10 -1.98142671e-15  8.20892776e-16  2.69787391e-05 -2.31109713e-06 -1.24995898e-08  9.98891323e-10]
children:
[ 6.33975715e-02 -1.67058395e-12 -2.78058507e-13  5.12623038e-11 -2.93856012e-10 -1.95794430e-15  8.20892776e-16  2.69787391e-05 -2.26919848e-06 -1.30395781e-08  1.00874234e-09]
[ 6.34472282e-02 -2.62810037e-12 -3.26837567e-13  5.14881523e-11 -1.91677277e-10 -1.98142671e-15  8.26363593e-16  2.69787391e-05 -2.31109713e-06 -1.24995898e-08  9.93869124e-10]
Population scores:
959:[4.85318244e+11 2.16461797e+11]:[ 6.34472282e-02 -2.62810037e-12 -3.26837567e-13  5.14881523e-11 -1.91677277e-10 -1.98142671e-15  8.26363593e-16  2.69787391e-05 -2.31109713e-06 -1.24995898e-08  9.93869124e-10]:11.335381258745413
941:[3.81555430e+11 2.52763986e+11]:[ 6.34472282e-02 -1.82434056e-12 -2.77122703e-13  5.14881523e-11 -1.91677277e-10 -1.95794430e-15  8.26363593e-16  2.69787391e-05 -2.31109713e-06 -1.30395781e-08  1.00874234e-09]:11.402715195248298
944:[4.27995796e+11 2.55481629e+11]:[ 6.33975715e-02 -1.76083966e-12 -2.85095034e-13  5.12623038e-11 -1.94477286e-10 -1.98142671e-15  8.20892776e-16  2.69787391e-05 -2.31109713e-06 -1.24995898e-08  9.98891323e-10]:11.407359677192337
958:[3.31501989e+11 6.97926886e+11]:[ 6.33975715e-02 -1.67058395e-12 -2.78058507e-13  5.12623038e-11 -2.93856012e-10 -1.95794430e-15  8.20892776e-16  2.69787391e-05 -2.26919848e-06 -1.30395781e-08  1.00874234e-09]:11.8438099289977
Selected for new population:
[ 6.34472282e-02 -2.62810037e-12 -3.26837567e-13  5.14881523e-11 -1.91677277e-10 -1.98142671e-15  8.26363593e-16  2.69787391e-05 -2.31109713e-06 -1.24995898e-08  9.93869124e-10]
[ 6.34472282e-02 -1.82434056e-12 -2.77122703e-13  5.14881523e-11 -1.91677277e-10 -1.95794430e-15  8.26363593e-16  2.69787391e-05 -2.31109713e-06 -1.30395781e-08  1.00874234e-09]
Selected: [2 3]
***************
***CROSSOVER***
***************
&&&&&&&&&&&&&&&&&&&&&&&&
&&TOURNAMENT SELECTION&&
&&&&&&&&&&&&&&&&&&&&&&&&
parents:
[ 6.33975715e-02 -1.77270324e-12 -2.75555494e-13  5.12623038e-11 -1.94477286e-10 -1.98142671e-15  8.20892776e-16  2.69787391e-05 -2.31109713e-06 -1.30395781e-08  9.98891323e-10]
[ 6.33975715e-02 -1.77270324e-12 -2.77122703e-13  5.14881523e-11 -1.94477286e-10 -2.06914434e-15  8.26363593e-16  2.62185558e-05 -2.31109713e-06 -1.30395781e-08  1.00866716e-09]
children:
[ 6.33975715e-02 -1.77270324e-12 -2.75555494e-13  5.12623038e-11 -1.94477286e-10 -2.34761658e-15  8.26363593e-16  2.58194955e-05 -2.31109713e-06 -1.30395781e-08  1.00866716e-09]
[ 7.22701000e-02 -1.77270324e-12 -2.77122703e-13  5.17762184e-11 -1.94477286e-10 -1.98142671e-15  8.20892776e-16  2.69787391e-05 -2.31109713e-06 -1.30395781e-08  9.98891323e-10]
Population scores:
961:[5.29989317e+11 2.34654200e+11]:[ 7.22701000e-02 -1.77270324e-12 -2.77122703e-13  5.17762184e-11 -1.94477286e-10 -1.98142671e-15  8.20892776e-16  2.69787391e-05 -2.31109713e-06 -1.30395781e-08  9.98891323e-10]:11.370428332612736
879:[5.29989323e+11 2.34654204e+11]:[ 6.33975715e-02 -1.77270324e-12 -2.75555494e-13  5.12623038e-11 -1.94477286e-10 -1.98142671e-15  8.20892776e-16  2.69787391e-05 -2.31109713e-06 -1.30395781e-08  9.98891323e-10]:11.370428338666743
946:[4.66535099e+11 2.40602163e+11]:[ 6.33975715e-02 -1.77270324e-12 -2.77122703e-13  5.14881523e-11 -1.94477286e-10 -2.06914434e-15  8.26363593e-16  2.62185558e-05 -2.31109713e-06 -1.30395781e-08  1.00866716e-09]:11.381299527479484
960:[6.82653113e+11 3.54876497e+11]:[ 6.33975715e-02 -1.77270324e-12 -2.75555494e-13  5.12623038e-11 -1.94477286e-10 -2.34761658e-15  8.26363593e-16  2.58194955e-05 -2.31109713e-06 -1.30395781e-08  1.00866716e-09]:11.55007723736847
Selected for new population:
[ 7.22701000e-02 -1.77270324e-12 -2.77122703e-13  5.17762184e-11 -1.94477286e-10 -1.98142671e-15  8.20892776e-16  2.69787391e-05 -2.31109713e-06 -1.30395781e-08  9.98891323e-10]
[ 6.33975715e-02 -1.77270324e-12 -2.75555494e-13  5.12623038e-11 -1.94477286e-10 -1.98142671e-15  8.20892776e-16  2.69787391e-05 -2.31109713e-06 -1.30395781e-08  9.98891323e-10]
Population scores:
955:[9.66024332e+11 1.78504248e+11]:[ 6.41422526e-02 -1.91547227e-12 -2.77122703e-13  5.20766755e-11 -1.99532668e-10 -2.06811430e-15  8.26363593e-16  3.45204617e-05 -2.40755213e-06 -1.36575997e-08  9.97758308e-10]:11.251648556156233
956:[9.46425647e+11 1.93672104e+11]:[ 6.34613275e-02 -1.91547227e-12 -2.77386001e-13  5.12623038e-11 -1.97248743e-10 -1.99056293e-15  8.26363593e-16  3.45204617e-05 -2.40755213e-06 -1.36575997e-08  9.97758308e-10]:11.287067069716919
959:[4.85318244e+11 2.16461797e+11]:[ 6.34472282e-02 -2.62810037e-12 -3.26837567e-13  5.14881523e-11 -1.91677277e-10 -1.98142671e-15  8.26363593e-16  2.69787391e-05 -2.31109713e-06 -1.24995898e-08  9.93869124e-10]:11.335381258745413
954:[4.14700983e+11 2.26775322e+11]:[ 6.35866603e-02 -1.73595529e-12 -2.78879963e-13  5.14881523e-11 -1.91677277e-10 -1.95794430e-15  8.17442237e-16  2.66875958e-05 -2.28849808e-06 -1.36462439e-08  1.00546274e-09]:11.355595792527675
961:[5.29989317e+11 2.34654200e+11]:[ 7.22701000e-02 -1.77270324e-12 -2.77122703e-13  5.17762184e-11 -1.94477286e-10 -1.98142671e-15  8.20892776e-16  2.69787391e-05 -2.31109713e-06 -1.30395781e-08  9.98891323e-10]:11.370428332612736
879:[5.29989323e+11 2.34654204e+11]:[ 6.33975715e-02 -1.77270324e-12 -2.75555494e-13  5.12623038e-11 -1.94477286e-10 -1.98142671e-15  8.20892776e-16  2.69787391e-05 -2.31109713e-06 -1.30395781e-08  9.98891323e-10]:11.370428338666743
946:[4.66535099e+11 2.40602163e+11]:[ 6.33975715e-02 -1.77270324e-12 -2.77122703e-13  5.14881523e-11 -1.94477286e-10 -2.06914434e-15  8.26363593e-16  2.62185558e-05 -2.31109713e-06 -1.30395781e-08  1.00866716e-09]:11.381299527479484
941:[3.81555430e+11 2.52763986e+11]:[ 6.34472282e-02 -1.82434056e-12 -2.77122703e-13  5.14881523e-11 -1.91677277e-10 -1.95794430e-15  8.26363593e-16  2.69787391e-05 -2.31109713e-06 -1.30395781e-08  1.00874234e-09]:11.402715195248298
944:[4.27995796e+11 2.55481629e+11]:[ 6.33975715e-02 -1.76083966e-12 -2.85095034e-13  5.12623038e-11 -1.94477286e-10 -1.98142671e-15  8.20892776e-16  2.69787391e-05 -2.31109713e-06 -1.24995898e-08  9.98891323e-10]:11.407359677192337
%%%%%%%%%%%%%%%%%%%%%%%%%
%%%final - population%%%%
%%%%%%%%%%%%%%%%%%%%%%%%%
955:[ 6.41422526e-02 -1.91547227e-12 -2.77122703e-13  5.20766755e-11 -1.99532668e-10 -2.06811430e-15  8.26363593e-16  3.45204617e-05 -2.40755213e-06 -1.36575997e-08  9.97758308e-10]:[9.66024332e+11 1.78504248e+11]
956:[ 6.34613275e-02 -1.91547227e-12 -2.77386001e-13  5.12623038e-11 -1.97248743e-10 -1.99056293e-15  8.26363593e-16  3.45204617e-05 -2.40755213e-06 -1.36575997e-08  9.97758308e-10]:[9.46425647e+11 1.93672104e+11]
959:[ 6.34472282e-02 -2.62810037e-12 -3.26837567e-13  5.14881523e-11 -1.91677277e-10 -1.98142671e-15  8.26363593e-16  2.69787391e-05 -2.31109713e-06 -1.24995898e-08  9.93869124e-10]:[4.85318244e+11 2.16461797e+11]
954:[ 6.35866603e-02 -1.73595529e-12 -2.78879963e-13  5.14881523e-11 -1.91677277e-10 -1.95794430e-15  8.17442237e-16  2.66875958e-05 -2.28849808e-06 -1.36462439e-08  1.00546274e-09]:[4.14700983e+11 2.26775322e+11]
961:[ 7.22701000e-02 -1.77270324e-12 -2.77122703e-13  5.17762184e-11 -1.94477286e-10 -1.98142671e-15  8.20892776e-16  2.69787391e-05 -2.31109713e-06 -1.30395781e-08  9.98891323e-10]:[5.29989317e+11 2.34654200e+11]
879:[ 6.33975715e-02 -1.77270324e-12 -2.75555494e-13  5.12623038e-11 -1.94477286e-10 -1.98142671e-15  8.20892776e-16  2.69787391e-05 -2.31109713e-06 -1.30395781e-08  9.98891323e-10]:[5.29989323e+11 2.34654204e+11]
