Generating Population from
[ 6.41422526e-02 -1.91547227e-12 -2.77122703e-13  5.20766755e-11 -1.99532668e-10 -2.06811430e-15  8.26363593e-16  3.45204617e-05 -2.40755213e-06 -1.36575997e-08  9.97758308e-10]
[ 6.34472282e-02 -2.62810037e-12 -3.26837567e-13  5.14881523e-11 -1.91677277e-10 -1.98142671e-15  8.26363593e-16  2.69787391e-05 -2.31109713e-06 -1.24995898e-08  9.93869124e-10]
*******************************
***iteration: 0 Population is***
*******************************
Population scores:
959:[4.85318244e+11 2.16461797e+11]:[ 6.34472282e-02 -2.62810037e-12 -3.26837567e-13  5.14881523e-11 -1.91677277e-10 -1.98142671e-15  8.26363593e-16  2.69787391e-05 -2.31109713e-06 -1.24995898e-08  9.93869124e-10]:11.41520786812977
955:[9.66024332e+11 1.78504248e+11]:[ 6.41422526e-02 -1.91547227e-12 -2.77122703e-13  5.20766755e-11 -1.99532668e-10 -2.06811430e-15  8.26363593e-16  3.45204617e-05 -2.40755213e-06 -1.36575997e-08  9.97758308e-10]:11.423976901988773
967:[7.97852223e+11 3.89353730e+11]:[ 6.42187096e-02 -2.53893533e-12 -3.19937215e-13  5.06157946e-11 -1.98212299e-10 -1.97742879e-15  8.28787141e-16  2.66645371e-05 -2.33287928e-06 -1.24692363e-08  9.89845431e-10]:11.663852035639175
962:[6.22130559e+11 4.62631768e+11]:[ 6.48914355e-02 -1.97166869e-12 -2.67563230e-13  5.30066956e-11 -2.01291424e-10 -2.09382325e-15  8.32997201e-16  3.37302504e-05 -2.33242077e-06 -1.45980202e-08  1.00564121e-09]:11.714852207225869
963:[2.08758313e+12 8.50184208e+11]:[ 6.43234896e-02 -1.95942435e-12 -2.75390825e-13  5.10910352e-11 -1.95323278e-10 -2.12322809e-15  8.23536693e-16  3.54708987e-05 -2.48200147e-06 -1.37764750e-08  9.90210741e-10]:12.016225255126761
964:[2.71101301e+12 2.32854912e+12]:[ 7.18219255e-02 -2.80790932e-12 -3.24262162e-13  5.84852200e-11 -1.15077358e-10 -2.28442050e-15  8.28068776e-16  2.50123987e-05 -2.59598461e-06 -9.78288356e-09  1.03438452e-09]:12.41036218465193
966:[2.66167823e+12 2.92905905e+12]:[ 6.28193306e-02 -2.68390308e-12 -3.28287111e-13  5.23409986e-11 -1.86020198e-10 -1.96554662e-15  8.16730958e-16  2.66446201e-05 -2.38191096e-06 -1.32707438e-08  9.85497936e-10]:12.500868801526781
969:[2.83403441e+12 4.66209869e+12]:[ 7.13886657e-02 -2.44464651e-12 -3.04846340e-13  5.02196915e-11 -1.80865005e-10 -1.15623365e-15  7.58323516e-16  3.15949421e-05 -2.47248763e-06 -1.05891875e-08  1.03667069e-09]:12.69171449798585
968:[4.09019608e+13 6.72165679e+13]:[ 7.01887179e-02 -2.48169967e-12 -2.87187150e-13  6.08491107e-11 -1.34556831e-10 -2.26013833e-15  8.38797943e-16  2.76082906e-05 -2.84233913e-06 -1.05566758e-08  9.01407225e-10]:13.850632418396588
965:[7.80528546e+13 1.63721797e+14]:[ 5.95418807e-02 -1.91926231e-12 -3.55163354e-13  4.38431048e-11 -1.41767574e-10 -2.01860370e-15  8.37263825e-16  3.01505020e-05 -1.41147322e-06 -1.56402937e-08  1.07795884e-09]:14.232351947040403
Selected: [1 0]
***************
***CROSSOVER***
***************
&&&&&&&&&&&&&&&&&&&&&&&&
&&TOURNAMENT SELECTION&&
&&&&&&&&&&&&&&&&&&&&&&&&
parents:
[ 6.41422526e-02 -1.91547227e-12 -2.77122703e-13  5.20766755e-11 -1.99532668e-10 -2.06811430e-15  8.26363593e-16  3.45204617e-05 -2.40755213e-06 -1.36575997e-08  9.97758308e-10]
[ 6.34472282e-02 -2.62810037e-12 -3.26837567e-13  5.14881523e-11 -1.91677277e-10 -1.98142671e-15  8.26363593e-16  2.69787391e-05 -2.31109713e-06 -1.24995898e-08  9.93869124e-10]
children:
[ 6.34472282e-02 -1.91547227e-12 -2.77122703e-13  5.14881523e-11 -1.91677277e-10 -1.98142671e-15  8.26169674e-16  2.69787391e-05 -2.40755213e-06 -1.36575997e-08  9.93869124e-10]
[ 6.41422526e-02 -2.62810037e-12 -3.26837567e-13  5.20766755e-11 -1.99532668e-10 -2.12032994e-15  7.63146567e-16  3.45204617e-05 -2.31109713e-06 -1.24995898e-08  9.97758308e-10]
Population scores:
959:[4.85318244e+11 2.16461797e+11]:[ 6.34472282e-02 -2.62810037e-12 -3.26837567e-13  5.14881523e-11 -1.91677277e-10 -1.98142671e-15  8.26363593e-16  2.69787391e-05 -2.31109713e-06 -1.24995898e-08  9.93869124e-10]:11.41520786812977
955:[9.66024332e+11 1.78504248e+11]:[ 6.41422526e-02 -1.91547227e-12 -2.77122703e-13  5.20766755e-11 -1.99532668e-10 -2.06811430e-15  8.26363593e-16  3.45204617e-05 -2.40755213e-06 -1.36575997e-08  9.97758308e-10]:11.423976901988773
970:[3.20269276e+12 3.76308173e+12]:[ 6.34472282e-02 -1.91547227e-12 -2.77122703e-13  5.14881523e-11 -1.91677277e-10 -1.98142671e-15  8.26169674e-16  2.69787391e-05 -2.40755213e-06 -1.36575997e-08  9.93869124e-10]:12.607596985573462
971:[2.09914556e+12 4.43295020e+12]:[ 6.41422526e-02 -2.62810037e-12 -3.26837567e-13  5.20766755e-11 -1.99532668e-10 -2.12032994e-15  7.63146567e-16  3.45204617e-05 -2.31109713e-06 -1.24995898e-08  9.97758308e-10]:12.66481803587379
Selected for new population:
[ 6.34472282e-02 -2.62810037e-12 -3.26837567e-13  5.14881523e-11 -1.91677277e-10 -1.98142671e-15  8.26363593e-16  2.69787391e-05 -2.31109713e-06 -1.24995898e-08  9.93869124e-10]
[ 6.41422526e-02 -1.91547227e-12 -2.77122703e-13  5.20766755e-11 -1.99532668e-10 -2.06811430e-15  8.26363593e-16  3.45204617e-05 -2.40755213e-06 -1.36575997e-08  9.97758308e-10]
Selected: [2 0]
***************
***CROSSOVER***
***************
&&&&&&&&&&&&&&&&&&&&&&&&
&&TOURNAMENT SELECTION&&
&&&&&&&&&&&&&&&&&&&&&&&&
parents:
[ 6.42187096e-02 -2.53893533e-12 -3.19937215e-13  5.06157946e-11 -1.98212299e-10 -1.97742879e-15  8.28787141e-16  2.66645371e-05 -2.33287928e-06 -1.24692363e-08  9.89845431e-10]
[ 6.34472282e-02 -2.62810037e-12 -3.26837567e-13  5.14881523e-11 -1.91677277e-10 -1.98142671e-15  8.26363593e-16  2.69787391e-05 -2.31109713e-06 -1.24995898e-08  9.93869124e-10]
children:
[ 6.34472282e-02 -2.64462845e-12 -3.19937215e-13  5.14881523e-11 -1.91677277e-10 -1.97742879e-15  8.25293238e-16  2.69787391e-05 -2.31109713e-06 -1.24692363e-08  9.89845431e-10]
[ 6.42187096e-02 -2.57442890e-12 -3.26837567e-13  5.09836969e-11 -1.98212299e-10 -1.98142671e-15  8.28787141e-16  2.66645371e-05 -2.33287928e-06 -1.24995898e-08  9.90642322e-10]
Population scores:
959:[4.85318244e+11 2.16461797e+11]:[ 6.34472282e-02 -2.62810037e-12 -3.26837567e-13  5.14881523e-11 -1.91677277e-10 -1.98142671e-15  8.26363593e-16  2.69787391e-05 -2.31109713e-06 -1.24995898e-08  9.93869124e-10]:11.41520786812977
972:[5.38794641e+11 2.14175713e+11]:[ 6.34472282e-02 -2.64462845e-12 -3.19937215e-13  5.14881523e-11 -1.91677277e-10 -1.97742879e-15  8.25293238e-16  2.69787391e-05 -2.31109713e-06 -1.24692363e-08  9.89845431e-10]:11.41940589584687
973:[7.92433679e+11 3.87471010e+11]:[ 6.42187096e-02 -2.57442890e-12 -3.26837567e-13  5.09836969e-11 -1.98212299e-10 -1.98142671e-15  8.28787141e-16  2.66645371e-05 -2.33287928e-06 -1.24995898e-08  9.90642322e-10]:11.661613982545564
967:[7.97852223e+11 3.89353730e+11]:[ 6.42187096e-02 -2.53893533e-12 -3.19937215e-13  5.06157946e-11 -1.98212299e-10 -1.97742879e-15  8.28787141e-16  2.66645371e-05 -2.33287928e-06 -1.24692363e-08  9.89845431e-10]:11.663852035639175
Selected for new population:
[ 6.34472282e-02 -2.62810037e-12 -3.26837567e-13  5.14881523e-11 -1.91677277e-10 -1.98142671e-15  8.26363593e-16  2.69787391e-05 -2.31109713e-06 -1.24995898e-08  9.93869124e-10]
[ 6.34472282e-02 -2.64462845e-12 -3.19937215e-13  5.14881523e-11 -1.91677277e-10 -1.97742879e-15  8.25293238e-16  2.69787391e-05 -2.31109713e-06 -1.24692363e-08  9.89845431e-10]
Selected: [0 1]
***************
***CROSSOVER***
***************
&&&&&&&&&&&&&&&&&&&&&&&&
&&TOURNAMENT SELECTION&&
&&&&&&&&&&&&&&&&&&&&&&&&
parents:
[ 6.34472282e-02 -2.62810037e-12 -3.26837567e-13  5.14881523e-11 -1.91677277e-10 -1.98142671e-15  8.26363593e-16  2.69787391e-05 -2.31109713e-06 -1.24995898e-08  9.93869124e-10]
[ 6.41422526e-02 -1.91547227e-12 -2.77122703e-13  5.20766755e-11 -1.99532668e-10 -2.06811430e-15  8.26363593e-16  3.45204617e-05 -2.40755213e-06 -1.36575997e-08  9.97758308e-10]
children:
[ 6.63830167e-02 -2.62810037e-12 -2.77122703e-13  5.20766755e-11 -1.91677277e-10 -2.06811430e-15  8.26363593e-16  2.69787391e-05 -2.40755213e-06 -1.36575997e-08  1.05821920e-09]
[ 6.34472282e-02 -1.91547227e-12 -3.26837567e-13  5.14881523e-11 -1.99532668e-10 -2.01448443e-15  8.26363593e-16  3.45204617e-05 -2.31109713e-06 -1.24995898e-08  1.00284271e-09]
Population scores:
959:[4.85318244e+11 2.16461797e+11]:[ 6.34472282e-02 -2.62810037e-12 -3.26837567e-13  5.14881523e-11 -1.91677277e-10 -1.98142671e-15  8.26363593e-16  2.69787391e-05 -2.31109713e-06 -1.24995898e-08  9.93869124e-10]:11.41520786812977
955:[9.66024332e+11 1.78504248e+11]:[ 6.41422526e-02 -1.91547227e-12 -2.77122703e-13  5.20766755e-11 -1.99532668e-10 -2.06811430e-15  8.26363593e-16  3.45204617e-05 -2.40755213e-06 -1.36575997e-08  9.97758308e-10]:11.423976901988773
974:[4.64455678e+11 2.91304782e+11]:[ 6.63830167e-02 -2.62810037e-12 -2.77122703e-13  5.20766755e-11 -1.91677277e-10 -2.06811430e-15  8.26363593e-16  2.69787391e-05 -2.40755213e-06 -1.36575997e-08  1.05821920e-09]:11.522582185048382
975:[2.47952716e+12 5.32600297e+12]:[ 6.34472282e-02 -1.91547227e-12 -3.26837567e-13  5.14881523e-11 -1.99532668e-10 -2.01448443e-15  8.26363593e-16  3.45204617e-05 -2.31109713e-06 -1.24995898e-08  1.00284271e-09]:12.74422727956873
Selected for new population:
[ 6.34472282e-02 -2.62810037e-12 -3.26837567e-13  5.14881523e-11 -1.91677277e-10 -1.98142671e-15  8.26363593e-16  2.69787391e-05 -2.31109713e-06 -1.24995898e-08  9.93869124e-10]
[ 6.41422526e-02 -1.91547227e-12 -2.77122703e-13  5.20766755e-11 -1.99532668e-10 -2.06811430e-15  8.26363593e-16  3.45204617e-05 -2.40755213e-06 -1.36575997e-08  9.97758308e-10]
Selected: [0 1]
***************
***CROSSOVER***
***************
&&&&&&&&&&&&&&&&&&&&&&&&
&&TOURNAMENT SELECTION&&
&&&&&&&&&&&&&&&&&&&&&&&&
parents:
[ 6.34472282e-02 -2.62810037e-12 -3.26837567e-13  5.14881523e-11 -1.91677277e-10 -1.98142671e-15  8.26363593e-16  2.69787391e-05 -2.31109713e-06 -1.24995898e-08  9.93869124e-10]
[ 6.41422526e-02 -1.91547227e-12 -2.77122703e-13  5.20766755e-11 -1.99532668e-10 -2.06811430e-15  8.26363593e-16  3.45204617e-05 -2.40755213e-06 -1.36575997e-08  9.97758308e-10]
children:
[ 6.41422526e-02 -1.91547227e-12 -3.26837567e-13  5.20766755e-11 -1.99532668e-10 -2.06811430e-15  8.26363593e-16  3.45204617e-05 -2.31109713e-06 -1.36575997e-08  9.97758308e-10]
[ 6.34472282e-02 -2.62810037e-12 -2.77122703e-13  5.14881523e-11 -1.05926004e-10 -1.98142671e-15  8.26363593e-16  2.69787391e-05 -2.40755213e-06 -1.24995898e-08  9.93869124e-10]
Population scores:
959:[4.85318244e+11 2.16461797e+11]:[ 6.34472282e-02 -2.62810037e-12 -3.26837567e-13  5.14881523e-11 -1.91677277e-10 -1.98142671e-15  8.26363593e-16  2.69787391e-05 -2.31109713e-06 -1.24995898e-08  9.93869124e-10]:11.41520786812977
955:[9.66024332e+11 1.78504248e+11]:[ 6.41422526e-02 -1.91547227e-12 -2.77122703e-13  5.20766755e-11 -1.99532668e-10 -2.06811430e-15  8.26363593e-16  3.45204617e-05 -2.40755213e-06 -1.36575997e-08  9.97758308e-10]:11.423976901988773
977:[1.87483976e+12 1.61861851e+12]:[ 6.34472282e-02 -2.62810037e-12 -2.77122703e-13  5.14881523e-11 -1.05926004e-10 -1.98142671e-15  8.26363593e-16  2.69787391e-05 -2.40755213e-06 -1.24995898e-08  9.93869124e-10]:12.25221059753931
976:[1.14740943e+12 2.08398381e+12]:[ 6.41422526e-02 -1.91547227e-12 -3.26837567e-13  5.20766755e-11 -1.99532668e-10 -2.06811430e-15  8.26363593e-16  3.45204617e-05 -2.31109713e-06 -1.36575997e-08  9.97758308e-10]:12.339898556353424
Selected for new population:
[ 6.34472282e-02 -2.62810037e-12 -3.26837567e-13  5.14881523e-11 -1.91677277e-10 -1.98142671e-15  8.26363593e-16  2.69787391e-05 -2.31109713e-06 -1.24995898e-08  9.93869124e-10]
[ 6.41422526e-02 -1.91547227e-12 -2.77122703e-13  5.20766755e-11 -1.99532668e-10 -2.06811430e-15  8.26363593e-16  3.45204617e-05 -2.40755213e-06 -1.36575997e-08  9.97758308e-10]
Selected: [3 0]
***************
***CROSSOVER***
***************
&&&&&&&&&&&&&&&&&&&&&&&&
&&TOURNAMENT SELECTION&&
&&&&&&&&&&&&&&&&&&&&&&&&
parents:
[ 6.48914355e-02 -1.97166869e-12 -2.67563230e-13  5.30066956e-11 -2.01291424e-10 -2.09382325e-15  8.32997201e-16  3.37302504e-05 -2.33242077e-06 -1.45980202e-08  1.00564121e-09]
[ 6.34472282e-02 -2.62810037e-12 -3.26837567e-13  5.14881523e-11 -1.91677277e-10 -1.98142671e-15  8.26363593e-16  2.69787391e-05 -2.31109713e-06 -1.24995898e-08  9.93869124e-10]
children:
[ 6.31051551e-02 -1.97166869e-12 -3.26837567e-13  5.30066956e-11 -1.91677277e-10 -2.09382325e-15  8.32997201e-16  2.69787391e-05 -2.31109713e-06 -1.24995898e-08  9.93869124e-10]
[ 6.48914355e-02 -2.62810037e-12 -2.67563230e-13  5.21681919e-11 -2.01291424e-10 -2.03270499e-15  8.32378975e-16  3.37302504e-05 -2.34404431e-06 -2.39534714e-08  1.00564121e-09]
Population scores:
978:[5.24113056e+11 2.11000718e+11]:[ 6.31051551e-02 -1.97166869e-12 -3.26837567e-13  5.30066956e-11 -1.91677277e-10 -2.09382325e-15  8.32997201e-16  2.69787391e-05 -2.31109713e-06 -1.24995898e-08  9.93869124e-10]:11.411907277245295
959:[4.85318244e+11 2.16461797e+11]:[ 6.34472282e-02 -2.62810037e-12 -3.26837567e-13  5.14881523e-11 -1.91677277e-10 -1.98142671e-15  8.26363593e-16  2.69787391e-05 -2.31109713e-06 -1.24995898e-08  9.93869124e-10]:11.41520786812977
962:[6.22130559e+11 4.62631768e+11]:[ 6.48914355e-02 -1.97166869e-12 -2.67563230e-13  5.30066956e-11 -2.01291424e-10 -2.09382325e-15  8.32997201e-16  3.37302504e-05 -2.33242077e-06 -1.45980202e-08  1.00564121e-09]:11.714852207225869
979:[1.69046314e+13 2.75771992e+13]:[ 6.48914355e-02 -2.62810037e-12 -2.67563230e-13  5.21681919e-11 -2.01291424e-10 -2.03270499e-15  8.32378975e-16  3.37302504e-05 -2.34404431e-06 -2.39534714e-08  1.00564121e-09]:13.46387233371826
Selected for new population:
[ 6.31051551e-02 -1.97166869e-12 -3.26837567e-13  5.30066956e-11 -1.91677277e-10 -2.09382325e-15  8.32997201e-16  2.69787391e-05 -2.31109713e-06 -1.24995898e-08  9.93869124e-10]
[ 6.34472282e-02 -2.62810037e-12 -3.26837567e-13  5.14881523e-11 -1.91677277e-10 -1.98142671e-15  8.26363593e-16  2.69787391e-05 -2.31109713e-06 -1.24995898e-08  9.93869124e-10]
Population scores:
978:[5.24113056e+11 2.11000718e+11]:[ 6.31051551e-02 -1.97166869e-12 -3.26837567e-13  5.30066956e-11 -1.91677277e-10 -2.09382325e-15  8.32997201e-16  2.69787391e-05 -2.31109713e-06 -1.24995898e-08  9.93869124e-10]:11.411907277245295
959:[4.85318244e+11 2.16461797e+11]:[ 6.34472282e-02 -2.62810037e-12 -3.26837567e-13  5.14881523e-11 -1.91677277e-10 -1.98142671e-15  8.26363593e-16  2.69787391e-05 -2.31109713e-06 -1.24995898e-08  9.93869124e-10]:11.41520786812977
972:[5.38794641e+11 2.14175713e+11]:[ 6.34472282e-02 -2.64462845e-12 -3.19937215e-13  5.14881523e-11 -1.91677277e-10 -1.97742879e-15  8.25293238e-16  2.69787391e-05 -2.31109713e-06 -1.24692363e-08  9.89845431e-10]:11.41940589584687
955:[9.66024332e+11 1.78504248e+11]:[ 6.41422526e-02 -1.91547227e-12 -2.77122703e-13  5.20766755e-11 -1.99532668e-10 -2.06811430e-15  8.26363593e-16  3.45204617e-05 -2.40755213e-06 -1.36575997e-08  9.97758308e-10]:11.423976901988773
967:[7.97852223e+11 3.89353730e+11]:[ 6.42187096e-02 -2.53893533e-12 -3.19937215e-13  5.06157946e-11 -1.98212299e-10 -1.97742879e-15  8.28787141e-16  2.66645371e-05 -2.33287928e-06 -1.24692363e-08  9.89845431e-10]:11.663852035639175
962:[6.22130559e+11 4.62631768e+11]:[ 6.48914355e-02 -1.97166869e-12 -2.67563230e-13  5.30066956e-11 -2.01291424e-10 -2.09382325e-15  8.32997201e-16  3.37302504e-05 -2.33242077e-06 -1.45980202e-08  1.00564121e-09]:11.714852207225869
963:[2.08758313e+12 8.50184208e+11]:[ 6.43234896e-02 -1.95942435e-12 -2.75390825e-13  5.10910352e-11 -1.95323278e-10 -2.12322809e-15  8.23536693e-16  3.54708987e-05 -2.48200147e-06 -1.37764750e-08  9.90210741e-10]:12.016225255126761
964:[2.71101301e+12 2.32854912e+12]:[ 7.18219255e-02 -2.80790932e-12 -3.24262162e-13  5.84852200e-11 -1.15077358e-10 -2.28442050e-15  8.28068776e-16  2.50123987e-05 -2.59598461e-06 -9.78288356e-09  1.03438452e-09]:12.41036218465193
966:[2.66167823e+12 2.92905905e+12]:[ 6.28193306e-02 -2.68390308e-12 -3.28287111e-13  5.23409986e-11 -1.86020198e-10 -1.96554662e-15  8.16730958e-16  2.66446201e-05 -2.38191096e-06 -1.32707438e-08  9.85497936e-10]:12.500868801526781
969:[2.83403441e+12 4.66209869e+12]:[ 7.13886657e-02 -2.44464651e-12 -3.04846340e-13  5.02196915e-11 -1.80865005e-10 -1.15623365e-15  7.58323516e-16  3.15949421e-05 -2.47248763e-06 -1.05891875e-08  1.03667069e-09]:12.69171449798585
968:[4.09019608e+13 6.72165679e+13]:[ 7.01887179e-02 -2.48169967e-12 -2.87187150e-13  6.08491107e-11 -1.34556831e-10 -2.26013833e-15  8.38797943e-16  2.76082906e-05 -2.84233913e-06 -1.05566758e-08  9.01407225e-10]:13.850632418396588
965:[7.80528546e+13 1.63721797e+14]:[ 5.95418807e-02 -1.91926231e-12 -3.55163354e-13  4.38431048e-11 -1.41767574e-10 -2.01860370e-15  8.37263825e-16  3.01505020e-05 -1.41147322e-06 -1.56402937e-08  1.07795884e-09]:14.232351947040403
*******************************
***iteration: 1 Population is***
*******************************
Population scores:
978:[5.24113056e+11 2.11000718e+11]:[ 6.31051551e-02 -1.97166869e-12 -3.26837567e-13  5.30066956e-11 -1.91677277e-10 -2.09382325e-15  8.32997201e-16  2.69787391e-05 -2.31109713e-06 -1.24995898e-08  9.93869124e-10]:11.411907277245295
959:[4.85318244e+11 2.16461797e+11]:[ 6.34472282e-02 -2.62810037e-12 -3.26837567e-13  5.14881523e-11 -1.91677277e-10 -1.98142671e-15  8.26363593e-16  2.69787391e-05 -2.31109713e-06 -1.24995898e-08  9.93869124e-10]:11.41520786812977
972:[5.38794641e+11 2.14175713e+11]:[ 6.34472282e-02 -2.64462845e-12 -3.19937215e-13  5.14881523e-11 -1.91677277e-10 -1.97742879e-15  8.25293238e-16  2.69787391e-05 -2.31109713e-06 -1.24692363e-08  9.89845431e-10]:11.41940589584687
955:[9.66024332e+11 1.78504248e+11]:[ 6.41422526e-02 -1.91547227e-12 -2.77122703e-13  5.20766755e-11 -1.99532668e-10 -2.06811430e-15  8.26363593e-16  3.45204617e-05 -2.40755213e-06 -1.36575997e-08  9.97758308e-10]:11.423976901988773
967:[7.97852223e+11 3.89353730e+11]:[ 6.42187096e-02 -2.53893533e-12 -3.19937215e-13  5.06157946e-11 -1.98212299e-10 -1.97742879e-15  8.28787141e-16  2.66645371e-05 -2.33287928e-06 -1.24692363e-08  9.89845431e-10]:11.663852035639175
962:[6.22130559e+11 4.62631768e+11]:[ 6.48914355e-02 -1.97166869e-12 -2.67563230e-13  5.30066956e-11 -2.01291424e-10 -2.09382325e-15  8.32997201e-16  3.37302504e-05 -2.33242077e-06 -1.45980202e-08  1.00564121e-09]:11.714852207225869
963:[2.08758313e+12 8.50184208e+11]:[ 6.43234896e-02 -1.95942435e-12 -2.75390825e-13  5.10910352e-11 -1.95323278e-10 -2.12322809e-15  8.23536693e-16  3.54708987e-05 -2.48200147e-06 -1.37764750e-08  9.90210741e-10]:12.016225255126761
964:[2.71101301e+12 2.32854912e+12]:[ 7.18219255e-02 -2.80790932e-12 -3.24262162e-13  5.84852200e-11 -1.15077358e-10 -2.28442050e-15  8.28068776e-16  2.50123987e-05 -2.59598461e-06 -9.78288356e-09  1.03438452e-09]:12.41036218465193
966:[2.66167823e+12 2.92905905e+12]:[ 6.28193306e-02 -2.68390308e-12 -3.28287111e-13  5.23409986e-11 -1.86020198e-10 -1.96554662e-15  8.16730958e-16  2.66446201e-05 -2.38191096e-06 -1.32707438e-08  9.85497936e-10]:12.500868801526781
969:[2.83403441e+12 4.66209869e+12]:[ 7.13886657e-02 -2.44464651e-12 -3.04846340e-13  5.02196915e-11 -1.80865005e-10 -1.15623365e-15  7.58323516e-16  3.15949421e-05 -2.47248763e-06 -1.05891875e-08  1.03667069e-09]:12.69171449798585
Selected: [1 5]
***************
***CROSSOVER***
***************
&&&&&&&&&&&&&&&&&&&&&&&&
&&TOURNAMENT SELECTION&&
&&&&&&&&&&&&&&&&&&&&&&&&
parents:
[ 6.34472282e-02 -2.62810037e-12 -3.26837567e-13  5.14881523e-11 -1.91677277e-10 -1.98142671e-15  8.26363593e-16  2.69787391e-05 -2.31109713e-06 -1.24995898e-08  9.93869124e-10]
[ 6.48914355e-02 -1.97166869e-12 -2.67563230e-13  5.30066956e-11 -2.01291424e-10 -2.09382325e-15  8.32997201e-16  3.37302504e-05 -2.33242077e-06 -1.45980202e-08  1.00564121e-09]
children:
[ 6.34472282e-02 -1.97166869e-12 -2.67563230e-13  5.65716760e-11 -1.83687233e-10 -1.98142671e-15  8.32997201e-16  3.37302504e-05 -1.45859375e-06 -1.45980202e-08  1.00564121e-09]
[ 6.48914355e-02 -2.62810037e-12 -4.24131118e-13  5.14881523e-11 -2.01291424e-10 -2.09382325e-15  8.36096236e-16  2.69787391e-05 -2.33242077e-06 -1.24995898e-08  9.93869124e-10]
Population scores:
959:[4.85318244e+11 2.16461797e+11]:[ 6.34472282e-02 -2.62810037e-12 -3.26837567e-13  5.14881523e-11 -1.91677277e-10 -1.98142671e-15  8.26363593e-16  2.69787391e-05 -2.31109713e-06 -1.24995898e-08  9.93869124e-10]:11.41520786812977
981:[7.22196581e+11 2.96649946e+11]:[ 6.48914355e-02 -2.62810037e-12 -4.24131118e-13  5.14881523e-11 -2.01291424e-10 -2.09382325e-15  8.36096236e-16  2.69787391e-05 -2.33242077e-06 -1.24995898e-08  9.93869124e-10]:11.558285633737482
962:[6.22130559e+11 4.62631768e+11]:[ 6.48914355e-02 -1.97166869e-12 -2.67563230e-13  5.30066956e-11 -2.01291424e-10 -2.09382325e-15  8.32997201e-16  3.37302504e-05 -2.33242077e-06 -1.45980202e-08  1.00564121e-09]:11.714852207225869
980:[6.39897165e+13 1.36433954e+14]:[ 6.34472282e-02 -1.97166869e-12 -2.67563230e-13  5.65716760e-11 -1.83687233e-10 -1.98142671e-15  8.32997201e-16  3.37302504e-05 -1.45859375e-06 -1.45980202e-08  1.00564121e-09]:14.152878304321753
Selected for new population:
[ 6.34472282e-02 -2.62810037e-12 -3.26837567e-13  5.14881523e-11 -1.91677277e-10 -1.98142671e-15  8.26363593e-16  2.69787391e-05 -2.31109713e-06 -1.24995898e-08  9.93869124e-10]
[ 6.48914355e-02 -2.62810037e-12 -4.24131118e-13  5.14881523e-11 -2.01291424e-10 -2.09382325e-15  8.36096236e-16  2.69787391e-05 -2.33242077e-06 -1.24995898e-08  9.93869124e-10]
Selected: [4 3]
***************
***CROSSOVER***
***************
&&&&&&&&&&&&&&&&&&&&&&&&
&&TOURNAMENT SELECTION&&
&&&&&&&&&&&&&&&&&&&&&&&&
parents:
[ 6.42187096e-02 -2.53893533e-12 -3.19937215e-13  5.06157946e-11 -1.98212299e-10 -1.97742879e-15  8.28787141e-16  2.66645371e-05 -2.33287928e-06 -1.24692363e-08  9.89845431e-10]
[ 6.41422526e-02 -1.91547227e-12 -2.77122703e-13  5.20766755e-11 -1.99532668e-10 -2.06811430e-15  8.26363593e-16  3.45204617e-05 -2.40755213e-06 -1.36575997e-08  9.97758308e-10]
children:
[ 6.50181632e-02 -2.59474417e-12 -2.77122703e-13  5.06157946e-11 -1.99532668e-10 -2.06811430e-15  8.26363593e-16  3.42880758e-05 -3.11339789e-06 -1.36575997e-08  1.07063741e-09]
[ 6.42187096e-02 -1.91547227e-12 -3.19937215e-13  5.20766755e-11 -1.98212299e-10 -1.37688496e-15  8.28787141e-16  2.66645371e-05 -2.33287928e-06 -1.24692363e-08  9.89845431e-10]
Population scores:
955:[9.66024332e+11 1.78504248e+11]:[ 6.41422526e-02 -1.91547227e-12 -2.77122703e-13  5.20766755e-11 -1.99532668e-10 -2.06811430e-15  8.26363593e-16  3.45204617e-05 -2.40755213e-06 -1.36575997e-08  9.97758308e-10]:11.423976901988773
983:[5.37516938e+11 2.87131449e+11]:[ 6.42187096e-02 -1.91547227e-12 -3.19937215e-13  5.20766755e-11 -1.98212299e-10 -1.37688496e-15  8.28787141e-16  2.66645371e-05 -2.33287928e-06 -1.24692363e-08  9.89845431e-10]:11.525702845563451
967:[7.97852223e+11 3.89353730e+11]:[ 6.42187096e-02 -2.53893533e-12 -3.19937215e-13  5.06157946e-11 -1.98212299e-10 -1.97742879e-15  8.28787141e-16  2.66645371e-05 -2.33287928e-06 -1.24692363e-08  9.89845431e-10]:11.663852035639175
982:[2.84809518e+13 4.50232736e+13]:[ 6.50181632e-02 -2.59474417e-12 -2.77122703e-13  5.06157946e-11 -1.99532668e-10 -2.06811430e-15  8.26363593e-16  3.42880758e-05 -3.11339789e-06 -1.36575997e-08  1.07063741e-09]:13.677484304439243
Selected for new population:
[ 6.41422526e-02 -1.91547227e-12 -2.77122703e-13  5.20766755e-11 -1.99532668e-10 -2.06811430e-15  8.26363593e-16  3.45204617e-05 -2.40755213e-06 -1.36575997e-08  9.97758308e-10]
[ 6.42187096e-02 -1.91547227e-12 -3.19937215e-13  5.20766755e-11 -1.98212299e-10 -1.37688496e-15  8.28787141e-16  2.66645371e-05 -2.33287928e-06 -1.24692363e-08  9.89845431e-10]
Selected: [1 3]
***************
***CROSSOVER***
***************
&&&&&&&&&&&&&&&&&&&&&&&&
&&TOURNAMENT SELECTION&&
&&&&&&&&&&&&&&&&&&&&&&&&
parents:
[ 6.34472282e-02 -2.62810037e-12 -3.26837567e-13  5.14881523e-11 -1.91677277e-10 -1.98142671e-15  8.26363593e-16  2.69787391e-05 -2.31109713e-06 -1.24995898e-08  9.93869124e-10]
[ 6.41422526e-02 -1.91547227e-12 -2.77122703e-13  5.20766755e-11 -1.99532668e-10 -2.06811430e-15  8.26363593e-16  3.45204617e-05 -2.40755213e-06 -1.36575997e-08  9.97758308e-10]
children:
[ 6.27528312e-02 -2.62810037e-12 -2.77122703e-13  5.20766755e-11 -1.46720213e-10 -2.06811430e-15  8.26363593e-16  2.69787391e-05 -2.31109713e-06 -1.24995898e-08  9.97758308e-10]
[ 5.38137740e-02 -1.91547227e-12 -3.26837567e-13  5.14881523e-11 -1.91677277e-10 -1.98142671e-15  8.26363593e-16  3.45204617e-05 -2.40755213e-06 -1.36575997e-08  1.00444725e-09]
Population scores:
959:[4.85318244e+11 2.16461797e+11]:[ 6.34472282e-02 -2.62810037e-12 -3.26837567e-13  5.14881523e-11 -1.91677277e-10 -1.98142671e-15  8.26363593e-16  2.69787391e-05 -2.31109713e-06 -1.24995898e-08  9.93869124e-10]:11.41520786812977
955:[9.66024332e+11 1.78504248e+11]:[ 6.41422526e-02 -1.91547227e-12 -2.77122703e-13  5.20766755e-11 -1.99532668e-10 -2.06811430e-15  8.26363593e-16  3.45204617e-05 -2.40755213e-06 -1.36575997e-08  9.97758308e-10]:11.423976901988773
984:[4.60103166e+11 2.27034168e+11]:[ 6.27528312e-02 -2.62810037e-12 -2.77122703e-13  5.20766755e-11 -1.46720213e-10 -2.06811430e-15  8.26363593e-16  2.69787391e-05 -2.31109713e-06 -1.24995898e-08  9.97758308e-10]:11.428852816350389
985:[8.95903176e+11 3.24649919e+11]:[ 5.38137740e-02 -1.91547227e-12 -3.26837567e-13  5.14881523e-11 -1.91677277e-10 -1.98142671e-15  8.26363593e-16  3.45204617e-05 -2.40755213e-06 -1.36575997e-08  1.00444725e-09]:11.607756463272112
Selected for new population:
[ 6.34472282e-02 -2.62810037e-12 -3.26837567e-13  5.14881523e-11 -1.91677277e-10 -1.98142671e-15  8.26363593e-16  2.69787391e-05 -2.31109713e-06 -1.24995898e-08  9.93869124e-10]
[ 6.41422526e-02 -1.91547227e-12 -2.77122703e-13  5.20766755e-11 -1.99532668e-10 -2.06811430e-15  8.26363593e-16  3.45204617e-05 -2.40755213e-06 -1.36575997e-08  9.97758308e-10]
Selected: [3 1]
***************
***CROSSOVER***
***************
&&&&&&&&&&&&&&&&&&&&&&&&
&&TOURNAMENT SELECTION&&
&&&&&&&&&&&&&&&&&&&&&&&&
parents:
[ 6.41422526e-02 -1.91547227e-12 -2.77122703e-13  5.20766755e-11 -1.99532668e-10 -2.06811430e-15  8.26363593e-16  3.45204617e-05 -2.40755213e-06 -1.36575997e-08  9.97758308e-10]
[ 6.34472282e-02 -2.62810037e-12 -3.26837567e-13  5.14881523e-11 -1.91677277e-10 -1.98142671e-15  8.26363593e-16  2.69787391e-05 -2.31109713e-06 -1.24995898e-08  9.93869124e-10]
children:
[ 6.34472282e-02 -2.62810037e-12 -2.77122703e-13  5.14881523e-11 -1.88262757e-10 -1.98142671e-15  8.26363593e-16  2.66849258e-05 -2.21642925e-06 -1.24995898e-08  9.97758308e-10]
[ 6.41422526e-02 -1.91547227e-12 -3.26837567e-13  5.20766755e-11 -1.99532668e-10 -2.06811430e-15  8.26135467e-16  2.69787391e-05 -2.40755213e-06 -1.36575997e-08  9.93869124e-10]
Population scores:
959:[4.85318244e+11 2.16461797e+11]:[ 6.34472282e-02 -2.62810037e-12 -3.26837567e-13  5.14881523e-11 -1.91677277e-10 -1.98142671e-15  8.26363593e-16  2.69787391e-05 -2.31109713e-06 -1.24995898e-08  9.93869124e-10]:11.41520786812977
955:[9.66024332e+11 1.78504248e+11]:[ 6.41422526e-02 -1.91547227e-12 -2.77122703e-13  5.20766755e-11 -1.99532668e-10 -2.06811430e-15  8.26363593e-16  3.45204617e-05 -2.40755213e-06 -1.36575997e-08  9.97758308e-10]:11.423976901988773
986:[6.31634680e+11 1.83538838e+12]:[ 6.34472282e-02 -2.62810037e-12 -2.77122703e-13  5.14881523e-11 -1.88262757e-10 -1.98142671e-15  8.26363593e-16  2.66849258e-05 -2.21642925e-06 -1.24995898e-08  9.97758308e-10]:12.276975186903407
987:[3.36060820e+12 3.93612162e+12]:[ 6.41422526e-02 -1.91547227e-12 -3.26837567e-13  5.20766755e-11 -1.99532668e-10 -2.06811430e-15  8.26135467e-16  2.69787391e-05 -2.40755213e-06 -1.36575997e-08  9.93869124e-10]:12.627220011295838
Selected for new population:
[ 6.34472282e-02 -2.62810037e-12 -3.26837567e-13  5.14881523e-11 -1.91677277e-10 -1.98142671e-15  8.26363593e-16  2.69787391e-05 -2.31109713e-06 -1.24995898e-08  9.93869124e-10]
[ 6.41422526e-02 -1.91547227e-12 -2.77122703e-13  5.20766755e-11 -1.99532668e-10 -2.06811430e-15  8.26363593e-16  3.45204617e-05 -2.40755213e-06 -1.36575997e-08  9.97758308e-10]
Selected: [1 0]
***************
***CROSSOVER***
***************
&&&&&&&&&&&&&&&&&&&&&&&&
&&TOURNAMENT SELECTION&&
&&&&&&&&&&&&&&&&&&&&&&&&
parents:
[ 6.34472282e-02 -2.62810037e-12 -3.26837567e-13  5.14881523e-11 -1.91677277e-10 -1.98142671e-15  8.26363593e-16  2.69787391e-05 -2.31109713e-06 -1.24995898e-08  9.93869124e-10]
[ 6.31051551e-02 -1.97166869e-12 -3.26837567e-13  5.30066956e-11 -1.91677277e-10 -2.09382325e-15  8.32997201e-16  2.69787391e-05 -2.31109713e-06 -1.24995898e-08  9.93869124e-10]
children:
[ 6.34472282e-02 -1.97166869e-12 -3.82792401e-13  5.30066956e-11 -1.91677277e-10 -1.98142671e-15  8.62127433e-16  2.69787391e-05 -2.31109713e-06 -1.26761153e-08  9.93869124e-10]
[ 5.77134141e-02 -2.62810037e-12 -3.26837567e-13  5.14881523e-11 -1.91677277e-10 -2.09382325e-15  8.26363593e-16  2.69787391e-05 -2.31109713e-06 -1.24995898e-08  9.92891329e-10]
Population scores:
978:[5.24113056e+11 2.11000718e+11]:[ 6.31051551e-02 -1.97166869e-12 -3.26837567e-13  5.30066956e-11 -1.91677277e-10 -2.09382325e-15  8.32997201e-16  2.69787391e-05 -2.31109713e-06 -1.24995898e-08  9.93869124e-10]:11.411907277245295
959:[4.85318244e+11 2.16461797e+11]:[ 6.34472282e-02 -2.62810037e-12 -3.26837567e-13  5.14881523e-11 -1.91677277e-10 -1.98142671e-15  8.26363593e-16  2.69787391e-05 -2.31109713e-06 -1.24995898e-08  9.93869124e-10]:11.41520786812977
989:[5.40520616e+11 2.11967322e+11]:[ 5.77134141e-02 -2.62810037e-12 -3.26837567e-13  5.14881523e-11 -1.91677277e-10 -2.09382325e-15  8.26363593e-16  2.69787391e-05 -2.31109713e-06 -1.24995898e-08  9.92891329e-10]:11.415998038339389
988:[5.22572378e+11 2.17503643e+11]:[ 6.34472282e-02 -1.97166869e-12 -3.82792401e-13  5.30066956e-11 -1.91677277e-10 -1.98142671e-15  8.62127433e-16  2.69787391e-05 -2.31109713e-06 -1.26761153e-08  9.93869124e-10]:11.42248339874318
Selected for new population:
[ 6.31051551e-02 -1.97166869e-12 -3.26837567e-13  5.30066956e-11 -1.91677277e-10 -2.09382325e-15  8.32997201e-16  2.69787391e-05 -2.31109713e-06 -1.24995898e-08  9.93869124e-10]
[ 6.34472282e-02 -2.62810037e-12 -3.26837567e-13  5.14881523e-11 -1.91677277e-10 -1.98142671e-15  8.26363593e-16  2.69787391e-05 -2.31109713e-06 -1.24995898e-08  9.93869124e-10]
Population scores:
978:[5.24113056e+11 2.11000718e+11]:[ 6.31051551e-02 -1.97166869e-12 -3.26837567e-13  5.30066956e-11 -1.91677277e-10 -2.09382325e-15  8.32997201e-16  2.69787391e-05 -2.31109713e-06 -1.24995898e-08  9.93869124e-10]:11.411907277245295
959:[4.85318244e+11 2.16461797e+11]:[ 6.34472282e-02 -2.62810037e-12 -3.26837567e-13  5.14881523e-11 -1.91677277e-10 -1.98142671e-15  8.26363593e-16  2.69787391e-05 -2.31109713e-06 -1.24995898e-08  9.93869124e-10]:11.41520786812977
972:[5.38794641e+11 2.14175713e+11]:[ 6.34472282e-02 -2.64462845e-12 -3.19937215e-13  5.14881523e-11 -1.91677277e-10 -1.97742879e-15  8.25293238e-16  2.69787391e-05 -2.31109713e-06 -1.24692363e-08  9.89845431e-10]:11.41940589584687
955:[9.66024332e+11 1.78504248e+11]:[ 6.41422526e-02 -1.91547227e-12 -2.77122703e-13  5.20766755e-11 -1.99532668e-10 -2.06811430e-15  8.26363593e-16  3.45204617e-05 -2.40755213e-06 -1.36575997e-08  9.97758308e-10]:11.423976901988773
983:[5.37516938e+11 2.87131449e+11]:[ 6.42187096e-02 -1.91547227e-12 -3.19937215e-13  5.20766755e-11 -1.98212299e-10 -1.37688496e-15  8.28787141e-16  2.66645371e-05 -2.33287928e-06 -1.24692363e-08  9.89845431e-10]:11.525702845563451
981:[7.22196581e+11 2.96649946e+11]:[ 6.48914355e-02 -2.62810037e-12 -4.24131118e-13  5.14881523e-11 -2.01291424e-10 -2.09382325e-15  8.36096236e-16  2.69787391e-05 -2.33242077e-06 -1.24995898e-08  9.93869124e-10]:11.558285633737482
967:[7.97852223e+11 3.89353730e+11]:[ 6.42187096e-02 -2.53893533e-12 -3.19937215e-13  5.06157946e-11 -1.98212299e-10 -1.97742879e-15  8.28787141e-16  2.66645371e-05 -2.33287928e-06 -1.24692363e-08  9.89845431e-10]:11.663852035639175
962:[6.22130559e+11 4.62631768e+11]:[ 6.48914355e-02 -1.97166869e-12 -2.67563230e-13  5.30066956e-11 -2.01291424e-10 -2.09382325e-15  8.32997201e-16  3.37302504e-05 -2.33242077e-06 -1.45980202e-08  1.00564121e-09]:11.714852207225869
963:[2.08758313e+12 8.50184208e+11]:[ 6.43234896e-02 -1.95942435e-12 -2.75390825e-13  5.10910352e-11 -1.95323278e-10 -2.12322809e-15  8.23536693e-16  3.54708987e-05 -2.48200147e-06 -1.37764750e-08  9.90210741e-10]:12.016225255126761
964:[2.71101301e+12 2.32854912e+12]:[ 7.18219255e-02 -2.80790932e-12 -3.24262162e-13  5.84852200e-11 -1.15077358e-10 -2.28442050e-15  8.28068776e-16  2.50123987e-05 -2.59598461e-06 -9.78288356e-09  1.03438452e-09]:12.41036218465193
966:[2.66167823e+12 2.92905905e+12]:[ 6.28193306e-02 -2.68390308e-12 -3.28287111e-13  5.23409986e-11 -1.86020198e-10 -1.96554662e-15  8.16730958e-16  2.66446201e-05 -2.38191096e-06 -1.32707438e-08  9.85497936e-10]:12.500868801526781
969:[2.83403441e+12 4.66209869e+12]:[ 7.13886657e-02 -2.44464651e-12 -3.04846340e-13  5.02196915e-11 -1.80865005e-10 -1.15623365e-15  7.58323516e-16  3.15949421e-05 -2.47248763e-06 -1.05891875e-08  1.03667069e-09]:12.69171449798585
*******************************
***iteration: 2 Population is***
*******************************
Population scores:
978:[5.24113056e+11 2.11000718e+11]:[ 6.31051551e-02 -1.97166869e-12 -3.26837567e-13  5.30066956e-11 -1.91677277e-10 -2.09382325e-15  8.32997201e-16  2.69787391e-05 -2.31109713e-06 -1.24995898e-08  9.93869124e-10]:11.411907277245295
959:[4.85318244e+11 2.16461797e+11]:[ 6.34472282e-02 -2.62810037e-12 -3.26837567e-13  5.14881523e-11 -1.91677277e-10 -1.98142671e-15  8.26363593e-16  2.69787391e-05 -2.31109713e-06 -1.24995898e-08  9.93869124e-10]:11.41520786812977
972:[5.38794641e+11 2.14175713e+11]:[ 6.34472282e-02 -2.64462845e-12 -3.19937215e-13  5.14881523e-11 -1.91677277e-10 -1.97742879e-15  8.25293238e-16  2.69787391e-05 -2.31109713e-06 -1.24692363e-08  9.89845431e-10]:11.41940589584687
955:[9.66024332e+11 1.78504248e+11]:[ 6.41422526e-02 -1.91547227e-12 -2.77122703e-13  5.20766755e-11 -1.99532668e-10 -2.06811430e-15  8.26363593e-16  3.45204617e-05 -2.40755213e-06 -1.36575997e-08  9.97758308e-10]:11.423976901988773
983:[5.37516938e+11 2.87131449e+11]:[ 6.42187096e-02 -1.91547227e-12 -3.19937215e-13  5.20766755e-11 -1.98212299e-10 -1.37688496e-15  8.28787141e-16  2.66645371e-05 -2.33287928e-06 -1.24692363e-08  9.89845431e-10]:11.525702845563451
981:[7.22196581e+11 2.96649946e+11]:[ 6.48914355e-02 -2.62810037e-12 -4.24131118e-13  5.14881523e-11 -2.01291424e-10 -2.09382325e-15  8.36096236e-16  2.69787391e-05 -2.33242077e-06 -1.24995898e-08  9.93869124e-10]:11.558285633737482
967:[7.97852223e+11 3.89353730e+11]:[ 6.42187096e-02 -2.53893533e-12 -3.19937215e-13  5.06157946e-11 -1.98212299e-10 -1.97742879e-15  8.28787141e-16  2.66645371e-05 -2.33287928e-06 -1.24692363e-08  9.89845431e-10]:11.663852035639175
962:[6.22130559e+11 4.62631768e+11]:[ 6.48914355e-02 -1.97166869e-12 -2.67563230e-13  5.30066956e-11 -2.01291424e-10 -2.09382325e-15  8.32997201e-16  3.37302504e-05 -2.33242077e-06 -1.45980202e-08  1.00564121e-09]:11.714852207225869
963:[2.08758313e+12 8.50184208e+11]:[ 6.43234896e-02 -1.95942435e-12 -2.75390825e-13  5.10910352e-11 -1.95323278e-10 -2.12322809e-15  8.23536693e-16  3.54708987e-05 -2.48200147e-06 -1.37764750e-08  9.90210741e-10]:12.016225255126761
964:[2.71101301e+12 2.32854912e+12]:[ 7.18219255e-02 -2.80790932e-12 -3.24262162e-13  5.84852200e-11 -1.15077358e-10 -2.28442050e-15  8.28068776e-16  2.50123987e-05 -2.59598461e-06 -9.78288356e-09  1.03438452e-09]:12.41036218465193
Selected: [1 2]
***************
***CROSSOVER***
***************
&&&&&&&&&&&&&&&&&&&&&&&&
&&TOURNAMENT SELECTION&&
&&&&&&&&&&&&&&&&&&&&&&&&
parents:
[ 6.34472282e-02 -2.62810037e-12 -3.26837567e-13  5.14881523e-11 -1.91677277e-10 -1.98142671e-15  8.26363593e-16  2.69787391e-05 -2.31109713e-06 -1.24995898e-08  9.93869124e-10]
[ 6.34472282e-02 -2.64462845e-12 -3.19937215e-13  5.14881523e-11 -1.91677277e-10 -1.97742879e-15  8.25293238e-16  2.69787391e-05 -2.31109713e-06 -1.24692363e-08  9.89845431e-10]
children:
[ 6.40177521e-02 -2.64462845e-12 -3.30279801e-13  5.19249276e-11 -2.53250660e-10 -2.58546949e-15  8.57878685e-16  2.69787391e-05 -2.31109713e-06 -1.24692363e-08  9.93869124e-10]
[ 6.34472282e-02 -2.62810037e-12 -3.19937215e-13  5.81139668e-11 -1.91677277e-10 -1.98142671e-15  8.26363593e-16  2.69787391e-05 -2.31109713e-06 -5.35633933e-09  9.89845431e-10]
Population scores:
959:[4.85318244e+11 2.16461797e+11]:[ 6.34472282e-02 -2.62810037e-12 -3.26837567e-13  5.14881523e-11 -1.91677277e-10 -1.98142671e-15  8.26363593e-16  2.69787391e-05 -2.31109713e-06 -1.24995898e-08  9.93869124e-10]:11.41520786812977
972:[5.38794641e+11 2.14175713e+11]:[ 6.34472282e-02 -2.64462845e-12 -3.19937215e-13  5.14881523e-11 -1.91677277e-10 -1.97742879e-15  8.25293238e-16  2.69787391e-05 -2.31109713e-06 -1.24692363e-08  9.89845431e-10]:11.41940589584687
990:[7.88745260e+11 2.88018677e+11]:[ 6.40177521e-02 -2.64462845e-12 -3.30279801e-13  5.19249276e-11 -2.53250660e-10 -2.58546949e-15  8.57878685e-16  2.69787391e-05 -2.31109713e-06 -1.24692363e-08  9.93869124e-10]:11.55510140464072
991:[8.59665615e+12 1.84833319e+13]:[ 6.34472282e-02 -2.62810037e-12 -3.19937215e-13  5.81139668e-11 -1.91677277e-10 -1.98142671e-15  8.26363593e-16  2.69787391e-05 -2.31109713e-06 -5.35633933e-09  9.89845431e-10]:13.28458932914972
Selected for new population:
[ 6.34472282e-02 -2.62810037e-12 -3.26837567e-13  5.14881523e-11 -1.91677277e-10 -1.98142671e-15  8.26363593e-16  2.69787391e-05 -2.31109713e-06 -1.24995898e-08  9.93869124e-10]
[ 6.34472282e-02 -2.64462845e-12 -3.19937215e-13  5.14881523e-11 -1.91677277e-10 -1.97742879e-15  8.25293238e-16  2.69787391e-05 -2.31109713e-06 -1.24692363e-08  9.89845431e-10]
Selected: [1 0]
***************
***CROSSOVER***
***************
&&&&&&&&&&&&&&&&&&&&&&&&
&&TOURNAMENT SELECTION&&
&&&&&&&&&&&&&&&&&&&&&&&&
parents:
[ 6.34472282e-02 -2.62810037e-12 -3.26837567e-13  5.14881523e-11 -1.91677277e-10 -1.98142671e-15  8.26363593e-16  2.69787391e-05 -2.31109713e-06 -1.24995898e-08  9.93869124e-10]
[ 6.31051551e-02 -1.97166869e-12 -3.26837567e-13  5.30066956e-11 -1.91677277e-10 -2.09382325e-15  8.32997201e-16  2.69787391e-05 -2.31109713e-06 -1.24995898e-08  9.93869124e-10]
children:
[ 6.32222584e-02 -1.97166869e-12 -3.26837567e-13  5.30066956e-11 -1.91677277e-10 -1.98142671e-15  8.26363593e-16  2.69787391e-05 -3.09460755e-06 -1.24995898e-08  9.86238528e-10]
[ 6.34472282e-02 -2.62810037e-12 -3.26837567e-13  5.14881523e-11 -1.54246333e-10 -2.09382325e-15  8.32997201e-16  2.69787391e-05 -2.43398102e-06 -2.68870129e-09  9.96617401e-10]
Population scores:
978:[5.24113056e+11 2.11000718e+11]:[ 6.31051551e-02 -1.97166869e-12 -3.26837567e-13  5.30066956e-11 -1.91677277e-10 -2.09382325e-15  8.32997201e-16  2.69787391e-05 -2.31109713e-06 -1.24995898e-08  9.93869124e-10]:11.411907277245295
959:[4.85318244e+11 2.16461797e+11]:[ 6.34472282e-02 -2.62810037e-12 -3.26837567e-13  5.14881523e-11 -1.91677277e-10 -1.98142671e-15  8.26363593e-16  2.69787391e-05 -2.31109713e-06 -1.24995898e-08  9.93869124e-10]:11.41520786812977
993:[9.99290820e+12 2.03301985e+13]:[ 6.34472282e-02 -2.62810037e-12 -3.26837567e-13  5.14881523e-11 -1.54246333e-10 -2.09382325e-15  8.32997201e-16  2.69787391e-05 -2.43398102e-06 -2.68870129e-09  9.96617401e-10]:13.326940998059538
992:[5.86632133e+13 1.02236262e+14]:[ 6.32222584e-02 -1.97166869e-12 -3.26837567e-13  5.30066956e-11 -1.91677277e-10 -1.98142671e-15  8.26363593e-16  2.69787391e-05 -3.09460755e-06 -1.24995898e-08  9.86238528e-10]:14.031472901969817
Selected for new population:
[ 6.31051551e-02 -1.97166869e-12 -3.26837567e-13  5.30066956e-11 -1.91677277e-10 -2.09382325e-15  8.32997201e-16  2.69787391e-05 -2.31109713e-06 -1.24995898e-08  9.93869124e-10]
[ 6.34472282e-02 -2.62810037e-12 -3.26837567e-13  5.14881523e-11 -1.91677277e-10 -1.98142671e-15  8.26363593e-16  2.69787391e-05 -2.31109713e-06 -1.24995898e-08  9.93869124e-10]
Selected: [5 4]
***************
***CROSSOVER***
***************
&&&&&&&&&&&&&&&&&&&&&&&&
&&TOURNAMENT SELECTION&&
&&&&&&&&&&&&&&&&&&&&&&&&
parents:
[ 6.48914355e-02 -2.62810037e-12 -4.24131118e-13  5.14881523e-11 -2.01291424e-10 -2.09382325e-15  8.36096236e-16  2.69787391e-05 -2.33242077e-06 -1.24995898e-08  9.93869124e-10]
[ 6.42187096e-02 -1.91547227e-12 -3.19937215e-13  5.20766755e-11 -1.98212299e-10 -1.37688496e-15  8.28787141e-16  2.66645371e-05 -2.33287928e-06 -1.24692363e-08  9.89845431e-10]
children:
[ 6.42187096e-02 -2.62810037e-12 -3.60938461e-13  4.26875711e-11 -1.98212299e-10 -1.29050176e-15  8.36096236e-16  2.69787391e-05 -2.33287928e-06 -1.24995898e-08  9.89845431e-10]
[ 6.53201896e-02 -1.91547227e-12 -4.24131118e-13  5.12069045e-11 -2.01291424e-10 -2.96461525e-15  8.28787141e-16  2.66645371e-05 -2.33242077e-06 -1.24692363e-08  9.94423530e-10]
Population scores:
994:[5.15018179e+11 2.86960121e+11]:[ 6.42187096e-02 -2.62810037e-12 -3.60938461e-13  4.26875711e-11 -1.98212299e-10 -1.29050176e-15  8.36096236e-16  2.69787391e-05 -2.33287928e-06 -1.24995898e-08  9.89845431e-10]:11.52285063314486
983:[5.37516938e+11 2.87131449e+11]:[ 6.42187096e-02 -1.91547227e-12 -3.19937215e-13  5.20766755e-11 -1.98212299e-10 -1.37688496e-15  8.28787141e-16  2.66645371e-05 -2.33287928e-06 -1.24692363e-08  9.89845431e-10]:11.525702845563451
981:[7.22196581e+11 2.96649946e+11]:[ 6.48914355e-02 -2.62810037e-12 -4.24131118e-13  5.14881523e-11 -2.01291424e-10 -2.09382325e-15  8.36096236e-16  2.69787391e-05 -2.33242077e-06 -1.24995898e-08  9.93869124e-10]:11.558285633737482
995:[1.56842329e+12 8.99637823e+11]:[ 6.53201896e-02 -1.91547227e-12 -4.24131118e-13  5.12069045e-11 -2.01291424e-10 -2.96461525e-15  8.28787141e-16  2.66645371e-05 -2.33242077e-06 -1.24692363e-08  9.94423530e-10]:12.01736558103167
Selected for new population:
[ 6.42187096e-02 -2.62810037e-12 -3.60938461e-13  4.26875711e-11 -1.98212299e-10 -1.29050176e-15  8.36096236e-16  2.69787391e-05 -2.33287928e-06 -1.24995898e-08  9.89845431e-10]
[ 6.42187096e-02 -1.91547227e-12 -3.19937215e-13  5.20766755e-11 -1.98212299e-10 -1.37688496e-15  8.28787141e-16  2.66645371e-05 -2.33287928e-06 -1.24692363e-08  9.89845431e-10]
Selected: [3 2]
***************
***CROSSOVER***
***************
&&&&&&&&&&&&&&&&&&&&&&&&
&&TOURNAMENT SELECTION&&
&&&&&&&&&&&&&&&&&&&&&&&&
parents:
[ 6.41422526e-02 -1.91547227e-12 -2.77122703e-13  5.20766755e-11 -1.99532668e-10 -2.06811430e-15  8.26363593e-16  3.45204617e-05 -2.40755213e-06 -1.36575997e-08  9.97758308e-10]
[ 6.34472282e-02 -2.64462845e-12 -3.19937215e-13  5.14881523e-11 -1.91677277e-10 -1.97742879e-15  8.25293238e-16  2.69787391e-05 -2.31109713e-06 -1.24692363e-08  9.89845431e-10]
children:
[ 6.34472282e-02 -2.64462845e-12 -3.19937215e-13  5.14881523e-11 -1.99532668e-10 -1.97742879e-15  8.25293238e-16  2.69787391e-05 -2.40755213e-06 -1.24692363e-08  9.97758308e-10]
[ 6.41422526e-02 -1.91547227e-12 -3.72338677e-13  5.20766755e-11 -1.91677277e-10 -2.06811430e-15  8.26363593e-16  3.45204617e-05 -2.31109713e-06 -1.36575997e-08  9.87151828e-10]
Population scores:
972:[5.38794641e+11 2.14175713e+11]:[ 6.34472282e-02 -2.64462845e-12 -3.19937215e-13  5.14881523e-11 -1.91677277e-10 -1.97742879e-15  8.25293238e-16  2.69787391e-05 -2.31109713e-06 -1.24692363e-08  9.89845431e-10]:11.41940589584687
955:[9.66024332e+11 1.78504248e+11]:[ 6.41422526e-02 -1.91547227e-12 -2.77122703e-13  5.20766755e-11 -1.99532668e-10 -2.06811430e-15  8.26363593e-16  3.45204617e-05 -2.40755213e-06 -1.36575997e-08  9.97758308e-10]:11.423976901988773
997:[9.34574415e+11 1.31007957e+12]:[ 6.41422526e-02 -1.91547227e-12 -3.72338677e-13  5.20766755e-11 -1.91677277e-10 -2.06811430e-15  8.26363593e-16  3.45204617e-05 -2.31109713e-06 -1.36575997e-08  9.87151828e-10]:12.144322356882975
996:[1.65355123e+12 1.32475119e+12]:[ 6.34472282e-02 -2.64462845e-12 -3.19937215e-13  5.14881523e-11 -1.99532668e-10 -1.97742879e-15  8.25293238e-16  2.69787391e-05 -2.40755213e-06 -1.24692363e-08  9.97758308e-10]:12.168371006782747
Selected for new population:
[ 6.34472282e-02 -2.64462845e-12 -3.19937215e-13  5.14881523e-11 -1.91677277e-10 -1.97742879e-15  8.25293238e-16  2.69787391e-05 -2.31109713e-06 -1.24692363e-08  9.89845431e-10]
[ 6.41422526e-02 -1.91547227e-12 -2.77122703e-13  5.20766755e-11 -1.99532668e-10 -2.06811430e-15  8.26363593e-16  3.45204617e-05 -2.40755213e-06 -1.36575997e-08  9.97758308e-10]
Selected: [0 1]
***************
***CROSSOVER***
***************
&&&&&&&&&&&&&&&&&&&&&&&&
&&TOURNAMENT SELECTION&&
&&&&&&&&&&&&&&&&&&&&&&&&
parents:
[ 6.31051551e-02 -1.97166869e-12 -3.26837567e-13  5.30066956e-11 -1.91677277e-10 -2.09382325e-15  8.32997201e-16  2.69787391e-05 -2.31109713e-06 -1.24995898e-08  9.93869124e-10]
[ 6.34472282e-02 -2.62810037e-12 -3.26837567e-13  5.14881523e-11 -1.91677277e-10 -1.98142671e-15  8.26363593e-16  2.69787391e-05 -2.31109713e-06 -1.24995898e-08  9.93869124e-10]
children:
[ 6.21272276e-02 -2.62810037e-12 -3.26837567e-13  5.30066956e-11 -1.91677277e-10 -1.98142671e-15  8.26363593e-16  2.69787391e-05 -2.31109713e-06 -1.42996203e-08  9.93869124e-10]
[ 6.31051551e-02 -1.97166869e-12 -3.26837567e-13  5.14881523e-11 -1.91677277e-10 -1.66233244e-15  7.75822395e-16  2.69787391e-05 -2.31109713e-06 -1.25821008e-08  9.93869124e-10]
Population scores:
978:[5.24113056e+11 2.11000718e+11]:[ 6.31051551e-02 -1.97166869e-12 -3.26837567e-13  5.30066956e-11 -1.91677277e-10 -2.09382325e-15  8.32997201e-16  2.69787391e-05 -2.31109713e-06 -1.24995898e-08  9.93869124e-10]:11.411907277245295
959:[4.85318244e+11 2.16461797e+11]:[ 6.34472282e-02 -2.62810037e-12 -3.26837567e-13  5.14881523e-11 -1.91677277e-10 -1.98142671e-15  8.26363593e-16  2.69787391e-05 -2.31109713e-06 -1.24995898e-08  9.93869124e-10]:11.41520786812977
999:[4.29014807e+11 2.63675747e+11]:[ 6.31051551e-02 -1.97166869e-12 -3.26837567e-13  5.14881523e-11 -1.91677277e-10 -1.66233244e-15  7.75822395e-16  2.69787391e-05 -2.31109713e-06 -1.25821008e-08  9.93869124e-10]:11.480419584877666
998:[1.42882426e+12 1.30760208e+12]:[ 6.21272276e-02 -2.62810037e-12 -3.26837567e-13  5.30066956e-11 -1.91677277e-10 -1.98142671e-15  8.26363593e-16  2.69787391e-05 -2.31109713e-06 -1.42996203e-08  9.93869124e-10]:12.157213792967767
Selected for new population:
[ 6.31051551e-02 -1.97166869e-12 -3.26837567e-13  5.30066956e-11 -1.91677277e-10 -2.09382325e-15  8.32997201e-16  2.69787391e-05 -2.31109713e-06 -1.24995898e-08  9.93869124e-10]
[ 6.34472282e-02 -2.62810037e-12 -3.26837567e-13  5.14881523e-11 -1.91677277e-10 -1.98142671e-15  8.26363593e-16  2.69787391e-05 -2.31109713e-06 -1.24995898e-08  9.93869124e-10]
Population scores:
978:[5.24113056e+11 2.11000718e+11]:[ 6.31051551e-02 -1.97166869e-12 -3.26837567e-13  5.30066956e-11 -1.91677277e-10 -2.09382325e-15  8.32997201e-16  2.69787391e-05 -2.31109713e-06 -1.24995898e-08  9.93869124e-10]:11.411907277245295
959:[4.85318244e+11 2.16461797e+11]:[ 6.34472282e-02 -2.62810037e-12 -3.26837567e-13  5.14881523e-11 -1.91677277e-10 -1.98142671e-15  8.26363593e-16  2.69787391e-05 -2.31109713e-06 -1.24995898e-08  9.93869124e-10]:11.41520786812977
972:[5.38794641e+11 2.14175713e+11]:[ 6.34472282e-02 -2.64462845e-12 -3.19937215e-13  5.14881523e-11 -1.91677277e-10 -1.97742879e-15  8.25293238e-16  2.69787391e-05 -2.31109713e-06 -1.24692363e-08  9.89845431e-10]:11.41940589584687
955:[9.66024332e+11 1.78504248e+11]:[ 6.41422526e-02 -1.91547227e-12 -2.77122703e-13  5.20766755e-11 -1.99532668e-10 -2.06811430e-15  8.26363593e-16  3.45204617e-05 -2.40755213e-06 -1.36575997e-08  9.97758308e-10]:11.423976901988773
994:[5.15018179e+11 2.86960121e+11]:[ 6.42187096e-02 -2.62810037e-12 -3.60938461e-13  4.26875711e-11 -1.98212299e-10 -1.29050176e-15  8.36096236e-16  2.69787391e-05 -2.33287928e-06 -1.24995898e-08  9.89845431e-10]:11.52285063314486
983:[5.37516938e+11 2.87131449e+11]:[ 6.42187096e-02 -1.91547227e-12 -3.19937215e-13  5.20766755e-11 -1.98212299e-10 -1.37688496e-15  8.28787141e-16  2.66645371e-05 -2.33287928e-06 -1.24692363e-08  9.89845431e-10]:11.525702845563451
981:[7.22196581e+11 2.96649946e+11]:[ 6.48914355e-02 -2.62810037e-12 -4.24131118e-13  5.14881523e-11 -2.01291424e-10 -2.09382325e-15  8.36096236e-16  2.69787391e-05 -2.33242077e-06 -1.24995898e-08  9.93869124e-10]:11.558285633737482
967:[7.97852223e+11 3.89353730e+11]:[ 6.42187096e-02 -2.53893533e-12 -3.19937215e-13  5.06157946e-11 -1.98212299e-10 -1.97742879e-15  8.28787141e-16  2.66645371e-05 -2.33287928e-06 -1.24692363e-08  9.89845431e-10]:11.663852035639175
962:[6.22130559e+11 4.62631768e+11]:[ 6.48914355e-02 -1.97166869e-12 -2.67563230e-13  5.30066956e-11 -2.01291424e-10 -2.09382325e-15  8.32997201e-16  3.37302504e-05 -2.33242077e-06 -1.45980202e-08  1.00564121e-09]:11.714852207225869
963:[2.08758313e+12 8.50184208e+11]:[ 6.43234896e-02 -1.95942435e-12 -2.75390825e-13  5.10910352e-11 -1.95323278e-10 -2.12322809e-15  8.23536693e-16  3.54708987e-05 -2.48200147e-06 -1.37764750e-08  9.90210741e-10]:12.016225255126761
964:[2.71101301e+12 2.32854912e+12]:[ 7.18219255e-02 -2.80790932e-12 -3.24262162e-13  5.84852200e-11 -1.15077358e-10 -2.28442050e-15  8.28068776e-16  2.50123987e-05 -2.59598461e-06 -9.78288356e-09  1.03438452e-09]:12.41036218465193
*******************************
***iteration: 3 Population is***
*******************************
Population scores:
978:[5.24113056e+11 2.11000718e+11]:[ 6.31051551e-02 -1.97166869e-12 -3.26837567e-13  5.30066956e-11 -1.91677277e-10 -2.09382325e-15  8.32997201e-16  2.69787391e-05 -2.31109713e-06 -1.24995898e-08  9.93869124e-10]:11.411907277245295
959:[4.85318244e+11 2.16461797e+11]:[ 6.34472282e-02 -2.62810037e-12 -3.26837567e-13  5.14881523e-11 -1.91677277e-10 -1.98142671e-15  8.26363593e-16  2.69787391e-05 -2.31109713e-06 -1.24995898e-08  9.93869124e-10]:11.41520786812977
972:[5.38794641e+11 2.14175713e+11]:[ 6.34472282e-02 -2.64462845e-12 -3.19937215e-13  5.14881523e-11 -1.91677277e-10 -1.97742879e-15  8.25293238e-16  2.69787391e-05 -2.31109713e-06 -1.24692363e-08  9.89845431e-10]:11.41940589584687
955:[9.66024332e+11 1.78504248e+11]:[ 6.41422526e-02 -1.91547227e-12 -2.77122703e-13  5.20766755e-11 -1.99532668e-10 -2.06811430e-15  8.26363593e-16  3.45204617e-05 -2.40755213e-06 -1.36575997e-08  9.97758308e-10]:11.423976901988773
994:[5.15018179e+11 2.86960121e+11]:[ 6.42187096e-02 -2.62810037e-12 -3.60938461e-13  4.26875711e-11 -1.98212299e-10 -1.29050176e-15  8.36096236e-16  2.69787391e-05 -2.33287928e-06 -1.24995898e-08  9.89845431e-10]:11.52285063314486
983:[5.37516938e+11 2.87131449e+11]:[ 6.42187096e-02 -1.91547227e-12 -3.19937215e-13  5.20766755e-11 -1.98212299e-10 -1.37688496e-15  8.28787141e-16  2.66645371e-05 -2.33287928e-06 -1.24692363e-08  9.89845431e-10]:11.525702845563451
981:[7.22196581e+11 2.96649946e+11]:[ 6.48914355e-02 -2.62810037e-12 -4.24131118e-13  5.14881523e-11 -2.01291424e-10 -2.09382325e-15  8.36096236e-16  2.69787391e-05 -2.33242077e-06 -1.24995898e-08  9.93869124e-10]:11.558285633737482
967:[7.97852223e+11 3.89353730e+11]:[ 6.42187096e-02 -2.53893533e-12 -3.19937215e-13  5.06157946e-11 -1.98212299e-10 -1.97742879e-15  8.28787141e-16  2.66645371e-05 -2.33287928e-06 -1.24692363e-08  9.89845431e-10]:11.663852035639175
962:[6.22130559e+11 4.62631768e+11]:[ 6.48914355e-02 -1.97166869e-12 -2.67563230e-13  5.30066956e-11 -2.01291424e-10 -2.09382325e-15  8.32997201e-16  3.37302504e-05 -2.33242077e-06 -1.45980202e-08  1.00564121e-09]:11.714852207225869
963:[2.08758313e+12 8.50184208e+11]:[ 6.43234896e-02 -1.95942435e-12 -2.75390825e-13  5.10910352e-11 -1.95323278e-10 -2.12322809e-15  8.23536693e-16  3.54708987e-05 -2.48200147e-06 -1.37764750e-08  9.90210741e-10]:12.016225255126761
Selected: [5 8]
***************
***CROSSOVER***
***************
&&&&&&&&&&&&&&&&&&&&&&&&
&&TOURNAMENT SELECTION&&
&&&&&&&&&&&&&&&&&&&&&&&&
parents:
[ 6.42187096e-02 -1.91547227e-12 -3.19937215e-13  5.20766755e-11 -1.98212299e-10 -1.37688496e-15  8.28787141e-16  2.66645371e-05 -2.33287928e-06 -1.24692363e-08  9.89845431e-10]
[ 6.48914355e-02 -1.97166869e-12 -2.67563230e-13  5.30066956e-11 -2.01291424e-10 -2.09382325e-15  8.32997201e-16  3.37302504e-05 -2.33242077e-06 -1.45980202e-08  1.00564121e-09]
children:
[ 6.48914355e-02 -1.97166869e-12 -2.67563230e-13  5.30066956e-11 -1.98212299e-10 -1.37688496e-15  8.28787141e-16  2.66645371e-05 -2.33242077e-06 -1.45980202e-08  1.00564121e-09]
[ 6.42187096e-02 -1.91547227e-12 -2.84382880e-13  5.20766755e-11 -1.97058374e-10 -2.16882638e-15  8.25201895e-16  3.37302504e-05 -2.61744697e-06 -1.24692363e-08  9.89845431e-10]
Population scores:
983:[5.37516938e+11 2.87131449e+11]:[ 6.42187096e-02 -1.91547227e-12 -3.19937215e-13  5.20766755e-11 -1.98212299e-10 -1.37688496e-15  8.28787141e-16  2.66645371e-05 -2.33287928e-06 -1.24692363e-08  9.89845431e-10]:11.525702845563451
962:[6.22130559e+11 4.62631768e+11]:[ 6.48914355e-02 -1.97166869e-12 -2.67563230e-13  5.30066956e-11 -2.01291424e-10 -2.09382325e-15  8.32997201e-16  3.37302504e-05 -2.33242077e-06 -1.45980202e-08  1.00564121e-09]:11.714852207225869
1000:[1.05212240e+12 1.12036852e+12]:[ 6.48914355e-02 -1.97166869e-12 -2.67563230e-13  5.30066956e-11 -1.98212299e-10 -1.37688496e-15  8.28787141e-16  2.66645371e-05 -2.33242077e-06 -1.45980202e-08  1.00564121e-09]:12.084597556558025
1001:[5.38394304e+12 5.25300962e+12]:[ 6.42187096e-02 -1.91547227e-12 -2.84382880e-13  5.20766755e-11 -1.97058374e-10 -2.16882638e-15  8.25201895e-16  3.37302504e-05 -2.61744697e-06 -1.24692363e-08  9.89845431e-10]:12.758727580285958
Selected for new population:
[ 6.42187096e-02 -1.91547227e-12 -3.19937215e-13  5.20766755e-11 -1.98212299e-10 -1.37688496e-15  8.28787141e-16  2.66645371e-05 -2.33287928e-06 -1.24692363e-08  9.89845431e-10]
[ 6.48914355e-02 -1.97166869e-12 -2.67563230e-13  5.30066956e-11 -2.01291424e-10 -2.09382325e-15  8.32997201e-16  3.37302504e-05 -2.33242077e-06 -1.45980202e-08  1.00564121e-09]
Selected: [3 9]
***************
***CROSSOVER***
***************
&&&&&&&&&&&&&&&&&&&&&&&&
&&TOURNAMENT SELECTION&&
&&&&&&&&&&&&&&&&&&&&&&&&
parents:
[ 6.41422526e-02 -1.91547227e-12 -2.77122703e-13  5.20766755e-11 -1.99532668e-10 -2.06811430e-15  8.26363593e-16  3.45204617e-05 -2.40755213e-06 -1.36575997e-08  9.97758308e-10]
[ 6.43234896e-02 -1.95942435e-12 -2.75390825e-13  5.10910352e-11 -1.95323278e-10 -2.12322809e-15  8.23536693e-16  3.54708987e-05 -2.48200147e-06 -1.37764750e-08  9.90210741e-10]
children:
[ 6.43234896e-02 -1.91547227e-12 -2.77122703e-13  4.84239693e-11 -1.95323278e-10 -1.72357191e-15  8.23536693e-16  3.54708987e-05 -2.40755213e-06 -1.37764750e-08  1.08054666e-09]
[ 6.41422526e-02 -2.74110348e-12 -2.75390825e-13  5.10910352e-11 -1.96005933e-10 -1.98436691e-15  8.26363593e-16  3.45204617e-05 -3.38985777e-06 -1.36575997e-08  9.97758308e-10]
Population scores:
955:[9.66024332e+11 1.78504248e+11]:[ 6.41422526e-02 -1.91547227e-12 -2.77122703e-13  5.20766755e-11 -1.99532668e-10 -2.06811430e-15  8.26363593e-16  3.45204617e-05 -2.40755213e-06 -1.36575997e-08  9.97758308e-10]:11.423976901988773
963:[2.08758313e+12 8.50184208e+11]:[ 6.43234896e-02 -1.95942435e-12 -2.75390825e-13  5.10910352e-11 -1.95323278e-10 -2.12322809e-15  8.23536693e-16  3.54708987e-05 -2.48200147e-06 -1.37764750e-08  9.90210741e-10]:12.016225255126761
1002:[4.16393620e+12 8.97893119e+12]:[ 6.43234896e-02 -1.91547227e-12 -2.77122703e-13  4.84239693e-11 -1.95323278e-10 -1.72357191e-15  8.23536693e-16  3.54708987e-05 -2.40755213e-06 -1.37764750e-08  1.08054666e-09]:12.970982760858101
1003:[8.58085903e+13 1.49341087e+14]:[ 6.41422526e-02 -2.74110348e-12 -2.75390825e-13  5.10910352e-11 -1.96005933e-10 -1.98436691e-15  8.26363593e-16  3.45204617e-05 -3.38985777e-06 -1.36575997e-08  9.97758308e-10]:14.196076265620743
Selected for new population:
[ 6.41422526e-02 -1.91547227e-12 -2.77122703e-13  5.20766755e-11 -1.99532668e-10 -2.06811430e-15  8.26363593e-16  3.45204617e-05 -2.40755213e-06 -1.36575997e-08  9.97758308e-10]
[ 6.43234896e-02 -1.95942435e-12 -2.75390825e-13  5.10910352e-11 -1.95323278e-10 -2.12322809e-15  8.23536693e-16  3.54708987e-05 -2.48200147e-06 -1.37764750e-08  9.90210741e-10]
Selected: [3 0]
***************
***CROSSOVER***
***************
&&&&&&&&&&&&&&&&&&&&&&&&
&&TOURNAMENT SELECTION&&
&&&&&&&&&&&&&&&&&&&&&&&&
parents:
[ 6.41422526e-02 -1.91547227e-12 -2.77122703e-13  5.20766755e-11 -1.99532668e-10 -2.06811430e-15  8.26363593e-16  3.45204617e-05 -2.40755213e-06 -1.36575997e-08  9.97758308e-10]
[ 6.31051551e-02 -1.97166869e-12 -3.26837567e-13  5.30066956e-11 -1.91677277e-10 -2.09382325e-15  8.32997201e-16  2.69787391e-05 -2.31109713e-06 -1.24995898e-08  9.93869124e-10]
children:
[ 6.41422526e-02 -1.97166869e-12 -3.26837567e-13  5.33466560e-11 -1.91677277e-10 -2.09382325e-15  8.26363593e-16  2.69787391e-05 -1.87975717e-06 -9.36567162e-09  9.93869124e-10]
[ 6.31051551e-02 -2.88928883e-12 -2.80903754e-13  5.20766755e-11 -1.99532668e-10 -2.06811430e-15  8.32997201e-16  3.45204617e-05 -2.19296614e-06 -1.36575997e-08  9.97758308e-10]
Population scores:
978:[5.24113056e+11 2.11000718e+11]:[ 6.31051551e-02 -1.97166869e-12 -3.26837567e-13  5.30066956e-11 -1.91677277e-10 -2.09382325e-15  8.32997201e-16  2.69787391e-05 -2.31109713e-06 -1.24995898e-08  9.93869124e-10]:11.411907277245295
955:[9.66024332e+11 1.78504248e+11]:[ 6.41422526e-02 -1.91547227e-12 -2.77122703e-13  5.20766755e-11 -1.99532668e-10 -2.06811430e-15  8.26363593e-16  3.45204617e-05 -2.40755213e-06 -1.36575997e-08  9.97758308e-10]:11.423976901988773
1005:[3.46287831e+12 8.47613909e+12]:[ 6.31051551e-02 -2.88928883e-12 -2.80903754e-13  5.20766755e-11 -1.99532668e-10 -2.06811430e-15  8.32997201e-16  3.45204617e-05 -2.19296614e-06 -1.36575997e-08  9.97758308e-10]:12.943880072189707
1004:[2.42720636e+13 5.41094968e+13]:[ 6.41422526e-02 -1.97166869e-12 -3.26837567e-13  5.33466560e-11 -1.91677277e-10 -2.09382325e-15  8.26363593e-16  2.69787391e-05 -1.87975717e-06 -9.36567162e-09  9.93869124e-10]:13.750461974215012
Selected for new population:
[ 6.31051551e-02 -1.97166869e-12 -3.26837567e-13  5.30066956e-11 -1.91677277e-10 -2.09382325e-15  8.32997201e-16  2.69787391e-05 -2.31109713e-06 -1.24995898e-08  9.93869124e-10]
[ 6.41422526e-02 -1.91547227e-12 -2.77122703e-13  5.20766755e-11 -1.99532668e-10 -2.06811430e-15  8.26363593e-16  3.45204617e-05 -2.40755213e-06 -1.36575997e-08  9.97758308e-10]
Selected: [2 7]
***************
***CROSSOVER***
***************
&&&&&&&&&&&&&&&&&&&&&&&&
&&TOURNAMENT SELECTION&&
&&&&&&&&&&&&&&&&&&&&&&&&
parents:
[ 6.34472282e-02 -2.64462845e-12 -3.19937215e-13  5.14881523e-11 -1.91677277e-10 -1.97742879e-15  8.25293238e-16  2.69787391e-05 -2.31109713e-06 -1.24692363e-08  9.89845431e-10]
[ 6.42187096e-02 -2.53893533e-12 -3.19937215e-13  5.06157946e-11 -1.98212299e-10 -1.97742879e-15  8.28787141e-16  2.66645371e-05 -2.33287928e-06 -1.24692363e-08  9.89845431e-10]
children:
[ 6.50830769e-02 -2.53893533e-12 -3.19937215e-13  5.06157946e-11 -1.98212299e-10 -1.97742879e-15  8.25293238e-16  2.66645371e-05 -2.33287928e-06 -2.04035490e-08  9.89845431e-10]
[ 6.34472282e-02 -2.64462845e-12 -3.19937215e-13  5.14881523e-11 -1.91677277e-10 -1.97742879e-15  8.28787141e-16  2.69787391e-05 -2.31109713e-06 -1.24692363e-08  9.89845431e-10]
Population scores:
972:[5.38794641e+11 2.14175713e+11]:[ 6.34472282e-02 -2.64462845e-12 -3.19937215e-13  5.14881523e-11 -1.91677277e-10 -1.97742879e-15  8.25293238e-16  2.69787391e-05 -2.31109713e-06 -1.24692363e-08  9.89845431e-10]:11.41940589584687
1007:[5.38794641e+11 2.14175713e+11]:[ 6.34472282e-02 -2.64462845e-12 -3.19937215e-13  5.14881523e-11 -1.91677277e-10 -1.97742879e-15  8.28787141e-16  2.69787391e-05 -2.31109713e-06 -1.24692363e-08  9.89845431e-10]:11.41940589584687
967:[7.97852223e+11 3.89353730e+11]:[ 6.42187096e-02 -2.53893533e-12 -3.19937215e-13  5.06157946e-11 -1.98212299e-10 -1.97742879e-15  8.28787141e-16  2.66645371e-05 -2.33287928e-06 -1.24692363e-08  9.89845431e-10]:11.663852035639175
1006:[1.65712356e+13 2.75884017e+13]:[ 6.50830769e-02 -2.53893533e-12 -3.19937215e-13  5.06157946e-11 -1.98212299e-10 -1.97742879e-15  8.25293238e-16  2.66645371e-05 -2.33287928e-06 -2.04035490e-08  9.89845431e-10]:13.46359160806753
Selected for new population:
[ 6.34472282e-02 -2.64462845e-12 -3.19937215e-13  5.14881523e-11 -1.91677277e-10 -1.97742879e-15  8.25293238e-16  2.69787391e-05 -2.31109713e-06 -1.24692363e-08  9.89845431e-10]
[ 6.34472282e-02 -2.64462845e-12 -3.19937215e-13  5.14881523e-11 -1.91677277e-10 -1.97742879e-15  8.28787141e-16  2.69787391e-05 -2.31109713e-06 -1.24692363e-08  9.89845431e-10]
Selected: [3 6]
***************
***CROSSOVER***
***************
&&&&&&&&&&&&&&&&&&&&&&&&
&&TOURNAMENT SELECTION&&
&&&&&&&&&&&&&&&&&&&&&&&&
parents:
[ 6.41422526e-02 -1.91547227e-12 -2.77122703e-13  5.20766755e-11 -1.99532668e-10 -2.06811430e-15  8.26363593e-16  3.45204617e-05 -2.40755213e-06 -1.36575997e-08  9.97758308e-10]
[ 6.48914355e-02 -2.62810037e-12 -4.24131118e-13  5.14881523e-11 -2.01291424e-10 -2.09382325e-15  8.36096236e-16  2.69787391e-05 -2.33242077e-06 -1.24995898e-08  9.93869124e-10]
children:
[ 6.48914355e-02 -1.91547227e-12 -2.77122703e-13  5.14881523e-11 -2.06133433e-10 -2.16293673e-15  9.13131954e-16  2.69787391e-05 -2.33242077e-06 -1.22760989e-08  9.97758308e-10]
[ 6.41422526e-02 -2.62810037e-12 -4.24131118e-13  5.20766755e-11 -1.99532668e-10 -2.06811430e-15  8.26363593e-16  3.45204617e-05 -2.40755213e-06 -1.24995898e-08  9.93869124e-10]
Population scores:
955:[9.66024332e+11 1.78504248e+11]:[ 6.41422526e-02 -1.91547227e-12 -2.77122703e-13  5.20766755e-11 -1.99532668e-10 -2.06811430e-15  8.26363593e-16  3.45204617e-05 -2.40755213e-06 -1.36575997e-08  9.97758308e-10]:11.423976901988773
1008:[5.99749504e+11 2.23005398e+11]:[ 6.48914355e-02 -1.91547227e-12 -2.77122703e-13  5.14881523e-11 -2.06133433e-10 -2.16293673e-15  9.13131954e-16  2.69787391e-05 -2.33242077e-06 -1.22760989e-08  9.97758308e-10]:11.44245288530879
981:[7.22196581e+11 2.96649946e+11]:[ 6.48914355e-02 -2.62810037e-12 -4.24131118e-13  5.14881523e-11 -2.01291424e-10 -2.09382325e-15  8.36096236e-16  2.69787391e-05 -2.33242077e-06 -1.24995898e-08  9.93869124e-10]:11.558285633737482
1009:[1.08747656e+12 7.35832773e+11]:[ 6.41422526e-02 -2.62810037e-12 -4.24131118e-13  5.20766755e-11 -1.99532668e-10 -2.06811430e-15  8.26363593e-16  3.45204617e-05 -2.40755213e-06 -1.24995898e-08  9.93869124e-10]:11.921012751565106
Selected for new population:
[ 6.41422526e-02 -1.91547227e-12 -2.77122703e-13  5.20766755e-11 -1.99532668e-10 -2.06811430e-15  8.26363593e-16  3.45204617e-05 -2.40755213e-06 -1.36575997e-08  9.97758308e-10]
[ 6.48914355e-02 -1.91547227e-12 -2.77122703e-13  5.14881523e-11 -2.06133433e-10 -2.16293673e-15  9.13131954e-16  2.69787391e-05 -2.33242077e-06 -1.22760989e-08  9.97758308e-10]
Population scores:
978:[5.24113056e+11 2.11000718e+11]:[ 6.31051551e-02 -1.97166869e-12 -3.26837567e-13  5.30066956e-11 -1.91677277e-10 -2.09382325e-15  8.32997201e-16  2.69787391e-05 -2.31109713e-06 -1.24995898e-08  9.93869124e-10]:11.411907277245295
959:[4.85318244e+11 2.16461797e+11]:[ 6.34472282e-02 -2.62810037e-12 -3.26837567e-13  5.14881523e-11 -1.91677277e-10 -1.98142671e-15  8.26363593e-16  2.69787391e-05 -2.31109713e-06 -1.24995898e-08  9.93869124e-10]:11.41520786812977
972:[5.38794641e+11 2.14175713e+11]:[ 6.34472282e-02 -2.64462845e-12 -3.19937215e-13  5.14881523e-11 -1.91677277e-10 -1.97742879e-15  8.25293238e-16  2.69787391e-05 -2.31109713e-06 -1.24692363e-08  9.89845431e-10]:11.41940589584687
1007:[5.38794641e+11 2.14175713e+11]:[ 6.34472282e-02 -2.64462845e-12 -3.19937215e-13  5.14881523e-11 -1.91677277e-10 -1.97742879e-15  8.28787141e-16  2.69787391e-05 -2.31109713e-06 -1.24692363e-08  9.89845431e-10]:11.41940589584687
955:[9.66024332e+11 1.78504248e+11]:[ 6.41422526e-02 -1.91547227e-12 -2.77122703e-13  5.20766755e-11 -1.99532668e-10 -2.06811430e-15  8.26363593e-16  3.45204617e-05 -2.40755213e-06 -1.36575997e-08  9.97758308e-10]:11.423976901988773
1008:[5.99749504e+11 2.23005398e+11]:[ 6.48914355e-02 -1.91547227e-12 -2.77122703e-13  5.14881523e-11 -2.06133433e-10 -2.16293673e-15  9.13131954e-16  2.69787391e-05 -2.33242077e-06 -1.22760989e-08  9.97758308e-10]:11.44245288530879
994:[5.15018179e+11 2.86960121e+11]:[ 6.42187096e-02 -2.62810037e-12 -3.60938461e-13  4.26875711e-11 -1.98212299e-10 -1.29050176e-15  8.36096236e-16  2.69787391e-05 -2.33287928e-06 -1.24995898e-08  9.89845431e-10]:11.52285063314486
983:[5.37516938e+11 2.87131449e+11]:[ 6.42187096e-02 -1.91547227e-12 -3.19937215e-13  5.20766755e-11 -1.98212299e-10 -1.37688496e-15  8.28787141e-16  2.66645371e-05 -2.33287928e-06 -1.24692363e-08  9.89845431e-10]:11.525702845563451
981:[7.22196581e+11 2.96649946e+11]:[ 6.48914355e-02 -2.62810037e-12 -4.24131118e-13  5.14881523e-11 -2.01291424e-10 -2.09382325e-15  8.36096236e-16  2.69787391e-05 -2.33242077e-06 -1.24995898e-08  9.93869124e-10]:11.558285633737482
967:[7.97852223e+11 3.89353730e+11]:[ 6.42187096e-02 -2.53893533e-12 -3.19937215e-13  5.06157946e-11 -1.98212299e-10 -1.97742879e-15  8.28787141e-16  2.66645371e-05 -2.33287928e-06 -1.24692363e-08  9.89845431e-10]:11.663852035639175
962:[6.22130559e+11 4.62631768e+11]:[ 6.48914355e-02 -1.97166869e-12 -2.67563230e-13  5.30066956e-11 -2.01291424e-10 -2.09382325e-15  8.32997201e-16  3.37302504e-05 -2.33242077e-06 -1.45980202e-08  1.00564121e-09]:11.714852207225869
963:[2.08758313e+12 8.50184208e+11]:[ 6.43234896e-02 -1.95942435e-12 -2.75390825e-13  5.10910352e-11 -1.95323278e-10 -2.12322809e-15  8.23536693e-16  3.54708987e-05 -2.48200147e-06 -1.37764750e-08  9.90210741e-10]:12.016225255126761
*******************************
***iteration: 4 Population is***
*******************************
Population scores:
978:[5.24113056e+11 2.11000718e+11]:[ 6.31051551e-02 -1.97166869e-12 -3.26837567e-13  5.30066956e-11 -1.91677277e-10 -2.09382325e-15  8.32997201e-16  2.69787391e-05 -2.31109713e-06 -1.24995898e-08  9.93869124e-10]:11.411907277245295
959:[4.85318244e+11 2.16461797e+11]:[ 6.34472282e-02 -2.62810037e-12 -3.26837567e-13  5.14881523e-11 -1.91677277e-10 -1.98142671e-15  8.26363593e-16  2.69787391e-05 -2.31109713e-06 -1.24995898e-08  9.93869124e-10]:11.41520786812977
972:[5.38794641e+11 2.14175713e+11]:[ 6.34472282e-02 -2.64462845e-12 -3.19937215e-13  5.14881523e-11 -1.91677277e-10 -1.97742879e-15  8.25293238e-16  2.69787391e-05 -2.31109713e-06 -1.24692363e-08  9.89845431e-10]:11.41940589584687
1007:[5.38794641e+11 2.14175713e+11]:[ 6.34472282e-02 -2.64462845e-12 -3.19937215e-13  5.14881523e-11 -1.91677277e-10 -1.97742879e-15  8.28787141e-16  2.69787391e-05 -2.31109713e-06 -1.24692363e-08  9.89845431e-10]:11.41940589584687
955:[9.66024332e+11 1.78504248e+11]:[ 6.41422526e-02 -1.91547227e-12 -2.77122703e-13  5.20766755e-11 -1.99532668e-10 -2.06811430e-15  8.26363593e-16  3.45204617e-05 -2.40755213e-06 -1.36575997e-08  9.97758308e-10]:11.423976901988773
1008:[5.99749504e+11 2.23005398e+11]:[ 6.48914355e-02 -1.91547227e-12 -2.77122703e-13  5.14881523e-11 -2.06133433e-10 -2.16293673e-15  9.13131954e-16  2.69787391e-05 -2.33242077e-06 -1.22760989e-08  9.97758308e-10]:11.44245288530879
994:[5.15018179e+11 2.86960121e+11]:[ 6.42187096e-02 -2.62810037e-12 -3.60938461e-13  4.26875711e-11 -1.98212299e-10 -1.29050176e-15  8.36096236e-16  2.69787391e-05 -2.33287928e-06 -1.24995898e-08  9.89845431e-10]:11.52285063314486
983:[5.37516938e+11 2.87131449e+11]:[ 6.42187096e-02 -1.91547227e-12 -3.19937215e-13  5.20766755e-11 -1.98212299e-10 -1.37688496e-15  8.28787141e-16  2.66645371e-05 -2.33287928e-06 -1.24692363e-08  9.89845431e-10]:11.525702845563451
981:[7.22196581e+11 2.96649946e+11]:[ 6.48914355e-02 -2.62810037e-12 -4.24131118e-13  5.14881523e-11 -2.01291424e-10 -2.09382325e-15  8.36096236e-16  2.69787391e-05 -2.33242077e-06 -1.24995898e-08  9.93869124e-10]:11.558285633737482
967:[7.97852223e+11 3.89353730e+11]:[ 6.42187096e-02 -2.53893533e-12 -3.19937215e-13  5.06157946e-11 -1.98212299e-10 -1.97742879e-15  8.28787141e-16  2.66645371e-05 -2.33287928e-06 -1.24692363e-08  9.89845431e-10]:11.663852035639175
Selected: [2 1]
***************
***CROSSOVER***
***************
&&&&&&&&&&&&&&&&&&&&&&&&
&&TOURNAMENT SELECTION&&
&&&&&&&&&&&&&&&&&&&&&&&&
parents:
[ 6.34472282e-02 -2.64462845e-12 -3.19937215e-13  5.14881523e-11 -1.91677277e-10 -1.97742879e-15  8.25293238e-16  2.69787391e-05 -2.31109713e-06 -1.24692363e-08  9.89845431e-10]
[ 6.34472282e-02 -2.62810037e-12 -3.26837567e-13  5.14881523e-11 -1.91677277e-10 -1.98142671e-15  8.26363593e-16  2.69787391e-05 -2.31109713e-06 -1.24995898e-08  9.93869124e-10]
children:
[ 6.00162216e-02 -2.62810037e-12 -3.19937215e-13  5.14881523e-11 -1.91677277e-10 -2.03247076e-15  8.26363593e-16  2.69787391e-05 -2.31109713e-06 -1.24692363e-08  9.93869124e-10]
[ 6.35937206e-02 -2.58029152e-12 -3.26837567e-13  5.14881523e-11 -1.93574000e-10 -1.97742879e-15  8.25293238e-16  2.69787391e-05 -2.31109713e-06 -1.24995898e-08  9.89845431e-10]
Population scores:
1010:[4.95854623e+11 2.13939341e+11]:[ 6.00162216e-02 -2.62810037e-12 -3.19937215e-13  5.14881523e-11 -1.91677277e-10 -2.03247076e-15  8.26363593e-16  2.69787391e-05 -2.31109713e-06 -1.24692363e-08  9.93869124e-10]:11.41257184795312
959:[4.85318244e+11 2.16461797e+11]:[ 6.34472282e-02 -2.62810037e-12 -3.26837567e-13  5.14881523e-11 -1.91677277e-10 -1.98142671e-15  8.26363593e-16  2.69787391e-05 -2.31109713e-06 -1.24995898e-08  9.93869124e-10]:11.41520786812977
972:[5.38794641e+11 2.14175713e+11]:[ 6.34472282e-02 -2.64462845e-12 -3.19937215e-13  5.14881523e-11 -1.91677277e-10 -1.97742879e-15  8.25293238e-16  2.69787391e-05 -2.31109713e-06 -1.24692363e-08  9.89845431e-10]:11.41940589584687
1011:[5.46175112e+11 2.16303059e+11]:[ 6.35937206e-02 -2.58029152e-12 -3.26837567e-13  5.14881523e-11 -1.93574000e-10 -1.97742879e-15  8.25293238e-16  2.69787391e-05 -2.31109713e-06 -1.24995898e-08  9.89845431e-10]:11.423997158383626
Selected for new population:
[ 6.00162216e-02 -2.62810037e-12 -3.19937215e-13  5.14881523e-11 -1.91677277e-10 -2.03247076e-15  8.26363593e-16  2.69787391e-05 -2.31109713e-06 -1.24692363e-08  9.93869124e-10]
[ 6.34472282e-02 -2.62810037e-12 -3.26837567e-13  5.14881523e-11 -1.91677277e-10 -1.98142671e-15  8.26363593e-16  2.69787391e-05 -2.31109713e-06 -1.24995898e-08  9.93869124e-10]
Selected: [3 7]
***************
***CROSSOVER***
***************
&&&&&&&&&&&&&&&&&&&&&&&&
&&TOURNAMENT SELECTION&&
&&&&&&&&&&&&&&&&&&&&&&&&
parents:
[ 6.34472282e-02 -2.64462845e-12 -3.19937215e-13  5.14881523e-11 -1.91677277e-10 -1.97742879e-15  8.28787141e-16  2.69787391e-05 -2.31109713e-06 -1.24692363e-08  9.89845431e-10]
[ 6.42187096e-02 -1.91547227e-12 -3.19937215e-13  5.20766755e-11 -1.98212299e-10 -1.37688496e-15  8.28787141e-16  2.66645371e-05 -2.33287928e-06 -1.24692363e-08  9.89845431e-10]
children:
[ 6.34472282e-02 -3.27578807e-12 -3.21079709e-13  5.20766755e-11 -2.02075809e-10 -1.37688496e-15  8.28787141e-16  2.69787391e-05 -2.33287928e-06 -1.24692363e-08  9.89845431e-10]
[ 6.42187096e-02 -1.91547227e-12 -3.26684137e-13  5.14881523e-11 -1.91677277e-10 -1.97742879e-15  8.21881931e-16  2.66645371e-05 -2.31109713e-06 -1.21496247e-08  9.89845431e-10]
Population scores:
1007:[5.38794641e+11 2.14175713e+11]:[ 6.34472282e-02 -2.64462845e-12 -3.19937215e-13  5.14881523e-11 -1.91677277e-10 -1.97742879e-15  8.28787141e-16  2.69787391e-05 -2.31109713e-06 -1.24692363e-08  9.89845431e-10]:11.41940589584687
1013:[4.95492169e+11 2.20720461e+11]:[ 6.42187096e-02 -1.91547227e-12 -3.26684137e-13  5.14881523e-11 -1.91677277e-10 -1.97742879e-15  8.21881931e-16  2.66645371e-05 -2.31109713e-06 -1.21496247e-08  9.89845431e-10]:11.423761404377517
1012:[5.22831750e+11 2.73463559e+11]:[ 6.34472282e-02 -3.27578807e-12 -3.21079709e-13  5.20766755e-11 -2.02075809e-10 -1.37688496e-15  8.28787141e-16  2.69787391e-05 -2.33287928e-06 -1.24692363e-08  9.89845431e-10]:11.505852988234736
983:[5.37516938e+11 2.87131449e+11]:[ 6.42187096e-02 -1.91547227e-12 -3.19937215e-13  5.20766755e-11 -1.98212299e-10 -1.37688496e-15  8.28787141e-16  2.66645371e-05 -2.33287928e-06 -1.24692363e-08  9.89845431e-10]:11.525702845563451
Selected for new population:
[ 6.34472282e-02 -2.64462845e-12 -3.19937215e-13  5.14881523e-11 -1.91677277e-10 -1.97742879e-15  8.28787141e-16  2.69787391e-05 -2.31109713e-06 -1.24692363e-08  9.89845431e-10]
[ 6.42187096e-02 -1.91547227e-12 -3.26684137e-13  5.14881523e-11 -1.91677277e-10 -1.97742879e-15  8.21881931e-16  2.66645371e-05 -2.31109713e-06 -1.21496247e-08  9.89845431e-10]
Selected: [6 7]
***************
***CROSSOVER***
***************
&&&&&&&&&&&&&&&&&&&&&&&&
&&TOURNAMENT SELECTION&&
&&&&&&&&&&&&&&&&&&&&&&&&
parents:
[ 6.42187096e-02 -2.62810037e-12 -3.60938461e-13  4.26875711e-11 -1.98212299e-10 -1.29050176e-15  8.36096236e-16  2.69787391e-05 -2.33287928e-06 -1.24995898e-08  9.89845431e-10]
[ 6.42187096e-02 -1.91547227e-12 -3.19937215e-13  5.20766755e-11 -1.98212299e-10 -1.37688496e-15  8.28787141e-16  2.66645371e-05 -2.33287928e-06 -1.24692363e-08  9.89845431e-10]
children:
[ 6.42187096e-02 -1.91547227e-12 -3.19937215e-13  5.20766755e-11 -2.02166152e-10 -5.98946218e-16  8.28787141e-16  2.66645371e-05 -2.62023023e-06 -3.69630562e-09  9.89845431e-10]
[ 6.42187096e-02 -3.35701220e-12 -3.60938461e-13  4.26875711e-11 -1.38923374e-10 -1.29050176e-15  8.36096236e-16  2.69787391e-05 -2.33287928e-06 -1.24995898e-08  9.89845431e-10]
Population scores:
1015:[5.15018178e+11 2.86960121e+11]:[ 6.42187096e-02 -3.35701220e-12 -3.60938461e-13  4.26875711e-11 -1.38923374e-10 -1.29050176e-15  8.36096236e-16  2.69787391e-05 -2.33287928e-06 -1.24995898e-08  9.89845431e-10]:11.52285063309089
994:[5.15018179e+11 2.86960121e+11]:[ 6.42187096e-02 -2.62810037e-12 -3.60938461e-13  4.26875711e-11 -1.98212299e-10 -1.29050176e-15  8.36096236e-16  2.69787391e-05 -2.33287928e-06 -1.24995898e-08  9.89845431e-10]:11.52285063314486
983:[5.37516938e+11 2.87131449e+11]:[ 6.42187096e-02 -1.91547227e-12 -3.19937215e-13  5.20766755e-11 -1.98212299e-10 -1.37688496e-15  8.28787141e-16  2.66645371e-05 -2.33287928e-06 -1.24692363e-08  9.89845431e-10]:11.525702845563451
1014:[4.21634091e+12 4.80554467e+12]:[ 6.42187096e-02 -1.91547227e-12 -3.19937215e-13  5.20766755e-11 -2.02166152e-10 -5.98946218e-16  8.28787141e-16  2.66645371e-05 -2.62023023e-06 -3.69630562e-09  9.89845431e-10]:12.714750046552044
Selected for new population:
[ 6.42187096e-02 -3.35701220e-12 -3.60938461e-13  4.26875711e-11 -1.38923374e-10 -1.29050176e-15  8.36096236e-16  2.69787391e-05 -2.33287928e-06 -1.24995898e-08  9.89845431e-10]
[ 6.42187096e-02 -2.62810037e-12 -3.60938461e-13  4.26875711e-11 -1.98212299e-10 -1.29050176e-15  8.36096236e-16  2.69787391e-05 -2.33287928e-06 -1.24995898e-08  9.89845431e-10]
Selected: [3 0]
***************
***CROSSOVER***
***************
&&&&&&&&&&&&&&&&&&&&&&&&
&&TOURNAMENT SELECTION&&
&&&&&&&&&&&&&&&&&&&&&&&&
parents:
[ 6.34472282e-02 -2.64462845e-12 -3.19937215e-13  5.14881523e-11 -1.91677277e-10 -1.97742879e-15  8.28787141e-16  2.69787391e-05 -2.31109713e-06 -1.24692363e-08  9.89845431e-10]
[ 6.31051551e-02 -1.97166869e-12 -3.26837567e-13  5.30066956e-11 -1.91677277e-10 -2.09382325e-15  8.32997201e-16  2.69787391e-05 -2.31109713e-06 -1.24995898e-08  9.93869124e-10]
children:
[ 6.31051551e-02 -1.97166869e-12 -3.26837567e-13  5.30066956e-11 -1.91677277e-10 -2.09382325e-15  8.28787141e-16  2.69787391e-05 -2.31109713e-06 -1.28722705e-08  9.93869124e-10]
[ 6.34472282e-02 -2.64462845e-12 -3.27195609e-13  5.14881523e-11 -1.91677277e-10 -1.97742879e-15  8.32997201e-16  2.69787391e-05 -2.24528049e-06 -1.24692363e-08  9.52990233e-10]
Population scores:
978:[5.24113056e+11 2.11000718e+11]:[ 6.31051551e-02 -1.97166869e-12 -3.26837567e-13  5.30066956e-11 -1.91677277e-10 -2.09382325e-15  8.32997201e-16  2.69787391e-05 -2.31109713e-06 -1.24995898e-08  9.93869124e-10]:11.411907277245295
1007:[5.38794641e+11 2.14175713e+11]:[ 6.34472282e-02 -2.64462845e-12 -3.19937215e-13  5.14881523e-11 -1.91677277e-10 -1.97742879e-15  8.28787141e-16  2.69787391e-05 -2.31109713e-06 -1.24692363e-08  9.89845431e-10]:11.41940589584687
1017:[6.84493270e+11 2.60898889e+11]:[ 6.34472282e-02 -2.64462845e-12 -3.27195609e-13  5.14881523e-11 -1.91677277e-10 -1.97742879e-15  8.32997201e-16  2.69787391e-05 -2.24528049e-06 -1.24692363e-08  9.52990233e-10]:11.508534140706237
1016:[6.36846232e+11 2.67715147e+11]:[ 6.31051551e-02 -1.97166869e-12 -3.26837567e-13  5.30066956e-11 -1.91677277e-10 -2.09382325e-15  8.28787141e-16  2.69787391e-05 -2.31109713e-06 -1.28722705e-08  9.93869124e-10]:11.511925195464512
Selected for new population:
[ 6.31051551e-02 -1.97166869e-12 -3.26837567e-13  5.30066956e-11 -1.91677277e-10 -2.09382325e-15  8.32997201e-16  2.69787391e-05 -2.31109713e-06 -1.24995898e-08  9.93869124e-10]
[ 6.34472282e-02 -2.64462845e-12 -3.19937215e-13  5.14881523e-11 -1.91677277e-10 -1.97742879e-15  8.28787141e-16  2.69787391e-05 -2.31109713e-06 -1.24692363e-08  9.89845431e-10]
Selected: [5 2]
***************
***CROSSOVER***
***************
&&&&&&&&&&&&&&&&&&&&&&&&
&&TOURNAMENT SELECTION&&
&&&&&&&&&&&&&&&&&&&&&&&&
parents:
[ 6.48914355e-02 -1.91547227e-12 -2.77122703e-13  5.14881523e-11 -2.06133433e-10 -2.16293673e-15  9.13131954e-16  2.69787391e-05 -2.33242077e-06 -1.22760989e-08  9.97758308e-10]
[ 6.34472282e-02 -2.64462845e-12 -3.19937215e-13  5.14881523e-11 -1.91677277e-10 -1.97742879e-15  8.25293238e-16  2.69787391e-05 -2.31109713e-06 -1.24692363e-08  9.89845431e-10]
children:
[ 6.34472282e-02 -1.86637461e-12 -2.77122703e-13  5.14881523e-11 -2.06133433e-10 -1.97742879e-15  8.25293238e-16  2.69787391e-05 -2.26374450e-06 -1.22760989e-08  9.89845431e-10]
[ 6.48914355e-02 -2.64462845e-12 -3.19937215e-13  5.14881523e-11 -1.91677277e-10 -2.16293673e-15  9.13131954e-16  2.74830808e-05 -2.39017884e-06 -1.24692363e-08  9.90959833e-10]
Population scores:
972:[5.38794641e+11 2.14175713e+11]:[ 6.34472282e-02 -2.64462845e-12 -3.19937215e-13  5.14881523e-11 -1.91677277e-10 -1.97742879e-15  8.25293238e-16  2.69787391e-05 -2.31109713e-06 -1.24692363e-08  9.89845431e-10]:11.41940589584687
1008:[5.99749504e+11 2.23005398e+11]:[ 6.48914355e-02 -1.91547227e-12 -2.77122703e-13  5.14881523e-11 -2.06133433e-10 -2.16293673e-15  9.13131954e-16  2.69787391e-05 -2.33242077e-06 -1.22760989e-08  9.97758308e-10]:11.44245288530879
1018:[3.90561443e+11 6.42843257e+11]:[ 6.34472282e-02 -1.86637461e-12 -2.77122703e-13  5.14881523e-11 -2.06133433e-10 -1.97742879e-15  8.25293238e-16  2.69787391e-05 -2.26374450e-06 -1.22760989e-08  9.89845431e-10]:11.831225713679665
1019:[1.65758168e+12 1.19100251e+12]:[ 6.48914355e-02 -2.64462845e-12 -3.19937215e-13  5.14881523e-11 -1.91677277e-10 -2.16293673e-15  9.13131954e-16  2.74830808e-05 -2.39017884e-06 -1.24692363e-08  9.90959833e-10]:12.127164706732852
Selected for new population:
[ 6.34472282e-02 -2.64462845e-12 -3.19937215e-13  5.14881523e-11 -1.91677277e-10 -1.97742879e-15  8.25293238e-16  2.69787391e-05 -2.31109713e-06 -1.24692363e-08  9.89845431e-10]
[ 6.48914355e-02 -1.91547227e-12 -2.77122703e-13  5.14881523e-11 -2.06133433e-10 -2.16293673e-15  9.13131954e-16  2.69787391e-05 -2.33242077e-06 -1.22760989e-08  9.97758308e-10]
Population scores:
978:[5.24113056e+11 2.11000718e+11]:[ 6.31051551e-02 -1.97166869e-12 -3.26837567e-13  5.30066956e-11 -1.91677277e-10 -2.09382325e-15  8.32997201e-16  2.69787391e-05 -2.31109713e-06 -1.24995898e-08  9.93869124e-10]:11.411907277245295
1010:[4.95854623e+11 2.13939341e+11]:[ 6.00162216e-02 -2.62810037e-12 -3.19937215e-13  5.14881523e-11 -1.91677277e-10 -2.03247076e-15  8.26363593e-16  2.69787391e-05 -2.31109713e-06 -1.24692363e-08  9.93869124e-10]:11.41257184795312
959:[4.85318244e+11 2.16461797e+11]:[ 6.34472282e-02 -2.62810037e-12 -3.26837567e-13  5.14881523e-11 -1.91677277e-10 -1.98142671e-15  8.26363593e-16  2.69787391e-05 -2.31109713e-06 -1.24995898e-08  9.93869124e-10]:11.41520786812977
972:[5.38794641e+11 2.14175713e+11]:[ 6.34472282e-02 -2.64462845e-12 -3.19937215e-13  5.14881523e-11 -1.91677277e-10 -1.97742879e-15  8.25293238e-16  2.69787391e-05 -2.31109713e-06 -1.24692363e-08  9.89845431e-10]:11.41940589584687
1007:[5.38794641e+11 2.14175713e+11]:[ 6.34472282e-02 -2.64462845e-12 -3.19937215e-13  5.14881523e-11 -1.91677277e-10 -1.97742879e-15  8.28787141e-16  2.69787391e-05 -2.31109713e-06 -1.24692363e-08  9.89845431e-10]:11.41940589584687
1013:[4.95492169e+11 2.20720461e+11]:[ 6.42187096e-02 -1.91547227e-12 -3.26684137e-13  5.14881523e-11 -1.91677277e-10 -1.97742879e-15  8.21881931e-16  2.66645371e-05 -2.31109713e-06 -1.21496247e-08  9.89845431e-10]:11.423761404377517
955:[9.66024332e+11 1.78504248e+11]:[ 6.41422526e-02 -1.91547227e-12 -2.77122703e-13  5.20766755e-11 -1.99532668e-10 -2.06811430e-15  8.26363593e-16  3.45204617e-05 -2.40755213e-06 -1.36575997e-08  9.97758308e-10]:11.423976901988773
1008:[5.99749504e+11 2.23005398e+11]:[ 6.48914355e-02 -1.91547227e-12 -2.77122703e-13  5.14881523e-11 -2.06133433e-10 -2.16293673e-15  9.13131954e-16  2.69787391e-05 -2.33242077e-06 -1.22760989e-08  9.97758308e-10]:11.44245288530879
1015:[5.15018178e+11 2.86960121e+11]:[ 6.42187096e-02 -3.35701220e-12 -3.60938461e-13  4.26875711e-11 -1.38923374e-10 -1.29050176e-15  8.36096236e-16  2.69787391e-05 -2.33287928e-06 -1.24995898e-08  9.89845431e-10]:11.52285063309089
994:[5.15018179e+11 2.86960121e+11]:[ 6.42187096e-02 -2.62810037e-12 -3.60938461e-13  4.26875711e-11 -1.98212299e-10 -1.29050176e-15  8.36096236e-16  2.69787391e-05 -2.33287928e-06 -1.24995898e-08  9.89845431e-10]:11.52285063314486
983:[5.37516938e+11 2.87131449e+11]:[ 6.42187096e-02 -1.91547227e-12 -3.19937215e-13  5.20766755e-11 -1.98212299e-10 -1.37688496e-15  8.28787141e-16  2.66645371e-05 -2.33287928e-06 -1.24692363e-08  9.89845431e-10]:11.525702845563451
981:[7.22196581e+11 2.96649946e+11]:[ 6.48914355e-02 -2.62810037e-12 -4.24131118e-13  5.14881523e-11 -2.01291424e-10 -2.09382325e-15  8.36096236e-16  2.69787391e-05 -2.33242077e-06 -1.24995898e-08  9.93869124e-10]:11.558285633737482
967:[7.97852223e+11 3.89353730e+11]:[ 6.42187096e-02 -2.53893533e-12 -3.19937215e-13  5.06157946e-11 -1.98212299e-10 -1.97742879e-15  8.28787141e-16  2.66645371e-05 -2.33287928e-06 -1.24692363e-08  9.89845431e-10]:11.663852035639175
%%%%%%%%%%%%%%%%%%%%%%%%%
%%%final - population%%%%
%%%%%%%%%%%%%%%%%%%%%%%%%
978:[ 6.31051551e-02 -1.97166869e-12 -3.26837567e-13  5.30066956e-11 -1.91677277e-10 -2.09382325e-15  8.32997201e-16  2.69787391e-05 -2.31109713e-06 -1.24995898e-08  9.93869124e-10]:[5.24113056e+11 2.11000718e+11]
1010:[ 6.00162216e-02 -2.62810037e-12 -3.19937215e-13  5.14881523e-11 -1.91677277e-10 -2.03247076e-15  8.26363593e-16  2.69787391e-05 -2.31109713e-06 -1.24692363e-08  9.93869124e-10]:[4.95854623e+11 2.13939341e+11]
959:[ 6.34472282e-02 -2.62810037e-12 -3.26837567e-13  5.14881523e-11 -1.91677277e-10 -1.98142671e-15  8.26363593e-16  2.69787391e-05 -2.31109713e-06 -1.24995898e-08  9.93869124e-10]:[4.85318244e+11 2.16461797e+11]
972:[ 6.34472282e-02 -2.64462845e-12 -3.19937215e-13  5.14881523e-11 -1.91677277e-10 -1.97742879e-15  8.25293238e-16  2.69787391e-05 -2.31109713e-06 -1.24692363e-08  9.89845431e-10]:[5.38794641e+11 2.14175713e+11]
1007:[ 6.34472282e-02 -2.64462845e-12 -3.19937215e-13  5.14881523e-11 -1.91677277e-10 -1.97742879e-15  8.28787141e-16  2.69787391e-05 -2.31109713e-06 -1.24692363e-08  9.89845431e-10]:[5.38794641e+11 2.14175713e+11]
1013:[ 6.42187096e-02 -1.91547227e-12 -3.26684137e-13  5.14881523e-11 -1.91677277e-10 -1.97742879e-15  8.21881931e-16  2.66645371e-05 -2.31109713e-06 -1.21496247e-08  9.89845431e-10]:[4.95492169e+11 2.20720461e+11]
955:[ 6.41422526e-02 -1.91547227e-12 -2.77122703e-13  5.20766755e-11 -1.99532668e-10 -2.06811430e-15  8.26363593e-16  3.45204617e-05 -2.40755213e-06 -1.36575997e-08  9.97758308e-10]:[9.66024332e+11 1.78504248e+11]
1008:[ 6.48914355e-02 -1.91547227e-12 -2.77122703e-13  5.14881523e-11 -2.06133433e-10 -2.16293673e-15  9.13131954e-16  2.69787391e-05 -2.33242077e-06 -1.22760989e-08  9.97758308e-10]:[5.99749504e+11 2.23005398e+11]
1015:[ 6.42187096e-02 -3.35701220e-12 -3.60938461e-13  4.26875711e-11 -1.38923374e-10 -1.29050176e-15  8.36096236e-16  2.69787391e-05 -2.33287928e-06 -1.24995898e-08  9.89845431e-10]:[5.15018178e+11 2.86960121e+11]
994:[ 6.42187096e-02 -2.62810037e-12 -3.60938461e-13  4.26875711e-11 -1.98212299e-10 -1.29050176e-15  8.36096236e-16  2.69787391e-05 -2.33287928e-06 -1.24995898e-08  9.89845431e-10]:[5.15018179e+11 2.86960121e+11]
