Generating Population from
[ 6.45139587e-02 -1.97166869e-12 -3.26837567e-13  5.20766755e-11 -1.93164851e-10 -2.09382325e-15  7.47924438e-16  3.45255475e-05 -2.31109713e-06 -1.24995898e-08  9.23465472e-10]
*******************************
***iteration: 0 Population is***
*******************************
Population scores:
1096:[1.25088756e+12 1.29827856e+11]:[ 6.45139587e-02 -1.97166869e-12 -3.26837567e-13  5.20766755e-11 -1.93164851e-10 -2.09382325e-15  7.47924438e-16  3.45255475e-05 -2.31109713e-06 -1.24995898e-08  9.23465472e-10]:12.002360109621351
1229:[2.37684753e+12 8.22440040e+11]:[ 6.83224157e-02 -2.70847809e-12 -2.36491707e-13  4.29838150e-11 -1.35100916e-10 -2.17396809e-15  7.70826519e-16  2.76519257e-05 -2.59583896e-06 -3.32239139e-09  9.47563521e-10]:12.395541881209894
1226:[3.08172868e+12 2.82216659e+12]:[ 6.85787439e-02 -2.69945210e-12 -2.89362684e-13  5.23111647e-11 -9.52023298e-11 -1.14118046e-15  7.05939179e-16  3.73893813e-05 -2.34202278e-06 -8.05170151e-09  8.60802456e-10]:12.697174979492035
1228:[5.47463916e+12 7.63575333e+12]:[ 6.33477105e-02 -1.46352928e-12 -4.16978015e-13  5.01419083e-11 -2.57954485e-10 -2.33809369e-15  7.36030600e-16  3.47410851e-05 -2.50045203e-06 -3.16319006e-09  9.10263433e-10]:13.059487712404138
1227:[1.57654185e+13 3.18755374e+13]:[ 6.38362598e-02 -1.68147510e-12 -3.73640460e-13  5.59895805e-11 -1.25772802e-10 -1.20736236e-15  6.98879098e-16  2.84817621e-05 -2.16727479e-06 -3.94565361e-09  9.17073883e-10]:13.632571979598321
1230:[4.01723099e+13 5.72878947e+13]:[ 6.17059961e-02 -2.83829372e-12 -4.25124616e-13  4.69684398e-11 -1.45649288e-10 -2.07728828e-15  8.06759977e-16  4.06989330e-05 -3.27684059e-06 -6.87281299e-09  9.12871794e-10]:13.931501153529108
Selected: [2 0]
***************
***CROSSOVER***
***************
&&&&&&&&&&&&&&&&&&&&&&&&
&&TOURNAMENT SELECTION&&
&&&&&&&&&&&&&&&&&&&&&&&&
parents:
[ 6.85787439e-02 -2.69945210e-12 -2.89362684e-13  5.23111647e-11 -9.52023298e-11 -1.14118046e-15  7.05939179e-16  3.73893813e-05 -2.34202278e-06 -8.05170151e-09  8.60802456e-10]
[ 6.45139587e-02 -1.97166869e-12 -3.26837567e-13  5.20766755e-11 -1.93164851e-10 -2.09382325e-15  7.47924438e-16  3.45255475e-05 -2.31109713e-06 -1.24995898e-08  9.23465472e-10]
children:
[ 6.45139587e-02 -2.73326696e-12 -3.26837567e-13  5.20766755e-11 -1.93164851e-10 -2.09382325e-15  7.47924438e-16  3.45255475e-05 -2.24919555e-06 -1.24995898e-08  9.23465472e-10]
[ 6.85787439e-02 -1.97166869e-12 -2.89362684e-13  5.23111647e-11 -9.52023298e-11 -1.14118046e-15  7.05939179e-16  3.73893813e-05 -2.31109713e-06 -8.05170151e-09  8.60802456e-10]
Population scores:
1096:[1.25088756e+12 1.29827856e+11]:[ 6.45139587e-02 -1.97166869e-12 -3.26837567e-13  5.20766755e-11 -1.93164851e-10 -2.09382325e-15  7.47924438e-16  3.45255475e-05 -2.31109713e-06 -1.24995898e-08  9.23465472e-10]:12.002360109621351
1231:[9.43128465e+11 6.04249207e+11]:[ 6.45139587e-02 -2.73326696e-12 -3.26837567e-13  5.20766755e-11 -1.93164851e-10 -2.09382325e-15  7.47924438e-16  3.45255475e-05 -2.24919555e-06 -1.24995898e-08  9.23465472e-10]:12.101897927958227
1226:[3.08172868e+12 2.82216659e+12]:[ 6.85787439e-02 -2.69945210e-12 -2.89362684e-13  5.23111647e-11 -9.52023298e-11 -1.14118046e-15  7.05939179e-16  3.73893813e-05 -2.34202278e-06 -8.05170151e-09  8.60802456e-10]:12.697174979492035
1232:[3.58157955e+12 4.26857683e+12]:[ 6.85787439e-02 -1.97166869e-12 -2.89362684e-13  5.23111647e-11 -9.52023298e-11 -1.14118046e-15  7.05939179e-16  3.73893813e-05 -2.31109713e-06 -8.05170151e-09  8.60802456e-10]:12.830953048624433
Selected for new population:
[ 6.45139587e-02 -1.97166869e-12 -3.26837567e-13  5.20766755e-11 -1.93164851e-10 -2.09382325e-15  7.47924438e-16  3.45255475e-05 -2.31109713e-06 -1.24995898e-08  9.23465472e-10]
[ 6.45139587e-02 -2.73326696e-12 -3.26837567e-13  5.20766755e-11 -1.93164851e-10 -2.09382325e-15  7.47924438e-16  3.45255475e-05 -2.24919555e-06 -1.24995898e-08  9.23465472e-10]
Selected: [1 0]
***************
***CROSSOVER***
***************
&&&&&&&&&&&&&&&&&&&&&&&&
&&TOURNAMENT SELECTION&&
&&&&&&&&&&&&&&&&&&&&&&&&
parents:
[ 6.83224157e-02 -2.70847809e-12 -2.36491707e-13  4.29838150e-11 -1.35100916e-10 -2.17396809e-15  7.70826519e-16  2.76519257e-05 -2.59583896e-06 -3.32239139e-09  9.47563521e-10]
[ 6.45139587e-02 -1.97166869e-12 -3.26837567e-13  5.20766755e-11 -1.93164851e-10 -2.09382325e-15  7.47924438e-16  3.45255475e-05 -2.31109713e-06 -1.24995898e-08  9.23465472e-10]
children:
[ 6.45139587e-02 -1.97166869e-12 -2.36491707e-13  5.20766755e-11 -1.35100916e-10 -2.09382325e-15  7.70826519e-16  3.45255475e-05 -2.59583896e-06 -3.32239139e-09  8.94832318e-10]
[ 6.83224157e-02 -3.60741129e-12 -3.26837567e-13  4.29838150e-11 -1.93164851e-10 -2.17396809e-15  7.47924438e-16  2.76519257e-05 -2.31372961e-06 -1.24995898e-08  9.47563521e-10]
Population scores:
1096:[1.25088756e+12 1.29827856e+11]:[ 6.45139587e-02 -1.97166869e-12 -3.26837567e-13  5.20766755e-11 -1.93164851e-10 -2.09382325e-15  7.47924438e-16  3.45255475e-05 -2.31109713e-06 -1.24995898e-08  9.23465472e-10]:12.002360109621351
1229:[2.37684753e+12 8.22440040e+11]:[ 6.83224157e-02 -2.70847809e-12 -2.36491707e-13  4.29838150e-11 -1.35100916e-10 -2.17396809e-15  7.70826519e-16  2.76519257e-05 -2.59583896e-06 -3.32239139e-09  9.47563521e-10]:12.395541881209894
1234:[2.14910154e+12 1.78732188e+12]:[ 6.83224157e-02 -3.60741129e-12 -3.26837567e-13  4.29838150e-11 -1.93164851e-10 -2.17396809e-15  7.47924438e-16  2.76519257e-05 -2.31372961e-06 -1.24995898e-08  9.47563521e-10]:12.517419318914259
1233:[3.60968518e+12 1.26431553e+12]:[ 6.45139587e-02 -1.97166869e-12 -2.36491707e-13  5.20766755e-11 -1.35100916e-10 -2.09382325e-15  7.70826519e-16  3.45255475e-05 -2.59583896e-06 -3.32239139e-09  8.94832318e-10]:12.578764685578683
Selected for new population:
[ 6.45139587e-02 -1.97166869e-12 -3.26837567e-13  5.20766755e-11 -1.93164851e-10 -2.09382325e-15  7.47924438e-16  3.45255475e-05 -2.31109713e-06 -1.24995898e-08  9.23465472e-10]
[ 6.83224157e-02 -2.70847809e-12 -2.36491707e-13  4.29838150e-11 -1.35100916e-10 -2.17396809e-15  7.70826519e-16  2.76519257e-05 -2.59583896e-06 -3.32239139e-09  9.47563521e-10]
Selected: [1 0]
***************
***CROSSOVER***
***************
&&&&&&&&&&&&&&&&&&&&&&&&
&&TOURNAMENT SELECTION&&
&&&&&&&&&&&&&&&&&&&&&&&&
parents:
[ 6.83224157e-02 -2.70847809e-12 -2.36491707e-13  4.29838150e-11 -1.35100916e-10 -2.17396809e-15  7.70826519e-16  2.76519257e-05 -2.59583896e-06 -3.32239139e-09  9.47563521e-10]
[ 6.45139587e-02 -1.97166869e-12 -3.26837567e-13  5.20766755e-11 -1.93164851e-10 -2.09382325e-15  7.47924438e-16  3.45255475e-05 -2.31109713e-06 -1.24995898e-08  9.23465472e-10]
children:
[ 6.83224157e-02 -1.97166869e-12 -3.26837567e-13  5.20766755e-11 -1.93164851e-10 -2.17396809e-15  7.70826519e-16  3.45255475e-05 -2.31109713e-06 -1.24995898e-08  9.23465472e-10]
[ 6.45139587e-02 -2.70847809e-12 -2.36491707e-13  4.29838150e-11 -1.35100916e-10 -1.57658873e-15  7.47924438e-16  2.76519257e-05 -2.06476551e-06 -3.32239139e-09  9.47563521e-10]
Population scores:
1096:[1.25088756e+12 1.29827856e+11]:[ 6.45139587e-02 -1.97166869e-12 -3.26837567e-13  5.20766755e-11 -1.93164851e-10 -2.09382325e-15  7.47924438e-16  3.45255475e-05 -2.31109713e-06 -1.24995898e-08  9.23465472e-10]:12.002360109621351
1235:[1.29814535e+12 1.46698400e+11]:[ 6.83224157e-02 -1.97166869e-12 -3.26837567e-13  5.20766755e-11 -1.93164851e-10 -2.17396809e-15  7.70826519e-16  3.45255475e-05 -2.31109713e-06 -1.24995898e-08  9.23465472e-10]:12.0234171492132
1229:[2.37684753e+12 8.22440040e+11]:[ 6.83224157e-02 -2.70847809e-12 -2.36491707e-13  4.29838150e-11 -1.35100916e-10 -2.17396809e-15  7.70826519e-16  2.76519257e-05 -2.59583896e-06 -3.32239139e-09  9.47563521e-10]:12.395541881209894
1236:[2.90060303e+13 6.07021691e+13]:[ 6.45139587e-02 -2.70847809e-12 -2.36491707e-13  4.29838150e-11 -1.35100916e-10 -1.57658873e-15  7.47924438e-16  2.76519257e-05 -2.06476551e-06 -3.32239139e-09  9.47563521e-10]:13.908519280078416
Selected for new population:
[ 6.45139587e-02 -1.97166869e-12 -3.26837567e-13  5.20766755e-11 -1.93164851e-10 -2.09382325e-15  7.47924438e-16  3.45255475e-05 -2.31109713e-06 -1.24995898e-08  9.23465472e-10]
[ 6.83224157e-02 -1.97166869e-12 -3.26837567e-13  5.20766755e-11 -1.93164851e-10 -2.17396809e-15  7.70826519e-16  3.45255475e-05 -2.31109713e-06 -1.24995898e-08  9.23465472e-10]
Population scores:
1096:[1.25088756e+12 1.29827856e+11]:[ 6.45139587e-02 -1.97166869e-12 -3.26837567e-13  5.20766755e-11 -1.93164851e-10 -2.09382325e-15  7.47924438e-16  3.45255475e-05 -2.31109713e-06 -1.24995898e-08  9.23465472e-10]:12.002360109621351
1235:[1.29814535e+12 1.46698400e+11]:[ 6.83224157e-02 -1.97166869e-12 -3.26837567e-13  5.20766755e-11 -1.93164851e-10 -2.17396809e-15  7.70826519e-16  3.45255475e-05 -2.31109713e-06 -1.24995898e-08  9.23465472e-10]:12.0234171492132
1231:[9.43128465e+11 6.04249207e+11]:[ 6.45139587e-02 -2.73326696e-12 -3.26837567e-13  5.20766755e-11 -1.93164851e-10 -2.09382325e-15  7.47924438e-16  3.45255475e-05 -2.24919555e-06 -1.24995898e-08  9.23465472e-10]:12.101897927958227
1229:[2.37684753e+12 8.22440040e+11]:[ 6.83224157e-02 -2.70847809e-12 -2.36491707e-13  4.29838150e-11 -1.35100916e-10 -2.17396809e-15  7.70826519e-16  2.76519257e-05 -2.59583896e-06 -3.32239139e-09  9.47563521e-10]:12.395541881209894
1226:[3.08172868e+12 2.82216659e+12]:[ 6.85787439e-02 -2.69945210e-12 -2.89362684e-13  5.23111647e-11 -9.52023298e-11 -1.14118046e-15  7.05939179e-16  3.73893813e-05 -2.34202278e-06 -8.05170151e-09  8.60802456e-10]:12.697174979492035
1228:[5.47463916e+12 7.63575333e+12]:[ 6.33477105e-02 -1.46352928e-12 -4.16978015e-13  5.01419083e-11 -2.57954485e-10 -2.33809369e-15  7.36030600e-16  3.47410851e-05 -2.50045203e-06 -3.16319006e-09  9.10263433e-10]:13.059487712404138
1227:[1.57654185e+13 3.18755374e+13]:[ 6.38362598e-02 -1.68147510e-12 -3.73640460e-13  5.59895805e-11 -1.25772802e-10 -1.20736236e-15  6.98879098e-16  2.84817621e-05 -2.16727479e-06 -3.94565361e-09  9.17073883e-10]:13.632571979598321
1230:[4.01723099e+13 5.72878947e+13]:[ 6.17059961e-02 -2.83829372e-12 -4.25124616e-13  4.69684398e-11 -1.45649288e-10 -2.07728828e-15  8.06759977e-16  4.06989330e-05 -3.27684059e-06 -6.87281299e-09  9.12871794e-10]:13.931501153529108
*******************************
***iteration: 1 Population is***
*******************************
Population scores:
1096:[1.25088756e+12 1.29827856e+11]:[ 6.45139587e-02 -1.97166869e-12 -3.26837567e-13  5.20766755e-11 -1.93164851e-10 -2.09382325e-15  7.47924438e-16  3.45255475e-05 -2.31109713e-06 -1.24995898e-08  9.23465472e-10]:12.002360109621351
1235:[1.29814535e+12 1.46698400e+11]:[ 6.83224157e-02 -1.97166869e-12 -3.26837567e-13  5.20766755e-11 -1.93164851e-10 -2.17396809e-15  7.70826519e-16  3.45255475e-05 -2.31109713e-06 -1.24995898e-08  9.23465472e-10]:12.0234171492132
1231:[9.43128465e+11 6.04249207e+11]:[ 6.45139587e-02 -2.73326696e-12 -3.26837567e-13  5.20766755e-11 -1.93164851e-10 -2.09382325e-15  7.47924438e-16  3.45255475e-05 -2.24919555e-06 -1.24995898e-08  9.23465472e-10]:12.101897927958227
1229:[2.37684753e+12 8.22440040e+11]:[ 6.83224157e-02 -2.70847809e-12 -2.36491707e-13  4.29838150e-11 -1.35100916e-10 -2.17396809e-15  7.70826519e-16  2.76519257e-05 -2.59583896e-06 -3.32239139e-09  9.47563521e-10]:12.395541881209894
1226:[3.08172868e+12 2.82216659e+12]:[ 6.85787439e-02 -2.69945210e-12 -2.89362684e-13  5.23111647e-11 -9.52023298e-11 -1.14118046e-15  7.05939179e-16  3.73893813e-05 -2.34202278e-06 -8.05170151e-09  8.60802456e-10]:12.697174979492035
1228:[5.47463916e+12 7.63575333e+12]:[ 6.33477105e-02 -1.46352928e-12 -4.16978015e-13  5.01419083e-11 -2.57954485e-10 -2.33809369e-15  7.36030600e-16  3.47410851e-05 -2.50045203e-06 -3.16319006e-09  9.10263433e-10]:13.059487712404138
Selected: [0 2]
***************
***CROSSOVER***
***************
&&&&&&&&&&&&&&&&&&&&&&&&
&&TOURNAMENT SELECTION&&
&&&&&&&&&&&&&&&&&&&&&&&&
parents:
[ 6.45139587e-02 -1.97166869e-12 -3.26837567e-13  5.20766755e-11 -1.93164851e-10 -2.09382325e-15  7.47924438e-16  3.45255475e-05 -2.31109713e-06 -1.24995898e-08  9.23465472e-10]
[ 6.45139587e-02 -2.73326696e-12 -3.26837567e-13  5.20766755e-11 -1.93164851e-10 -2.09382325e-15  7.47924438e-16  3.45255475e-05 -2.24919555e-06 -1.24995898e-08  9.23465472e-10]
children:
[ 6.45139587e-02 -2.73326696e-12 -3.26837567e-13  5.20766755e-11 -1.93164851e-10 -2.09382325e-15  7.47924438e-16  3.45255475e-05 -2.24919555e-06 -1.24995898e-08  9.23465472e-10]
[ 6.45139587e-02 -1.10492155e-12 -3.26837567e-13  5.20766755e-11 -1.93164851e-10 -2.09382325e-15  7.47924438e-16  3.45255475e-05 -1.50892089e-06 -1.24995898e-08  9.23465472e-10]
Population scores:
1096:[1.25088756e+12 1.29827856e+11]:[ 6.45139587e-02 -1.97166869e-12 -3.26837567e-13  5.20766755e-11 -1.93164851e-10 -2.09382325e-15  7.47924438e-16  3.45255475e-05 -2.31109713e-06 -1.24995898e-08  9.23465472e-10]:12.002360109621351
1231:[9.43128465e+11 6.04249207e+11]:[ 6.45139587e-02 -2.73326696e-12 -3.26837567e-13  5.20766755e-11 -1.93164851e-10 -2.09382325e-15  7.47924438e-16  3.45255475e-05 -2.24919555e-06 -1.24995898e-08  9.23465472e-10]:12.101897927958227
1231:[9.43128465e+11 6.04249207e+11]:[ 6.45139587e-02 -2.73326696e-12 -3.26837567e-13  5.20766755e-11 -1.93164851e-10 -2.09382325e-15  7.47924438e-16  3.45255475e-05 -2.24919555e-06 -1.24995898e-08  9.23465472e-10]:12.101897927958227
1237:[4.63007507e+13 1.01351235e+14]:[ 6.45139587e-02 -1.10492155e-12 -3.26837567e-13  5.20766755e-11 -1.93164851e-10 -2.09382325e-15  7.47924438e-16  3.45255475e-05 -1.50892089e-06 -1.24995898e-08  9.23465472e-10]:14.126331976741318
Selected for new population:
[ 6.45139587e-02 -1.97166869e-12 -3.26837567e-13  5.20766755e-11 -1.93164851e-10 -2.09382325e-15  7.47924438e-16  3.45255475e-05 -2.31109713e-06 -1.24995898e-08  9.23465472e-10]
[ 6.45139587e-02 -2.73326696e-12 -3.26837567e-13  5.20766755e-11 -1.93164851e-10 -2.09382325e-15  7.47924438e-16  3.45255475e-05 -2.24919555e-06 -1.24995898e-08  9.23465472e-10]
Selected: [1 2]
***************
***CROSSOVER***
***************
&&&&&&&&&&&&&&&&&&&&&&&&
&&TOURNAMENT SELECTION&&
&&&&&&&&&&&&&&&&&&&&&&&&
parents:
[ 6.83224157e-02 -1.97166869e-12 -3.26837567e-13  5.20766755e-11 -1.93164851e-10 -2.17396809e-15  7.70826519e-16  3.45255475e-05 -2.31109713e-06 -1.24995898e-08  9.23465472e-10]
[ 6.45139587e-02 -2.73326696e-12 -3.26837567e-13  5.20766755e-11 -1.93164851e-10 -2.09382325e-15  7.47924438e-16  3.45255475e-05 -2.24919555e-06 -1.24995898e-08  9.23465472e-10]
children:
[ 6.84693934e-02 -1.97166869e-12 -3.26837567e-13  5.20766755e-11 -1.93164851e-10 -2.09382325e-15  7.47924438e-16  3.45255475e-05 -2.24919555e-06 -1.24995898e-08  9.23465472e-10]
[ 6.81903716e-02 -2.73326696e-12 -3.33226194e-13  5.20766755e-11 -1.93164851e-10 -2.17396809e-15  7.70826519e-16  3.45255475e-05 -2.31109713e-06 -1.72067103e-08  9.23465472e-10]
Population scores:
1235:[1.29814535e+12 1.46698400e+11]:[ 6.83224157e-02 -1.97166869e-12 -3.26837567e-13  5.20766755e-11 -1.93164851e-10 -2.17396809e-15  7.70826519e-16  3.45255475e-05 -2.31109713e-06 -1.24995898e-08  9.23465472e-10]:12.0234171492132
1231:[9.43128465e+11 6.04249207e+11]:[ 6.45139587e-02 -2.73326696e-12 -3.26837567e-13  5.20766755e-11 -1.93164851e-10 -2.09382325e-15  7.47924438e-16  3.45255475e-05 -2.24919555e-06 -1.24995898e-08  9.23465472e-10]:12.101897927958227
1238:[9.43128463e+11 6.04249209e+11]:[ 6.84693934e-02 -1.97166869e-12 -3.26837567e-13  5.20766755e-11 -1.93164851e-10 -2.09382325e-15  7.47924438e-16  3.45255475e-05 -2.24919555e-06 -1.24995898e-08  9.23465472e-10]:12.101897928398651
1239:[7.05787864e+12 9.08180245e+12]:[ 6.81903716e-02 -2.73326696e-12 -3.33226194e-13  5.20766755e-11 -1.93164851e-10 -2.17396809e-15  7.70826519e-16  3.45255475e-05 -2.31109713e-06 -1.72067103e-08  9.23465472e-10]:13.146819796359349
Selected for new population:
[ 6.83224157e-02 -1.97166869e-12 -3.26837567e-13  5.20766755e-11 -1.93164851e-10 -2.17396809e-15  7.70826519e-16  3.45255475e-05 -2.31109713e-06 -1.24995898e-08  9.23465472e-10]
[ 6.45139587e-02 -2.73326696e-12 -3.26837567e-13  5.20766755e-11 -1.93164851e-10 -2.09382325e-15  7.47924438e-16  3.45255475e-05 -2.24919555e-06 -1.24995898e-08  9.23465472e-10]
Selected: [3 1]
***************
***CROSSOVER***
***************
&&&&&&&&&&&&&&&&&&&&&&&&
&&TOURNAMENT SELECTION&&
&&&&&&&&&&&&&&&&&&&&&&&&
parents:
[ 6.83224157e-02 -2.70847809e-12 -2.36491707e-13  4.29838150e-11 -1.35100916e-10 -2.17396809e-15  7.70826519e-16  2.76519257e-05 -2.59583896e-06 -3.32239139e-09  9.47563521e-10]
[ 6.83224157e-02 -1.97166869e-12 -3.26837567e-13  5.20766755e-11 -1.93164851e-10 -2.17396809e-15  7.70826519e-16  3.45255475e-05 -2.31109713e-06 -1.24995898e-08  9.23465472e-10]
children:
[ 6.83224157e-02 -1.83511556e-12 -2.36491707e-13  5.20766755e-11 -1.88246780e-10 -2.17396809e-15  7.70826519e-16  3.52323394e-05 -2.59583896e-06 -1.15762439e-08  9.23465472e-10]
[ 6.83224157e-02 -1.97166869e-12 -3.26837567e-13  4.29838150e-11 -1.35100916e-10 -2.17403996e-15  7.70826519e-16  2.76519257e-05 -2.31109713e-06 -3.32239139e-09  9.47563521e-10]
Population scores:
1235:[1.29814535e+12 1.46698400e+11]:[ 6.83224157e-02 -1.97166869e-12 -3.26837567e-13  5.20766755e-11 -1.93164851e-10 -2.17396809e-15  7.70826519e-16  3.45255475e-05 -2.31109713e-06 -1.24995898e-08  9.23465472e-10]:12.0234171492132
1229:[2.37684753e+12 8.22440040e+11]:[ 6.83224157e-02 -2.70847809e-12 -2.36491707e-13  4.29838150e-11 -1.35100916e-10 -2.17396809e-15  7.70826519e-16  2.76519257e-05 -2.59583896e-06 -3.32239139e-09  9.47563521e-10]:12.395541881209894
1240:[8.32284431e+12 9.04957877e+12]:[ 6.83224157e-02 -1.83511556e-12 -2.36491707e-13  5.20766755e-11 -1.88246780e-10 -2.17396809e-15  7.70826519e-16  3.52323394e-05 -2.59583896e-06 -1.15762439e-08  9.23465472e-10]:13.172473609715356
1241:[9.07508113e+12 1.90724484e+13]:[ 6.83224157e-02 -1.97166869e-12 -3.26837567e-13  4.29838150e-11 -1.35100916e-10 -2.17403996e-15  7.70826519e-16  2.76519257e-05 -2.31109713e-06 -3.32239139e-09  9.47563521e-10]:13.405261051008196
Selected for new population:
[ 6.83224157e-02 -1.97166869e-12 -3.26837567e-13  5.20766755e-11 -1.93164851e-10 -2.17396809e-15  7.70826519e-16  3.45255475e-05 -2.31109713e-06 -1.24995898e-08  9.23465472e-10]
[ 6.83224157e-02 -2.70847809e-12 -2.36491707e-13  4.29838150e-11 -1.35100916e-10 -2.17396809e-15  7.70826519e-16  2.76519257e-05 -2.59583896e-06 -3.32239139e-09  9.47563521e-10]
Population scores:
1096:[1.25088756e+12 1.29827856e+11]:[ 6.45139587e-02 -1.97166869e-12 -3.26837567e-13  5.20766755e-11 -1.93164851e-10 -2.09382325e-15  7.47924438e-16  3.45255475e-05 -2.31109713e-06 -1.24995898e-08  9.23465472e-10]:12.002360109621351
1235:[1.29814535e+12 1.46698400e+11]:[ 6.83224157e-02 -1.97166869e-12 -3.26837567e-13  5.20766755e-11 -1.93164851e-10 -2.17396809e-15  7.70826519e-16  3.45255475e-05 -2.31109713e-06 -1.24995898e-08  9.23465472e-10]:12.0234171492132
1231:[9.43128465e+11 6.04249207e+11]:[ 6.45139587e-02 -2.73326696e-12 -3.26837567e-13  5.20766755e-11 -1.93164851e-10 -2.09382325e-15  7.47924438e-16  3.45255475e-05 -2.24919555e-06 -1.24995898e-08  9.23465472e-10]:12.101897927958227
1229:[2.37684753e+12 8.22440040e+11]:[ 6.83224157e-02 -2.70847809e-12 -2.36491707e-13  4.29838150e-11 -1.35100916e-10 -2.17396809e-15  7.70826519e-16  2.76519257e-05 -2.59583896e-06 -3.32239139e-09  9.47563521e-10]:12.395541881209894
1226:[3.08172868e+12 2.82216659e+12]:[ 6.85787439e-02 -2.69945210e-12 -2.89362684e-13  5.23111647e-11 -9.52023298e-11 -1.14118046e-15  7.05939179e-16  3.73893813e-05 -2.34202278e-06 -8.05170151e-09  8.60802456e-10]:12.697174979492035
1228:[5.47463916e+12 7.63575333e+12]:[ 6.33477105e-02 -1.46352928e-12 -4.16978015e-13  5.01419083e-11 -2.57954485e-10 -2.33809369e-15  7.36030600e-16  3.47410851e-05 -2.50045203e-06 -3.16319006e-09  9.10263433e-10]:13.059487712404138
*******************************
***iteration: 2 Population is***
*******************************
Population scores:
1096:[1.25088756e+12 1.29827856e+11]:[ 6.45139587e-02 -1.97166869e-12 -3.26837567e-13  5.20766755e-11 -1.93164851e-10 -2.09382325e-15  7.47924438e-16  3.45255475e-05 -2.31109713e-06 -1.24995898e-08  9.23465472e-10]:12.002360109621351
1235:[1.29814535e+12 1.46698400e+11]:[ 6.83224157e-02 -1.97166869e-12 -3.26837567e-13  5.20766755e-11 -1.93164851e-10 -2.17396809e-15  7.70826519e-16  3.45255475e-05 -2.31109713e-06 -1.24995898e-08  9.23465472e-10]:12.0234171492132
1231:[9.43128465e+11 6.04249207e+11]:[ 6.45139587e-02 -2.73326696e-12 -3.26837567e-13  5.20766755e-11 -1.93164851e-10 -2.09382325e-15  7.47924438e-16  3.45255475e-05 -2.24919555e-06 -1.24995898e-08  9.23465472e-10]:12.101897927958227
1229:[2.37684753e+12 8.22440040e+11]:[ 6.83224157e-02 -2.70847809e-12 -2.36491707e-13  4.29838150e-11 -1.35100916e-10 -2.17396809e-15  7.70826519e-16  2.76519257e-05 -2.59583896e-06 -3.32239139e-09  9.47563521e-10]:12.395541881209894
1226:[3.08172868e+12 2.82216659e+12]:[ 6.85787439e-02 -2.69945210e-12 -2.89362684e-13  5.23111647e-11 -9.52023298e-11 -1.14118046e-15  7.05939179e-16  3.73893813e-05 -2.34202278e-06 -8.05170151e-09  8.60802456e-10]:12.697174979492035
1228:[5.47463916e+12 7.63575333e+12]:[ 6.33477105e-02 -1.46352928e-12 -4.16978015e-13  5.01419083e-11 -2.57954485e-10 -2.33809369e-15  7.36030600e-16  3.47410851e-05 -2.50045203e-06 -3.16319006e-09  9.10263433e-10]:13.059487712404138
Selected: [2 1]
***************
***CROSSOVER***
***************
&&&&&&&&&&&&&&&&&&&&&&&&
&&TOURNAMENT SELECTION&&
&&&&&&&&&&&&&&&&&&&&&&&&
parents:
[ 6.45139587e-02 -2.73326696e-12 -3.26837567e-13  5.20766755e-11 -1.93164851e-10 -2.09382325e-15  7.47924438e-16  3.45255475e-05 -2.24919555e-06 -1.24995898e-08  9.23465472e-10]
[ 6.83224157e-02 -1.97166869e-12 -3.26837567e-13  5.20766755e-11 -1.93164851e-10 -2.17396809e-15  7.70826519e-16  3.45255475e-05 -2.31109713e-06 -1.24995898e-08  9.23465472e-10]
children:
[ 6.45139587e-02 -1.97166869e-12 -3.26837567e-13  5.20766755e-11 -1.93164851e-10 -2.09382325e-15  7.70826519e-16  3.45255475e-05 -2.24919555e-06 -1.24995898e-08  9.23465472e-10]
[ 6.83224157e-02 -2.22770239e-12 -3.26837567e-13  5.20766755e-11 -1.93164851e-10 -2.17396809e-15  7.47924438e-16  3.62918774e-05 -2.31109713e-06 -1.24995898e-08  9.23465472e-10]
Population scores:
1235:[1.29814535e+12 1.46698400e+11]:[ 6.83224157e-02 -1.97166869e-12 -3.26837567e-13  5.20766755e-11 -1.93164851e-10 -2.17396809e-15  7.70826519e-16  3.45255475e-05 -2.31109713e-06 -1.24995898e-08  9.23465472e-10]:12.0234171492132
1243:[1.23269937e+12 2.39298586e+11]:[ 6.83224157e-02 -2.22770239e-12 -3.26837567e-13  5.20766755e-11 -1.93164851e-10 -2.17396809e-15  7.47924438e-16  3.62918774e-05 -2.31109713e-06 -1.24995898e-08  9.23465472e-10]:12.042255736028865
1231:[9.43128465e+11 6.04249207e+11]:[ 6.45139587e-02 -2.73326696e-12 -3.26837567e-13  5.20766755e-11 -1.93164851e-10 -2.09382325e-15  7.47924438e-16  3.45255475e-05 -2.24919555e-06 -1.24995898e-08  9.23465472e-10]:12.101897927958227
1242:[9.43128465e+11 6.04249207e+11]:[ 6.45139587e-02 -1.97166869e-12 -3.26837567e-13  5.20766755e-11 -1.93164851e-10 -2.09382325e-15  7.70826519e-16  3.45255475e-05 -2.24919555e-06 -1.24995898e-08  9.23465472e-10]:12.101897927958227
Selected for new population:
[ 6.83224157e-02 -1.97166869e-12 -3.26837567e-13  5.20766755e-11 -1.93164851e-10 -2.17396809e-15  7.70826519e-16  3.45255475e-05 -2.31109713e-06 -1.24995898e-08  9.23465472e-10]
[ 6.83224157e-02 -2.22770239e-12 -3.26837567e-13  5.20766755e-11 -1.93164851e-10 -2.17396809e-15  7.47924438e-16  3.62918774e-05 -2.31109713e-06 -1.24995898e-08  9.23465472e-10]
Selected: [1 0]
***************
***CROSSOVER***
***************
&&&&&&&&&&&&&&&&&&&&&&&&
&&TOURNAMENT SELECTION&&
&&&&&&&&&&&&&&&&&&&&&&&&
parents:
[ 6.83224157e-02 -1.97166869e-12 -3.26837567e-13  5.20766755e-11 -1.93164851e-10 -2.17396809e-15  7.70826519e-16  3.45255475e-05 -2.31109713e-06 -1.24995898e-08  9.23465472e-10]
[ 6.45139587e-02 -1.97166869e-12 -3.26837567e-13  5.20766755e-11 -1.93164851e-10 -2.09382325e-15  7.47924438e-16  3.45255475e-05 -2.31109713e-06 -1.24995898e-08  9.23465472e-10]
children:
[ 6.45139587e-02 -1.97166869e-12 -3.26837567e-13  5.20766755e-11 -1.93164851e-10 -2.17396809e-15  7.47924438e-16  3.45255475e-05 -2.31109713e-06 -2.51409017e-09  9.84290944e-10]
[ 6.83224157e-02 -1.97166869e-12 -3.26837567e-13  5.20766755e-11 -1.93164851e-10 -2.09382325e-15  7.70826519e-16  3.45255475e-05 -2.31109713e-06 -1.24995898e-08  9.23465472e-10]
Population scores:
1245:[1.25088755e+12 1.29827855e+11]:[ 6.83224157e-02 -1.97166869e-12 -3.26837567e-13  5.20766755e-11 -1.93164851e-10 -2.09382325e-15  7.70826519e-16  3.45255475e-05 -2.31109713e-06 -1.24995898e-08  9.23465472e-10]:12.002360108390633
1096:[1.25088756e+12 1.29827856e+11]:[ 6.45139587e-02 -1.97166869e-12 -3.26837567e-13  5.20766755e-11 -1.93164851e-10 -2.09382325e-15  7.47924438e-16  3.45255475e-05 -2.31109713e-06 -1.24995898e-08  9.23465472e-10]:12.002360109621351
1235:[1.29814535e+12 1.46698400e+11]:[ 6.83224157e-02 -1.97166869e-12 -3.26837567e-13  5.20766755e-11 -1.93164851e-10 -2.17396809e-15  7.70826519e-16  3.45255475e-05 -2.31109713e-06 -1.24995898e-08  9.23465472e-10]:12.0234171492132
1244:[2.87690971e+13 5.97842881e+13]:[ 6.45139587e-02 -1.97166869e-12 -3.26837567e-13  5.20766755e-11 -1.93164851e-10 -2.17396809e-15  7.47924438e-16  3.45255475e-05 -2.31109713e-06 -2.51409017e-09  9.84290944e-10]:13.902669908242935
Selected for new population:
[ 6.83224157e-02 -1.97166869e-12 -3.26837567e-13  5.20766755e-11 -1.93164851e-10 -2.09382325e-15  7.70826519e-16  3.45255475e-05 -2.31109713e-06 -1.24995898e-08  9.23465472e-10]
[ 6.45139587e-02 -1.97166869e-12 -3.26837567e-13  5.20766755e-11 -1.93164851e-10 -2.09382325e-15  7.47924438e-16  3.45255475e-05 -2.31109713e-06 -1.24995898e-08  9.23465472e-10]
Selected: [2 0]
***************
***CROSSOVER***
***************
&&&&&&&&&&&&&&&&&&&&&&&&
&&TOURNAMENT SELECTION&&
&&&&&&&&&&&&&&&&&&&&&&&&
parents:
[ 6.45139587e-02 -2.73326696e-12 -3.26837567e-13  5.20766755e-11 -1.93164851e-10 -2.09382325e-15  7.47924438e-16  3.45255475e-05 -2.24919555e-06 -1.24995898e-08  9.23465472e-10]
[ 6.45139587e-02 -1.97166869e-12 -3.26837567e-13  5.20766755e-11 -1.93164851e-10 -2.09382325e-15  7.47924438e-16  3.45255475e-05 -2.31109713e-06 -1.24995898e-08  9.23465472e-10]
children:
[ 6.45139587e-02 -1.75057357e-12 -3.26837567e-13  5.21879989e-11 -1.93164851e-10 -2.09382325e-15  7.47924438e-16  3.87168475e-05 -2.49617622e-06 -1.24995898e-08  9.23465472e-10]
[ 6.45139587e-02 -2.73326696e-12 -3.26837567e-13  5.20766755e-11 -1.93164851e-10 -1.15946259e-15  7.47924438e-16  3.18501722e-05 -2.24919555e-06 -1.24995898e-08  9.23465472e-10]
Population scores:
1247:[7.50497845e+11 3.75683031e+11]:[ 6.45139587e-02 -2.73326696e-12 -3.26837567e-13  5.20766755e-11 -1.93164851e-10 -1.15946259e-15  7.47924438e-16  3.18501722e-05 -2.24919555e-06 -1.24995898e-08  9.23465472e-10]:11.95473998478323
1096:[1.25088756e+12 1.29827856e+11]:[ 6.45139587e-02 -1.97166869e-12 -3.26837567e-13  5.20766755e-11 -1.93164851e-10 -2.09382325e-15  7.47924438e-16  3.45255475e-05 -2.31109713e-06 -1.24995898e-08  9.23465472e-10]:12.002360109621351
1231:[9.43128465e+11 6.04249207e+11]:[ 6.45139587e-02 -2.73326696e-12 -3.26837567e-13  5.20766755e-11 -1.93164851e-10 -2.09382325e-15  7.47924438e-16  3.45255475e-05 -2.24919555e-06 -1.24995898e-08  9.23465472e-10]:12.101897927958227
1246:[3.69096108e+12 1.86920468e+12]:[ 6.45139587e-02 -1.75057357e-12 -3.26837567e-13  5.21879989e-11 -1.93164851e-10 -2.09382325e-15  7.47924438e-16  3.87168475e-05 -2.49617622e-06 -1.24995898e-08  9.23465472e-10]:12.6486407411951
Selected for new population:
[ 6.45139587e-02 -2.73326696e-12 -3.26837567e-13  5.20766755e-11 -1.93164851e-10 -1.15946259e-15  7.47924438e-16  3.18501722e-05 -2.24919555e-06 -1.24995898e-08  9.23465472e-10]
[ 6.45139587e-02 -1.97166869e-12 -3.26837567e-13  5.20766755e-11 -1.93164851e-10 -2.09382325e-15  7.47924438e-16  3.45255475e-05 -2.31109713e-06 -1.24995898e-08  9.23465472e-10]
Population scores:
1247:[7.50497845e+11 3.75683031e+11]:[ 6.45139587e-02 -2.73326696e-12 -3.26837567e-13  5.20766755e-11 -1.93164851e-10 -1.15946259e-15  7.47924438e-16  3.18501722e-05 -2.24919555e-06 -1.24995898e-08  9.23465472e-10]:11.95473998478323
1245:[1.25088755e+12 1.29827855e+11]:[ 6.83224157e-02 -1.97166869e-12 -3.26837567e-13  5.20766755e-11 -1.93164851e-10 -2.09382325e-15  7.70826519e-16  3.45255475e-05 -2.31109713e-06 -1.24995898e-08  9.23465472e-10]:12.002360108390633
1096:[1.25088756e+12 1.29827856e+11]:[ 6.45139587e-02 -1.97166869e-12 -3.26837567e-13  5.20766755e-11 -1.93164851e-10 -2.09382325e-15  7.47924438e-16  3.45255475e-05 -2.31109713e-06 -1.24995898e-08  9.23465472e-10]:12.002360109621351
1235:[1.29814535e+12 1.46698400e+11]:[ 6.83224157e-02 -1.97166869e-12 -3.26837567e-13  5.20766755e-11 -1.93164851e-10 -2.17396809e-15  7.70826519e-16  3.45255475e-05 -2.31109713e-06 -1.24995898e-08  9.23465472e-10]:12.0234171492132
1243:[1.23269937e+12 2.39298586e+11]:[ 6.83224157e-02 -2.22770239e-12 -3.26837567e-13  5.20766755e-11 -1.93164851e-10 -2.17396809e-15  7.47924438e-16  3.62918774e-05 -2.31109713e-06 -1.24995898e-08  9.23465472e-10]:12.042255736028865
1231:[9.43128465e+11 6.04249207e+11]:[ 6.45139587e-02 -2.73326696e-12 -3.26837567e-13  5.20766755e-11 -1.93164851e-10 -2.09382325e-15  7.47924438e-16  3.45255475e-05 -2.24919555e-06 -1.24995898e-08  9.23465472e-10]:12.101897927958227
1229:[2.37684753e+12 8.22440040e+11]:[ 6.83224157e-02 -2.70847809e-12 -2.36491707e-13  4.29838150e-11 -1.35100916e-10 -2.17396809e-15  7.70826519e-16  2.76519257e-05 -2.59583896e-06 -3.32239139e-09  9.47563521e-10]:12.395541881209894
1226:[3.08172868e+12 2.82216659e+12]:[ 6.85787439e-02 -2.69945210e-12 -2.89362684e-13  5.23111647e-11 -9.52023298e-11 -1.14118046e-15  7.05939179e-16  3.73893813e-05 -2.34202278e-06 -8.05170151e-09  8.60802456e-10]:12.697174979492035
1228:[5.47463916e+12 7.63575333e+12]:[ 6.33477105e-02 -1.46352928e-12 -4.16978015e-13  5.01419083e-11 -2.57954485e-10 -2.33809369e-15  7.36030600e-16  3.47410851e-05 -2.50045203e-06 -3.16319006e-09  9.10263433e-10]:13.059487712404138
*******************************
***iteration: 3 Population is***
*******************************
Population scores:
1247:[7.50497845e+11 3.75683031e+11]:[ 6.45139587e-02 -2.73326696e-12 -3.26837567e-13  5.20766755e-11 -1.93164851e-10 -1.15946259e-15  7.47924438e-16  3.18501722e-05 -2.24919555e-06 -1.24995898e-08  9.23465472e-10]:11.95473998478323
1245:[1.25088755e+12 1.29827855e+11]:[ 6.83224157e-02 -1.97166869e-12 -3.26837567e-13  5.20766755e-11 -1.93164851e-10 -2.09382325e-15  7.70826519e-16  3.45255475e-05 -2.31109713e-06 -1.24995898e-08  9.23465472e-10]:12.002360108390633
1096:[1.25088756e+12 1.29827856e+11]:[ 6.45139587e-02 -1.97166869e-12 -3.26837567e-13  5.20766755e-11 -1.93164851e-10 -2.09382325e-15  7.47924438e-16  3.45255475e-05 -2.31109713e-06 -1.24995898e-08  9.23465472e-10]:12.002360109621351
1235:[1.29814535e+12 1.46698400e+11]:[ 6.83224157e-02 -1.97166869e-12 -3.26837567e-13  5.20766755e-11 -1.93164851e-10 -2.17396809e-15  7.70826519e-16  3.45255475e-05 -2.31109713e-06 -1.24995898e-08  9.23465472e-10]:12.0234171492132
1243:[1.23269937e+12 2.39298586e+11]:[ 6.83224157e-02 -2.22770239e-12 -3.26837567e-13  5.20766755e-11 -1.93164851e-10 -2.17396809e-15  7.47924438e-16  3.62918774e-05 -2.31109713e-06 -1.24995898e-08  9.23465472e-10]:12.042255736028865
1231:[9.43128465e+11 6.04249207e+11]:[ 6.45139587e-02 -2.73326696e-12 -3.26837567e-13  5.20766755e-11 -1.93164851e-10 -2.09382325e-15  7.47924438e-16  3.45255475e-05 -2.24919555e-06 -1.24995898e-08  9.23465472e-10]:12.101897927958227
Selected: [0 1]
***************
***CROSSOVER***
***************
&&&&&&&&&&&&&&&&&&&&&&&&
&&TOURNAMENT SELECTION&&
&&&&&&&&&&&&&&&&&&&&&&&&
parents:
[ 6.45139587e-02 -2.73326696e-12 -3.26837567e-13  5.20766755e-11 -1.93164851e-10 -1.15946259e-15  7.47924438e-16  3.18501722e-05 -2.24919555e-06 -1.24995898e-08  9.23465472e-10]
[ 6.83224157e-02 -1.97166869e-12 -3.26837567e-13  5.20766755e-11 -1.93164851e-10 -2.09382325e-15  7.70826519e-16  3.45255475e-05 -2.31109713e-06 -1.24995898e-08  9.23465472e-10]
children:
[ 5.58208867e-02 -2.73326696e-12 -3.26837567e-13  5.91613199e-11 -1.93164851e-10 -1.99963606e-15  7.47924438e-16  3.45255475e-05 -2.21577118e-06 -1.24995898e-08  9.13531600e-10]
[ 6.90858555e-02 -1.54666513e-12 -3.25249693e-13  5.20766755e-11 -1.93164851e-10 -1.08175468e-15  7.70826519e-16  3.18501722e-05 -2.31109713e-06 -1.17383744e-08  9.23465472e-10]
Population scores:
1249:[9.41132027e+11 2.04342983e+11]:[ 6.90858555e-02 -1.54666513e-12 -3.25249693e-13  5.20766755e-11 -1.93164851e-10 -1.08175468e-15  7.70826519e-16  3.18501722e-05 -2.31109713e-06 -1.17383744e-08  9.23465472e-10]:11.936078929820596
1247:[7.50497845e+11 3.75683031e+11]:[ 6.45139587e-02 -2.73326696e-12 -3.26837567e-13  5.20766755e-11 -1.93164851e-10 -1.15946259e-15  7.47924438e-16  3.18501722e-05 -2.24919555e-06 -1.24995898e-08  9.23465472e-10]:11.95473998478323
1245:[1.25088755e+12 1.29827855e+11]:[ 6.83224157e-02 -1.97166869e-12 -3.26837567e-13  5.20766755e-11 -1.93164851e-10 -2.09382325e-15  7.70826519e-16  3.45255475e-05 -2.31109713e-06 -1.24995898e-08  9.23465472e-10]:12.002360108390633
1248:[9.51966115e+11 8.81553902e+11]:[ 5.58208867e-02 -2.73326696e-12 -3.26837567e-13  5.91613199e-11 -1.93164851e-10 -1.99963606e-15  7.47924438e-16  3.45255475e-05 -2.21577118e-06 -1.24995898e-08  9.13531600e-10]:12.189751368522634
Selected for new population:
[ 6.90858555e-02 -1.54666513e-12 -3.25249693e-13  5.20766755e-11 -1.93164851e-10 -1.08175468e-15  7.70826519e-16  3.18501722e-05 -2.31109713e-06 -1.17383744e-08  9.23465472e-10]
[ 6.45139587e-02 -2.73326696e-12 -3.26837567e-13  5.20766755e-11 -1.93164851e-10 -1.15946259e-15  7.47924438e-16  3.18501722e-05 -2.24919555e-06 -1.24995898e-08  9.23465472e-10]
Selected: [0 2]
***************
***CROSSOVER***
***************
&&&&&&&&&&&&&&&&&&&&&&&&
&&TOURNAMENT SELECTION&&
&&&&&&&&&&&&&&&&&&&&&&&&
parents:
[ 6.45139587e-02 -2.73326696e-12 -3.26837567e-13  5.20766755e-11 -1.93164851e-10 -1.15946259e-15  7.47924438e-16  3.18501722e-05 -2.24919555e-06 -1.24995898e-08  9.23465472e-10]
[ 6.45139587e-02 -1.97166869e-12 -3.26837567e-13  5.20766755e-11 -1.93164851e-10 -2.09382325e-15  7.47924438e-16  3.45255475e-05 -2.31109713e-06 -1.24995898e-08  9.23465472e-10]
children:
[ 6.45139587e-02 -1.97166869e-12 -3.26837567e-13  5.20766755e-11 -1.83469964e-10 -1.15946259e-15  7.47924438e-16  3.45255475e-05 -2.31109713e-06 -1.24995898e-08  9.23465472e-10]
[ 6.45139587e-02 -2.73326696e-12 -3.26837567e-13  5.20766755e-11 -1.93164851e-10 -2.40689433e-15  7.81477999e-16  3.18501722e-05 -2.24919555e-06 -1.24995898e-08  9.23465472e-10]
Population scores:
1247:[7.50497845e+11 3.75683031e+11]:[ 6.45139587e-02 -2.73326696e-12 -3.26837567e-13  5.20766755e-11 -1.93164851e-10 -1.15946259e-15  7.47924438e-16  3.18501722e-05 -2.24919555e-06 -1.24995898e-08  9.23465472e-10]:11.95473998478323
1251:[1.07324267e+12 1.91697630e+11]:[ 6.45139587e-02 -2.73326696e-12 -3.26837567e-13  5.20766755e-11 -1.93164851e-10 -2.40689433e-15  7.81477999e-16  3.18501722e-05 -2.24919555e-06 -1.24995898e-08  9.23465472e-10]:11.974496724696287
1096:[1.25088756e+12 1.29827856e+11]:[ 6.45139587e-02 -1.97166869e-12 -3.26837567e-13  5.20766755e-11 -1.93164851e-10 -2.09382325e-15  7.47924438e-16  3.45255475e-05 -2.31109713e-06 -1.24995898e-08  9.23465472e-10]:12.002360109621351
1250:[1.04746117e+12 2.86786851e+11]:[ 6.45139587e-02 -1.97166869e-12 -3.26837567e-13  5.20766755e-11 -1.83469964e-10 -1.15946259e-15  7.47924438e-16  3.45255475e-05 -2.31109713e-06 -1.24995898e-08  9.23465472e-10]:12.00860428855053
Selected for new population:
[ 6.45139587e-02 -2.73326696e-12 -3.26837567e-13  5.20766755e-11 -1.93164851e-10 -1.15946259e-15  7.47924438e-16  3.18501722e-05 -2.24919555e-06 -1.24995898e-08  9.23465472e-10]
[ 6.45139587e-02 -2.73326696e-12 -3.26837567e-13  5.20766755e-11 -1.93164851e-10 -2.40689433e-15  7.81477999e-16  3.18501722e-05 -2.24919555e-06 -1.24995898e-08  9.23465472e-10]
Selected: [0 1]
***************
***CROSSOVER***
***************
&&&&&&&&&&&&&&&&&&&&&&&&
&&TOURNAMENT SELECTION&&
&&&&&&&&&&&&&&&&&&&&&&&&
parents:
[ 6.45139587e-02 -2.73326696e-12 -3.26837567e-13  5.20766755e-11 -1.93164851e-10 -1.15946259e-15  7.47924438e-16  3.18501722e-05 -2.24919555e-06 -1.24995898e-08  9.23465472e-10]
[ 6.83224157e-02 -1.97166869e-12 -3.26837567e-13  5.20766755e-11 -1.93164851e-10 -2.09382325e-15  7.70826519e-16  3.45255475e-05 -2.31109713e-06 -1.24995898e-08  9.23465472e-10]
children:
[ 6.45139587e-02 -2.73326696e-12 -3.26837567e-13  5.20766755e-11 -1.93164851e-10 -2.09382325e-15  7.70826519e-16  3.18501722e-05 -2.24919555e-06 -1.24995898e-08  9.23465472e-10]
[ 6.83224157e-02 -1.97166869e-12 -3.26837567e-13  5.20766755e-11 -1.88170971e-10 -1.15946259e-15  7.47924438e-16  3.45255475e-05 -2.31109713e-06 -1.24995898e-08  9.23465472e-10]
Population scores:
1252:[8.84998543e+11 1.28740670e+11]:[ 6.45139587e-02 -2.73326696e-12 -3.26837567e-13  5.20766755e-11 -1.93164851e-10 -2.09382325e-15  7.70826519e-16  3.18501722e-05 -2.24919555e-06 -1.24995898e-08  9.23465472e-10]:11.874040718022703
1247:[7.50497845e+11 3.75683031e+11]:[ 6.45139587e-02 -2.73326696e-12 -3.26837567e-13  5.20766755e-11 -1.93164851e-10 -1.15946259e-15  7.47924438e-16  3.18501722e-05 -2.24919555e-06 -1.24995898e-08  9.23465472e-10]:11.95473998478323
1245:[1.25088755e+12 1.29827855e+11]:[ 6.83224157e-02 -1.97166869e-12 -3.26837567e-13  5.20766755e-11 -1.93164851e-10 -2.09382325e-15  7.70826519e-16  3.45255475e-05 -2.31109713e-06 -1.24995898e-08  9.23465472e-10]:12.002360108390633
1253:[1.04746117e+12 2.86786852e+11]:[ 6.83224157e-02 -1.97166869e-12 -3.26837567e-13  5.20766755e-11 -1.88170971e-10 -1.15946259e-15  7.47924438e-16  3.45255475e-05 -2.31109713e-06 -1.24995898e-08  9.23465472e-10]:12.00860428825703
Selected for new population:
[ 6.45139587e-02 -2.73326696e-12 -3.26837567e-13  5.20766755e-11 -1.93164851e-10 -2.09382325e-15  7.70826519e-16  3.18501722e-05 -2.24919555e-06 -1.24995898e-08  9.23465472e-10]
[ 6.45139587e-02 -2.73326696e-12 -3.26837567e-13  5.20766755e-11 -1.93164851e-10 -1.15946259e-15  7.47924438e-16  3.18501722e-05 -2.24919555e-06 -1.24995898e-08  9.23465472e-10]
Population scores:
1252:[8.84998543e+11 1.28740670e+11]:[ 6.45139587e-02 -2.73326696e-12 -3.26837567e-13  5.20766755e-11 -1.93164851e-10 -2.09382325e-15  7.70826519e-16  3.18501722e-05 -2.24919555e-06 -1.24995898e-08  9.23465472e-10]:11.874040718022703
1249:[9.41132027e+11 2.04342983e+11]:[ 6.90858555e-02 -1.54666513e-12 -3.25249693e-13  5.20766755e-11 -1.93164851e-10 -1.08175468e-15  7.70826519e-16  3.18501722e-05 -2.31109713e-06 -1.17383744e-08  9.23465472e-10]:11.936078929820596
1247:[7.50497845e+11 3.75683031e+11]:[ 6.45139587e-02 -2.73326696e-12 -3.26837567e-13  5.20766755e-11 -1.93164851e-10 -1.15946259e-15  7.47924438e-16  3.18501722e-05 -2.24919555e-06 -1.24995898e-08  9.23465472e-10]:11.95473998478323
1251:[1.07324267e+12 1.91697630e+11]:[ 6.45139587e-02 -2.73326696e-12 -3.26837567e-13  5.20766755e-11 -1.93164851e-10 -2.40689433e-15  7.81477999e-16  3.18501722e-05 -2.24919555e-06 -1.24995898e-08  9.23465472e-10]:11.974496724696287
1245:[1.25088755e+12 1.29827855e+11]:[ 6.83224157e-02 -1.97166869e-12 -3.26837567e-13  5.20766755e-11 -1.93164851e-10 -2.09382325e-15  7.70826519e-16  3.45255475e-05 -2.31109713e-06 -1.24995898e-08  9.23465472e-10]:12.002360108390633
1096:[1.25088756e+12 1.29827856e+11]:[ 6.45139587e-02 -1.97166869e-12 -3.26837567e-13  5.20766755e-11 -1.93164851e-10 -2.09382325e-15  7.47924438e-16  3.45255475e-05 -2.31109713e-06 -1.24995898e-08  9.23465472e-10]:12.002360109621351
1235:[1.29814535e+12 1.46698400e+11]:[ 6.83224157e-02 -1.97166869e-12 -3.26837567e-13  5.20766755e-11 -1.93164851e-10 -2.17396809e-15  7.70826519e-16  3.45255475e-05 -2.31109713e-06 -1.24995898e-08  9.23465472e-10]:12.0234171492132
1243:[1.23269937e+12 2.39298586e+11]:[ 6.83224157e-02 -2.22770239e-12 -3.26837567e-13  5.20766755e-11 -1.93164851e-10 -2.17396809e-15  7.47924438e-16  3.62918774e-05 -2.31109713e-06 -1.24995898e-08  9.23465472e-10]:12.042255736028865
1231:[9.43128465e+11 6.04249207e+11]:[ 6.45139587e-02 -2.73326696e-12 -3.26837567e-13  5.20766755e-11 -1.93164851e-10 -2.09382325e-15  7.47924438e-16  3.45255475e-05 -2.24919555e-06 -1.24995898e-08  9.23465472e-10]:12.101897927958227
%%%%%%%%%%%%%%%%%%%%%%%%%
%%%final - population%%%%
%%%%%%%%%%%%%%%%%%%%%%%%%
1252:[ 6.45139587e-02 -2.73326696e-12 -3.26837567e-13  5.20766755e-11 -1.93164851e-10 -2.09382325e-15  7.70826519e-16  3.18501722e-05 -2.24919555e-06 -1.24995898e-08  9.23465472e-10]:[8.84998543e+11 1.28740670e+11]
1249:[ 6.90858555e-02 -1.54666513e-12 -3.25249693e-13  5.20766755e-11 -1.93164851e-10 -1.08175468e-15  7.70826519e-16  3.18501722e-05 -2.31109713e-06 -1.17383744e-08  9.23465472e-10]:[9.41132027e+11 2.04342983e+11]
1247:[ 6.45139587e-02 -2.73326696e-12 -3.26837567e-13  5.20766755e-11 -1.93164851e-10 -1.15946259e-15  7.47924438e-16  3.18501722e-05 -2.24919555e-06 -1.24995898e-08  9.23465472e-10]:[7.50497845e+11 3.75683031e+11]
1251:[ 6.45139587e-02 -2.73326696e-12 -3.26837567e-13  5.20766755e-11 -1.93164851e-10 -2.40689433e-15  7.81477999e-16  3.18501722e-05 -2.24919555e-06 -1.24995898e-08  9.23465472e-10]:[1.07324267e+12 1.91697630e+11]
1245:[ 6.83224157e-02 -1.97166869e-12 -3.26837567e-13  5.20766755e-11 -1.93164851e-10 -2.09382325e-15  7.70826519e-16  3.45255475e-05 -2.31109713e-06 -1.24995898e-08  9.23465472e-10]:[1.25088755e+12 1.29827855e+11]
1096:[ 6.45139587e-02 -1.97166869e-12 -3.26837567e-13  5.20766755e-11 -1.93164851e-10 -2.09382325e-15  7.47924438e-16  3.45255475e-05 -2.31109713e-06 -1.24995898e-08  9.23465472e-10]:[1.25088756e+12 1.29827856e+11]
