Generating Population from [ 0.00000000e+00 -1.45799022e-12 -2.28980078e-13  4.62010753e-11 -1.75214813e-10 -1.83669770e-15  8.52944060e-16  2.29423303e-05 -2.04721003e-06 -1.59792834e-08  9.98214034e-10]
*******************************
***iteration: 0 Population is***
*******************************
Population scores:
154:[1.40549217e+14 2.53856731e+14]:[-4.03011414e-02 -1.26678036e-12 -2.39684095e-13  5.31889091e-11 -2.46922878e-10 -2.56038829e-15  8.66681397e-16  2.78273118e-05 -3.00963593e-06 -2.08468691e-08  9.26501488e-10]:-14.14782843178268
155:[1.88562710e+13 4.43420778e+13]:[ 7.02099258e-02 -2.30521094e-12 -1.56155525e-13  4.55004716e-11 -1.60825960e-10 -2.57957817e-15  9.37439412e-16  3.27852723e-05 -1.79933411e-06 -1.79283886e-08  1.06970593e-09]:-13.275455811291677
156:[2.18669762e+12 5.75408881e+12]:[ 4.97113658e-03 -2.17903274e-12 -1.97258789e-13  5.15911872e-11 -2.04662849e-10 -2.22707253e-15  9.27279189e-16  1.50474029e-05 -1.86877901e-06 -1.56242317e-08  1.05774487e-09]:-12.339788732795542
152:[8.51718438e+11 2.99151401e+12]:[-1.87968421e-02 -1.44444433e-12 -2.29827140e-13  4.60901355e-11 -1.73453459e-10 -1.85260399e-15  8.46390151e-16  2.36039062e-05 -1.95860017e-06 -1.63034927e-08  1.00437047e-09]:-11.930296049130556
157:[4.96672043e+11 4.99897748e+11]:[-8.12147372e-02 -1.54091142e-12 -2.91889573e-13  3.73015872e-11 -1.51369173e-10 -8.87864570e-16  7.80568967e-16  1.94404224e-05 -1.95996906e-06 -2.12284668e-08  1.07717756e-09]:-11.69606971509313
151:[4.21279174e+11 1.86412088e+12]:[-2.59562397e-02 -1.49802507e-12 -2.28069354e-13  4.67344621e-11 -1.77904351e-10 -1.84173956e-15  8.55119729e-16  2.31933719e-05 -2.01052899e-06 -1.56921069e-08  1.00441238e-09]:-11.624569989856239
149:[2.42955078e+11 3.25437467e+11]:[-7.09400978e-02 -1.45094754e-12 -2.26851780e-13  4.61316981e-11 -1.69102695e-10 -1.73954405e-15  8.51888972e-16  2.22534797e-05 -2.10332035e-06 -1.60116356e-08  1.00347278e-09]:-11.38552598058807
150:[3.83506980e+10 5.74494867e+11]:[ 3.84210179e-02 -1.48020735e-12 -2.28830261e-13  4.58152744e-11 -1.74752169e-10 -1.92595728e-15  8.60112200e-16  2.19734890e-05 -2.00167984e-06 -1.56523483e-08  9.89214897e-10]:-10.583773273047788
153:[2.50484457e+10 4.55120378e+11]:[-9.18456843e-02 -1.53579786e-12 -2.21256893e-13  4.57328566e-11 -1.70413632e-10 -1.82628308e-15  8.54719192e-16  2.30679122e-05 -2.01084161e-06 -1.64894151e-08  9.95491522e-10]:-10.398780782601818
10:[1.35107232e+10 3.68296581e+11]:[ 0.00000000e+00 -1.45799022e-12 -2.28980078e-13  4.62010753e-11 -1.75214813e-10 -1.83669770e-15  8.52944060e-16  2.29423303e-05 -2.04721003e-06 -1.59792834e-08  9.98214034e-10]:-10.13067859657786
Selected: [1 0]
***************
***CROSSOVER***
***************
Population scores:
154:[1.40549217e+14 2.53856731e+14]:[-4.03011414e-02 -1.26678036e-12 -2.39684095e-13  5.31889091e-11 -2.46922878e-10 -2.56038829e-15  8.66681397e-16  2.78273118e-05 -3.00963593e-06 -2.08468691e-08  9.26501488e-10]:-14.14782843178268
155:[1.88562710e+13 4.43420778e+13]:[ 7.02099258e-02 -2.30521094e-12 -1.56155525e-13  4.55004716e-11 -1.60825960e-10 -2.57957817e-15  9.37439412e-16  3.27852723e-05 -1.79933411e-06 -1.79283886e-08  1.06970593e-09]:-13.275455811291677
&&&&&&&&&&&&&&&&&&&&&&&&
&&TOURNAMENT SELECTION&&
&&&&&&&&&&&&&&&&&&&&&&&&
parents:
[ 7.02099258e-02 -2.30521094e-12 -1.56155525e-13  4.55004716e-11 -1.60825960e-10 -2.57957817e-15  9.37439412e-16  3.27852723e-05 -1.79933411e-06 -1.79283886e-08  1.06970593e-09]
[-4.03011414e-02 -1.26678036e-12 -2.39684095e-13  5.31889091e-11 -2.46922878e-10 -2.56038829e-15  8.66681397e-16  2.78273118e-05 -3.00963593e-06 -2.08468691e-08  9.26501488e-10]
children:
[ 6.68256680e-03 -2.02275249e-12 -2.46200284e-13  5.13667619e-11 -1.55239868e-10 -2.58062407e-15  8.78328443e-16  3.21766043e-05 -2.06102784e-06 -1.97924572e-08  1.01704664e-09]
[ 9.47810229e-03 -2.27708204e-12 -1.75863760e-13  4.52813633e-11 -2.04103926e-10 -2.57425000e-15  9.36453649e-16  3.13532357e-05 -3.03206761e-06 -1.98140829e-08  9.67672681e-10]
Population scores:
154:[1.40549217e+14 2.53856731e+14]:[-4.03011414e-02 -1.26678036e-12 -2.39684095e-13  5.31889091e-11 -2.46922878e-10 -2.56038829e-15  8.66681397e-16  2.78273118e-05 -3.00963593e-06 -2.08468691e-08  9.26501488e-10]:-14.14782843178268
159:[1.02298476e+14 1.81252984e+14]:[ 9.47810229e-03 -2.27708204e-12 -1.75863760e-13  4.52813633e-11 -2.04103926e-10 -2.57425000e-15  9.36453649e-16  3.13532357e-05 -3.03206761e-06 -1.98140829e-08  9.67672681e-10]:-14.00986916524475
155:[1.88562710e+13 4.43420778e+13]:[ 7.02099258e-02 -2.30521094e-12 -1.56155525e-13  4.55004716e-11 -1.60825960e-10 -2.57957817e-15  9.37439412e-16  3.27852723e-05 -1.79933411e-06 -1.79283886e-08  1.06970593e-09]:-13.275455811291677
158:[1.20924209e+11 4.27277441e+11]:[ 6.68256680e-03 -2.02275249e-12 -2.46200284e-13  5.13667619e-11 -1.55239868e-10 -2.58062407e-15  8.78328443e-16  3.21766043e-05 -2.06102784e-06 -1.97924572e-08  1.01704664e-09]:-11.082513254114199
Selected for new population:
[-4.03011414e-02 -1.26678036e-12 -2.39684095e-13  5.31889091e-11 -2.46922878e-10 -2.56038829e-15  8.66681397e-16  2.78273118e-05 -3.00963593e-06 -2.08468691e-08  9.26501488e-10]
[ 9.47810229e-03 -2.27708204e-12 -1.75863760e-13  4.52813633e-11 -2.04103926e-10 -2.57425000e-15  9.36453649e-16  3.13532357e-05 -3.03206761e-06 -1.98140829e-08  9.67672681e-10]
Selected: [1 0]
***************
***CROSSOVER***
***************
Population scores:
154:[1.40549217e+14 2.53856731e+14]:[-4.03011414e-02 -1.26678036e-12 -2.39684095e-13  5.31889091e-11 -2.46922878e-10 -2.56038829e-15  8.66681397e-16  2.78273118e-05 -3.00963593e-06 -2.08468691e-08  9.26501488e-10]:-14.14782843178268
155:[1.88562710e+13 4.43420778e+13]:[ 7.02099258e-02 -2.30521094e-12 -1.56155525e-13  4.55004716e-11 -1.60825960e-10 -2.57957817e-15  9.37439412e-16  3.27852723e-05 -1.79933411e-06 -1.79283886e-08  1.06970593e-09]:-13.275455811291677
&&&&&&&&&&&&&&&&&&&&&&&&
&&TOURNAMENT SELECTION&&
&&&&&&&&&&&&&&&&&&&&&&&&
parents:
[ 7.02099258e-02 -2.30521094e-12 -1.56155525e-13  4.55004716e-11 -1.60825960e-10 -2.57957817e-15  9.37439412e-16  3.27852723e-05 -1.79933411e-06 -1.79283886e-08  1.06970593e-09]
[-4.03011414e-02 -1.26678036e-12 -2.39684095e-13  5.31889091e-11 -2.46922878e-10 -2.56038829e-15  8.66681397e-16  2.78273118e-05 -3.00963593e-06 -2.08468691e-08  9.26501488e-10]
children:
[ 5.96602117e-02 -2.19774464e-12 -2.40482459e-13  4.61623264e-11 -2.04397403e-10 -2.56572744e-15  8.89018904e-16  3.18406612e-05 -2.94646028e-06 -1.77938657e-08  1.07544750e-09]
[ 6.50365704e-02 -1.88795751e-12 -1.63725124e-13  4.71122365e-11 -2.49719965e-10 -2.57213351e-15  9.37741705e-16  2.87293634e-05 -2.44223173e-06 -2.05714633e-08  1.00094202e-09]
Population scores:
154:[1.40549217e+14 2.53856731e+14]:[-4.03011414e-02 -1.26678036e-12 -2.39684095e-13  5.31889091e-11 -2.46922878e-10 -2.56038829e-15  8.66681397e-16  2.78273118e-05 -3.00963593e-06 -2.08468691e-08  9.26501488e-10]:-14.14782843178268
160:[3.72675740e+13 6.20238254e+13]:[ 5.96602117e-02 -2.19774464e-12 -2.40482459e-13  4.61623264e-11 -2.04397403e-10 -2.56572744e-15  8.89018904e-16  3.18406612e-05 -2.94646028e-06 -1.77938657e-08  1.07544750e-09]:-13.571331122277284
161:[2.35082130e+13 3.82764184e+13]:[ 6.50365704e-02 -1.88795751e-12 -1.63725124e-13  4.71122365e-11 -2.49719965e-10 -2.57213351e-15  9.37741705e-16  2.87293634e-05 -2.44223173e-06 -2.05714633e-08  1.00094202e-09]:-13.371219617364709
155:[1.88562710e+13 4.43420778e+13]:[ 7.02099258e-02 -2.30521094e-12 -1.56155525e-13  4.55004716e-11 -1.60825960e-10 -2.57957817e-15  9.37439412e-16  3.27852723e-05 -1.79933411e-06 -1.79283886e-08  1.06970593e-09]:-13.275455811291677
Selected for new population:
[-4.03011414e-02 -1.26678036e-12 -2.39684095e-13  5.31889091e-11 -2.46922878e-10 -2.56038829e-15  8.66681397e-16  2.78273118e-05 -3.00963593e-06 -2.08468691e-08  9.26501488e-10]
[ 5.96602117e-02 -2.19774464e-12 -2.40482459e-13  4.61623264e-11 -2.04397403e-10 -2.56572744e-15  8.89018904e-16  3.18406612e-05 -2.94646028e-06 -1.77938657e-08  1.07544750e-09]
Selected: [1 0]
***************
***CROSSOVER***
***************
Population scores:
154:[1.40549217e+14 2.53856731e+14]:[-4.03011414e-02 -1.26678036e-12 -2.39684095e-13  5.31889091e-11 -2.46922878e-10 -2.56038829e-15  8.66681397e-16  2.78273118e-05 -3.00963593e-06 -2.08468691e-08  9.26501488e-10]:-14.14782843178268
155:[1.88562710e+13 4.43420778e+13]:[ 7.02099258e-02 -2.30521094e-12 -1.56155525e-13  4.55004716e-11 -1.60825960e-10 -2.57957817e-15  9.37439412e-16  3.27852723e-05 -1.79933411e-06 -1.79283886e-08  1.06970593e-09]:-13.275455811291677
&&&&&&&&&&&&&&&&&&&&&&&&
&&TOURNAMENT SELECTION&&
&&&&&&&&&&&&&&&&&&&&&&&&
parents:
[ 7.02099258e-02 -2.30521094e-12 -1.56155525e-13  4.55004716e-11 -1.60825960e-10 -2.57957817e-15  9.37439412e-16  3.27852723e-05 -1.79933411e-06 -1.79283886e-08  1.06970593e-09]
[-4.03011414e-02 -1.26678036e-12 -2.39684095e-13  5.31889091e-11 -2.46922878e-10 -2.56038829e-15  8.66681397e-16  2.78273118e-05 -3.00963593e-06 -2.08468691e-08  9.26501488e-10]
children:
[-4.95497955e-02 -1.97914778e-12 -1.93817321e-13  5.39209325e-11 -1.57581399e-10 -2.56913268e-15  8.92090494e-16  3.25055644e-05 -2.68762716e-06 -2.04452669e-08  1.07882530e-09]
[-3.60896423e-02 -1.57531474e-12 -1.96805604e-13  5.17904138e-11 -1.83971473e-10 -2.57417010e-15  8.84915279e-16  3.10769650e-05 -1.92525278e-06 -2.06620783e-08  9.79916389e-10]
Population scores:
154:[1.40549217e+14 2.53856731e+14]:[-4.03011414e-02 -1.26678036e-12 -2.39684095e-13  5.31889091e-11 -2.46922878e-10 -2.56038829e-15  8.66681397e-16  2.78273118e-05 -3.00963593e-06 -2.08468691e-08  9.26501488e-10]:-14.14782843178268
162:[2.19579229e+13 3.53017944e+13]:[-4.95497955e-02 -1.97914778e-12 -1.93817321e-13  5.39209325e-11 -1.57581399e-10 -2.56913268e-15  8.92090494e-16  3.25055644e-05 -2.68762716e-06 -2.04452669e-08  1.07882530e-09]:-13.341591255856855
155:[1.88562710e+13 4.43420778e+13]:[ 7.02099258e-02 -2.30521094e-12 -1.56155525e-13  4.55004716e-11 -1.60825960e-10 -2.57957817e-15  9.37439412e-16  3.27852723e-05 -1.79933411e-06 -1.79283886e-08  1.06970593e-09]:-13.275455811291677
163:[1.89827003e+11 2.89888016e+11]:[-3.60896423e-02 -1.57531474e-12 -1.96805604e-13  5.17904138e-11 -1.83971473e-10 -2.57417010e-15  8.84915279e-16  3.10769650e-05 -1.92525278e-06 -2.06620783e-08  9.79916389e-10]:-11.278357991259817
Selected for new population:
[-4.03011414e-02 -1.26678036e-12 -2.39684095e-13  5.31889091e-11 -2.46922878e-10 -2.56038829e-15  8.66681397e-16  2.78273118e-05 -3.00963593e-06 -2.08468691e-08  9.26501488e-10]
[-4.95497955e-02 -1.97914778e-12 -1.93817321e-13  5.39209325e-11 -1.57581399e-10 -2.56913268e-15  8.92090494e-16  3.25055644e-05 -2.68762716e-06 -2.04452669e-08  1.07882530e-09]
Selected: [1 0]
***************
***CROSSOVER***
***************
Population scores:
154:[1.40549217e+14 2.53856731e+14]:[-4.03011414e-02 -1.26678036e-12 -2.39684095e-13  5.31889091e-11 -2.46922878e-10 -2.56038829e-15  8.66681397e-16  2.78273118e-05 -3.00963593e-06 -2.08468691e-08  9.26501488e-10]:-14.14782843178268
155:[1.88562710e+13 4.43420778e+13]:[ 7.02099258e-02 -2.30521094e-12 -1.56155525e-13  4.55004716e-11 -1.60825960e-10 -2.57957817e-15  9.37439412e-16  3.27852723e-05 -1.79933411e-06 -1.79283886e-08  1.06970593e-09]:-13.275455811291677
&&&&&&&&&&&&&&&&&&&&&&&&
&&TOURNAMENT SELECTION&&
&&&&&&&&&&&&&&&&&&&&&&&&
parents:
[ 7.02099258e-02 -2.30521094e-12 -1.56155525e-13  4.55004716e-11 -1.60825960e-10 -2.57957817e-15  9.37439412e-16  3.27852723e-05 -1.79933411e-06 -1.79283886e-08  1.06970593e-09]
[-4.03011414e-02 -1.26678036e-12 -2.39684095e-13  5.31889091e-11 -2.46922878e-10 -2.56038829e-15  8.66681397e-16  2.78273118e-05 -3.00963593e-06 -2.08468691e-08  9.26501488e-10]
children:
[-3.56104352e-02 -1.94870396e-12 -1.66149934e-13  5.33751615e-11 -2.45740016e-10 -2.57483607e-15  9.07630275e-16  2.89838010e-05 -1.98921204e-06 -1.94409256e-08  1.03340595e-09]
[-3.86365221e-02 -1.25601552e-12 -2.46687177e-13  5.08147070e-11 -1.63905942e-10 -2.56727176e-15  9.26233775e-16  3.27638730e-05 -2.30289341e-06 -2.01718712e-08  1.00716925e-09]
Population scores:
154:[1.40549217e+14 2.53856731e+14]:[-4.03011414e-02 -1.26678036e-12 -2.39684095e-13  5.31889091e-11 -2.46922878e-10 -2.56038829e-15  8.66681397e-16  2.78273118e-05 -3.00963593e-06 -2.08468691e-08  9.26501488e-10]:-14.14782843178268
155:[1.88562710e+13 4.43420778e+13]:[ 7.02099258e-02 -2.30521094e-12 -1.56155525e-13  4.55004716e-11 -1.60825960e-10 -2.57957817e-15  9.37439412e-16  3.27852723e-05 -1.79933411e-06 -1.79283886e-08  1.06970593e-09]:-13.275455811291677
165:[6.56591904e+12 8.68392770e+12]:[-3.86365221e-02 -1.25601552e-12 -2.46687177e-13  5.08147070e-11 -1.63905942e-10 -2.56727176e-15  9.26233775e-16  3.27638730e-05 -2.30289341e-06 -2.01718712e-08  1.00716925e-09]:-12.817295523730717
164:[3.25168081e+11 1.77390932e+12]:[-3.56104352e-02 -1.94870396e-12 -1.66149934e-13  5.33751615e-11 -2.45740016e-10 -2.57483607e-15  9.07630275e-16  2.89838010e-05 -1.98921204e-06 -1.94409256e-08  1.03340595e-09]:-11.512107907983895
Selected for new population:
[-4.03011414e-02 -1.26678036e-12 -2.39684095e-13  5.31889091e-11 -2.46922878e-10 -2.56038829e-15  8.66681397e-16  2.78273118e-05 -3.00963593e-06 -2.08468691e-08  9.26501488e-10]
[ 7.02099258e-02 -2.30521094e-12 -1.56155525e-13  4.55004716e-11 -1.60825960e-10 -2.57957817e-15  9.37439412e-16  3.27852723e-05 -1.79933411e-06 -1.79283886e-08  1.06970593e-09]
Selected: [1 0]
***************
***CROSSOVER***
***************
Population scores:
154:[1.40549217e+14 2.53856731e+14]:[-4.03011414e-02 -1.26678036e-12 -2.39684095e-13  5.31889091e-11 -2.46922878e-10 -2.56038829e-15  8.66681397e-16  2.78273118e-05 -3.00963593e-06 -2.08468691e-08  9.26501488e-10]:-14.14782843178268
155:[1.88562710e+13 4.43420778e+13]:[ 7.02099258e-02 -2.30521094e-12 -1.56155525e-13  4.55004716e-11 -1.60825960e-10 -2.57957817e-15  9.37439412e-16  3.27852723e-05 -1.79933411e-06 -1.79283886e-08  1.06970593e-09]:-13.275455811291677
&&&&&&&&&&&&&&&&&&&&&&&&
&&TOURNAMENT SELECTION&&
&&&&&&&&&&&&&&&&&&&&&&&&
parents:
[ 7.02099258e-02 -2.30521094e-12 -1.56155525e-13  4.55004716e-11 -1.60825960e-10 -2.57957817e-15  9.37439412e-16  3.27852723e-05 -1.79933411e-06 -1.79283886e-08  1.06970593e-09]
[-4.03011414e-02 -1.26678036e-12 -2.39684095e-13  5.31889091e-11 -2.46922878e-10 -2.56038829e-15  8.66681397e-16  2.78273118e-05 -3.00963593e-06 -2.08468691e-08  9.26501488e-10]
children:
[ 9.95664141e-03 -1.78142275e-12 -1.74441359e-13  5.09181632e-11 -2.42618711e-10 -2.57117053e-15  9.32020625e-16  2.88615911e-05 -2.21554299e-06 -1.94472572e-08  9.56402199e-10]
[ 2.03775568e-02 -2.17491041e-12 -1.62704381e-13  5.06957960e-11 -2.42120632e-10 -2.58025662e-15  8.59984915e-16  3.18890250e-05 -2.22921917e-06 -2.02760499e-08  1.03705193e-09]
Population scores:
154:[1.40549217e+14 2.53856731e+14]:[-4.03011414e-02 -1.26678036e-12 -2.39684095e-13  5.31889091e-11 -2.46922878e-10 -2.56038829e-15  8.66681397e-16  2.78273118e-05 -3.00963593e-06 -2.08468691e-08  9.26501488e-10]:-14.14782843178268
155:[1.88562710e+13 4.43420778e+13]:[ 7.02099258e-02 -2.30521094e-12 -1.56155525e-13  4.55004716e-11 -1.60825960e-10 -2.57957817e-15  9.37439412e-16  3.27852723e-05 -1.79933411e-06 -1.79283886e-08  1.06970593e-09]:-13.275455811291677
166:[1.04946110e+13 1.52992347e+13]:[ 9.95664141e-03 -1.78142275e-12 -1.74441359e-13  5.09181632e-11 -2.42618711e-10 -2.57117053e-15  9.32020625e-16  2.88615911e-05 -2.21554299e-06 -1.94472572e-08  9.56402199e-10]:-13.02096634667211
167:[2.17571939e+12 2.17093319e+12]:[ 2.03775568e-02 -2.17491041e-12 -1.62704381e-13  5.06957960e-11 -2.42120632e-10 -2.58025662e-15  8.59984915e-16  3.18890250e-05 -2.22921917e-06 -2.02760499e-08  1.03705193e-09]:-12.33760288283743
Selected for new population:
[-4.03011414e-02 -1.26678036e-12 -2.39684095e-13  5.31889091e-11 -2.46922878e-10 -2.56038829e-15  8.66681397e-16  2.78273118e-05 -3.00963593e-06 -2.08468691e-08  9.26501488e-10]
[ 7.02099258e-02 -2.30521094e-12 -1.56155525e-13  4.55004716e-11 -1.60825960e-10 -2.57957817e-15  9.37439412e-16  3.27852723e-05 -1.79933411e-06 -1.79283886e-08  1.06970593e-09]
Population scores:
154:[1.40549217e+14 2.53856731e+14]:[-4.03011414e-02 -1.26678036e-12 -2.39684095e-13  5.31889091e-11 -2.46922878e-10 -2.56038829e-15  8.66681397e-16  2.78273118e-05 -3.00963593e-06 -2.08468691e-08  9.26501488e-10]:-14.14782843178268
159:[1.02298476e+14 1.81252984e+14]:[ 9.47810229e-03 -2.27708204e-12 -1.75863760e-13  4.52813633e-11 -2.04103926e-10 -2.57425000e-15  9.36453649e-16  3.13532357e-05 -3.03206761e-06 -1.98140829e-08  9.67672681e-10]:-14.00986916524475
160:[3.72675740e+13 6.20238254e+13]:[ 5.96602117e-02 -2.19774464e-12 -2.40482459e-13  4.61623264e-11 -2.04397403e-10 -2.56572744e-15  8.89018904e-16  3.18406612e-05 -2.94646028e-06 -1.77938657e-08  1.07544750e-09]:-13.571331122277284
162:[2.19579229e+13 3.53017944e+13]:[-4.95497955e-02 -1.97914778e-12 -1.93817321e-13  5.39209325e-11 -1.57581399e-10 -2.56913268e-15  8.92090494e-16  3.25055644e-05 -2.68762716e-06 -2.04452669e-08  1.07882530e-09]:-13.341591255856855
155:[1.88562710e+13 4.43420778e+13]:[ 7.02099258e-02 -2.30521094e-12 -1.56155525e-13  4.55004716e-11 -1.60825960e-10 -2.57957817e-15  9.37439412e-16  3.27852723e-05 -1.79933411e-06 -1.79283886e-08  1.06970593e-09]:-13.275455811291677
156:[2.18669762e+12 5.75408881e+12]:[ 4.97113658e-03 -2.17903274e-12 -1.97258789e-13  5.15911872e-11 -2.04662849e-10 -2.22707253e-15  9.27279189e-16  1.50474029e-05 -1.86877901e-06 -1.56242317e-08  1.05774487e-09]:-12.339788732795542
152:[8.51718438e+11 2.99151401e+12]:[-1.87968421e-02 -1.44444433e-12 -2.29827140e-13  4.60901355e-11 -1.73453459e-10 -1.85260399e-15  8.46390151e-16  2.36039062e-05 -1.95860017e-06 -1.63034927e-08  1.00437047e-09]:-11.930296049130556
157:[4.96672043e+11 4.99897748e+11]:[-8.12147372e-02 -1.54091142e-12 -2.91889573e-13  3.73015872e-11 -1.51369173e-10 -8.87864570e-16  7.80568967e-16  1.94404224e-05 -1.95996906e-06 -2.12284668e-08  1.07717756e-09]:-11.69606971509313
151:[4.21279174e+11 1.86412088e+12]:[-2.59562397e-02 -1.49802507e-12 -2.28069354e-13  4.67344621e-11 -1.77904351e-10 -1.84173956e-15  8.55119729e-16  2.31933719e-05 -2.01052899e-06 -1.56921069e-08  1.00441238e-09]:-11.624569989856239
149:[2.42955078e+11 3.25437467e+11]:[-7.09400978e-02 -1.45094754e-12 -2.26851780e-13  4.61316981e-11 -1.69102695e-10 -1.73954405e-15  8.51888972e-16  2.22534797e-05 -2.10332035e-06 -1.60116356e-08  1.00347278e-09]:-11.38552598058807
150:[3.83506980e+10 5.74494867e+11]:[ 3.84210179e-02 -1.48020735e-12 -2.28830261e-13  4.58152744e-11 -1.74752169e-10 -1.92595728e-15  8.60112200e-16  2.19734890e-05 -2.00167984e-06 -1.56523483e-08  9.89214897e-10]:-10.583773273047788
153:[2.50484457e+10 4.55120378e+11]:[-9.18456843e-02 -1.53579786e-12 -2.21256893e-13  4.57328566e-11 -1.70413632e-10 -1.82628308e-15  8.54719192e-16  2.30679122e-05 -2.01084161e-06 -1.64894151e-08  9.95491522e-10]:-10.398780782601818
10:[1.35107232e+10 3.68296581e+11]:[ 0.00000000e+00 -1.45799022e-12 -2.28980078e-13  4.62010753e-11 -1.75214813e-10 -1.83669770e-15  8.52944060e-16  2.29423303e-05 -2.04721003e-06 -1.59792834e-08  9.98214034e-10]:-10.13067859657786
*******************************
***iteration: 1 Population is***
*******************************
Population scores:
154:[1.40549217e+14 2.53856731e+14]:[-4.03011414e-02 -1.26678036e-12 -2.39684095e-13  5.31889091e-11 -2.46922878e-10 -2.56038829e-15  8.66681397e-16  2.78273118e-05 -3.00963593e-06 -2.08468691e-08  9.26501488e-10]:-14.14782843178268
159:[1.02298476e+14 1.81252984e+14]:[ 9.47810229e-03 -2.27708204e-12 -1.75863760e-13  4.52813633e-11 -2.04103926e-10 -2.57425000e-15  9.36453649e-16  3.13532357e-05 -3.03206761e-06 -1.98140829e-08  9.67672681e-10]:-14.00986916524475
160:[3.72675740e+13 6.20238254e+13]:[ 5.96602117e-02 -2.19774464e-12 -2.40482459e-13  4.61623264e-11 -2.04397403e-10 -2.56572744e-15  8.89018904e-16  3.18406612e-05 -2.94646028e-06 -1.77938657e-08  1.07544750e-09]:-13.571331122277284
162:[2.19579229e+13 3.53017944e+13]:[-4.95497955e-02 -1.97914778e-12 -1.93817321e-13  5.39209325e-11 -1.57581399e-10 -2.56913268e-15  8.92090494e-16  3.25055644e-05 -2.68762716e-06 -2.04452669e-08  1.07882530e-09]:-13.341591255856855
155:[1.88562710e+13 4.43420778e+13]:[ 7.02099258e-02 -2.30521094e-12 -1.56155525e-13  4.55004716e-11 -1.60825960e-10 -2.57957817e-15  9.37439412e-16  3.27852723e-05 -1.79933411e-06 -1.79283886e-08  1.06970593e-09]:-13.275455811291677
156:[2.18669762e+12 5.75408881e+12]:[ 4.97113658e-03 -2.17903274e-12 -1.97258789e-13  5.15911872e-11 -2.04662849e-10 -2.22707253e-15  9.27279189e-16  1.50474029e-05 -1.86877901e-06 -1.56242317e-08  1.05774487e-09]:-12.339788732795542
152:[8.51718438e+11 2.99151401e+12]:[-1.87968421e-02 -1.44444433e-12 -2.29827140e-13  4.60901355e-11 -1.73453459e-10 -1.85260399e-15  8.46390151e-16  2.36039062e-05 -1.95860017e-06 -1.63034927e-08  1.00437047e-09]:-11.930296049130556
157:[4.96672043e+11 4.99897748e+11]:[-8.12147372e-02 -1.54091142e-12 -2.91889573e-13  3.73015872e-11 -1.51369173e-10 -8.87864570e-16  7.80568967e-16  1.94404224e-05 -1.95996906e-06 -2.12284668e-08  1.07717756e-09]:-11.69606971509313
151:[4.21279174e+11 1.86412088e+12]:[-2.59562397e-02 -1.49802507e-12 -2.28069354e-13  4.67344621e-11 -1.77904351e-10 -1.84173956e-15  8.55119729e-16  2.31933719e-05 -2.01052899e-06 -1.56921069e-08  1.00441238e-09]:-11.624569989856239
149:[2.42955078e+11 3.25437467e+11]:[-7.09400978e-02 -1.45094754e-12 -2.26851780e-13  4.61316981e-11 -1.69102695e-10 -1.73954405e-15  8.51888972e-16  2.22534797e-05 -2.10332035e-06 -1.60116356e-08  1.00347278e-09]:-11.38552598058807
Selected: [2 0]
***************
***CROSSOVER***
***************
Population scores:
154:[1.40549217e+14 2.53856731e+14]:[-4.03011414e-02 -1.26678036e-12 -2.39684095e-13  5.31889091e-11 -2.46922878e-10 -2.56038829e-15  8.66681397e-16  2.78273118e-05 -3.00963593e-06 -2.08468691e-08  9.26501488e-10]:-14.14782843178268
160:[3.72675740e+13 6.20238254e+13]:[ 5.96602117e-02 -2.19774464e-12 -2.40482459e-13  4.61623264e-11 -2.04397403e-10 -2.56572744e-15  8.89018904e-16  3.18406612e-05 -2.94646028e-06 -1.77938657e-08  1.07544750e-09]:-13.571331122277284
&&&&&&&&&&&&&&&&&&&&&&&&
&&TOURNAMENT SELECTION&&
&&&&&&&&&&&&&&&&&&&&&&&&
parents:
[ 5.96602117e-02 -2.19774464e-12 -2.40482459e-13  4.61623264e-11 -2.04397403e-10 -2.56572744e-15  8.89018904e-16  3.18406612e-05 -2.94646028e-06 -1.77938657e-08  1.07544750e-09]
[-4.03011414e-02 -1.26678036e-12 -2.39684095e-13  5.31889091e-11 -2.46922878e-10 -2.56038829e-15  8.66681397e-16  2.78273118e-05 -3.00963593e-06 -2.08468691e-08  9.26501488e-10]
children:
[ 2.96413947e-02 -2.09644111e-12 -2.40024546e-13  5.37949475e-11 -2.04104943e-10 -2.56176361e-15  8.70874173e-16  2.76716614e-05 -2.97675042e-06 -1.81584507e-08  9.18046507e-10]
[ 3.00903713e-02 -2.16911034e-12 -2.40429745e-13  4.72023031e-11 -2.29408075e-10 -2.56469094e-15  8.87795424e-16  3.09572372e-05 -2.99830788e-06 -1.93804862e-08  9.77816685e-10]
Population scores:
154:[1.40549217e+14 2.53856731e+14]:[-4.03011414e-02 -1.26678036e-12 -2.39684095e-13  5.31889091e-11 -2.46922878e-10 -2.56038829e-15  8.66681397e-16  2.78273118e-05 -3.00963593e-06 -2.08468691e-08  9.26501488e-10]:-14.14782843178268
168:[1.12666112e+14 2.00862650e+14]:[ 2.96413947e-02 -2.09644111e-12 -2.40024546e-13  5.37949475e-11 -2.04104943e-10 -2.56176361e-15  8.70874173e-16  2.76716614e-05 -2.97675042e-06 -1.81584507e-08  9.18046507e-10]:-14.051793308569419
169:[8.97396804e+13 1.58146395e+14]:[ 3.00903713e-02 -2.16911034e-12 -2.40429745e-13  4.72023031e-11 -2.29408075e-10 -2.56469094e-15  8.87795424e-16  3.09572372e-05 -2.99830788e-06 -1.93804862e-08  9.77816685e-10]:-13.952984518419226
160:[3.72675740e+13 6.20238254e+13]:[ 5.96602117e-02 -2.19774464e-12 -2.40482459e-13  4.61623264e-11 -2.04397403e-10 -2.56572744e-15  8.89018904e-16  3.18406612e-05 -2.94646028e-06 -1.77938657e-08  1.07544750e-09]:-13.571331122277284
Selected for new population:
[-4.03011414e-02 -1.26678036e-12 -2.39684095e-13  5.31889091e-11 -2.46922878e-10 -2.56038829e-15  8.66681397e-16  2.78273118e-05 -3.00963593e-06 -2.08468691e-08  9.26501488e-10]
[ 2.96413947e-02 -2.09644111e-12 -2.40024546e-13  5.37949475e-11 -2.04104943e-10 -2.56176361e-15  8.70874173e-16  2.76716614e-05 -2.97675042e-06 -1.81584507e-08  9.18046507e-10]
Selected: [0 1]
***************
***CROSSOVER***
***************
Population scores:
154:[1.40549217e+14 2.53856731e+14]:[-4.03011414e-02 -1.26678036e-12 -2.39684095e-13  5.31889091e-11 -2.46922878e-10 -2.56038829e-15  8.66681397e-16  2.78273118e-05 -3.00963593e-06 -2.08468691e-08  9.26501488e-10]:-14.14782843178268
159:[1.02298476e+14 1.81252984e+14]:[ 9.47810229e-03 -2.27708204e-12 -1.75863760e-13  4.52813633e-11 -2.04103926e-10 -2.57425000e-15  9.36453649e-16  3.13532357e-05 -3.03206761e-06 -1.98140829e-08  9.67672681e-10]:-14.00986916524475
&&&&&&&&&&&&&&&&&&&&&&&&
&&TOURNAMENT SELECTION&&
&&&&&&&&&&&&&&&&&&&&&&&&
parents:
[-4.03011414e-02 -1.26678036e-12 -2.39684095e-13  5.31889091e-11 -2.46922878e-10 -2.56038829e-15  8.66681397e-16  2.78273118e-05 -3.00963593e-06 -2.08468691e-08  9.26501488e-10]
[ 9.47810229e-03 -2.27708204e-12 -1.75863760e-13  4.52813633e-11 -2.04103926e-10 -2.57425000e-15  9.36453649e-16  3.13532357e-05 -3.03206761e-06 -1.98140829e-08  9.67672681e-10]
children:
[-3.52554411e-02 -1.89433350e-12 -2.29123604e-13  4.84470556e-11 -2.30890158e-10 -2.56033628e-15  9.16387770e-16  3.11864917e-05 -3.01742018e-06 -1.98122902e-08  9.67812673e-10]
[ 5.83735650e-03 -2.16511982e-12 -2.07041255e-13  4.63746120e-11 -2.47303898e-10 -2.56187574e-15  8.99069015e-16  2.85451392e-05 -3.00942565e-06 -1.98603036e-08  9.51571147e-10]
Population scores:
154:[1.40549217e+14 2.53856731e+14]:[-4.03011414e-02 -1.26678036e-12 -2.39684095e-13  5.31889091e-11 -2.46922878e-10 -2.56038829e-15  8.66681397e-16  2.78273118e-05 -3.00963593e-06 -2.08468691e-08  9.26501488e-10]:-14.14782843178268
171:[1.15958936e+14 2.07633316e+14]:[ 5.83735650e-03 -2.16511982e-12 -2.07041255e-13  4.63746120e-11 -2.47303898e-10 -2.56187574e-15  8.99069015e-16  2.85451392e-05 -3.00942565e-06 -1.98603036e-08  9.51571147e-10]:-14.064304221331513
159:[1.02298476e+14 1.81252984e+14]:[ 9.47810229e-03 -2.27708204e-12 -1.75863760e-13  4.52813633e-11 -2.04103926e-10 -2.57425000e-15  9.36453649e-16  3.13532357e-05 -3.03206761e-06 -1.98140829e-08  9.67672681e-10]:-14.00986916524475
170:[9.99967467e+13 1.77132585e+14]:[-3.52554411e-02 -1.89433350e-12 -2.29123604e-13  4.84470556e-11 -2.30890158e-10 -2.56033628e-15  9.16387770e-16  3.11864917e-05 -3.01742018e-06 -1.98122902e-08  9.67812673e-10]:-13.999985870914994
Selected for new population:
[-4.03011414e-02 -1.26678036e-12 -2.39684095e-13  5.31889091e-11 -2.46922878e-10 -2.56038829e-15  8.66681397e-16  2.78273118e-05 -3.00963593e-06 -2.08468691e-08  9.26501488e-10]
[ 5.83735650e-03 -2.16511982e-12 -2.07041255e-13  4.63746120e-11 -2.47303898e-10 -2.56187574e-15  8.99069015e-16  2.85451392e-05 -3.00942565e-06 -1.98603036e-08  9.51571147e-10]
Selected: [0 1]
***************
***CROSSOVER***
***************
Population scores:
154:[1.40549217e+14 2.53856731e+14]:[-4.03011414e-02 -1.26678036e-12 -2.39684095e-13  5.31889091e-11 -2.46922878e-10 -2.56038829e-15  8.66681397e-16  2.78273118e-05 -3.00963593e-06 -2.08468691e-08  9.26501488e-10]:-14.14782843178268
159:[1.02298476e+14 1.81252984e+14]:[ 9.47810229e-03 -2.27708204e-12 -1.75863760e-13  4.52813633e-11 -2.04103926e-10 -2.57425000e-15  9.36453649e-16  3.13532357e-05 -3.03206761e-06 -1.98140829e-08  9.67672681e-10]:-14.00986916524475
&&&&&&&&&&&&&&&&&&&&&&&&
&&TOURNAMENT SELECTION&&
&&&&&&&&&&&&&&&&&&&&&&&&
parents:
[-4.03011414e-02 -1.26678036e-12 -2.39684095e-13  5.31889091e-11 -2.46922878e-10 -2.56038829e-15  8.66681397e-16  2.78273118e-05 -3.00963593e-06 -2.08468691e-08  9.26501488e-10]
[ 9.47810229e-03 -2.27708204e-12 -1.75863760e-13  4.52813633e-11 -2.04103926e-10 -2.57425000e-15  9.36453649e-16  3.13532357e-05 -3.03206761e-06 -1.98140829e-08  9.67672681e-10]
children:
[ 8.54042958e-03 -1.66575569e-12 -2.26068933e-13  5.04278961e-11 -2.10669133e-10 -2.57466728e-15  8.73857103e-16  2.81677807e-05 -3.02408491e-06 -2.00255085e-08  9.25107799e-10]
[ 7.43877326e-03 -1.22028598e-12 -2.08347132e-13  5.12282434e-11 -2.05976519e-10 -2.57512892e-15  8.60212168e-16  3.08671584e-05 -3.02149859e-06 -2.07162307e-08  9.52137267e-10]
Population scores:
154:[1.40549217e+14 2.53856731e+14]:[-4.03011414e-02 -1.26678036e-12 -2.39684095e-13  5.31889091e-11 -2.46922878e-10 -2.56038829e-15  8.66681397e-16  2.78273118e-05 -3.00963593e-06 -2.08468691e-08  9.26501488e-10]:-14.14782843178268
172:[1.34798736e+14 2.42586712e+14]:[ 8.54042958e-03 -1.66575569e-12 -2.26068933e-13  5.04278961e-11 -2.10669133e-10 -2.57466728e-15  8.73857103e-16  2.81677807e-05 -3.02408491e-06 -2.00255085e-08  9.25107799e-10]:-14.12968582024089
173:[1.17102528e+14 2.09097117e+14]:[ 7.43877326e-03 -1.22028598e-12 -2.08347132e-13  5.12282434e-11 -2.05976519e-10 -2.57512892e-15  8.60212168e-16  3.08671584e-05 -3.02149859e-06 -2.07162307e-08  9.52137267e-10]:-14.068566272379048
159:[1.02298476e+14 1.81252984e+14]:[ 9.47810229e-03 -2.27708204e-12 -1.75863760e-13  4.52813633e-11 -2.04103926e-10 -2.57425000e-15  9.36453649e-16  3.13532357e-05 -3.03206761e-06 -1.98140829e-08  9.67672681e-10]:-14.00986916524475
Selected for new population:
[-4.03011414e-02 -1.26678036e-12 -2.39684095e-13  5.31889091e-11 -2.46922878e-10 -2.56038829e-15  8.66681397e-16  2.78273118e-05 -3.00963593e-06 -2.08468691e-08  9.26501488e-10]
[ 8.54042958e-03 -1.66575569e-12 -2.26068933e-13  5.04278961e-11 -2.10669133e-10 -2.57466728e-15  8.73857103e-16  2.81677807e-05 -3.02408491e-06 -2.00255085e-08  9.25107799e-10]
Selected: [0 1]
***************
***CROSSOVER***
***************
Population scores:
154:[1.40549217e+14 2.53856731e+14]:[-4.03011414e-02 -1.26678036e-12 -2.39684095e-13  5.31889091e-11 -2.46922878e-10 -2.56038829e-15  8.66681397e-16  2.78273118e-05 -3.00963593e-06 -2.08468691e-08  9.26501488e-10]:-14.14782843178268
159:[1.02298476e+14 1.81252984e+14]:[ 9.47810229e-03 -2.27708204e-12 -1.75863760e-13  4.52813633e-11 -2.04103926e-10 -2.57425000e-15  9.36453649e-16  3.13532357e-05 -3.03206761e-06 -1.98140829e-08  9.67672681e-10]:-14.00986916524475
&&&&&&&&&&&&&&&&&&&&&&&&
&&TOURNAMENT SELECTION&&
&&&&&&&&&&&&&&&&&&&&&&&&
parents:
[-4.03011414e-02 -1.26678036e-12 -2.39684095e-13  5.31889091e-11 -2.46922878e-10 -2.56038829e-15  8.66681397e-16  2.78273118e-05 -3.00963593e-06 -2.08468691e-08  9.26501488e-10]
[ 9.47810229e-03 -2.27708204e-12 -1.75863760e-13  4.52813633e-11 -2.04103926e-10 -2.57425000e-15  9.36453649e-16  3.13532357e-05 -3.03206761e-06 -1.98140829e-08  9.67672681e-10]
children:
[-1.01430310e-02 -1.83761653e-12 -1.73557949e-13  5.23707373e-11 -2.22801083e-10 -2.56660229e-15  9.25409906e-16  2.86360831e-05 -3.03343733e-06 -2.06710544e-08  9.40574816e-10]
[-7.13512656e-03 -2.06364394e-12 -2.34934809e-13  5.35533461e-11 -2.28935353e-10 -2.56365020e-15  9.15888972e-16  2.81600528e-05 -3.01238291e-06 -2.01000519e-08  9.41246780e-10]
Population scores:
154:[1.40549217e+14 2.53856731e+14]:[-4.03011414e-02 -1.26678036e-12 -2.39684095e-13  5.31889091e-11 -2.46922878e-10 -2.56038829e-15  8.66681397e-16  2.78273118e-05 -3.00963593e-06 -2.08468691e-08  9.26501488e-10]:-14.14782843178268
174:[1.33489508e+14 2.40425985e+14]:[-1.01430310e-02 -1.83761653e-12 -1.73557949e-13  5.23707373e-11 -2.22801083e-10 -2.56660229e-15  9.25409906e-16  2.86360831e-05 -3.03343733e-06 -2.06710544e-08  9.40574816e-10]:-14.125447132824366
175:[1.25170255e+14 2.24905061e+14]:[-7.13512656e-03 -2.06364394e-12 -2.34934809e-13  5.35533461e-11 -2.28935353e-10 -2.56365020e-15  9.15888972e-16  2.81600528e-05 -3.01238291e-06 -2.01000519e-08  9.41246780e-10]:-14.097501136626379
159:[1.02298476e+14 1.81252984e+14]:[ 9.47810229e-03 -2.27708204e-12 -1.75863760e-13  4.52813633e-11 -2.04103926e-10 -2.57425000e-15  9.36453649e-16  3.13532357e-05 -3.03206761e-06 -1.98140829e-08  9.67672681e-10]:-14.00986916524475
Selected for new population:
[-4.03011414e-02 -1.26678036e-12 -2.39684095e-13  5.31889091e-11 -2.46922878e-10 -2.56038829e-15  8.66681397e-16  2.78273118e-05 -3.00963593e-06 -2.08468691e-08  9.26501488e-10]
[-1.01430310e-02 -1.83761653e-12 -1.73557949e-13  5.23707373e-11 -2.22801083e-10 -2.56660229e-15  9.25409906e-16  2.86360831e-05 -3.03343733e-06 -2.06710544e-08  9.40574816e-10]
Selected: [1 0]
***************
***CROSSOVER***
***************
Population scores:
154:[1.40549217e+14 2.53856731e+14]:[-4.03011414e-02 -1.26678036e-12 -2.39684095e-13  5.31889091e-11 -2.46922878e-10 -2.56038829e-15  8.66681397e-16  2.78273118e-05 -3.00963593e-06 -2.08468691e-08  9.26501488e-10]:-14.14782843178268
159:[1.02298476e+14 1.81252984e+14]:[ 9.47810229e-03 -2.27708204e-12 -1.75863760e-13  4.52813633e-11 -2.04103926e-10 -2.57425000e-15  9.36453649e-16  3.13532357e-05 -3.03206761e-06 -1.98140829e-08  9.67672681e-10]:-14.00986916524475
&&&&&&&&&&&&&&&&&&&&&&&&
&&TOURNAMENT SELECTION&&
&&&&&&&&&&&&&&&&&&&&&&&&
parents:
[ 9.47810229e-03 -2.27708204e-12 -1.75863760e-13  4.52813633e-11 -2.04103926e-10 -2.57425000e-15  9.36453649e-16  3.13532357e-05 -3.03206761e-06 -1.98140829e-08  9.67672681e-10]
[-4.03011414e-02 -1.26678036e-12 -2.39684095e-13  5.31889091e-11 -2.46922878e-10 -2.56038829e-15  8.66681397e-16  2.78273118e-05 -3.00963593e-06 -2.08468691e-08  9.26501488e-10]
children:
[ 5.34959048e-04 -1.89916263e-12 -2.01106584e-13  5.37799461e-11 -2.15198841e-10 -2.56755373e-15  9.21133386e-16  2.93361287e-05 -3.03157080e-06 -1.98404851e-08  9.59506339e-10]
[-3.34343327e-02 -2.15383985e-12 -2.29007844e-13  5.07488251e-11 -2.02675837e-10 -2.56009465e-15  9.32392754e-16  3.15487364e-05 -3.03255191e-06 -2.07202244e-08  9.58919646e-10]
Population scores:
154:[1.40549217e+14 2.53856731e+14]:[-4.03011414e-02 -1.26678036e-12 -2.39684095e-13  5.31889091e-11 -2.46922878e-10 -2.56038829e-15  8.66681397e-16  2.78273118e-05 -3.00963593e-06 -2.08468691e-08  9.26501488e-10]:-14.14782843178268
176:[1.13485977e+14 2.02777050e+14]:[ 5.34959048e-04 -1.89916263e-12 -2.01106584e-13  5.37799461e-11 -2.15198841e-10 -2.56755373e-15  9.21133386e-16  2.93361287e-05 -3.03157080e-06 -1.98404851e-08  9.59506339e-10]:-14.05494220187581
177:[1.13391950e+14 2.02102598e+14]:[-3.34343327e-02 -2.15383985e-12 -2.29007844e-13  5.07488251e-11 -2.02675837e-10 -2.56009465e-15  9.32392754e-16  3.15487364e-05 -3.03255191e-06 -2.07202244e-08  9.58919646e-10]:-14.054582222903836
159:[1.02298476e+14 1.81252984e+14]:[ 9.47810229e-03 -2.27708204e-12 -1.75863760e-13  4.52813633e-11 -2.04103926e-10 -2.57425000e-15  9.36453649e-16  3.13532357e-05 -3.03206761e-06 -1.98140829e-08  9.67672681e-10]:-14.00986916524475
Selected for new population:
[-4.03011414e-02 -1.26678036e-12 -2.39684095e-13  5.31889091e-11 -2.46922878e-10 -2.56038829e-15  8.66681397e-16  2.78273118e-05 -3.00963593e-06 -2.08468691e-08  9.26501488e-10]
[ 5.34959048e-04 -1.89916263e-12 -2.01106584e-13  5.37799461e-11 -2.15198841e-10 -2.56755373e-15  9.21133386e-16  2.93361287e-05 -3.03157080e-06 -1.98404851e-08  9.59506339e-10]
Population scores:
154:[1.40549217e+14 2.53856731e+14]:[-4.03011414e-02 -1.26678036e-12 -2.39684095e-13  5.31889091e-11 -2.46922878e-10 -2.56038829e-15  8.66681397e-16  2.78273118e-05 -3.00963593e-06 -2.08468691e-08  9.26501488e-10]:-14.14782843178268
172:[1.34798736e+14 2.42586712e+14]:[ 8.54042958e-03 -1.66575569e-12 -2.26068933e-13  5.04278961e-11 -2.10669133e-10 -2.57466728e-15  8.73857103e-16  2.81677807e-05 -3.02408491e-06 -2.00255085e-08  9.25107799e-10]:-14.12968582024089
174:[1.33489508e+14 2.40425985e+14]:[-1.01430310e-02 -1.83761653e-12 -1.73557949e-13  5.23707373e-11 -2.22801083e-10 -2.56660229e-15  9.25409906e-16  2.86360831e-05 -3.03343733e-06 -2.06710544e-08  9.40574816e-10]:-14.125447132824366
171:[1.15958936e+14 2.07633316e+14]:[ 5.83735650e-03 -2.16511982e-12 -2.07041255e-13  4.63746120e-11 -2.47303898e-10 -2.56187574e-15  8.99069015e-16  2.85451392e-05 -3.00942565e-06 -1.98603036e-08  9.51571147e-10]:-14.064304221331513
176:[1.13485977e+14 2.02777050e+14]:[ 5.34959048e-04 -1.89916263e-12 -2.01106584e-13  5.37799461e-11 -2.15198841e-10 -2.56755373e-15  9.21133386e-16  2.93361287e-05 -3.03157080e-06 -1.98404851e-08  9.59506339e-10]:-14.05494220187581
168:[1.12666112e+14 2.00862650e+14]:[ 2.96413947e-02 -2.09644111e-12 -2.40024546e-13  5.37949475e-11 -2.04104943e-10 -2.56176361e-15  8.70874173e-16  2.76716614e-05 -2.97675042e-06 -1.81584507e-08  9.18046507e-10]:-14.051793308569419
159:[1.02298476e+14 1.81252984e+14]:[ 9.47810229e-03 -2.27708204e-12 -1.75863760e-13  4.52813633e-11 -2.04103926e-10 -2.57425000e-15  9.36453649e-16  3.13532357e-05 -3.03206761e-06 -1.98140829e-08  9.67672681e-10]:-14.00986916524475
160:[3.72675740e+13 6.20238254e+13]:[ 5.96602117e-02 -2.19774464e-12 -2.40482459e-13  4.61623264e-11 -2.04397403e-10 -2.56572744e-15  8.89018904e-16  3.18406612e-05 -2.94646028e-06 -1.77938657e-08  1.07544750e-09]:-13.571331122277284
162:[2.19579229e+13 3.53017944e+13]:[-4.95497955e-02 -1.97914778e-12 -1.93817321e-13  5.39209325e-11 -1.57581399e-10 -2.56913268e-15  8.92090494e-16  3.25055644e-05 -2.68762716e-06 -2.04452669e-08  1.07882530e-09]:-13.341591255856855
155:[1.88562710e+13 4.43420778e+13]:[ 7.02099258e-02 -2.30521094e-12 -1.56155525e-13  4.55004716e-11 -1.60825960e-10 -2.57957817e-15  9.37439412e-16  3.27852723e-05 -1.79933411e-06 -1.79283886e-08  1.06970593e-09]:-13.275455811291677
156:[2.18669762e+12 5.75408881e+12]:[ 4.97113658e-03 -2.17903274e-12 -1.97258789e-13  5.15911872e-11 -2.04662849e-10 -2.22707253e-15  9.27279189e-16  1.50474029e-05 -1.86877901e-06 -1.56242317e-08  1.05774487e-09]:-12.339788732795542
152:[8.51718438e+11 2.99151401e+12]:[-1.87968421e-02 -1.44444433e-12 -2.29827140e-13  4.60901355e-11 -1.73453459e-10 -1.85260399e-15  8.46390151e-16  2.36039062e-05 -1.95860017e-06 -1.63034927e-08  1.00437047e-09]:-11.930296049130556
157:[4.96672043e+11 4.99897748e+11]:[-8.12147372e-02 -1.54091142e-12 -2.91889573e-13  3.73015872e-11 -1.51369173e-10 -8.87864570e-16  7.80568967e-16  1.94404224e-05 -1.95996906e-06 -2.12284668e-08  1.07717756e-09]:-11.69606971509313
151:[4.21279174e+11 1.86412088e+12]:[-2.59562397e-02 -1.49802507e-12 -2.28069354e-13  4.67344621e-11 -1.77904351e-10 -1.84173956e-15  8.55119729e-16  2.31933719e-05 -2.01052899e-06 -1.56921069e-08  1.00441238e-09]:-11.624569989856239
149:[2.42955078e+11 3.25437467e+11]:[-7.09400978e-02 -1.45094754e-12 -2.26851780e-13  4.61316981e-11 -1.69102695e-10 -1.73954405e-15  8.51888972e-16  2.22534797e-05 -2.10332035e-06 -1.60116356e-08  1.00347278e-09]:-11.38552598058807
*******************************
***iteration: 2 Population is***
*******************************
Population scores:
154:[1.40549217e+14 2.53856731e+14]:[-4.03011414e-02 -1.26678036e-12 -2.39684095e-13  5.31889091e-11 -2.46922878e-10 -2.56038829e-15  8.66681397e-16  2.78273118e-05 -3.00963593e-06 -2.08468691e-08  9.26501488e-10]:-14.14782843178268
172:[1.34798736e+14 2.42586712e+14]:[ 8.54042958e-03 -1.66575569e-12 -2.26068933e-13  5.04278961e-11 -2.10669133e-10 -2.57466728e-15  8.73857103e-16  2.81677807e-05 -3.02408491e-06 -2.00255085e-08  9.25107799e-10]:-14.12968582024089
174:[1.33489508e+14 2.40425985e+14]:[-1.01430310e-02 -1.83761653e-12 -1.73557949e-13  5.23707373e-11 -2.22801083e-10 -2.56660229e-15  9.25409906e-16  2.86360831e-05 -3.03343733e-06 -2.06710544e-08  9.40574816e-10]:-14.125447132824366
171:[1.15958936e+14 2.07633316e+14]:[ 5.83735650e-03 -2.16511982e-12 -2.07041255e-13  4.63746120e-11 -2.47303898e-10 -2.56187574e-15  8.99069015e-16  2.85451392e-05 -3.00942565e-06 -1.98603036e-08  9.51571147e-10]:-14.064304221331513
176:[1.13485977e+14 2.02777050e+14]:[ 5.34959048e-04 -1.89916263e-12 -2.01106584e-13  5.37799461e-11 -2.15198841e-10 -2.56755373e-15  9.21133386e-16  2.93361287e-05 -3.03157080e-06 -1.98404851e-08  9.59506339e-10]:-14.05494220187581
168:[1.12666112e+14 2.00862650e+14]:[ 2.96413947e-02 -2.09644111e-12 -2.40024546e-13  5.37949475e-11 -2.04104943e-10 -2.56176361e-15  8.70874173e-16  2.76716614e-05 -2.97675042e-06 -1.81584507e-08  9.18046507e-10]:-14.051793308569419
159:[1.02298476e+14 1.81252984e+14]:[ 9.47810229e-03 -2.27708204e-12 -1.75863760e-13  4.52813633e-11 -2.04103926e-10 -2.57425000e-15  9.36453649e-16  3.13532357e-05 -3.03206761e-06 -1.98140829e-08  9.67672681e-10]:-14.00986916524475
160:[3.72675740e+13 6.20238254e+13]:[ 5.96602117e-02 -2.19774464e-12 -2.40482459e-13  4.61623264e-11 -2.04397403e-10 -2.56572744e-15  8.89018904e-16  3.18406612e-05 -2.94646028e-06 -1.77938657e-08  1.07544750e-09]:-13.571331122277284
162:[2.19579229e+13 3.53017944e+13]:[-4.95497955e-02 -1.97914778e-12 -1.93817321e-13  5.39209325e-11 -1.57581399e-10 -2.56913268e-15  8.92090494e-16  3.25055644e-05 -2.68762716e-06 -2.04452669e-08  1.07882530e-09]:-13.341591255856855
155:[1.88562710e+13 4.43420778e+13]:[ 7.02099258e-02 -2.30521094e-12 -1.56155525e-13  4.55004716e-11 -1.60825960e-10 -2.57957817e-15  9.37439412e-16  3.27852723e-05 -1.79933411e-06 -1.79283886e-08  1.06970593e-09]:-13.275455811291677
Selected: [1 6]
***************
***CROSSOVER***
***************
Population scores:
172:[1.34798736e+14 2.42586712e+14]:[ 8.54042958e-03 -1.66575569e-12 -2.26068933e-13  5.04278961e-11 -2.10669133e-10 -2.57466728e-15  8.73857103e-16  2.81677807e-05 -3.02408491e-06 -2.00255085e-08  9.25107799e-10]:-14.12968582024089
159:[1.02298476e+14 1.81252984e+14]:[ 9.47810229e-03 -2.27708204e-12 -1.75863760e-13  4.52813633e-11 -2.04103926e-10 -2.57425000e-15  9.36453649e-16  3.13532357e-05 -3.03206761e-06 -1.98140829e-08  9.67672681e-10]:-14.00986916524475
&&&&&&&&&&&&&&&&&&&&&&&&
&&TOURNAMENT SELECTION&&
&&&&&&&&&&&&&&&&&&&&&&&&
parents:
[ 8.54042958e-03 -1.66575569e-12 -2.26068933e-13  5.04278961e-11 -2.10669133e-10 -2.57466728e-15  8.73857103e-16  2.81677807e-05 -3.02408491e-06 -2.00255085e-08  9.25107799e-10]
[ 9.47810229e-03 -2.27708204e-12 -1.75863760e-13  4.52813633e-11 -2.04103926e-10 -2.57425000e-15  9.36453649e-16  3.13532357e-05 -3.03206761e-06 -1.98140829e-08  9.67672681e-10]
children:
[ 8.90087067e-03 -1.62835280e-12 -1.77111870e-13  4.98118447e-11 -2.09617585e-10 -2.57446706e-15  8.95221401e-16  2.86988982e-05 -3.02937013e-06 -1.99819607e-08  9.37122329e-10]
[ 8.80902123e-03 -2.25157751e-12 -1.85850546e-13  4.68603870e-11 -2.11032715e-10 -2.57435885e-15  8.82384346e-16  2.84456292e-05 -3.03286106e-06 -1.98534704e-08  9.41384152e-10]
Population scores:
172:[1.34798736e+14 2.42586712e+14]:[ 8.54042958e-03 -1.66575569e-12 -2.26068933e-13  5.04278961e-11 -2.10669133e-10 -2.57466728e-15  8.73857103e-16  2.81677807e-05 -3.02408491e-06 -2.00255085e-08  9.25107799e-10]:-14.12968582024089
178:[1.27421942e+14 2.28740142e+14]:[ 8.90087067e-03 -1.62835280e-12 -1.77111870e-13  4.98118447e-11 -2.09617585e-10 -2.57446706e-15  8.95221401e-16  2.86988982e-05 -3.02937013e-06 -1.99819607e-08  9.37122329e-10]:-14.105244219093857
179:[1.25882297e+14 2.25973917e+14]:[ 8.80902123e-03 -2.25157751e-12 -1.85850546e-13  4.68603870e-11 -2.11032715e-10 -2.57435885e-15  8.82384346e-16  2.84456292e-05 -3.03286106e-06 -1.98534704e-08  9.41384152e-10]:-14.099964658920056
159:[1.02298476e+14 1.81252984e+14]:[ 9.47810229e-03 -2.27708204e-12 -1.75863760e-13  4.52813633e-11 -2.04103926e-10 -2.57425000e-15  9.36453649e-16  3.13532357e-05 -3.03206761e-06 -1.98140829e-08  9.67672681e-10]:-14.00986916524475
Selected for new population:
[ 8.54042958e-03 -1.66575569e-12 -2.26068933e-13  5.04278961e-11 -2.10669133e-10 -2.57466728e-15  8.73857103e-16  2.81677807e-05 -3.02408491e-06 -2.00255085e-08  9.25107799e-10]
[ 8.90087067e-03 -1.62835280e-12 -1.77111870e-13  4.98118447e-11 -2.09617585e-10 -2.57446706e-15  8.95221401e-16  2.86988982e-05 -3.02937013e-06 -1.99819607e-08  9.37122329e-10]
Selected: [6 2]
***************
***CROSSOVER***
***************
Population scores:
174:[1.33489508e+14 2.40425985e+14]:[-1.01430310e-02 -1.83761653e-12 -1.73557949e-13  5.23707373e-11 -2.22801083e-10 -2.56660229e-15  9.25409906e-16  2.86360831e-05 -3.03343733e-06 -2.06710544e-08  9.40574816e-10]:-14.125447132824366
159:[1.02298476e+14 1.81252984e+14]:[ 9.47810229e-03 -2.27708204e-12 -1.75863760e-13  4.52813633e-11 -2.04103926e-10 -2.57425000e-15  9.36453649e-16  3.13532357e-05 -3.03206761e-06 -1.98140829e-08  9.67672681e-10]:-14.00986916524475
&&&&&&&&&&&&&&&&&&&&&&&&
&&TOURNAMENT SELECTION&&
&&&&&&&&&&&&&&&&&&&&&&&&
parents:
[ 9.47810229e-03 -2.27708204e-12 -1.75863760e-13  4.52813633e-11 -2.04103926e-10 -2.57425000e-15  9.36453649e-16  3.13532357e-05 -3.03206761e-06 -1.98140829e-08  9.67672681e-10]
[-1.01430310e-02 -1.83761653e-12 -1.73557949e-13  5.23707373e-11 -2.22801083e-10 -2.56660229e-15  9.25409906e-16  2.86360831e-05 -3.03343733e-06 -2.06710544e-08  9.40574816e-10]
children:
[ 5.15396293e-03 -1.79847118e-12 -1.75189645e-13  4.78271667e-11 -2.17396556e-10 -2.56622647e-15  9.31763934e-16  2.96460009e-05 -3.03203707e-06 -2.02606796e-08  9.38923786e-10]
[ 1.00324011e-02 -1.88661432e-12 -1.74152011e-13  5.20831948e-11 -2.24381876e-10 -2.56604968e-15  9.28526272e-16  3.05221157e-05 -3.03277973e-06 -2.06144795e-08  9.57565363e-10]
Population scores:
174:[1.33489508e+14 2.40425985e+14]:[-1.01430310e-02 -1.83761653e-12 -1.73557949e-13  5.23707373e-11 -2.22801083e-10 -2.56660229e-15  9.25409906e-16  2.86360831e-05 -3.03343733e-06 -2.06710544e-08  9.40574816e-10]:-14.125447132824366
180:[1.25849258e+14 2.25609354e+14]:[ 5.15396293e-03 -1.79847118e-12 -1.75189645e-13  4.78271667e-11 -2.17396556e-10 -2.56622647e-15  9.31763934e-16  2.96460009e-05 -3.03203707e-06 -2.02606796e-08  9.38923786e-10]:-14.099850660087423
181:[1.17115192e+14 2.09337826e+14]:[ 1.00324011e-02 -1.88661432e-12 -1.74152011e-13  5.20831948e-11 -2.24381876e-10 -2.56604968e-15  9.28526272e-16  3.05221157e-05 -3.03277973e-06 -2.06144795e-08  9.57565363e-10]:-14.068613235858297
159:[1.02298476e+14 1.81252984e+14]:[ 9.47810229e-03 -2.27708204e-12 -1.75863760e-13  4.52813633e-11 -2.04103926e-10 -2.57425000e-15  9.36453649e-16  3.13532357e-05 -3.03206761e-06 -1.98140829e-08  9.67672681e-10]:-14.00986916524475
Selected for new population:
[-1.01430310e-02 -1.83761653e-12 -1.73557949e-13  5.23707373e-11 -2.22801083e-10 -2.56660229e-15  9.25409906e-16  2.86360831e-05 -3.03343733e-06 -2.06710544e-08  9.40574816e-10]
[ 5.15396293e-03 -1.79847118e-12 -1.75189645e-13  4.78271667e-11 -2.17396556e-10 -2.56622647e-15  9.31763934e-16  2.96460009e-05 -3.03203707e-06 -2.02606796e-08  9.38923786e-10]
Selected: [1 5]
***************
***CROSSOVER***
***************
Population scores:
172:[1.34798736e+14 2.42586712e+14]:[ 8.54042958e-03 -1.66575569e-12 -2.26068933e-13  5.04278961e-11 -2.10669133e-10 -2.57466728e-15  8.73857103e-16  2.81677807e-05 -3.02408491e-06 -2.00255085e-08  9.25107799e-10]:-14.12968582024089
168:[1.12666112e+14 2.00862650e+14]:[ 2.96413947e-02 -2.09644111e-12 -2.40024546e-13  5.37949475e-11 -2.04104943e-10 -2.56176361e-15  8.70874173e-16  2.76716614e-05 -2.97675042e-06 -1.81584507e-08  9.18046507e-10]:-14.051793308569419
&&&&&&&&&&&&&&&&&&&&&&&&
&&TOURNAMENT SELECTION&&
&&&&&&&&&&&&&&&&&&&&&&&&
parents:
[ 8.54042958e-03 -1.66575569e-12 -2.26068933e-13  5.04278961e-11 -2.10669133e-10 -2.57466728e-15  8.73857103e-16  2.81677807e-05 -3.02408491e-06 -2.00255085e-08  9.25107799e-10]
[ 2.96413947e-02 -2.09644111e-12 -2.40024546e-13  5.37949475e-11 -2.04104943e-10 -2.56176361e-15  8.70874173e-16  2.76716614e-05 -2.97675042e-06 -1.81584507e-08  9.18046507e-10]
children:
[ 2.56293330e-02 -1.77464786e-12 -2.41235818e-13  5.26371940e-11 -2.10654236e-10 -2.56396934e-15  8.73405007e-16  2.77907903e-05 -3.00946714e-06 -1.86991521e-08  9.21872638e-10]
[ 1.13579606e-02 -1.91660784e-12 -2.40690055e-13  5.05995560e-11 -2.09397491e-10 -2.56485245e-15  8.71464083e-16  2.78916233e-05 -3.02511763e-06 -1.85442736e-08  9.23668269e-10]
Population scores:
172:[1.34798736e+14 2.42586712e+14]:[ 8.54042958e-03 -1.66575569e-12 -2.26068933e-13  5.04278961e-11 -2.10669133e-10 -2.57466728e-15  8.73857103e-16  2.81677807e-05 -3.02408491e-06 -2.00255085e-08  9.25107799e-10]:-14.12968582024089
183:[1.22346143e+14 2.18981057e+14]:[ 1.13579606e-02 -1.91660784e-12 -2.40690055e-13  5.05995560e-11 -2.09397491e-10 -2.56485245e-15  8.71464083e-16  2.78916233e-05 -3.02511763e-06 -1.85442736e-08  9.23668269e-10]:-14.087590281719336
182:[1.21902069e+14 2.18234812e+14]:[ 2.56293330e-02 -1.77464786e-12 -2.41235818e-13  5.26371940e-11 -2.10654236e-10 -2.56396934e-15  8.73405007e-16  2.77907903e-05 -3.00946714e-06 -1.86991521e-08  9.21872638e-10]:-14.086011078209328
168:[1.12666112e+14 2.00862650e+14]:[ 2.96413947e-02 -2.09644111e-12 -2.40024546e-13  5.37949475e-11 -2.04104943e-10 -2.56176361e-15  8.70874173e-16  2.76716614e-05 -2.97675042e-06 -1.81584507e-08  9.18046507e-10]:-14.051793308569419
Selected for new population:
[ 8.54042958e-03 -1.66575569e-12 -2.26068933e-13  5.04278961e-11 -2.10669133e-10 -2.57466728e-15  8.73857103e-16  2.81677807e-05 -3.02408491e-06 -2.00255085e-08  9.25107799e-10]
[ 1.13579606e-02 -1.91660784e-12 -2.40690055e-13  5.05995560e-11 -2.09397491e-10 -2.56485245e-15  8.71464083e-16  2.78916233e-05 -3.02511763e-06 -1.85442736e-08  9.23668269e-10]
Selected: [3 4]
***************
***CROSSOVER***
***************
Population scores:
171:[1.15958936e+14 2.07633316e+14]:[ 5.83735650e-03 -2.16511982e-12 -2.07041255e-13  4.63746120e-11 -2.47303898e-10 -2.56187574e-15  8.99069015e-16  2.85451392e-05 -3.00942565e-06 -1.98603036e-08  9.51571147e-10]:-14.064304221331513
176:[1.13485977e+14 2.02777050e+14]:[ 5.34959048e-04 -1.89916263e-12 -2.01106584e-13  5.37799461e-11 -2.15198841e-10 -2.56755373e-15  9.21133386e-16  2.93361287e-05 -3.03157080e-06 -1.98404851e-08  9.59506339e-10]:-14.05494220187581
&&&&&&&&&&&&&&&&&&&&&&&&
&&TOURNAMENT SELECTION&&
&&&&&&&&&&&&&&&&&&&&&&&&
parents:
[ 5.83735650e-03 -2.16511982e-12 -2.07041255e-13  4.63746120e-11 -2.47303898e-10 -2.56187574e-15  8.99069015e-16  2.85451392e-05 -3.00942565e-06 -1.98603036e-08  9.51571147e-10]
[ 5.34959048e-04 -1.89916263e-12 -2.01106584e-13  5.37799461e-11 -2.15198841e-10 -2.56755373e-15  9.21133386e-16  2.93361287e-05 -3.03157080e-06 -1.98404851e-08  9.59506339e-10]
children:
[ 8.70886184e-04 -1.91873037e-12 -2.00543117e-13  4.92833318e-11 -2.48512910e-10 -2.56533335e-15  9.13131076e-16  2.88901387e-05 -3.01349282e-06 -1.98487487e-08  9.58500005e-10]
[ 3.39365743e-03 -2.11514154e-12 -2.01854103e-13  4.58245137e-11 -2.30391968e-10 -2.56506810e-15  9.11491733e-16  2.84881572e-05 -3.02725263e-06 -1.98603706e-08  9.56137735e-10]
Population scores:
185:[1.17617596e+14 2.10780401e+14]:[ 3.39365743e-03 -2.11514154e-12 -2.01854103e-13  4.58245137e-11 -2.30391968e-10 -2.56506810e-15  9.11491733e-16  2.84881572e-05 -3.02725263e-06 -1.98603706e-08  9.56137735e-10]:-14.070472299085376
171:[1.15958936e+14 2.07633316e+14]:[ 5.83735650e-03 -2.16511982e-12 -2.07041255e-13  4.63746120e-11 -2.47303898e-10 -2.56187574e-15  8.99069015e-16  2.85451392e-05 -3.00942565e-06 -1.98603036e-08  9.51571147e-10]:-14.064304221331513
176:[1.13485977e+14 2.02777050e+14]:[ 5.34959048e-04 -1.89916263e-12 -2.01106584e-13  5.37799461e-11 -2.15198841e-10 -2.56755373e-15  9.21133386e-16  2.93361287e-05 -3.03157080e-06 -1.98404851e-08  9.59506339e-10]:-14.05494220187581
184:[1.12206871e+14 2.00569223e+14]:[ 8.70886184e-04 -1.91873037e-12 -2.00543117e-13  4.92833318e-11 -2.48512910e-10 -2.56533335e-15  9.13131076e-16  2.88901387e-05 -3.01349282e-06 -1.98487487e-08  9.58500005e-10]:-14.050019451094405
Selected for new population:
[ 3.39365743e-03 -2.11514154e-12 -2.01854103e-13  4.58245137e-11 -2.30391968e-10 -2.56506810e-15  9.11491733e-16  2.84881572e-05 -3.02725263e-06 -1.98603706e-08  9.56137735e-10]
[ 5.83735650e-03 -2.16511982e-12 -2.07041255e-13  4.63746120e-11 -2.47303898e-10 -2.56187574e-15  8.99069015e-16  2.85451392e-05 -3.00942565e-06 -1.98603036e-08  9.51571147e-10]
Selected: [6 2]
***************
***CROSSOVER***
***************
Population scores:
174:[1.33489508e+14 2.40425985e+14]:[-1.01430310e-02 -1.83761653e-12 -1.73557949e-13  5.23707373e-11 -2.22801083e-10 -2.56660229e-15  9.25409906e-16  2.86360831e-05 -3.03343733e-06 -2.06710544e-08  9.40574816e-10]:-14.125447132824366
159:[1.02298476e+14 1.81252984e+14]:[ 9.47810229e-03 -2.27708204e-12 -1.75863760e-13  4.52813633e-11 -2.04103926e-10 -2.57425000e-15  9.36453649e-16  3.13532357e-05 -3.03206761e-06 -1.98140829e-08  9.67672681e-10]:-14.00986916524475
&&&&&&&&&&&&&&&&&&&&&&&&
&&TOURNAMENT SELECTION&&
&&&&&&&&&&&&&&&&&&&&&&&&
parents:
[ 9.47810229e-03 -2.27708204e-12 -1.75863760e-13  4.52813633e-11 -2.04103926e-10 -2.57425000e-15  9.36453649e-16  3.13532357e-05 -3.03206761e-06 -1.98140829e-08  9.67672681e-10]
[-1.01430310e-02 -1.83761653e-12 -1.73557949e-13  5.23707373e-11 -2.22801083e-10 -2.56660229e-15  9.25409906e-16  2.86360831e-05 -3.03343733e-06 -2.06710544e-08  9.40574816e-10]
children:
[-1.01287745e-02 -2.16745470e-12 -1.73626684e-13  4.93126468e-11 -2.12620497e-10 -2.57342766e-15  9.36762761e-16  2.98020905e-05 -3.03239142e-06 -2.02344888e-08  9.55802909e-10]
[ 9.61741577e-03 -1.80097373e-12 -1.73520036e-13  4.52425159e-11 -2.16933848e-10 -2.57030322e-15  9.30104523e-16  2.83646824e-05 -3.03258207e-06 -1.97528136e-08  9.51291228e-10]
Population scores:
174:[1.33489508e+14 2.40425985e+14]:[-1.01430310e-02 -1.83761653e-12 -1.73557949e-13  5.23707373e-11 -2.22801083e-10 -2.56660229e-15  9.25409906e-16  2.86360831e-05 -3.03343733e-06 -2.06710544e-08  9.40574816e-10]:-14.125447132824366
187:[1.20466527e+14 2.16012707e+14]:[ 9.61741577e-03 -1.80097373e-12 -1.73520036e-13  4.52425159e-11 -2.16933848e-10 -2.57030322e-15  9.30104523e-16  2.83646824e-05 -3.03258207e-06 -1.97528136e-08  9.51291228e-10]:-14.080866391109922
186:[1.17224093e+14 2.09617510e+14]:[-1.01287745e-02 -2.16745470e-12 -1.73626684e-13  4.93126468e-11 -2.12620497e-10 -2.57342766e-15  9.36762761e-16  2.98020905e-05 -3.03239142e-06 -2.02344888e-08  9.55802909e-10]:-14.069016880268856
159:[1.02298476e+14 1.81252984e+14]:[ 9.47810229e-03 -2.27708204e-12 -1.75863760e-13  4.52813633e-11 -2.04103926e-10 -2.57425000e-15  9.36453649e-16  3.13532357e-05 -3.03206761e-06 -1.98140829e-08  9.67672681e-10]:-14.00986916524475
Selected for new population:
[-1.01430310e-02 -1.83761653e-12 -1.73557949e-13  5.23707373e-11 -2.22801083e-10 -2.56660229e-15  9.25409906e-16  2.86360831e-05 -3.03343733e-06 -2.06710544e-08  9.40574816e-10]
[ 9.61741577e-03 -1.80097373e-12 -1.73520036e-13  4.52425159e-11 -2.16933848e-10 -2.57030322e-15  9.30104523e-16  2.83646824e-05 -3.03258207e-06 -1.97528136e-08  9.51291228e-10]
Population scores:
154:[1.40549217e+14 2.53856731e+14]:[-4.03011414e-02 -1.26678036e-12 -2.39684095e-13  5.31889091e-11 -2.46922878e-10 -2.56038829e-15  8.66681397e-16  2.78273118e-05 -3.00963593e-06 -2.08468691e-08  9.26501488e-10]:-14.14782843178268
172:[1.34798736e+14 2.42586712e+14]:[ 8.54042958e-03 -1.66575569e-12 -2.26068933e-13  5.04278961e-11 -2.10669133e-10 -2.57466728e-15  8.73857103e-16  2.81677807e-05 -3.02408491e-06 -2.00255085e-08  9.25107799e-10]:-14.12968582024089
174:[1.33489508e+14 2.40425985e+14]:[-1.01430310e-02 -1.83761653e-12 -1.73557949e-13  5.23707373e-11 -2.22801083e-10 -2.56660229e-15  9.25409906e-16  2.86360831e-05 -3.03343733e-06 -2.06710544e-08  9.40574816e-10]:-14.125447132824366
178:[1.27421942e+14 2.28740142e+14]:[ 8.90087067e-03 -1.62835280e-12 -1.77111870e-13  4.98118447e-11 -2.09617585e-10 -2.57446706e-15  8.95221401e-16  2.86988982e-05 -3.02937013e-06 -1.99819607e-08  9.37122329e-10]:-14.105244219093857
180:[1.25849258e+14 2.25609354e+14]:[ 5.15396293e-03 -1.79847118e-12 -1.75189645e-13  4.78271667e-11 -2.17396556e-10 -2.56622647e-15  9.31763934e-16  2.96460009e-05 -3.03203707e-06 -2.02606796e-08  9.38923786e-10]:-14.099850660087423
183:[1.22346143e+14 2.18981057e+14]:[ 1.13579606e-02 -1.91660784e-12 -2.40690055e-13  5.05995560e-11 -2.09397491e-10 -2.56485245e-15  8.71464083e-16  2.78916233e-05 -3.02511763e-06 -1.85442736e-08  9.23668269e-10]:-14.087590281719336
187:[1.20466527e+14 2.16012707e+14]:[ 9.61741577e-03 -1.80097373e-12 -1.73520036e-13  4.52425159e-11 -2.16933848e-10 -2.57030322e-15  9.30104523e-16  2.83646824e-05 -3.03258207e-06 -1.97528136e-08  9.51291228e-10]:-14.080866391109922
185:[1.17617596e+14 2.10780401e+14]:[ 3.39365743e-03 -2.11514154e-12 -2.01854103e-13  4.58245137e-11 -2.30391968e-10 -2.56506810e-15  9.11491733e-16  2.84881572e-05 -3.02725263e-06 -1.98603706e-08  9.56137735e-10]:-14.070472299085376
171:[1.15958936e+14 2.07633316e+14]:[ 5.83735650e-03 -2.16511982e-12 -2.07041255e-13  4.63746120e-11 -2.47303898e-10 -2.56187574e-15  8.99069015e-16  2.85451392e-05 -3.00942565e-06 -1.98603036e-08  9.51571147e-10]:-14.064304221331513
176:[1.13485977e+14 2.02777050e+14]:[ 5.34959048e-04 -1.89916263e-12 -2.01106584e-13  5.37799461e-11 -2.15198841e-10 -2.56755373e-15  9.21133386e-16  2.93361287e-05 -3.03157080e-06 -1.98404851e-08  9.59506339e-10]:-14.05494220187581
168:[1.12666112e+14 2.00862650e+14]:[ 2.96413947e-02 -2.09644111e-12 -2.40024546e-13  5.37949475e-11 -2.04104943e-10 -2.56176361e-15  8.70874173e-16  2.76716614e-05 -2.97675042e-06 -1.81584507e-08  9.18046507e-10]:-14.051793308569419
159:[1.02298476e+14 1.81252984e+14]:[ 9.47810229e-03 -2.27708204e-12 -1.75863760e-13  4.52813633e-11 -2.04103926e-10 -2.57425000e-15  9.36453649e-16  3.13532357e-05 -3.03206761e-06 -1.98140829e-08  9.67672681e-10]:-14.00986916524475
160:[3.72675740e+13 6.20238254e+13]:[ 5.96602117e-02 -2.19774464e-12 -2.40482459e-13  4.61623264e-11 -2.04397403e-10 -2.56572744e-15  8.89018904e-16  3.18406612e-05 -2.94646028e-06 -1.77938657e-08  1.07544750e-09]:-13.571331122277284
162:[2.19579229e+13 3.53017944e+13]:[-4.95497955e-02 -1.97914778e-12 -1.93817321e-13  5.39209325e-11 -1.57581399e-10 -2.56913268e-15  8.92090494e-16  3.25055644e-05 -2.68762716e-06 -2.04452669e-08  1.07882530e-09]:-13.341591255856855
155:[1.88562710e+13 4.43420778e+13]:[ 7.02099258e-02 -2.30521094e-12 -1.56155525e-13  4.55004716e-11 -1.60825960e-10 -2.57957817e-15  9.37439412e-16  3.27852723e-05 -1.79933411e-06 -1.79283886e-08  1.06970593e-09]:-13.275455811291677
*******************************
***iteration: 3 Population is***
*******************************
Population scores:
154:[1.40549217e+14 2.53856731e+14]:[-4.03011414e-02 -1.26678036e-12 -2.39684095e-13  5.31889091e-11 -2.46922878e-10 -2.56038829e-15  8.66681397e-16  2.78273118e-05 -3.00963593e-06 -2.08468691e-08  9.26501488e-10]:-14.14782843178268
172:[1.34798736e+14 2.42586712e+14]:[ 8.54042958e-03 -1.66575569e-12 -2.26068933e-13  5.04278961e-11 -2.10669133e-10 -2.57466728e-15  8.73857103e-16  2.81677807e-05 -3.02408491e-06 -2.00255085e-08  9.25107799e-10]:-14.12968582024089
174:[1.33489508e+14 2.40425985e+14]:[-1.01430310e-02 -1.83761653e-12 -1.73557949e-13  5.23707373e-11 -2.22801083e-10 -2.56660229e-15  9.25409906e-16  2.86360831e-05 -3.03343733e-06 -2.06710544e-08  9.40574816e-10]:-14.125447132824366
178:[1.27421942e+14 2.28740142e+14]:[ 8.90087067e-03 -1.62835280e-12 -1.77111870e-13  4.98118447e-11 -2.09617585e-10 -2.57446706e-15  8.95221401e-16  2.86988982e-05 -3.02937013e-06 -1.99819607e-08  9.37122329e-10]:-14.105244219093857
180:[1.25849258e+14 2.25609354e+14]:[ 5.15396293e-03 -1.79847118e-12 -1.75189645e-13  4.78271667e-11 -2.17396556e-10 -2.56622647e-15  9.31763934e-16  2.96460009e-05 -3.03203707e-06 -2.02606796e-08  9.38923786e-10]:-14.099850660087423
183:[1.22346143e+14 2.18981057e+14]:[ 1.13579606e-02 -1.91660784e-12 -2.40690055e-13  5.05995560e-11 -2.09397491e-10 -2.56485245e-15  8.71464083e-16  2.78916233e-05 -3.02511763e-06 -1.85442736e-08  9.23668269e-10]:-14.087590281719336
187:[1.20466527e+14 2.16012707e+14]:[ 9.61741577e-03 -1.80097373e-12 -1.73520036e-13  4.52425159e-11 -2.16933848e-10 -2.57030322e-15  9.30104523e-16  2.83646824e-05 -3.03258207e-06 -1.97528136e-08  9.51291228e-10]:-14.080866391109922
185:[1.17617596e+14 2.10780401e+14]:[ 3.39365743e-03 -2.11514154e-12 -2.01854103e-13  4.58245137e-11 -2.30391968e-10 -2.56506810e-15  9.11491733e-16  2.84881572e-05 -3.02725263e-06 -1.98603706e-08  9.56137735e-10]:-14.070472299085376
171:[1.15958936e+14 2.07633316e+14]:[ 5.83735650e-03 -2.16511982e-12 -2.07041255e-13  4.63746120e-11 -2.47303898e-10 -2.56187574e-15  8.99069015e-16  2.85451392e-05 -3.00942565e-06 -1.98603036e-08  9.51571147e-10]:-14.064304221331513
176:[1.13485977e+14 2.02777050e+14]:[ 5.34959048e-04 -1.89916263e-12 -2.01106584e-13  5.37799461e-11 -2.15198841e-10 -2.56755373e-15  9.21133386e-16  2.93361287e-05 -3.03157080e-06 -1.98404851e-08  9.59506339e-10]:-14.05494220187581
Selected: [8 3]
***************
***CROSSOVER***
***************
Population scores:
178:[1.27421942e+14 2.28740142e+14]:[ 8.90087067e-03 -1.62835280e-12 -1.77111870e-13  4.98118447e-11 -2.09617585e-10 -2.57446706e-15  8.95221401e-16  2.86988982e-05 -3.02937013e-06 -1.99819607e-08  9.37122329e-10]:-14.105244219093857
171:[1.15958936e+14 2.07633316e+14]:[ 5.83735650e-03 -2.16511982e-12 -2.07041255e-13  4.63746120e-11 -2.47303898e-10 -2.56187574e-15  8.99069015e-16  2.85451392e-05 -3.00942565e-06 -1.98603036e-08  9.51571147e-10]:-14.064304221331513
&&&&&&&&&&&&&&&&&&&&&&&&
&&TOURNAMENT SELECTION&&
&&&&&&&&&&&&&&&&&&&&&&&&
parents:
[ 5.83735650e-03 -2.16511982e-12 -2.07041255e-13  4.63746120e-11 -2.47303898e-10 -2.56187574e-15  8.99069015e-16  2.85451392e-05 -3.00942565e-06 -1.98603036e-08  9.51571147e-10]
[ 8.90087067e-03 -1.62835280e-12 -1.77111870e-13  4.98118447e-11 -2.09617585e-10 -2.57446706e-15  8.95221401e-16  2.86988982e-05 -3.02937013e-06 -1.99819607e-08  9.37122329e-10]
children:
[ 6.71960568e-03 -2.07564642e-12 -1.99050302e-13  4.72432578e-11 -2.11981843e-10 -2.57257404e-15  8.96274316e-16  2.86870824e-05 -3.01532550e-06 -1.99845165e-08  9.43830496e-10]
[ 5.53225674e-03 -1.71408926e-12 -1.90746963e-13  4.66366551e-11 -2.50726415e-10 -2.56209832e-15  8.98442853e-16  2.86280831e-05 -3.01597065e-06 -1.99586436e-08  9.50108245e-10]
Population scores:
178:[1.27421942e+14 2.28740142e+14]:[ 8.90087067e-03 -1.62835280e-12 -1.77111870e-13  4.98118447e-11 -2.09617585e-10 -2.57446706e-15  8.95221401e-16  2.86988982e-05 -3.02937013e-06 -1.99819607e-08  9.37122329e-10]:-14.105244219093857
188:[1.21442104e+14 2.17683509e+14]:[ 6.71960568e-03 -2.07564642e-12 -1.99050302e-13  4.72432578e-11 -2.11981843e-10 -2.57257404e-15  8.96274316e-16  2.86870824e-05 -3.01532550e-06 -1.99845165e-08  9.43830496e-10]:-14.084369283116411
189:[1.18510166e+14 2.12372203e+14]:[ 5.53225674e-03 -1.71408926e-12 -1.90746963e-13  4.66366551e-11 -2.50726415e-10 -2.56209832e-15  8.98442853e-16  2.86280831e-05 -3.01597065e-06 -1.99586436e-08  9.50108245e-10]:-14.073755607544046
171:[1.15958936e+14 2.07633316e+14]:[ 5.83735650e-03 -2.16511982e-12 -2.07041255e-13  4.63746120e-11 -2.47303898e-10 -2.56187574e-15  8.99069015e-16  2.85451392e-05 -3.00942565e-06 -1.98603036e-08  9.51571147e-10]:-14.064304221331513
Selected for new population:
[ 8.90087067e-03 -1.62835280e-12 -1.77111870e-13  4.98118447e-11 -2.09617585e-10 -2.57446706e-15  8.95221401e-16  2.86988982e-05 -3.02937013e-06 -1.99819607e-08  9.37122329e-10]
[ 6.71960568e-03 -2.07564642e-12 -1.99050302e-13  4.72432578e-11 -2.11981843e-10 -2.57257404e-15  8.96274316e-16  2.86870824e-05 -3.01532550e-06 -1.99845165e-08  9.43830496e-10]
Selected: [7 4]
***************
***CROSSOVER***
***************
Population scores:
180:[1.25849258e+14 2.25609354e+14]:[ 5.15396293e-03 -1.79847118e-12 -1.75189645e-13  4.78271667e-11 -2.17396556e-10 -2.56622647e-15  9.31763934e-16  2.96460009e-05 -3.03203707e-06 -2.02606796e-08  9.38923786e-10]:-14.099850660087423
185:[1.17617596e+14 2.10780401e+14]:[ 3.39365743e-03 -2.11514154e-12 -2.01854103e-13  4.58245137e-11 -2.30391968e-10 -2.56506810e-15  9.11491733e-16  2.84881572e-05 -3.02725263e-06 -1.98603706e-08  9.56137735e-10]:-14.070472299085376
&&&&&&&&&&&&&&&&&&&&&&&&
&&TOURNAMENT SELECTION&&
&&&&&&&&&&&&&&&&&&&&&&&&
parents:
[ 3.39365743e-03 -2.11514154e-12 -2.01854103e-13  4.58245137e-11 -2.30391968e-10 -2.56506810e-15  9.11491733e-16  2.84881572e-05 -3.02725263e-06 -1.98603706e-08  9.56137735e-10]
[ 5.15396293e-03 -1.79847118e-12 -1.75189645e-13  4.78271667e-11 -2.17396556e-10 -2.56622647e-15  9.31763934e-16  2.96460009e-05 -3.03203707e-06 -2.02606796e-08  9.38923786e-10]
children:
[ 4.57348160e-03 -2.03686887e-12 -2.04179705e-13  4.57543053e-11 -2.16966827e-10 -2.56608087e-15  9.29562181e-16  2.84299491e-05 -3.02771579e-06 -1.99590026e-08  9.46253354e-10]
[ 4.10088662e-03 -2.09236729e-12 -1.92539461e-13  4.72922123e-11 -2.22382235e-10 -2.56586403e-15  9.22771540e-16  2.84450317e-05 -3.02813298e-06 -1.98565811e-08  9.43957496e-10]
Population scores:
180:[1.25849258e+14 2.25609354e+14]:[ 5.15396293e-03 -1.79847118e-12 -1.75189645e-13  4.78271667e-11 -2.17396556e-10 -2.56622647e-15  9.31763934e-16  2.96460009e-05 -3.03203707e-06 -2.02606796e-08  9.38923786e-10]:-14.099850660087423
191:[1.23629379e+14 2.21858071e+14]:[ 4.10088662e-03 -2.09236729e-12 -1.92539461e-13  4.72922123e-11 -2.22382235e-10 -2.56586403e-15  9.22771540e-16  2.84450317e-05 -3.02813298e-06 -1.98565811e-08  9.43957496e-10]:-14.092121688435435
190:[1.23496748e+14 2.21677476e+14]:[ 4.57348160e-03 -2.03686887e-12 -2.04179705e-13  4.57543053e-11 -2.16966827e-10 -2.56608087e-15  9.29562181e-16  2.84299491e-05 -3.02771579e-06 -1.99590026e-08  9.46253354e-10]:-14.091655519980538
185:[1.17617596e+14 2.10780401e+14]:[ 3.39365743e-03 -2.11514154e-12 -2.01854103e-13  4.58245137e-11 -2.30391968e-10 -2.56506810e-15  9.11491733e-16  2.84881572e-05 -3.02725263e-06 -1.98603706e-08  9.56137735e-10]:-14.070472299085376
Selected for new population:
[ 5.15396293e-03 -1.79847118e-12 -1.75189645e-13  4.78271667e-11 -2.17396556e-10 -2.56622647e-15  9.31763934e-16  2.96460009e-05 -3.03203707e-06 -2.02606796e-08  9.38923786e-10]
[ 4.10088662e-03 -2.09236729e-12 -1.92539461e-13  4.72922123e-11 -2.22382235e-10 -2.56586403e-15  9.22771540e-16  2.84450317e-05 -3.02813298e-06 -1.98565811e-08  9.43957496e-10]
Selected: [1 6]
***************
***CROSSOVER***
***************
Population scores:
172:[1.34798736e+14 2.42586712e+14]:[ 8.54042958e-03 -1.66575569e-12 -2.26068933e-13  5.04278961e-11 -2.10669133e-10 -2.57466728e-15  8.73857103e-16  2.81677807e-05 -3.02408491e-06 -2.00255085e-08  9.25107799e-10]:-14.12968582024089
187:[1.20466527e+14 2.16012707e+14]:[ 9.61741577e-03 -1.80097373e-12 -1.73520036e-13  4.52425159e-11 -2.16933848e-10 -2.57030322e-15  9.30104523e-16  2.83646824e-05 -3.03258207e-06 -1.97528136e-08  9.51291228e-10]:-14.080866391109922
&&&&&&&&&&&&&&&&&&&&&&&&
&&TOURNAMENT SELECTION&&
&&&&&&&&&&&&&&&&&&&&&&&&
parents:
[ 8.54042958e-03 -1.66575569e-12 -2.26068933e-13  5.04278961e-11 -2.10669133e-10 -2.57466728e-15  8.73857103e-16  2.81677807e-05 -3.02408491e-06 -2.00255085e-08  9.25107799e-10]
[ 9.61741577e-03 -1.80097373e-12 -1.73520036e-13  4.52425159e-11 -2.16933848e-10 -2.57030322e-15  9.30104523e-16  2.83646824e-05 -3.03258207e-06 -1.97528136e-08  9.51291228e-10]
children:
[ 8.97192062e-03 -1.70409268e-12 -1.81499702e-13  4.55413678e-11 -2.15486417e-10 -2.57106228e-15  9.22824402e-16  2.81630420e-05 -3.02844113e-06 -1.99562475e-08  9.26341057e-10]
[ 9.70322648e-03 -1.67542698e-12 -2.13446529e-13  4.55991345e-11 -2.16291913e-10 -2.57273779e-15  8.98400623e-16  2.83377083e-05 -3.02786354e-06 -2.00011891e-08  9.25747414e-10]
Population scores:
172:[1.34798736e+14 2.42586712e+14]:[ 8.54042958e-03 -1.66575569e-12 -2.26068933e-13  5.04278961e-11 -2.10669133e-10 -2.57466728e-15  8.73857103e-16  2.81677807e-05 -3.02408491e-06 -2.00255085e-08  9.25107799e-10]:-14.12968582024089
192:[1.34393559e+14 2.41848262e+14]:[ 8.97192062e-03 -1.70409268e-12 -1.81499702e-13  4.55413678e-11 -2.15486417e-10 -2.57106228e-15  9.22824402e-16  2.81630420e-05 -3.02844113e-06 -1.99562475e-08  9.26341057e-10]:-14.128378453578932
193:[1.34302046e+14 2.41605085e+14]:[ 9.70322648e-03 -1.67542698e-12 -2.13446529e-13  4.55991345e-11 -2.16291913e-10 -2.57273779e-15  8.98400623e-16  2.83377083e-05 -3.02786354e-06 -2.00011891e-08  9.25747414e-10]:-14.128082627965613
187:[1.20466527e+14 2.16012707e+14]:[ 9.61741577e-03 -1.80097373e-12 -1.73520036e-13  4.52425159e-11 -2.16933848e-10 -2.57030322e-15  9.30104523e-16  2.83646824e-05 -3.03258207e-06 -1.97528136e-08  9.51291228e-10]:-14.080866391109922
Selected for new population:
[ 8.54042958e-03 -1.66575569e-12 -2.26068933e-13  5.04278961e-11 -2.10669133e-10 -2.57466728e-15  8.73857103e-16  2.81677807e-05 -3.02408491e-06 -2.00255085e-08  9.25107799e-10]
[ 8.97192062e-03 -1.70409268e-12 -1.81499702e-13  4.55413678e-11 -2.15486417e-10 -2.57106228e-15  9.22824402e-16  2.81630420e-05 -3.02844113e-06 -1.99562475e-08  9.26341057e-10]
Selected: [7 6]
***************
***CROSSOVER***
***************
Population scores:
187:[1.20466527e+14 2.16012707e+14]:[ 9.61741577e-03 -1.80097373e-12 -1.73520036e-13  4.52425159e-11 -2.16933848e-10 -2.57030322e-15  9.30104523e-16  2.83646824e-05 -3.03258207e-06 -1.97528136e-08  9.51291228e-10]:-14.080866391109922
185:[1.17617596e+14 2.10780401e+14]:[ 3.39365743e-03 -2.11514154e-12 -2.01854103e-13  4.58245137e-11 -2.30391968e-10 -2.56506810e-15  9.11491733e-16  2.84881572e-05 -3.02725263e-06 -1.98603706e-08  9.56137735e-10]:-14.070472299085376
&&&&&&&&&&&&&&&&&&&&&&&&
&&TOURNAMENT SELECTION&&
&&&&&&&&&&&&&&&&&&&&&&&&
parents:
[ 3.39365743e-03 -2.11514154e-12 -2.01854103e-13  4.58245137e-11 -2.30391968e-10 -2.56506810e-15  9.11491733e-16  2.84881572e-05 -3.02725263e-06 -1.98603706e-08  9.56137735e-10]
[ 9.61741577e-03 -1.80097373e-12 -1.73520036e-13  4.52425159e-11 -2.16933848e-10 -2.57030322e-15  9.30104523e-16  2.83646824e-05 -3.03258207e-06 -1.97528136e-08  9.51291228e-10]
children:
[ 5.40258361e-03 -2.04930420e-12 -1.87011940e-13  4.53850530e-11 -2.21617714e-10 -2.56488744e-15  9.31387547e-16  2.84384340e-05 -3.02803742e-06 -1.97873230e-08  9.54881932e-10]
[ 4.30774918e-03 -2.13269327e-12 -1.83677759e-13  4.56640105e-11 -2.22893584e-10 -2.57048165e-15  9.25993632e-16  2.84067503e-05 -3.03079888e-06 -1.97783200e-08  9.53654456e-10]
Population scores:
187:[1.20466527e+14 2.16012707e+14]:[ 9.61741577e-03 -1.80097373e-12 -1.73520036e-13  4.52425159e-11 -2.16933848e-10 -2.57030322e-15  9.30104523e-16  2.83646824e-05 -3.03258207e-06 -1.97528136e-08  9.51291228e-10]:-14.080866391109922
195:[1.19086787e+14 2.13459199e+14]:[ 4.30774918e-03 -2.13269327e-12 -1.83677759e-13  4.56640105e-11 -2.22893584e-10 -2.57048165e-15  9.25993632e-16  2.84067503e-05 -3.03079888e-06 -1.97783200e-08  9.53654456e-10]:-14.075863576568201
194:[1.17866026e+14 2.11224144e+14]:[ 5.40258361e-03 -2.04930420e-12 -1.87011940e-13  4.53850530e-11 -2.21617714e-10 -2.56488744e-15  9.31387547e-16  2.84384340e-05 -3.02803742e-06 -1.97873230e-08  9.54881932e-10]:-14.071388639754936
185:[1.17617596e+14 2.10780401e+14]:[ 3.39365743e-03 -2.11514154e-12 -2.01854103e-13  4.58245137e-11 -2.30391968e-10 -2.56506810e-15  9.11491733e-16  2.84881572e-05 -3.02725263e-06 -1.98603706e-08  9.56137735e-10]:-14.070472299085376
Selected for new population:
[ 9.61741577e-03 -1.80097373e-12 -1.73520036e-13  4.52425159e-11 -2.16933848e-10 -2.57030322e-15  9.30104523e-16  2.83646824e-05 -3.03258207e-06 -1.97528136e-08  9.51291228e-10]
[ 4.30774918e-03 -2.13269327e-12 -1.83677759e-13  4.56640105e-11 -2.22893584e-10 -2.57048165e-15  9.25993632e-16  2.84067503e-05 -3.03079888e-06 -1.97783200e-08  9.53654456e-10]
Selected: [8 9]
***************
***CROSSOVER***
***************
Population scores:
171:[1.15958936e+14 2.07633316e+14]:[ 5.83735650e-03 -2.16511982e-12 -2.07041255e-13  4.63746120e-11 -2.47303898e-10 -2.56187574e-15  8.99069015e-16  2.85451392e-05 -3.00942565e-06 -1.98603036e-08  9.51571147e-10]:-14.064304221331513
176:[1.13485977e+14 2.02777050e+14]:[ 5.34959048e-04 -1.89916263e-12 -2.01106584e-13  5.37799461e-11 -2.15198841e-10 -2.56755373e-15  9.21133386e-16  2.93361287e-05 -3.03157080e-06 -1.98404851e-08  9.59506339e-10]:-14.05494220187581
&&&&&&&&&&&&&&&&&&&&&&&&
&&TOURNAMENT SELECTION&&
&&&&&&&&&&&&&&&&&&&&&&&&
parents:
[ 5.83735650e-03 -2.16511982e-12 -2.07041255e-13  4.63746120e-11 -2.47303898e-10 -2.56187574e-15  8.99069015e-16  2.85451392e-05 -3.00942565e-06 -1.98603036e-08  9.51571147e-10]
[ 5.34959048e-04 -1.89916263e-12 -2.01106584e-13  5.37799461e-11 -2.15198841e-10 -2.56755373e-15  9.21133386e-16  2.93361287e-05 -3.03157080e-06 -1.98404851e-08  9.59506339e-10]
children:
[ 5.48476502e-03 -1.89169621e-12 -2.05432377e-13  5.38910240e-11 -2.34514848e-10 -2.56721688e-15  8.97989325e-16  2.85208370e-05 -3.02645096e-06 -1.98490578e-08  9.56523642e-10]
[ 4.70456605e-03 -2.10068820e-12 -2.04177734e-13  4.97831661e-11 -2.30344528e-10 -2.56541406e-15  9.05131299e-16  2.91504278e-05 -3.03064112e-06 -1.98539244e-08  9.55576602e-10]
Population scores:
196:[1.17074912e+14 2.09743394e+14]:[ 5.48476502e-03 -1.89169621e-12 -2.05432377e-13  5.38910240e-11 -2.34514848e-10 -2.56721688e-15  8.97989325e-16  2.85208370e-05 -3.02645096e-06 -1.98490578e-08  9.56523642e-10]:-14.068463839293209
171:[1.15958936e+14 2.07633316e+14]:[ 5.83735650e-03 -2.16511982e-12 -2.07041255e-13  4.63746120e-11 -2.47303898e-10 -2.56187574e-15  8.99069015e-16  2.85451392e-05 -3.00942565e-06 -1.98603036e-08  9.51571147e-10]:-14.064304221331513
197:[1.15909071e+14 2.07333455e+14]:[ 4.70456605e-03 -2.10068820e-12 -2.04177734e-13  4.97831661e-11 -2.30344528e-10 -2.56541406e-15  9.05131299e-16  2.91504278e-05 -3.03064112e-06 -1.98539244e-08  9.55576602e-10]:-14.0641174251707
176:[1.13485977e+14 2.02777050e+14]:[ 5.34959048e-04 -1.89916263e-12 -2.01106584e-13  5.37799461e-11 -2.15198841e-10 -2.56755373e-15  9.21133386e-16  2.93361287e-05 -3.03157080e-06 -1.98404851e-08  9.59506339e-10]:-14.05494220187581
Selected for new population:
[ 5.48476502e-03 -1.89169621e-12 -2.05432377e-13  5.38910240e-11 -2.34514848e-10 -2.56721688e-15  8.97989325e-16  2.85208370e-05 -3.02645096e-06 -1.98490578e-08  9.56523642e-10]
[ 5.83735650e-03 -2.16511982e-12 -2.07041255e-13  4.63746120e-11 -2.47303898e-10 -2.56187574e-15  8.99069015e-16  2.85451392e-05 -3.00942565e-06 -1.98603036e-08  9.51571147e-10]
Population scores:
154:[1.40549217e+14 2.53856731e+14]:[-4.03011414e-02 -1.26678036e-12 -2.39684095e-13  5.31889091e-11 -2.46922878e-10 -2.56038829e-15  8.66681397e-16  2.78273118e-05 -3.00963593e-06 -2.08468691e-08  9.26501488e-10]:-14.14782843178268
172:[1.34798736e+14 2.42586712e+14]:[ 8.54042958e-03 -1.66575569e-12 -2.26068933e-13  5.04278961e-11 -2.10669133e-10 -2.57466728e-15  8.73857103e-16  2.81677807e-05 -3.02408491e-06 -2.00255085e-08  9.25107799e-10]:-14.12968582024089
192:[1.34393559e+14 2.41848262e+14]:[ 8.97192062e-03 -1.70409268e-12 -1.81499702e-13  4.55413678e-11 -2.15486417e-10 -2.57106228e-15  9.22824402e-16  2.81630420e-05 -3.02844113e-06 -1.99562475e-08  9.26341057e-10]:-14.128378453578932
174:[1.33489508e+14 2.40425985e+14]:[-1.01430310e-02 -1.83761653e-12 -1.73557949e-13  5.23707373e-11 -2.22801083e-10 -2.56660229e-15  9.25409906e-16  2.86360831e-05 -3.03343733e-06 -2.06710544e-08  9.40574816e-10]:-14.125447132824366
178:[1.27421942e+14 2.28740142e+14]:[ 8.90087067e-03 -1.62835280e-12 -1.77111870e-13  4.98118447e-11 -2.09617585e-10 -2.57446706e-15  8.95221401e-16  2.86988982e-05 -3.02937013e-06 -1.99819607e-08  9.37122329e-10]:-14.105244219093857
180:[1.25849258e+14 2.25609354e+14]:[ 5.15396293e-03 -1.79847118e-12 -1.75189645e-13  4.78271667e-11 -2.17396556e-10 -2.56622647e-15  9.31763934e-16  2.96460009e-05 -3.03203707e-06 -2.02606796e-08  9.38923786e-10]:-14.099850660087423
191:[1.23629379e+14 2.21858071e+14]:[ 4.10088662e-03 -2.09236729e-12 -1.92539461e-13  4.72922123e-11 -2.22382235e-10 -2.56586403e-15  9.22771540e-16  2.84450317e-05 -3.02813298e-06 -1.98565811e-08  9.43957496e-10]:-14.092121688435435
183:[1.22346143e+14 2.18981057e+14]:[ 1.13579606e-02 -1.91660784e-12 -2.40690055e-13  5.05995560e-11 -2.09397491e-10 -2.56485245e-15  8.71464083e-16  2.78916233e-05 -3.02511763e-06 -1.85442736e-08  9.23668269e-10]:-14.087590281719336
188:[1.21442104e+14 2.17683509e+14]:[ 6.71960568e-03 -2.07564642e-12 -1.99050302e-13  4.72432578e-11 -2.11981843e-10 -2.57257404e-15  8.96274316e-16  2.86870824e-05 -3.01532550e-06 -1.99845165e-08  9.43830496e-10]:-14.084369283116411
187:[1.20466527e+14 2.16012707e+14]:[ 9.61741577e-03 -1.80097373e-12 -1.73520036e-13  4.52425159e-11 -2.16933848e-10 -2.57030322e-15  9.30104523e-16  2.83646824e-05 -3.03258207e-06 -1.97528136e-08  9.51291228e-10]:-14.080866391109922
195:[1.19086787e+14 2.13459199e+14]:[ 4.30774918e-03 -2.13269327e-12 -1.83677759e-13  4.56640105e-11 -2.22893584e-10 -2.57048165e-15  9.25993632e-16  2.84067503e-05 -3.03079888e-06 -1.97783200e-08  9.53654456e-10]:-14.075863576568201
185:[1.17617596e+14 2.10780401e+14]:[ 3.39365743e-03 -2.11514154e-12 -2.01854103e-13  4.58245137e-11 -2.30391968e-10 -2.56506810e-15  9.11491733e-16  2.84881572e-05 -3.02725263e-06 -1.98603706e-08  9.56137735e-10]:-14.070472299085376
196:[1.17074912e+14 2.09743394e+14]:[ 5.48476502e-03 -1.89169621e-12 -2.05432377e-13  5.38910240e-11 -2.34514848e-10 -2.56721688e-15  8.97989325e-16  2.85208370e-05 -3.02645096e-06 -1.98490578e-08  9.56523642e-10]:-14.068463839293209
171:[1.15958936e+14 2.07633316e+14]:[ 5.83735650e-03 -2.16511982e-12 -2.07041255e-13  4.63746120e-11 -2.47303898e-10 -2.56187574e-15  8.99069015e-16  2.85451392e-05 -3.00942565e-06 -1.98603036e-08  9.51571147e-10]:-14.064304221331513
176:[1.13485977e+14 2.02777050e+14]:[ 5.34959048e-04 -1.89916263e-12 -2.01106584e-13  5.37799461e-11 -2.15198841e-10 -2.56755373e-15  9.21133386e-16  2.93361287e-05 -3.03157080e-06 -1.98404851e-08  9.59506339e-10]:-14.05494220187581
*******************************
***iteration: 4 Population is***
*******************************
Population scores:
154:[1.40549217e+14 2.53856731e+14]:[-4.03011414e-02 -1.26678036e-12 -2.39684095e-13  5.31889091e-11 -2.46922878e-10 -2.56038829e-15  8.66681397e-16  2.78273118e-05 -3.00963593e-06 -2.08468691e-08  9.26501488e-10]:-14.14782843178268
172:[1.34798736e+14 2.42586712e+14]:[ 8.54042958e-03 -1.66575569e-12 -2.26068933e-13  5.04278961e-11 -2.10669133e-10 -2.57466728e-15  8.73857103e-16  2.81677807e-05 -3.02408491e-06 -2.00255085e-08  9.25107799e-10]:-14.12968582024089
192:[1.34393559e+14 2.41848262e+14]:[ 8.97192062e-03 -1.70409268e-12 -1.81499702e-13  4.55413678e-11 -2.15486417e-10 -2.57106228e-15  9.22824402e-16  2.81630420e-05 -3.02844113e-06 -1.99562475e-08  9.26341057e-10]:-14.128378453578932
174:[1.33489508e+14 2.40425985e+14]:[-1.01430310e-02 -1.83761653e-12 -1.73557949e-13  5.23707373e-11 -2.22801083e-10 -2.56660229e-15  9.25409906e-16  2.86360831e-05 -3.03343733e-06 -2.06710544e-08  9.40574816e-10]:-14.125447132824366
178:[1.27421942e+14 2.28740142e+14]:[ 8.90087067e-03 -1.62835280e-12 -1.77111870e-13  4.98118447e-11 -2.09617585e-10 -2.57446706e-15  8.95221401e-16  2.86988982e-05 -3.02937013e-06 -1.99819607e-08  9.37122329e-10]:-14.105244219093857
180:[1.25849258e+14 2.25609354e+14]:[ 5.15396293e-03 -1.79847118e-12 -1.75189645e-13  4.78271667e-11 -2.17396556e-10 -2.56622647e-15  9.31763934e-16  2.96460009e-05 -3.03203707e-06 -2.02606796e-08  9.38923786e-10]:-14.099850660087423
191:[1.23629379e+14 2.21858071e+14]:[ 4.10088662e-03 -2.09236729e-12 -1.92539461e-13  4.72922123e-11 -2.22382235e-10 -2.56586403e-15  9.22771540e-16  2.84450317e-05 -3.02813298e-06 -1.98565811e-08  9.43957496e-10]:-14.092121688435435
183:[1.22346143e+14 2.18981057e+14]:[ 1.13579606e-02 -1.91660784e-12 -2.40690055e-13  5.05995560e-11 -2.09397491e-10 -2.56485245e-15  8.71464083e-16  2.78916233e-05 -3.02511763e-06 -1.85442736e-08  9.23668269e-10]:-14.087590281719336
188:[1.21442104e+14 2.17683509e+14]:[ 6.71960568e-03 -2.07564642e-12 -1.99050302e-13  4.72432578e-11 -2.11981843e-10 -2.57257404e-15  8.96274316e-16  2.86870824e-05 -3.01532550e-06 -1.99845165e-08  9.43830496e-10]:-14.084369283116411
187:[1.20466527e+14 2.16012707e+14]:[ 9.61741577e-03 -1.80097373e-12 -1.73520036e-13  4.52425159e-11 -2.16933848e-10 -2.57030322e-15  9.30104523e-16  2.83646824e-05 -3.03258207e-06 -1.97528136e-08  9.51291228e-10]:-14.080866391109922
Selected: [1 0]
***************
***CROSSOVER***
***************
Population scores:
154:[1.40549217e+14 2.53856731e+14]:[-4.03011414e-02 -1.26678036e-12 -2.39684095e-13  5.31889091e-11 -2.46922878e-10 -2.56038829e-15  8.66681397e-16  2.78273118e-05 -3.00963593e-06 -2.08468691e-08  9.26501488e-10]:-14.14782843178268
172:[1.34798736e+14 2.42586712e+14]:[ 8.54042958e-03 -1.66575569e-12 -2.26068933e-13  5.04278961e-11 -2.10669133e-10 -2.57466728e-15  8.73857103e-16  2.81677807e-05 -3.02408491e-06 -2.00255085e-08  9.25107799e-10]:-14.12968582024089
&&&&&&&&&&&&&&&&&&&&&&&&
&&TOURNAMENT SELECTION&&
&&&&&&&&&&&&&&&&&&&&&&&&
parents:
[ 8.54042958e-03 -1.66575569e-12 -2.26068933e-13  5.04278961e-11 -2.10669133e-10 -2.57466728e-15  8.73857103e-16  2.81677807e-05 -3.02408491e-06 -2.00255085e-08  9.25107799e-10]
[-4.03011414e-02 -1.26678036e-12 -2.39684095e-13  5.31889091e-11 -2.46922878e-10 -2.56038829e-15  8.66681397e-16  2.78273118e-05 -3.00963593e-06 -2.08468691e-08  9.26501488e-10]
children:
[ 1.01040647e-02 -1.27079143e-12 -2.32525893e-13  5.08390619e-11 -2.07789343e-10 -2.56168852e-15  8.73601459e-16  2.81371854e-05 -3.02011542e-06 -2.09249453e-08  9.26008859e-10]
[-4.23290165e-02 -1.58165995e-12 -2.36472896e-13  5.15874750e-11 -2.10431038e-10 -2.56753683e-15  8.70615701e-16  2.80645704e-05 -3.01695646e-06 -2.01076353e-08  9.25384646e-10]
Population scores:
198:[1.42543154e+14 2.57481330e+14]:[ 1.01040647e-02 -1.27079143e-12 -2.32525893e-13  5.08390619e-11 -2.07789343e-10 -2.56168852e-15  8.73601459e-16  2.81371854e-05 -3.02011542e-06 -2.09249453e-08  9.26008859e-10]:-14.153946363162
154:[1.40549217e+14 2.53856731e+14]:[-4.03011414e-02 -1.26678036e-12 -2.39684095e-13  5.31889091e-11 -2.46922878e-10 -2.56038829e-15  8.66681397e-16  2.78273118e-05 -3.00963593e-06 -2.08468691e-08  9.26501488e-10]:-14.14782843178268
172:[1.34798736e+14 2.42586712e+14]:[ 8.54042958e-03 -1.66575569e-12 -2.26068933e-13  5.04278961e-11 -2.10669133e-10 -2.57466728e-15  8.73857103e-16  2.81677807e-05 -3.02408491e-06 -2.00255085e-08  9.25107799e-10]:-14.12968582024089
199:[1.34318949e+14 2.41809833e+14]:[-4.23290165e-02 -1.58165995e-12 -2.36472896e-13  5.15874750e-11 -2.10431038e-10 -2.56753683e-15  8.70615701e-16  2.80645704e-05 -3.01695646e-06 -2.01076353e-08  9.25384646e-10]:-14.128137285188558
Selected for new population:
[ 1.01040647e-02 -1.27079143e-12 -2.32525893e-13  5.08390619e-11 -2.07789343e-10 -2.56168852e-15  8.73601459e-16  2.81371854e-05 -3.02011542e-06 -2.09249453e-08  9.26008859e-10]
[-4.03011414e-02 -1.26678036e-12 -2.39684095e-13  5.31889091e-11 -2.46922878e-10 -2.56038829e-15  8.66681397e-16  2.78273118e-05 -3.00963593e-06 -2.08468691e-08  9.26501488e-10]
Selected: [5 2]
***************
***CROSSOVER***
***************
Population scores:
192:[1.34393559e+14 2.41848262e+14]:[ 8.97192062e-03 -1.70409268e-12 -1.81499702e-13  4.55413678e-11 -2.15486417e-10 -2.57106228e-15  9.22824402e-16  2.81630420e-05 -3.02844113e-06 -1.99562475e-08  9.26341057e-10]:-14.128378453578932
180:[1.25849258e+14 2.25609354e+14]:[ 5.15396293e-03 -1.79847118e-12 -1.75189645e-13  4.78271667e-11 -2.17396556e-10 -2.56622647e-15  9.31763934e-16  2.96460009e-05 -3.03203707e-06 -2.02606796e-08  9.38923786e-10]:-14.099850660087423
&&&&&&&&&&&&&&&&&&&&&&&&
&&TOURNAMENT SELECTION&&
&&&&&&&&&&&&&&&&&&&&&&&&
parents:
[ 5.15396293e-03 -1.79847118e-12 -1.75189645e-13  4.78271667e-11 -2.17396556e-10 -2.56622647e-15  9.31763934e-16  2.96460009e-05 -3.03203707e-06 -2.02606796e-08  9.38923786e-10]
[ 8.97192062e-03 -1.70409268e-12 -1.81499702e-13  4.55413678e-11 -2.15486417e-10 -2.57106228e-15  9.22824402e-16  2.81630420e-05 -3.02844113e-06 -1.99562475e-08  9.26341057e-10]
children:
[ 6.11556183e-03 -1.70224301e-12 -1.76512976e-13  4.75630960e-11 -2.16847326e-10 -2.56870207e-15  9.29400230e-16  2.93379510e-05 -3.02972127e-06 -1.99474757e-08  9.30602062e-10]
[ 5.99439788e-03 -1.69949982e-12 -1.79930068e-13  4.53609852e-11 -2.15696816e-10 -2.56784609e-15  9.28569478e-16  2.86616427e-05 -3.03207789e-06 -2.00160802e-08  9.28541908e-10]
Population scores:
192:[1.34393559e+14 2.41848262e+14]:[ 8.97192062e-03 -1.70409268e-12 -1.81499702e-13  4.55413678e-11 -2.15486417e-10 -2.57106228e-15  9.22824402e-16  2.81630420e-05 -3.02844113e-06 -1.99562475e-08  9.26341057e-10]:-14.128378453578932
201:[1.32549382e+14 2.38277169e+14]:[ 5.99439788e-03 -1.69949982e-12 -1.79930068e-13  4.53609852e-11 -2.15696816e-10 -2.56784609e-15  9.28569478e-16  2.86616427e-05 -3.03207789e-06 -2.00160802e-08  9.28541908e-10]:-14.122377707313484
200:[1.27624491e+14 2.28813415e+14]:[ 6.11556183e-03 -1.70224301e-12 -1.76512976e-13  4.75630960e-11 -2.16847326e-10 -2.56870207e-15  9.29400230e-16  2.93379510e-05 -3.02972127e-06 -1.99474757e-08  9.30602062e-10]:-14.105934024129466
180:[1.25849258e+14 2.25609354e+14]:[ 5.15396293e-03 -1.79847118e-12 -1.75189645e-13  4.78271667e-11 -2.17396556e-10 -2.56622647e-15  9.31763934e-16  2.96460009e-05 -3.03203707e-06 -2.02606796e-08  9.38923786e-10]:-14.099850660087423
Selected for new population:
[ 8.97192062e-03 -1.70409268e-12 -1.81499702e-13  4.55413678e-11 -2.15486417e-10 -2.57106228e-15  9.22824402e-16  2.81630420e-05 -3.02844113e-06 -1.99562475e-08  9.26341057e-10]
[ 5.99439788e-03 -1.69949982e-12 -1.79930068e-13  4.53609852e-11 -2.15696816e-10 -2.56784609e-15  9.28569478e-16  2.86616427e-05 -3.03207789e-06 -2.00160802e-08  9.28541908e-10]
Selected: [5 8]
***************
***CROSSOVER***
***************
Population scores:
180:[1.25849258e+14 2.25609354e+14]:[ 5.15396293e-03 -1.79847118e-12 -1.75189645e-13  4.78271667e-11 -2.17396556e-10 -2.56622647e-15  9.31763934e-16  2.96460009e-05 -3.03203707e-06 -2.02606796e-08  9.38923786e-10]:-14.099850660087423
188:[1.21442104e+14 2.17683509e+14]:[ 6.71960568e-03 -2.07564642e-12 -1.99050302e-13  4.72432578e-11 -2.11981843e-10 -2.57257404e-15  8.96274316e-16  2.86870824e-05 -3.01532550e-06 -1.99845165e-08  9.43830496e-10]:-14.084369283116411
&&&&&&&&&&&&&&&&&&&&&&&&
&&TOURNAMENT SELECTION&&
&&&&&&&&&&&&&&&&&&&&&&&&
parents:
[ 5.15396293e-03 -1.79847118e-12 -1.75189645e-13  4.78271667e-11 -2.17396556e-10 -2.56622647e-15  9.31763934e-16  2.96460009e-05 -3.03203707e-06 -2.02606796e-08  9.38923786e-10]
[ 6.71960568e-03 -2.07564642e-12 -1.99050302e-13  4.72432578e-11 -2.11981843e-10 -2.57257404e-15  8.96274316e-16  2.86870824e-05 -3.01532550e-06 -1.99845165e-08  9.43830496e-10]
children:
[ 5.49377034e-03 -2.08053567e-12 -2.01328759e-13  4.75392852e-11 -2.16078107e-10 -2.57047728e-15  9.14373369e-16  2.92042355e-05 -3.02928831e-06 -2.01289032e-08  9.41188460e-10]
[ 5.17370326e-03 -2.02982976e-12 -1.85686874e-13  4.76292700e-11 -2.15678387e-10 -2.57224501e-15  9.17446015e-16  2.87446316e-05 -3.02426789e-06 -2.02628152e-08  9.42824679e-10]
Population scores:
203:[1.26141044e+14 2.26511904e+14]:[ 5.17370326e-03 -2.02982976e-12 -1.85686874e-13  4.76292700e-11 -2.15678387e-10 -2.57224501e-15  9.17446015e-16  2.87446316e-05 -3.02426789e-06 -2.02628152e-08  9.42824679e-10]:-14.100856420016731
180:[1.25849258e+14 2.25609354e+14]:[ 5.15396293e-03 -1.79847118e-12 -1.75189645e-13  4.78271667e-11 -2.17396556e-10 -2.56622647e-15  9.31763934e-16  2.96460009e-05 -3.03203707e-06 -2.02606796e-08  9.38923786e-10]:-14.099850660087423
202:[1.24781826e+14 2.23744425e+14]:[ 5.49377034e-03 -2.08053567e-12 -2.01328759e-13  4.75392852e-11 -2.16078107e-10 -2.57047728e-15  9.14373369e-16  2.92042355e-05 -3.02928831e-06 -2.01289032e-08  9.41188460e-10]:-14.096151336974257
188:[1.21442104e+14 2.17683509e+14]:[ 6.71960568e-03 -2.07564642e-12 -1.99050302e-13  4.72432578e-11 -2.11981843e-10 -2.57257404e-15  8.96274316e-16  2.86870824e-05 -3.01532550e-06 -1.99845165e-08  9.43830496e-10]:-14.084369283116411
Selected for new population:
[ 5.17370326e-03 -2.02982976e-12 -1.85686874e-13  4.76292700e-11 -2.15678387e-10 -2.57224501e-15  9.17446015e-16  2.87446316e-05 -3.02426789e-06 -2.02628152e-08  9.42824679e-10]
[ 5.15396293e-03 -1.79847118e-12 -1.75189645e-13  4.78271667e-11 -2.17396556e-10 -2.56622647e-15  9.31763934e-16  2.96460009e-05 -3.03203707e-06 -2.02606796e-08  9.38923786e-10]
Selected: [2 7]
***************
***CROSSOVER***
***************
Population scores:
192:[1.34393559e+14 2.41848262e+14]:[ 8.97192062e-03 -1.70409268e-12 -1.81499702e-13  4.55413678e-11 -2.15486417e-10 -2.57106228e-15  9.22824402e-16  2.81630420e-05 -3.02844113e-06 -1.99562475e-08  9.26341057e-10]:-14.128378453578932
183:[1.22346143e+14 2.18981057e+14]:[ 1.13579606e-02 -1.91660784e-12 -2.40690055e-13  5.05995560e-11 -2.09397491e-10 -2.56485245e-15  8.71464083e-16  2.78916233e-05 -3.02511763e-06 -1.85442736e-08  9.23668269e-10]:-14.087590281719336
&&&&&&&&&&&&&&&&&&&&&&&&
&&TOURNAMENT SELECTION&&
&&&&&&&&&&&&&&&&&&&&&&&&
parents:
[ 8.97192062e-03 -1.70409268e-12 -1.81499702e-13  4.55413678e-11 -2.15486417e-10 -2.57106228e-15  9.22824402e-16  2.81630420e-05 -3.02844113e-06 -1.99562475e-08  9.26341057e-10]
[ 1.13579606e-02 -1.91660784e-12 -2.40690055e-13  5.05995560e-11 -2.09397491e-10 -2.56485245e-15  8.71464083e-16  2.78916233e-05 -3.02511763e-06 -1.85442736e-08  9.23668269e-10]
children:
[ 8.78324415e-03 -1.76875497e-12 -2.07405487e-13  4.69001122e-11 -2.11512336e-10 -2.56940854e-15  8.90554262e-16  2.79510232e-05 -3.02601192e-06 -1.93248349e-08  9.24845177e-10]
[ 1.09035241e-02 -1.73586892e-12 -1.87580426e-13  4.54123378e-11 -2.12425592e-10 -2.57121882e-15  8.91044540e-16  2.80329369e-05 -3.02651352e-06 -1.91857568e-08  9.23527988e-10]
Population scores:
192:[1.34393559e+14 2.41848262e+14]:[ 8.97192062e-03 -1.70409268e-12 -1.81499702e-13  4.55413678e-11 -2.15486417e-10 -2.57106228e-15  9.22824402e-16  2.81630420e-05 -3.02844113e-06 -1.99562475e-08  9.26341057e-10]:-14.128378453578932
204:[1.29268047e+14 2.32132724e+14]:[ 8.78324415e-03 -1.76875497e-12 -2.07405487e-13  4.69001122e-11 -2.11512336e-10 -2.56940854e-15  8.90554262e-16  2.79510232e-05 -3.02601192e-06 -1.93248349e-08  9.24845177e-10]:-14.111491186850513
205:[1.28344596e+14 2.30299401e+14]:[ 1.09035241e-02 -1.73586892e-12 -1.87580426e-13  4.54123378e-11 -2.12425592e-10 -2.57121882e-15  8.91044540e-16  2.80329369e-05 -3.02651352e-06 -1.91857568e-08  9.23527988e-10]:-14.108377587567881
183:[1.22346143e+14 2.18981057e+14]:[ 1.13579606e-02 -1.91660784e-12 -2.40690055e-13  5.05995560e-11 -2.09397491e-10 -2.56485245e-15  8.71464083e-16  2.78916233e-05 -3.02511763e-06 -1.85442736e-08  9.23668269e-10]:-14.087590281719336
Selected for new population:
[ 8.97192062e-03 -1.70409268e-12 -1.81499702e-13  4.55413678e-11 -2.15486417e-10 -2.57106228e-15  9.22824402e-16  2.81630420e-05 -3.02844113e-06 -1.99562475e-08  9.26341057e-10]
[ 8.78324415e-03 -1.76875497e-12 -2.07405487e-13  4.69001122e-11 -2.11512336e-10 -2.56940854e-15  8.90554262e-16  2.79510232e-05 -3.02601192e-06 -1.93248349e-08  9.24845177e-10]
Selected: [0 4]
***************
***CROSSOVER***
***************
Population scores:
154:[1.40549217e+14 2.53856731e+14]:[-4.03011414e-02 -1.26678036e-12 -2.39684095e-13  5.31889091e-11 -2.46922878e-10 -2.56038829e-15  8.66681397e-16  2.78273118e-05 -3.00963593e-06 -2.08468691e-08  9.26501488e-10]:-14.14782843178268
178:[1.27421942e+14 2.28740142e+14]:[ 8.90087067e-03 -1.62835280e-12 -1.77111870e-13  4.98118447e-11 -2.09617585e-10 -2.57446706e-15  8.95221401e-16  2.86988982e-05 -3.02937013e-06 -1.99819607e-08  9.37122329e-10]:-14.105244219093857
&&&&&&&&&&&&&&&&&&&&&&&&
&&TOURNAMENT SELECTION&&
&&&&&&&&&&&&&&&&&&&&&&&&
parents:
[-4.03011414e-02 -1.26678036e-12 -2.39684095e-13  5.31889091e-11 -2.46922878e-10 -2.56038829e-15  8.66681397e-16  2.78273118e-05 -3.00963593e-06 -2.08468691e-08  9.26501488e-10]
[ 8.90087067e-03 -1.62835280e-12 -1.77111870e-13  4.98118447e-11 -2.09617585e-10 -2.57446706e-15  8.95221401e-16  2.86988982e-05 -3.02937013e-06 -1.99819607e-08  9.37122329e-10]
children:
[ 6.14083123e-03 -1.54863382e-12 -1.76538900e-13  5.12020903e-11 -2.34700564e-10 -2.56037875e-15  8.96859744e-16  2.87236295e-05 -3.01845585e-06 -2.03316066e-08  9.29383347e-10]
[-4.02004175e-02 -1.34541482e-12 -2.28691701e-13  5.33768994e-11 -2.45218615e-10 -2.56276084e-15  8.91050632e-16  2.87231104e-05 -3.01665025e-06 -2.00459112e-08  9.36158656e-10]
Population scores:
154:[1.40549217e+14 2.53856731e+14]:[-4.03011414e-02 -1.26678036e-12 -2.39684095e-13  5.31889091e-11 -2.46922878e-10 -2.56038829e-15  8.66681397e-16  2.78273118e-05 -3.00963593e-06 -2.08468691e-08  9.26501488e-10]:-14.14782843178268
206:[1.32050112e+14 2.37489198e+14]:[ 6.14083123e-03 -1.54863382e-12 -1.76538900e-13  5.12020903e-11 -2.34700564e-10 -2.56037875e-15  8.96859744e-16  2.87236295e-05 -3.01845585e-06 -2.03316066e-08  9.29383347e-10]:-14.120738774629052
178:[1.27421942e+14 2.28740142e+14]:[ 8.90087067e-03 -1.62835280e-12 -1.77111870e-13  4.98118447e-11 -2.09617585e-10 -2.57446706e-15  8.95221401e-16  2.86988982e-05 -3.02937013e-06 -1.99819607e-08  9.37122329e-10]:-14.105244219093857
207:[1.25659595e+14 2.25529192e+14]:[-4.02004175e-02 -1.34541482e-12 -2.28691701e-13  5.33768994e-11 -2.45218615e-10 -2.56276084e-15  8.91050632e-16  2.87231104e-05 -3.01665025e-06 -2.00459112e-08  9.36158656e-10]:-14.099195654384316
Selected for new population:
[-4.03011414e-02 -1.26678036e-12 -2.39684095e-13  5.31889091e-11 -2.46922878e-10 -2.56038829e-15  8.66681397e-16  2.78273118e-05 -3.00963593e-06 -2.08468691e-08  9.26501488e-10]
[ 6.14083123e-03 -1.54863382e-12 -1.76538900e-13  5.12020903e-11 -2.34700564e-10 -2.56037875e-15  8.96859744e-16  2.87236295e-05 -3.01845585e-06 -2.03316066e-08  9.29383347e-10]
Population scores:
198:[1.42543154e+14 2.57481330e+14]:[ 1.01040647e-02 -1.27079143e-12 -2.32525893e-13  5.08390619e-11 -2.07789343e-10 -2.56168852e-15  8.73601459e-16  2.81371854e-05 -3.02011542e-06 -2.09249453e-08  9.26008859e-10]:-14.153946363162
154:[1.40549217e+14 2.53856731e+14]:[-4.03011414e-02 -1.26678036e-12 -2.39684095e-13  5.31889091e-11 -2.46922878e-10 -2.56038829e-15  8.66681397e-16  2.78273118e-05 -3.00963593e-06 -2.08468691e-08  9.26501488e-10]:-14.14782843178268
172:[1.34798736e+14 2.42586712e+14]:[ 8.54042958e-03 -1.66575569e-12 -2.26068933e-13  5.04278961e-11 -2.10669133e-10 -2.57466728e-15  8.73857103e-16  2.81677807e-05 -3.02408491e-06 -2.00255085e-08  9.25107799e-10]:-14.12968582024089
192:[1.34393559e+14 2.41848262e+14]:[ 8.97192062e-03 -1.70409268e-12 -1.81499702e-13  4.55413678e-11 -2.15486417e-10 -2.57106228e-15  9.22824402e-16  2.81630420e-05 -3.02844113e-06 -1.99562475e-08  9.26341057e-10]:-14.128378453578932
174:[1.33489508e+14 2.40425985e+14]:[-1.01430310e-02 -1.83761653e-12 -1.73557949e-13  5.23707373e-11 -2.22801083e-10 -2.56660229e-15  9.25409906e-16  2.86360831e-05 -3.03343733e-06 -2.06710544e-08  9.40574816e-10]:-14.125447132824366
201:[1.32549382e+14 2.38277169e+14]:[ 5.99439788e-03 -1.69949982e-12 -1.79930068e-13  4.53609852e-11 -2.15696816e-10 -2.56784609e-15  9.28569478e-16  2.86616427e-05 -3.03207789e-06 -2.00160802e-08  9.28541908e-10]:-14.122377707313484
206:[1.32050112e+14 2.37489198e+14]:[ 6.14083123e-03 -1.54863382e-12 -1.76538900e-13  5.12020903e-11 -2.34700564e-10 -2.56037875e-15  8.96859744e-16  2.87236295e-05 -3.01845585e-06 -2.03316066e-08  9.29383347e-10]:-14.120738774629052
204:[1.29268047e+14 2.32132724e+14]:[ 8.78324415e-03 -1.76875497e-12 -2.07405487e-13  4.69001122e-11 -2.11512336e-10 -2.56940854e-15  8.90554262e-16  2.79510232e-05 -3.02601192e-06 -1.93248349e-08  9.24845177e-10]:-14.111491186850513
178:[1.27421942e+14 2.28740142e+14]:[ 8.90087067e-03 -1.62835280e-12 -1.77111870e-13  4.98118447e-11 -2.09617585e-10 -2.57446706e-15  8.95221401e-16  2.86988982e-05 -3.02937013e-06 -1.99819607e-08  9.37122329e-10]:-14.105244219093857
203:[1.26141044e+14 2.26511904e+14]:[ 5.17370326e-03 -2.02982976e-12 -1.85686874e-13  4.76292700e-11 -2.15678387e-10 -2.57224501e-15  9.17446015e-16  2.87446316e-05 -3.02426789e-06 -2.02628152e-08  9.42824679e-10]:-14.100856420016731
180:[1.25849258e+14 2.25609354e+14]:[ 5.15396293e-03 -1.79847118e-12 -1.75189645e-13  4.78271667e-11 -2.17396556e-10 -2.56622647e-15  9.31763934e-16  2.96460009e-05 -3.03203707e-06 -2.02606796e-08  9.38923786e-10]:-14.099850660087423
191:[1.23629379e+14 2.21858071e+14]:[ 4.10088662e-03 -2.09236729e-12 -1.92539461e-13  4.72922123e-11 -2.22382235e-10 -2.56586403e-15  9.22771540e-16  2.84450317e-05 -3.02813298e-06 -1.98565811e-08  9.43957496e-10]:-14.092121688435435
183:[1.22346143e+14 2.18981057e+14]:[ 1.13579606e-02 -1.91660784e-12 -2.40690055e-13  5.05995560e-11 -2.09397491e-10 -2.56485245e-15  8.71464083e-16  2.78916233e-05 -3.02511763e-06 -1.85442736e-08  9.23668269e-10]:-14.087590281719336
188:[1.21442104e+14 2.17683509e+14]:[ 6.71960568e-03 -2.07564642e-12 -1.99050302e-13  4.72432578e-11 -2.11981843e-10 -2.57257404e-15  8.96274316e-16  2.86870824e-05 -3.01532550e-06 -1.99845165e-08  9.43830496e-10]:-14.084369283116411
187:[1.20466527e+14 2.16012707e+14]:[ 9.61741577e-03 -1.80097373e-12 -1.73520036e-13  4.52425159e-11 -2.16933848e-10 -2.57030322e-15  9.30104523e-16  2.83646824e-05 -3.03258207e-06 -1.97528136e-08  9.51291228e-10]:-14.080866391109922
%%%%%%%%%%%%%%%%%%%%%%%%%
%%%final - population%%%%
%%%%%%%%%%%%%%%%%%%%%%%%%
[ 1.01040647e-02 -1.27079143e-12 -2.32525893e-13  5.08390619e-11 -2.07789343e-10 -2.56168852e-15  8.73601459e-16  2.81371854e-05 -3.02011542e-06 -2.09249453e-08  9.26008859e-10]:[1.42543154e+14 2.57481330e+14]
[-4.03011414e-02 -1.26678036e-12 -2.39684095e-13  5.31889091e-11 -2.46922878e-10 -2.56038829e-15  8.66681397e-16  2.78273118e-05 -3.00963593e-06 -2.08468691e-08  9.26501488e-10]:[1.40549217e+14 2.53856731e+14]
[ 8.54042958e-03 -1.66575569e-12 -2.26068933e-13  5.04278961e-11 -2.10669133e-10 -2.57466728e-15  8.73857103e-16  2.81677807e-05 -3.02408491e-06 -2.00255085e-08  9.25107799e-10]:[1.34798736e+14 2.42586712e+14]
[ 8.97192062e-03 -1.70409268e-12 -1.81499702e-13  4.55413678e-11 -2.15486417e-10 -2.57106228e-15  9.22824402e-16  2.81630420e-05 -3.02844113e-06 -1.99562475e-08  9.26341057e-10]:[1.34393559e+14 2.41848262e+14]
[-1.01430310e-02 -1.83761653e-12 -1.73557949e-13  5.23707373e-11 -2.22801083e-10 -2.56660229e-15  9.25409906e-16  2.86360831e-05 -3.03343733e-06 -2.06710544e-08  9.40574816e-10]:[1.33489508e+14 2.40425985e+14]
[ 5.99439788e-03 -1.69949982e-12 -1.79930068e-13  4.53609852e-11 -2.15696816e-10 -2.56784609e-15  9.28569478e-16  2.86616427e-05 -3.03207789e-06 -2.00160802e-08  9.28541908e-10]:[1.32549382e+14 2.38277169e+14]
[ 6.14083123e-03 -1.54863382e-12 -1.76538900e-13  5.12020903e-11 -2.34700564e-10 -2.56037875e-15  8.96859744e-16  2.87236295e-05 -3.01845585e-06 -2.03316066e-08  9.29383347e-10]:[1.32050112e+14 2.37489198e+14]
[ 8.78324415e-03 -1.76875497e-12 -2.07405487e-13  4.69001122e-11 -2.11512336e-10 -2.56940854e-15  8.90554262e-16  2.79510232e-05 -3.02601192e-06 -1.93248349e-08  9.24845177e-10]:[1.29268047e+14 2.32132724e+14]
[ 8.90087067e-03 -1.62835280e-12 -1.77111870e-13  4.98118447e-11 -2.09617585e-10 -2.57446706e-15  8.95221401e-16  2.86988982e-05 -3.02937013e-06 -1.99819607e-08  9.37122329e-10]:[1.27421942e+14 2.28740142e+14]
[ 5.17370326e-03 -2.02982976e-12 -1.85686874e-13  4.76292700e-11 -2.15678387e-10 -2.57224501e-15  9.17446015e-16  2.87446316e-05 -3.02426789e-06 -2.02628152e-08  9.42824679e-10]:[1.26141044e+14 2.26511904e+14]
