Generating Population from [ 3.87726612e-02 -1.47272574e-12 -2.22060854e-13  4.59865147e-11 -1.69230122e-10 -1.83397164e-15  8.53126811e-16  2.37047265e-05 -2.08484905e-06 -1.62753478e-08  9.96832254e-10]
*******************************
***iteration: 0 Population is***
*******************************
Population scores:
348:[1.34469051e+11 1.90521727e+11]:[ 3.81978437e-02 -1.50642605e-12 -2.16400391e-13  4.55423275e-11 -1.71013687e-10 -1.87158101e-15  8.44127697e-16  2.38388043e-05 -2.06288991e-06 -1.65360299e-08  9.92765652e-10]:11.33729057634038
286:[1.37376847e+11 2.05299695e+11]:[ 3.87726612e-02 -1.47272574e-12 -2.22060854e-13  4.59865147e-11 -1.69230122e-10 -1.83397164e-15  8.53126811e-16  2.37047265e-05 -2.08484905e-06 -1.62753478e-08  9.96832254e-10]:11.366936454403609
346:[1.96468797e+10 2.85757615e+11]:[ 3.83586677e-02 -1.39648753e-12 -2.25461271e-13  4.52815403e-11 -1.78273206e-10 -1.88658983e-15  8.46776513e-16  2.42296279e-05 -2.05492393e-06 -1.64575118e-08  9.97833841e-10]:11.461928992785232
345:[2.88335356e+11 3.04220436e+11]:[ 3.79301757e-02 -1.55586490e-12 -2.12408006e-13  4.67189673e-11 -1.67272259e-10 -1.83204100e-15  8.44034446e-16  2.41521832e-05 -2.16479009e-06 -1.54764652e-08  1.00379456e-09]:11.55857359056877
347:[3.30076292e+10 4.74932524e+11]:[ 3.79196948e-02 -1.55081768e-12 -2.17748800e-13  4.52102400e-11 -1.70543189e-10 -1.78177407e-15  8.62707697e-16  2.38341626e-05 -2.01252776e-06 -1.72552687e-08  1.00516013e-09]:11.682627001884793
349:[1.12936426e+12 1.39223387e+12]:[ 3.81911165e-02 -1.50609151e-12 -2.19406081e-13  4.52999829e-11 -1.60565971e-10 -1.74261216e-15  8.62370225e-16  2.34925998e-05 -2.10252869e-06 -1.71530379e-08  9.88556749e-10]:12.209007162719576
352:[4.63140752e+12 7.48634671e+12]:[ 4.18877781e-02 -1.25970693e-12 -2.44918043e-13  4.14497475e-11 -1.20173482e-10 -1.05407130e-15  8.59566768e-16  2.24100205e-05 -2.07752118e-06 -2.51213969e-08  1.08659152e-09]:12.924931696268331
350:[4.04495657e+13 7.02586635e+13]:[ 3.65811213e-02 -1.89275329e-12 -2.89240199e-13  4.48809802e-11 -7.45219620e-11 -1.66367421e-15  7.93614959e-16  3.26394718e-05 -2.68530912e-06 -1.86936977e-08  9.39883510e-10]:13.894031111333623
353:[3.89824814e+13 8.19107426e+13]:[ 3.00468656e-02 -1.97338283e-12 -2.86374173e-13  4.95828294e-11 -2.14833577e-10 -1.29578918e-15  9.11611220e-16  3.21427946e-05 -1.59164101e-06 -1.73370096e-08  1.03193102e-09]:13.952827489707591
351:[8.07769789e+13 1.47252898e+14]:[ 4.72850354e-02 -5.30342763e-13 -2.22240222e-13  4.63320790e-11 -1.70110282e-10 -1.54076020e-15  8.44987066e-16  2.92850617e-05 -3.01378340e-06 -1.86420818e-08  9.80694886e-10]:14.213274094539248
Selected: [1 0]
***************
***CROSSOVER***
***************
Population scores:
348:[1.34469051e+11 1.90521727e+11]:[ 3.81978437e-02 -1.50642605e-12 -2.16400391e-13  4.55423275e-11 -1.71013687e-10 -1.87158101e-15  8.44127697e-16  2.38388043e-05 -2.06288991e-06 -1.65360299e-08  9.92765652e-10]:11.33729057634038
286:[1.37376847e+11 2.05299695e+11]:[ 3.87726612e-02 -1.47272574e-12 -2.22060854e-13  4.59865147e-11 -1.69230122e-10 -1.83397164e-15  8.53126811e-16  2.37047265e-05 -2.08484905e-06 -1.62753478e-08  9.96832254e-10]:11.366936454403609
&&&&&&&&&&&&&&&&&&&&&&&&
&&TOURNAMENT SELECTION&&
&&&&&&&&&&&&&&&&&&&&&&&&
parents:
[ 3.87726612e-02 -1.47272574e-12 -2.22060854e-13  4.59865147e-11 -1.69230122e-10 -1.83397164e-15  8.53126811e-16  2.37047265e-05 -2.08484905e-06 -1.62753478e-08  9.96832254e-10]
[ 3.81978437e-02 -1.50642605e-12 -2.16400391e-13  4.55423275e-11 -1.71013687e-10 -1.87158101e-15  8.44127697e-16  2.38388043e-05 -2.06288991e-06 -1.65360299e-08  9.92765652e-10]
children:
[ 3.82053452e-02 -1.50275853e-12 -2.21548055e-13  4.58978052e-11 -1.70488101e-10 -1.87528711e-15  8.51767528e-16  2.37421953e-05 -2.06192117e-06 -1.64346983e-08  9.94004229e-10]
[ 3.86811619e-02 -1.48471440e-12 -2.15993617e-13  4.58360438e-11 -1.70594711e-10 -1.85040087e-15  8.45479009e-16  2.37720414e-05 -2.07744125e-06 -1.63804054e-08  9.94737515e-10]
Population scores:
354:[9.67846458e+10 1.87873497e+11]:[ 3.82053452e-02 -1.50275853e-12 -2.21548055e-13  4.58978052e-11 -1.70488101e-10 -1.87528711e-15  8.51767528e-16  2.37421953e-05 -2.06192117e-06 -1.64346983e-08  9.94004229e-10]:11.316453520879618
348:[1.34469051e+11 1.90521727e+11]:[ 3.81978437e-02 -1.50642605e-12 -2.16400391e-13  4.55423275e-11 -1.71013687e-10 -1.87158101e-15  8.44127697e-16  2.38388043e-05 -2.06288991e-06 -1.65360299e-08  9.92765652e-10]:11.33729057634038
286:[1.37376847e+11 2.05299695e+11]:[ 3.87726612e-02 -1.47272574e-12 -2.22060854e-13  4.59865147e-11 -1.69230122e-10 -1.83397164e-15  8.53126811e-16  2.37047265e-05 -2.08484905e-06 -1.62753478e-08  9.96832254e-10]:11.366936454403609
355:[1.51120492e+11 2.04268660e+11]:[ 3.86811619e-02 -1.48471440e-12 -2.15993617e-13  4.58360438e-11 -1.70594711e-10 -1.85040087e-15  8.45479009e-16  2.37720414e-05 -2.07744125e-06 -1.63804054e-08  9.94737515e-10]:11.370129435481703
Selected for new population:
[ 3.82053452e-02 -1.50275853e-12 -2.21548055e-13  4.58978052e-11 -1.70488101e-10 -1.87528711e-15  8.51767528e-16  2.37421953e-05 -2.06192117e-06 -1.64346983e-08  9.94004229e-10]
[ 3.81978437e-02 -1.50642605e-12 -2.16400391e-13  4.55423275e-11 -1.71013687e-10 -1.87158101e-15  8.44127697e-16  2.38388043e-05 -2.06288991e-06 -1.65360299e-08  9.92765652e-10]
Selected: [2 1]
***************
***CROSSOVER***
***************
Population scores:
286:[1.37376847e+11 2.05299695e+11]:[ 3.87726612e-02 -1.47272574e-12 -2.22060854e-13  4.59865147e-11 -1.69230122e-10 -1.83397164e-15  8.53126811e-16  2.37047265e-05 -2.08484905e-06 -1.62753478e-08  9.96832254e-10]:11.366936454403609
346:[1.96468797e+10 2.85757615e+11]:[ 3.83586677e-02 -1.39648753e-12 -2.25461271e-13  4.52815403e-11 -1.78273206e-10 -1.88658983e-15  8.46776513e-16  2.42296279e-05 -2.05492393e-06 -1.64575118e-08  9.97833841e-10]:11.461928992785232
&&&&&&&&&&&&&&&&&&&&&&&&
&&TOURNAMENT SELECTION&&
&&&&&&&&&&&&&&&&&&&&&&&&
parents:
[ 3.83586677e-02 -1.39648753e-12 -2.25461271e-13  4.52815403e-11 -1.78273206e-10 -1.88658983e-15  8.46776513e-16  2.42296279e-05 -2.05492393e-06 -1.64575118e-08  9.97833841e-10]
[ 3.87726612e-02 -1.47272574e-12 -2.22060854e-13  4.59865147e-11 -1.69230122e-10 -1.83397164e-15  8.53126811e-16  2.37047265e-05 -2.08484905e-06 -1.62753478e-08  9.96832254e-10]
children:
[ 3.83234989e-02 -1.42300939e-12 -2.24002488e-13  4.58357485e-11 -1.69119651e-10 -1.86048467e-15  8.52613390e-16  2.39332477e-05 -2.06353348e-06 -1.64321011e-08  9.97867275e-10]
[ 3.84015272e-02 -1.42646715e-12 -2.22863049e-13  4.54352632e-11 -1.73132134e-10 -1.85909013e-15  8.53259249e-16  2.39823596e-05 -2.08330566e-06 -1.62752497e-08  9.97588545e-10]
Population scores:
357:[9.56756224e+10 1.93620797e+11]:[ 3.84015272e-02 -1.42646715e-12 -2.22863049e-13  4.54352632e-11 -1.73132134e-10 -1.85909013e-15  8.53259249e-16  2.39823596e-05 -2.08330566e-06 -1.62752497e-08  9.97588545e-10]:11.32788165622938
356:[4.49497172e+10 2.16224772e+11]:[ 3.83234989e-02 -1.42300939e-12 -2.24002488e-13  4.58357485e-11 -1.69119651e-10 -1.86048467e-15  8.52613390e-16  2.39332477e-05 -2.06353348e-06 -1.64321011e-08  9.97867275e-10]:11.352596764111972
286:[1.37376847e+11 2.05299695e+11]:[ 3.87726612e-02 -1.47272574e-12 -2.22060854e-13  4.59865147e-11 -1.69230122e-10 -1.83397164e-15  8.53126811e-16  2.37047265e-05 -2.08484905e-06 -1.62753478e-08  9.96832254e-10]:11.366936454403609
346:[1.96468797e+10 2.85757615e+11]:[ 3.83586677e-02 -1.39648753e-12 -2.25461271e-13  4.52815403e-11 -1.78273206e-10 -1.88658983e-15  8.46776513e-16  2.42296279e-05 -2.05492393e-06 -1.64575118e-08  9.97833841e-10]:11.461928992785232
Selected for new population:
[ 3.84015272e-02 -1.42646715e-12 -2.22863049e-13  4.54352632e-11 -1.73132134e-10 -1.85909013e-15  8.53259249e-16  2.39823596e-05 -2.08330566e-06 -1.62752497e-08  9.97588545e-10]
[ 3.83234989e-02 -1.42300939e-12 -2.24002488e-13  4.58357485e-11 -1.69119651e-10 -1.86048467e-15  8.52613390e-16  2.39332477e-05 -2.06353348e-06 -1.64321011e-08  9.97867275e-10]
Selected: [2 1]
***************
***CROSSOVER***
***************
Population scores:
286:[1.37376847e+11 2.05299695e+11]:[ 3.87726612e-02 -1.47272574e-12 -2.22060854e-13  4.59865147e-11 -1.69230122e-10 -1.83397164e-15  8.53126811e-16  2.37047265e-05 -2.08484905e-06 -1.62753478e-08  9.96832254e-10]:11.366936454403609
346:[1.96468797e+10 2.85757615e+11]:[ 3.83586677e-02 -1.39648753e-12 -2.25461271e-13  4.52815403e-11 -1.78273206e-10 -1.88658983e-15  8.46776513e-16  2.42296279e-05 -2.05492393e-06 -1.64575118e-08  9.97833841e-10]:11.461928992785232
&&&&&&&&&&&&&&&&&&&&&&&&
&&TOURNAMENT SELECTION&&
&&&&&&&&&&&&&&&&&&&&&&&&
parents:
[ 3.83586677e-02 -1.39648753e-12 -2.25461271e-13  4.52815403e-11 -1.78273206e-10 -1.88658983e-15  8.46776513e-16  2.42296279e-05 -2.05492393e-06 -1.64575118e-08  9.97833841e-10]
[ 3.87726612e-02 -1.47272574e-12 -2.22060854e-13  4.59865147e-11 -1.69230122e-10 -1.83397164e-15  8.53126811e-16  2.37047265e-05 -2.08484905e-06 -1.62753478e-08  9.96832254e-10]
children:
[ 3.84473967e-02 -1.41352394e-12 -2.22603726e-13  4.60116377e-11 -1.74906916e-10 -1.85440514e-15  8.46712433e-16  2.42117207e-05 -2.05938223e-06 -1.64342672e-08  9.97027898e-10]
[ 3.83707648e-02 -1.40846324e-12 -2.25735712e-13  4.57877999e-11 -1.76244137e-10 -1.84900114e-15  8.52546567e-16  2.38994249e-05 -2.05855228e-06 -1.63252663e-08  9.96761153e-10]
Population scores:
286:[1.37376847e+11 2.05299695e+11]:[ 3.87726612e-02 -1.47272574e-12 -2.22060854e-13  4.59865147e-11 -1.69230122e-10 -1.83397164e-15  8.53126811e-16  2.37047265e-05 -2.08484905e-06 -1.62753478e-08  9.96832254e-10]:11.366936454403609
359:[2.57609583e+10 2.54796383e+11]:[ 3.83707648e-02 -1.40846324e-12 -2.25735712e-13  4.57877999e-11 -1.76244137e-10 -1.84900114e-15  8.52546567e-16  2.38994249e-05 -2.05855228e-06 -1.63252663e-08  9.96761153e-10]:11.41488744019462
358:[2.51558545e+10 2.56090281e+11]:[ 3.84473967e-02 -1.41352394e-12 -2.22603726e-13  4.60116377e-11 -1.74906916e-10 -1.85440514e-15  8.46712433e-16  2.42117207e-05 -2.05938223e-06 -1.64342672e-08  9.97027898e-10]:11.416842551675419
346:[1.96468797e+10 2.85757615e+11]:[ 3.83586677e-02 -1.39648753e-12 -2.25461271e-13  4.52815403e-11 -1.78273206e-10 -1.88658983e-15  8.46776513e-16  2.42296279e-05 -2.05492393e-06 -1.64575118e-08  9.97833841e-10]:11.461928992785232
Selected for new population:
[ 3.87726612e-02 -1.47272574e-12 -2.22060854e-13  4.59865147e-11 -1.69230122e-10 -1.83397164e-15  8.53126811e-16  2.37047265e-05 -2.08484905e-06 -1.62753478e-08  9.96832254e-10]
[ 3.83707648e-02 -1.40846324e-12 -2.25735712e-13  4.57877999e-11 -1.76244137e-10 -1.84900114e-15  8.52546567e-16  2.38994249e-05 -2.05855228e-06 -1.63252663e-08  9.96761153e-10]
Selected: [1 3]
***************
***CROSSOVER***
***************
Population scores:
286:[1.37376847e+11 2.05299695e+11]:[ 3.87726612e-02 -1.47272574e-12 -2.22060854e-13  4.59865147e-11 -1.69230122e-10 -1.83397164e-15  8.53126811e-16  2.37047265e-05 -2.08484905e-06 -1.62753478e-08  9.96832254e-10]:11.366936454403609
345:[2.88335356e+11 3.04220436e+11]:[ 3.79301757e-02 -1.55586490e-12 -2.12408006e-13  4.67189673e-11 -1.67272259e-10 -1.83204100e-15  8.44034446e-16  2.41521832e-05 -2.16479009e-06 -1.54764652e-08  1.00379456e-09]:11.55857359056877
&&&&&&&&&&&&&&&&&&&&&&&&
&&TOURNAMENT SELECTION&&
&&&&&&&&&&&&&&&&&&&&&&&&
parents:
[ 3.87726612e-02 -1.47272574e-12 -2.22060854e-13  4.59865147e-11 -1.69230122e-10 -1.83397164e-15  8.53126811e-16  2.37047265e-05 -2.08484905e-06 -1.62753478e-08  9.96832254e-10]
[ 3.79301757e-02 -1.55586490e-12 -2.12408006e-13  4.67189673e-11 -1.67272259e-10 -1.83204100e-15  8.44034446e-16  2.41521832e-05 -2.16479009e-06 -1.54764652e-08  1.00379456e-09]
children:
[ 3.84063360e-02 -1.52253045e-12 -2.19988662e-13  4.66343710e-11 -1.68389648e-10 -1.83336167e-15  8.44651323e-16  2.40989210e-05 -2.10904431e-06 -1.61578433e-08  1.00417622e-09]
[ 3.88482129e-02 -1.51746064e-12 -2.12103586e-13  4.61208617e-11 -1.67297253e-10 -1.83292296e-15  8.46962761e-16  2.37972075e-05 -2.10392255e-06 -1.58948168e-08  9.97780501e-10]
Population scores:
360:[1.02806158e+11 2.04869450e+11]:[ 3.84063360e-02 -1.52253045e-12 -2.19988662e-13  4.66343710e-11 -1.68389648e-10 -1.83336167e-15  8.44651323e-16  2.40989210e-05 -2.10904431e-06 -1.61578433e-08  1.00417622e-09]:11.353013024419278
361:[1.22396779e+11 2.05541784e+11]:[ 3.88482129e-02 -1.51746064e-12 -2.12103586e-13  4.61208617e-11 -1.67297253e-10 -1.83292296e-15  8.46962761e-16  2.37972075e-05 -2.10392255e-06 -1.58948168e-08  9.97780501e-10]:11.361767751917222
286:[1.37376847e+11 2.05299695e+11]:[ 3.87726612e-02 -1.47272574e-12 -2.22060854e-13  4.59865147e-11 -1.69230122e-10 -1.83397164e-15  8.53126811e-16  2.37047265e-05 -2.08484905e-06 -1.62753478e-08  9.96832254e-10]:11.366936454403609
345:[2.88335356e+11 3.04220436e+11]:[ 3.79301757e-02 -1.55586490e-12 -2.12408006e-13  4.67189673e-11 -1.67272259e-10 -1.83204100e-15  8.44034446e-16  2.41521832e-05 -2.16479009e-06 -1.54764652e-08  1.00379456e-09]:11.55857359056877
Selected for new population:
[ 3.84063360e-02 -1.52253045e-12 -2.19988662e-13  4.66343710e-11 -1.68389648e-10 -1.83336167e-15  8.44651323e-16  2.40989210e-05 -2.10904431e-06 -1.61578433e-08  1.00417622e-09]
[ 3.88482129e-02 -1.51746064e-12 -2.12103586e-13  4.61208617e-11 -1.67297253e-10 -1.83292296e-15  8.46962761e-16  2.37972075e-05 -2.10392255e-06 -1.58948168e-08  9.97780501e-10]
Selected: [2 1]
***************
***CROSSOVER***
***************
Population scores:
286:[1.37376847e+11 2.05299695e+11]:[ 3.87726612e-02 -1.47272574e-12 -2.22060854e-13  4.59865147e-11 -1.69230122e-10 -1.83397164e-15  8.53126811e-16  2.37047265e-05 -2.08484905e-06 -1.62753478e-08  9.96832254e-10]:11.366936454403609
346:[1.96468797e+10 2.85757615e+11]:[ 3.83586677e-02 -1.39648753e-12 -2.25461271e-13  4.52815403e-11 -1.78273206e-10 -1.88658983e-15  8.46776513e-16  2.42296279e-05 -2.05492393e-06 -1.64575118e-08  9.97833841e-10]:11.461928992785232
&&&&&&&&&&&&&&&&&&&&&&&&
&&TOURNAMENT SELECTION&&
&&&&&&&&&&&&&&&&&&&&&&&&
parents:
[ 3.83586677e-02 -1.39648753e-12 -2.25461271e-13  4.52815403e-11 -1.78273206e-10 -1.88658983e-15  8.46776513e-16  2.42296279e-05 -2.05492393e-06 -1.64575118e-08  9.97833841e-10]
[ 3.87726612e-02 -1.47272574e-12 -2.22060854e-13  4.59865147e-11 -1.69230122e-10 -1.83397164e-15  8.53126811e-16  2.37047265e-05 -2.08484905e-06 -1.62753478e-08  9.96832254e-10]
children:
[ 3.83621232e-02 -1.41713447e-12 -2.23224379e-13  4.59081025e-11 -1.75484644e-10 -1.85106447e-15  8.49206810e-16  2.38501651e-05 -2.07347909e-06 -1.63689557e-08  9.97586784e-10]
[ 3.87141603e-02 -1.40049475e-12 -2.23070522e-13  4.60323425e-11 -1.69657795e-10 -1.87843011e-15  8.47849484e-16  2.40060278e-05 -2.07547654e-06 -1.64721260e-08  9.97039552e-10]
Population scores:
362:[7.90071317e+10 1.95546489e+11]:[ 3.83621232e-02 -1.41713447e-12 -2.23224379e-13  4.59081025e-11 -1.75484644e-10 -1.85106447e-15  8.49206810e-16  2.38501651e-05 -2.07347909e-06 -1.63689557e-08  9.97586784e-10]:11.324997968710452
363:[1.13960699e+11 1.90005308e+11]:[ 3.87141603e-02 -1.40049475e-12 -2.23070522e-13  4.60323425e-11 -1.69657795e-10 -1.87843011e-15  8.47849484e-16  2.40060278e-05 -2.07547654e-06 -1.64721260e-08  9.97039552e-10]:11.327966414178283
286:[1.37376847e+11 2.05299695e+11]:[ 3.87726612e-02 -1.47272574e-12 -2.22060854e-13  4.59865147e-11 -1.69230122e-10 -1.83397164e-15  8.53126811e-16  2.37047265e-05 -2.08484905e-06 -1.62753478e-08  9.96832254e-10]:11.366936454403609
346:[1.96468797e+10 2.85757615e+11]:[ 3.83586677e-02 -1.39648753e-12 -2.25461271e-13  4.52815403e-11 -1.78273206e-10 -1.88658983e-15  8.46776513e-16  2.42296279e-05 -2.05492393e-06 -1.64575118e-08  9.97833841e-10]:11.461928992785232
Selected for new population:
[ 3.83621232e-02 -1.41713447e-12 -2.23224379e-13  4.59081025e-11 -1.75484644e-10 -1.85106447e-15  8.49206810e-16  2.38501651e-05 -2.07347909e-06 -1.63689557e-08  9.97586784e-10]
[ 3.87141603e-02 -1.40049475e-12 -2.23070522e-13  4.60323425e-11 -1.69657795e-10 -1.87843011e-15  8.47849484e-16  2.40060278e-05 -2.07547654e-06 -1.64721260e-08  9.97039552e-10]
Population scores:
354:[9.67846458e+10 1.87873497e+11]:[ 3.82053452e-02 -1.50275853e-12 -2.21548055e-13  4.58978052e-11 -1.70488101e-10 -1.87528711e-15  8.51767528e-16  2.37421953e-05 -2.06192117e-06 -1.64346983e-08  9.94004229e-10]:11.316453520879618
362:[7.90071317e+10 1.95546489e+11]:[ 3.83621232e-02 -1.41713447e-12 -2.23224379e-13  4.59081025e-11 -1.75484644e-10 -1.85106447e-15  8.49206810e-16  2.38501651e-05 -2.07347909e-06 -1.63689557e-08  9.97586784e-10]:11.324997968710452
357:[9.56756224e+10 1.93620797e+11]:[ 3.84015272e-02 -1.42646715e-12 -2.22863049e-13  4.54352632e-11 -1.73132134e-10 -1.85909013e-15  8.53259249e-16  2.39823596e-05 -2.08330566e-06 -1.62752497e-08  9.97588545e-10]:11.32788165622938
363:[1.13960699e+11 1.90005308e+11]:[ 3.87141603e-02 -1.40049475e-12 -2.23070522e-13  4.60323425e-11 -1.69657795e-10 -1.87843011e-15  8.47849484e-16  2.40060278e-05 -2.07547654e-06 -1.64721260e-08  9.97039552e-10]:11.327966414178283
348:[1.34469051e+11 1.90521727e+11]:[ 3.81978437e-02 -1.50642605e-12 -2.16400391e-13  4.55423275e-11 -1.71013687e-10 -1.87158101e-15  8.44127697e-16  2.38388043e-05 -2.06288991e-06 -1.65360299e-08  9.92765652e-10]:11.33729057634038
356:[4.49497172e+10 2.16224772e+11]:[ 3.83234989e-02 -1.42300939e-12 -2.24002488e-13  4.58357485e-11 -1.69119651e-10 -1.86048467e-15  8.52613390e-16  2.39332477e-05 -2.06353348e-06 -1.64321011e-08  9.97867275e-10]:11.352596764111972
360:[1.02806158e+11 2.04869450e+11]:[ 3.84063360e-02 -1.52253045e-12 -2.19988662e-13  4.66343710e-11 -1.68389648e-10 -1.83336167e-15  8.44651323e-16  2.40989210e-05 -2.10904431e-06 -1.61578433e-08  1.00417622e-09]:11.353013024419278
361:[1.22396779e+11 2.05541784e+11]:[ 3.88482129e-02 -1.51746064e-12 -2.12103586e-13  4.61208617e-11 -1.67297253e-10 -1.83292296e-15  8.46962761e-16  2.37972075e-05 -2.10392255e-06 -1.58948168e-08  9.97780501e-10]:11.361767751917222
286:[1.37376847e+11 2.05299695e+11]:[ 3.87726612e-02 -1.47272574e-12 -2.22060854e-13  4.59865147e-11 -1.69230122e-10 -1.83397164e-15  8.53126811e-16  2.37047265e-05 -2.08484905e-06 -1.62753478e-08  9.96832254e-10]:11.366936454403609
359:[2.57609583e+10 2.54796383e+11]:[ 3.83707648e-02 -1.40846324e-12 -2.25735712e-13  4.57877999e-11 -1.76244137e-10 -1.84900114e-15  8.52546567e-16  2.38994249e-05 -2.05855228e-06 -1.63252663e-08  9.96761153e-10]:11.41488744019462
346:[1.96468797e+10 2.85757615e+11]:[ 3.83586677e-02 -1.39648753e-12 -2.25461271e-13  4.52815403e-11 -1.78273206e-10 -1.88658983e-15  8.46776513e-16  2.42296279e-05 -2.05492393e-06 -1.64575118e-08  9.97833841e-10]:11.461928992785232
345:[2.88335356e+11 3.04220436e+11]:[ 3.79301757e-02 -1.55586490e-12 -2.12408006e-13  4.67189673e-11 -1.67272259e-10 -1.83204100e-15  8.44034446e-16  2.41521832e-05 -2.16479009e-06 -1.54764652e-08  1.00379456e-09]:11.55857359056877
347:[3.30076292e+10 4.74932524e+11]:[ 3.79196948e-02 -1.55081768e-12 -2.17748800e-13  4.52102400e-11 -1.70543189e-10 -1.78177407e-15  8.62707697e-16  2.38341626e-05 -2.01252776e-06 -1.72552687e-08  1.00516013e-09]:11.682627001884793
349:[1.12936426e+12 1.39223387e+12]:[ 3.81911165e-02 -1.50609151e-12 -2.19406081e-13  4.52999829e-11 -1.60565971e-10 -1.74261216e-15  8.62370225e-16  2.34925998e-05 -2.10252869e-06 -1.71530379e-08  9.88556749e-10]:12.209007162719576
352:[4.63140752e+12 7.48634671e+12]:[ 4.18877781e-02 -1.25970693e-12 -2.44918043e-13  4.14497475e-11 -1.20173482e-10 -1.05407130e-15  8.59566768e-16  2.24100205e-05 -2.07752118e-06 -2.51213969e-08  1.08659152e-09]:12.924931696268331
350:[4.04495657e+13 7.02586635e+13]:[ 3.65811213e-02 -1.89275329e-12 -2.89240199e-13  4.48809802e-11 -7.45219620e-11 -1.66367421e-15  7.93614959e-16  3.26394718e-05 -2.68530912e-06 -1.86936977e-08  9.39883510e-10]:13.894031111333623
353:[3.89824814e+13 8.19107426e+13]:[ 3.00468656e-02 -1.97338283e-12 -2.86374173e-13  4.95828294e-11 -2.14833577e-10 -1.29578918e-15  9.11611220e-16  3.21427946e-05 -1.59164101e-06 -1.73370096e-08  1.03193102e-09]:13.952827489707591
351:[8.07769789e+13 1.47252898e+14]:[ 4.72850354e-02 -5.30342763e-13 -2.22240222e-13  4.63320790e-11 -1.70110282e-10 -1.54076020e-15  8.44987066e-16  2.92850617e-05 -3.01378340e-06 -1.86420818e-08  9.80694886e-10]:14.213274094539248
*******************************
***iteration: 1 Population is***
*******************************
Population scores:
354:[9.67846458e+10 1.87873497e+11]:[ 3.82053452e-02 -1.50275853e-12 -2.21548055e-13  4.58978052e-11 -1.70488101e-10 -1.87528711e-15  8.51767528e-16  2.37421953e-05 -2.06192117e-06 -1.64346983e-08  9.94004229e-10]:11.316453520879618
362:[7.90071317e+10 1.95546489e+11]:[ 3.83621232e-02 -1.41713447e-12 -2.23224379e-13  4.59081025e-11 -1.75484644e-10 -1.85106447e-15  8.49206810e-16  2.38501651e-05 -2.07347909e-06 -1.63689557e-08  9.97586784e-10]:11.324997968710452
357:[9.56756224e+10 1.93620797e+11]:[ 3.84015272e-02 -1.42646715e-12 -2.22863049e-13  4.54352632e-11 -1.73132134e-10 -1.85909013e-15  8.53259249e-16  2.39823596e-05 -2.08330566e-06 -1.62752497e-08  9.97588545e-10]:11.32788165622938
363:[1.13960699e+11 1.90005308e+11]:[ 3.87141603e-02 -1.40049475e-12 -2.23070522e-13  4.60323425e-11 -1.69657795e-10 -1.87843011e-15  8.47849484e-16  2.40060278e-05 -2.07547654e-06 -1.64721260e-08  9.97039552e-10]:11.327966414178283
348:[1.34469051e+11 1.90521727e+11]:[ 3.81978437e-02 -1.50642605e-12 -2.16400391e-13  4.55423275e-11 -1.71013687e-10 -1.87158101e-15  8.44127697e-16  2.38388043e-05 -2.06288991e-06 -1.65360299e-08  9.92765652e-10]:11.33729057634038
356:[4.49497172e+10 2.16224772e+11]:[ 3.83234989e-02 -1.42300939e-12 -2.24002488e-13  4.58357485e-11 -1.69119651e-10 -1.86048467e-15  8.52613390e-16  2.39332477e-05 -2.06353348e-06 -1.64321011e-08  9.97867275e-10]:11.352596764111972
360:[1.02806158e+11 2.04869450e+11]:[ 3.84063360e-02 -1.52253045e-12 -2.19988662e-13  4.66343710e-11 -1.68389648e-10 -1.83336167e-15  8.44651323e-16  2.40989210e-05 -2.10904431e-06 -1.61578433e-08  1.00417622e-09]:11.353013024419278
361:[1.22396779e+11 2.05541784e+11]:[ 3.88482129e-02 -1.51746064e-12 -2.12103586e-13  4.61208617e-11 -1.67297253e-10 -1.83292296e-15  8.46962761e-16  2.37972075e-05 -2.10392255e-06 -1.58948168e-08  9.97780501e-10]:11.361767751917222
286:[1.37376847e+11 2.05299695e+11]:[ 3.87726612e-02 -1.47272574e-12 -2.22060854e-13  4.59865147e-11 -1.69230122e-10 -1.83397164e-15  8.53126811e-16  2.37047265e-05 -2.08484905e-06 -1.62753478e-08  9.96832254e-10]:11.366936454403609
359:[2.57609583e+10 2.54796383e+11]:[ 3.83707648e-02 -1.40846324e-12 -2.25735712e-13  4.57877999e-11 -1.76244137e-10 -1.84900114e-15  8.52546567e-16  2.38994249e-05 -2.05855228e-06 -1.63252663e-08  9.96761153e-10]:11.41488744019462
Selected: [6 7]
***************
***CROSSOVER***
***************
Population scores:
360:[1.02806158e+11 2.04869450e+11]:[ 3.84063360e-02 -1.52253045e-12 -2.19988662e-13  4.66343710e-11 -1.68389648e-10 -1.83336167e-15  8.44651323e-16  2.40989210e-05 -2.10904431e-06 -1.61578433e-08  1.00417622e-09]:11.353013024419278
361:[1.22396779e+11 2.05541784e+11]:[ 3.88482129e-02 -1.51746064e-12 -2.12103586e-13  4.61208617e-11 -1.67297253e-10 -1.83292296e-15  8.46962761e-16  2.37972075e-05 -2.10392255e-06 -1.58948168e-08  9.97780501e-10]:11.361767751917222
&&&&&&&&&&&&&&&&&&&&&&&&
&&TOURNAMENT SELECTION&&
&&&&&&&&&&&&&&&&&&&&&&&&
parents:
[ 3.84063360e-02 -1.52253045e-12 -2.19988662e-13  4.66343710e-11 -1.68389648e-10 -1.83336167e-15  8.44651323e-16  2.40989210e-05 -2.10904431e-06 -1.61578433e-08  1.00417622e-09]
[ 3.88482129e-02 -1.51746064e-12 -2.12103586e-13  4.61208617e-11 -1.67297253e-10 -1.83292296e-15  8.46962761e-16  2.37972075e-05 -2.10392255e-06 -1.58948168e-08  9.97780501e-10]
children:
[ 3.87630762e-02 -1.51888517e-12 -2.13053196e-13  4.65078777e-11 -1.68102898e-10 -1.83292743e-15  8.45143525e-16  2.39700144e-05 -2.10708368e-06 -1.61489059e-08  1.00148873e-09]
[ 3.85566085e-02 -1.51751066e-12 -2.20121437e-13  4.65041436e-11 -1.68374731e-10 -1.83336688e-15  8.45212546e-16  2.40657220e-05 -2.10427338e-06 -1.60868920e-08  9.99206255e-10]
Population scores:
360:[1.02806158e+11 2.04869450e+11]:[ 3.84063360e-02 -1.52253045e-12 -2.19988662e-13  4.66343710e-11 -1.68389648e-10 -1.83336167e-15  8.44651323e-16  2.40989210e-05 -2.10904431e-06 -1.61578433e-08  1.00417622e-09]:11.353013024419278
365:[1.26623885e+11 2.03105138e+11]:[ 3.85566085e-02 -1.51751066e-12 -2.20121437e-13  4.65041436e-11 -1.68374731e-10 -1.83336688e-15  8.45212546e-16  2.40657220e-05 -2.10427338e-06 -1.60868920e-08  9.99206255e-10]:11.358752978949745
361:[1.22396779e+11 2.05541784e+11]:[ 3.88482129e-02 -1.51746064e-12 -2.12103586e-13  4.61208617e-11 -1.67297253e-10 -1.83292296e-15  8.46962761e-16  2.37972075e-05 -2.10392255e-06 -1.58948168e-08  9.97780501e-10]:11.361767751917222
364:[1.39705805e+11 2.10968215e+11]:[ 3.87630762e-02 -1.51888517e-12 -2.13053196e-13  4.65078777e-11 -1.68102898e-10 -1.83292743e-15  8.45143525e-16  2.39700144e-05 -2.10708368e-06 -1.61489059e-08  1.00148873e-09]:11.378233193616632
Selected for new population:
[ 3.84063360e-02 -1.52253045e-12 -2.19988662e-13  4.66343710e-11 -1.68389648e-10 -1.83336167e-15  8.44651323e-16  2.40989210e-05 -2.10904431e-06 -1.61578433e-08  1.00417622e-09]
[ 3.85566085e-02 -1.51751066e-12 -2.20121437e-13  4.65041436e-11 -1.68374731e-10 -1.83336688e-15  8.45212546e-16  2.40657220e-05 -2.10427338e-06 -1.60868920e-08  9.99206255e-10]
Selected: [3 0]
***************
***CROSSOVER***
***************
Population scores:
354:[9.67846458e+10 1.87873497e+11]:[ 3.82053452e-02 -1.50275853e-12 -2.21548055e-13  4.58978052e-11 -1.70488101e-10 -1.87528711e-15  8.51767528e-16  2.37421953e-05 -2.06192117e-06 -1.64346983e-08  9.94004229e-10]:11.316453520879618
363:[1.13960699e+11 1.90005308e+11]:[ 3.87141603e-02 -1.40049475e-12 -2.23070522e-13  4.60323425e-11 -1.69657795e-10 -1.87843011e-15  8.47849484e-16  2.40060278e-05 -2.07547654e-06 -1.64721260e-08  9.97039552e-10]:11.327966414178283
&&&&&&&&&&&&&&&&&&&&&&&&
&&TOURNAMENT SELECTION&&
&&&&&&&&&&&&&&&&&&&&&&&&
parents:
[ 3.87141603e-02 -1.40049475e-12 -2.23070522e-13  4.60323425e-11 -1.69657795e-10 -1.87843011e-15  8.47849484e-16  2.40060278e-05 -2.07547654e-06 -1.64721260e-08  9.97039552e-10]
[ 3.82053452e-02 -1.50275853e-12 -2.21548055e-13  4.58978052e-11 -1.70488101e-10 -1.87528711e-15  8.51767528e-16  2.37421953e-05 -2.06192117e-06 -1.64346983e-08  9.94004229e-10]
children:
[ 3.83534396e-02 -1.39239494e-12 -2.22312516e-13  4.60288742e-11 -1.70142242e-10 -1.87800086e-15  8.48005124e-16  2.39052409e-05 -2.06610822e-06 -1.64710924e-08  9.96080402e-10]
[ 3.85740953e-02 -1.39194121e-12 -2.23032521e-13  4.58969032e-11 -1.69690716e-10 -1.87758594e-15  8.48378839e-16  2.37418933e-05 -2.06142123e-06 -1.64432912e-08  9.93822854e-10]
Population scores:
366:[8.6400658e+10 1.8943735e+11]:[ 3.83534396e-02 -1.39239494e-12 -2.22312516e-13  4.60288742e-11 -1.70142242e-10 -1.87800086e-15  8.48005124e-16  2.39052409e-05 -2.06610822e-06 -1.64710924e-08  9.96080402e-10]:11.315377204849208
354:[9.67846458e+10 1.87873497e+11]:[ 3.82053452e-02 -1.50275853e-12 -2.21548055e-13  4.58978052e-11 -1.70488101e-10 -1.87528711e-15  8.51767528e-16  2.37421953e-05 -2.06192117e-06 -1.64346983e-08  9.94004229e-10]:11.316453520879618
367:[9.93419176e+10 1.87418829e+11]:[ 3.85740953e-02 -1.39194121e-12 -2.23032521e-13  4.58969032e-11 -1.69690716e-10 -1.87758594e-15  8.48378839e-16  2.37418933e-05 -2.06142123e-06 -1.64432912e-08  9.93822854e-10]:11.316572510958334
363:[1.13960699e+11 1.90005308e+11]:[ 3.87141603e-02 -1.40049475e-12 -2.23070522e-13  4.60323425e-11 -1.69657795e-10 -1.87843011e-15  8.47849484e-16  2.40060278e-05 -2.07547654e-06 -1.64721260e-08  9.97039552e-10]:11.327966414178283
Selected for new population:
[ 3.83534396e-02 -1.39239494e-12 -2.22312516e-13  4.60288742e-11 -1.70142242e-10 -1.87800086e-15  8.48005124e-16  2.39052409e-05 -2.06610822e-06 -1.64710924e-08  9.96080402e-10]
[ 3.82053452e-02 -1.50275853e-12 -2.21548055e-13  4.58978052e-11 -1.70488101e-10 -1.87528711e-15  8.51767528e-16  2.37421953e-05 -2.06192117e-06 -1.64346983e-08  9.94004229e-10]
Selected: [7 4]
***************
***CROSSOVER***
***************
Population scores:
348:[1.34469051e+11 1.90521727e+11]:[ 3.81978437e-02 -1.50642605e-12 -2.16400391e-13  4.55423275e-11 -1.71013687e-10 -1.87158101e-15  8.44127697e-16  2.38388043e-05 -2.06288991e-06 -1.65360299e-08  9.92765652e-10]:11.33729057634038
361:[1.22396779e+11 2.05541784e+11]:[ 3.88482129e-02 -1.51746064e-12 -2.12103586e-13  4.61208617e-11 -1.67297253e-10 -1.83292296e-15  8.46962761e-16  2.37972075e-05 -2.10392255e-06 -1.58948168e-08  9.97780501e-10]:11.361767751917222
&&&&&&&&&&&&&&&&&&&&&&&&
&&TOURNAMENT SELECTION&&
&&&&&&&&&&&&&&&&&&&&&&&&
parents:
[ 3.88482129e-02 -1.51746064e-12 -2.12103586e-13  4.61208617e-11 -1.67297253e-10 -1.83292296e-15  8.46962761e-16  2.37972075e-05 -2.10392255e-06 -1.58948168e-08  9.97780501e-10]
[ 3.81978437e-02 -1.50642605e-12 -2.16400391e-13  4.55423275e-11 -1.71013687e-10 -1.87158101e-15  8.44127697e-16  2.38388043e-05 -2.06288991e-06 -1.65360299e-08  9.92765652e-10]
children:
[ 3.84370150e-02 -1.51501541e-12 -2.14398089e-13  4.57894585e-11 -1.69139322e-10 -1.83527219e-15  8.46353628e-16  2.38426334e-05 -2.08686956e-06 -1.61745114e-08  9.93936060e-10]
[ 3.87560729e-02 -1.50871440e-12 -2.14867335e-13  4.56593281e-11 -1.67925474e-10 -1.85630263e-15  8.46942804e-16  2.38400011e-05 -2.08172087e-06 -1.63495980e-08  9.97898172e-10]
Population scores:
348:[1.34469051e+11 1.90521727e+11]:[ 3.81978437e-02 -1.50642605e-12 -2.16400391e-13  4.55423275e-11 -1.71013687e-10 -1.87158101e-15  8.44127697e-16  2.38388043e-05 -2.06288991e-06 -1.65360299e-08  9.92765652e-10]:11.33729057634038
369:[1.16228074e+11 1.96261875e+11]:[ 3.87560729e-02 -1.50871440e-12 -2.14867335e-13  4.56593281e-11 -1.67925474e-10 -1.85630263e-15  8.46942804e-16  2.38400011e-05 -2.08172087e-06 -1.63495980e-08  9.97898172e-10]:11.34144934411537
361:[1.22396779e+11 2.05541784e+11]:[ 3.88482129e-02 -1.51746064e-12 -2.12103586e-13  4.61208617e-11 -1.67297253e-10 -1.83292296e-15  8.46962761e-16  2.37972075e-05 -2.10392255e-06 -1.58948168e-08  9.97780501e-10]:11.361767751917222
368:[1.47125339e+11 2.04481058e+11]:[ 3.84370150e-02 -1.51501541e-12 -2.14398089e-13  4.57894585e-11 -1.69139322e-10 -1.83527219e-15  8.46353628e-16  2.38426334e-05 -2.08686956e-06 -1.61745114e-08  9.93936060e-10]:11.369041595195865
Selected for new population:
[ 3.81978437e-02 -1.50642605e-12 -2.16400391e-13  4.55423275e-11 -1.71013687e-10 -1.87158101e-15  8.44127697e-16  2.38388043e-05 -2.06288991e-06 -1.65360299e-08  9.92765652e-10]
[ 3.87560729e-02 -1.50871440e-12 -2.14867335e-13  4.56593281e-11 -1.67925474e-10 -1.85630263e-15  8.46942804e-16  2.38400011e-05 -2.08172087e-06 -1.63495980e-08  9.97898172e-10]
Selected: [9 7]
***************
***CROSSOVER***
***************
Population scores:
361:[1.22396779e+11 2.05541784e+11]:[ 3.88482129e-02 -1.51746064e-12 -2.12103586e-13  4.61208617e-11 -1.67297253e-10 -1.83292296e-15  8.46962761e-16  2.37972075e-05 -2.10392255e-06 -1.58948168e-08  9.97780501e-10]:11.361767751917222
359:[2.57609583e+10 2.54796383e+11]:[ 3.83707648e-02 -1.40846324e-12 -2.25735712e-13  4.57877999e-11 -1.76244137e-10 -1.84900114e-15  8.52546567e-16  2.38994249e-05 -2.05855228e-06 -1.63252663e-08  9.96761153e-10]:11.41488744019462
&&&&&&&&&&&&&&&&&&&&&&&&
&&TOURNAMENT SELECTION&&
&&&&&&&&&&&&&&&&&&&&&&&&
parents:
[ 3.83707648e-02 -1.40846324e-12 -2.25735712e-13  4.57877999e-11 -1.76244137e-10 -1.84900114e-15  8.52546567e-16  2.38994249e-05 -2.05855228e-06 -1.63252663e-08  9.96761153e-10]
[ 3.88482129e-02 -1.51746064e-12 -2.12103586e-13  4.61208617e-11 -1.67297253e-10 -1.83292296e-15  8.46962761e-16  2.37972075e-05 -2.10392255e-06 -1.58948168e-08  9.97780501e-10]
children:
[ 3.86446985e-02 -1.52293063e-12 -2.13034797e-13  4.58519959e-11 -1.68560117e-10 -1.83251781e-15  8.52696025e-16  2.39088443e-05 -2.08966942e-06 -1.62422550e-08  9.97544322e-10]
[ 3.86313268e-02 -1.46236268e-12 -2.25359979e-13  4.57845087e-11 -1.70586201e-10 -1.84806139e-15  8.49556178e-16  2.38613697e-05 -2.10295456e-06 -1.62177308e-08  9.97204469e-10]
Population scores:
370:[1.22320300e+11 1.99734033e+11]:[ 3.86446985e-02 -1.52293063e-12 -2.13034797e-13  4.58519959e-11 -1.68560117e-10 -1.83251781e-15  8.52696025e-16  2.39088443e-05 -2.08966942e-06 -1.62422550e-08  9.97544322e-10]:11.350631913392393
361:[1.22396779e+11 2.05541784e+11]:[ 3.88482129e-02 -1.51746064e-12 -2.12103586e-13  4.61208617e-11 -1.67297253e-10 -1.83292296e-15  8.46962761e-16  2.37972075e-05 -2.10392255e-06 -1.58948168e-08  9.97780501e-10]:11.361767751917222
359:[2.57609583e+10 2.54796383e+11]:[ 3.83707648e-02 -1.40846324e-12 -2.25735712e-13  4.57877999e-11 -1.76244137e-10 -1.84900114e-15  8.52546567e-16  2.38994249e-05 -2.05855228e-06 -1.63252663e-08  9.96761153e-10]:11.41488744019462
371:[2.28735962e+11 2.55274358e+11]:[ 3.86313268e-02 -1.46236268e-12 -2.25359979e-13  4.57845087e-11 -1.70586201e-10 -1.84806139e-15  8.49556178e-16  2.38613697e-05 -2.10295456e-06 -1.62177308e-08  9.97204469e-10]:11.478597587465568
Selected for new population:
[ 3.86446985e-02 -1.52293063e-12 -2.13034797e-13  4.58519959e-11 -1.68560117e-10 -1.83251781e-15  8.52696025e-16  2.39088443e-05 -2.08966942e-06 -1.62422550e-08  9.97544322e-10]
[ 3.88482129e-02 -1.51746064e-12 -2.12103586e-13  4.61208617e-11 -1.67297253e-10 -1.83292296e-15  8.46962761e-16  2.37972075e-05 -2.10392255e-06 -1.58948168e-08  9.97780501e-10]
Selected: [5 7]
***************
***CROSSOVER***
***************
Population scores:
356:[4.49497172e+10 2.16224772e+11]:[ 3.83234989e-02 -1.42300939e-12 -2.24002488e-13  4.58357485e-11 -1.69119651e-10 -1.86048467e-15  8.52613390e-16  2.39332477e-05 -2.06353348e-06 -1.64321011e-08  9.97867275e-10]:11.352596764111972
361:[1.22396779e+11 2.05541784e+11]:[ 3.88482129e-02 -1.51746064e-12 -2.12103586e-13  4.61208617e-11 -1.67297253e-10 -1.83292296e-15  8.46962761e-16  2.37972075e-05 -2.10392255e-06 -1.58948168e-08  9.97780501e-10]:11.361767751917222
&&&&&&&&&&&&&&&&&&&&&&&&
&&TOURNAMENT SELECTION&&
&&&&&&&&&&&&&&&&&&&&&&&&
parents:
[ 3.83234989e-02 -1.42300939e-12 -2.24002488e-13  4.58357485e-11 -1.69119651e-10 -1.86048467e-15  8.52613390e-16  2.39332477e-05 -2.06353348e-06 -1.64321011e-08  9.97867275e-10]
[ 3.88482129e-02 -1.51746064e-12 -2.12103586e-13  4.61208617e-11 -1.67297253e-10 -1.83292296e-15  8.46962761e-16  2.37972075e-05 -2.10392255e-06 -1.58948168e-08  9.97780501e-10]
children:
[ 3.86319940e-02 -1.50421913e-12 -2.24201875e-13  4.61463556e-11 -1.67615763e-10 -1.83264757e-15  8.51673918e-16  2.38699036e-05 -2.10398769e-06 -1.61361480e-08  9.97776358e-10]
[ 3.83129355e-02 -1.44395107e-12 -2.20626584e-13  4.60739011e-11 -1.67980463e-10 -1.85673232e-15  8.48822093e-16  2.37953336e-05 -2.07931804e-06 -1.61737066e-08  9.97873935e-10]
Population scores:
373:[6.79959945e+10 2.03413444e+11]:[ 3.83129355e-02 -1.44395107e-12 -2.20626584e-13  4.60739011e-11 -1.67980463e-10 -1.85673232e-15  8.48822093e-16  2.37953336e-05 -2.07931804e-06 -1.61737066e-08  9.97873935e-10]:11.336485036543953
356:[4.49497172e+10 2.16224772e+11]:[ 3.83234989e-02 -1.42300939e-12 -2.24002488e-13  4.58357485e-11 -1.69119651e-10 -1.86048467e-15  8.52613390e-16  2.39332477e-05 -2.06353348e-06 -1.64321011e-08  9.97867275e-10]:11.352596764111972
361:[1.22396779e+11 2.05541784e+11]:[ 3.88482129e-02 -1.51746064e-12 -2.12103586e-13  4.61208617e-11 -1.67297253e-10 -1.83292296e-15  8.46962761e-16  2.37972075e-05 -2.10392255e-06 -1.58948168e-08  9.97780501e-10]:11.361767751917222
372:[1.87617059e+11 2.31036430e+11]:[ 3.86319940e-02 -1.50421913e-12 -2.24201875e-13  4.61463556e-11 -1.67615763e-10 -1.83264757e-15  8.51673918e-16  2.38699036e-05 -2.10398769e-06 -1.61361480e-08  9.97776358e-10]:11.429041072890307
Selected for new population:
[ 3.83129355e-02 -1.44395107e-12 -2.20626584e-13  4.60739011e-11 -1.67980463e-10 -1.85673232e-15  8.48822093e-16  2.37953336e-05 -2.07931804e-06 -1.61737066e-08  9.97873935e-10]
[ 3.83234989e-02 -1.42300939e-12 -2.24002488e-13  4.58357485e-11 -1.69119651e-10 -1.86048467e-15  8.52613390e-16  2.39332477e-05 -2.06353348e-06 -1.64321011e-08  9.97867275e-10]
Population scores:
366:[8.6400658e+10 1.8943735e+11]:[ 3.83534396e-02 -1.39239494e-12 -2.22312516e-13  4.60288742e-11 -1.70142242e-10 -1.87800086e-15  8.48005124e-16  2.39052409e-05 -2.06610822e-06 -1.64710924e-08  9.96080402e-10]:11.315377204849208
354:[9.67846458e+10 1.87873497e+11]:[ 3.82053452e-02 -1.50275853e-12 -2.21548055e-13  4.58978052e-11 -1.70488101e-10 -1.87528711e-15  8.51767528e-16  2.37421953e-05 -2.06192117e-06 -1.64346983e-08  9.94004229e-10]:11.316453520879618
362:[7.90071317e+10 1.95546489e+11]:[ 3.83621232e-02 -1.41713447e-12 -2.23224379e-13  4.59081025e-11 -1.75484644e-10 -1.85106447e-15  8.49206810e-16  2.38501651e-05 -2.07347909e-06 -1.63689557e-08  9.97586784e-10]:11.324997968710452
357:[9.56756224e+10 1.93620797e+11]:[ 3.84015272e-02 -1.42646715e-12 -2.22863049e-13  4.54352632e-11 -1.73132134e-10 -1.85909013e-15  8.53259249e-16  2.39823596e-05 -2.08330566e-06 -1.62752497e-08  9.97588545e-10]:11.32788165622938
363:[1.13960699e+11 1.90005308e+11]:[ 3.87141603e-02 -1.40049475e-12 -2.23070522e-13  4.60323425e-11 -1.69657795e-10 -1.87843011e-15  8.47849484e-16  2.40060278e-05 -2.07547654e-06 -1.64721260e-08  9.97039552e-10]:11.327966414178283
373:[6.79959945e+10 2.03413444e+11]:[ 3.83129355e-02 -1.44395107e-12 -2.20626584e-13  4.60739011e-11 -1.67980463e-10 -1.85673232e-15  8.48822093e-16  2.37953336e-05 -2.07931804e-06 -1.61737066e-08  9.97873935e-10]:11.336485036543953
348:[1.34469051e+11 1.90521727e+11]:[ 3.81978437e-02 -1.50642605e-12 -2.16400391e-13  4.55423275e-11 -1.71013687e-10 -1.87158101e-15  8.44127697e-16  2.38388043e-05 -2.06288991e-06 -1.65360299e-08  9.92765652e-10]:11.33729057634038
369:[1.16228074e+11 1.96261875e+11]:[ 3.87560729e-02 -1.50871440e-12 -2.14867335e-13  4.56593281e-11 -1.67925474e-10 -1.85630263e-15  8.46942804e-16  2.38400011e-05 -2.08172087e-06 -1.63495980e-08  9.97898172e-10]:11.34144934411537
370:[1.22320300e+11 1.99734033e+11]:[ 3.86446985e-02 -1.52293063e-12 -2.13034797e-13  4.58519959e-11 -1.68560117e-10 -1.83251781e-15  8.52696025e-16  2.39088443e-05 -2.08966942e-06 -1.62422550e-08  9.97544322e-10]:11.350631913392393
356:[4.49497172e+10 2.16224772e+11]:[ 3.83234989e-02 -1.42300939e-12 -2.24002488e-13  4.58357485e-11 -1.69119651e-10 -1.86048467e-15  8.52613390e-16  2.39332477e-05 -2.06353348e-06 -1.64321011e-08  9.97867275e-10]:11.352596764111972
360:[1.02806158e+11 2.04869450e+11]:[ 3.84063360e-02 -1.52253045e-12 -2.19988662e-13  4.66343710e-11 -1.68389648e-10 -1.83336167e-15  8.44651323e-16  2.40989210e-05 -2.10904431e-06 -1.61578433e-08  1.00417622e-09]:11.353013024419278
365:[1.26623885e+11 2.03105138e+11]:[ 3.85566085e-02 -1.51751066e-12 -2.20121437e-13  4.65041436e-11 -1.68374731e-10 -1.83336688e-15  8.45212546e-16  2.40657220e-05 -2.10427338e-06 -1.60868920e-08  9.99206255e-10]:11.358752978949745
361:[1.22396779e+11 2.05541784e+11]:[ 3.88482129e-02 -1.51746064e-12 -2.12103586e-13  4.61208617e-11 -1.67297253e-10 -1.83292296e-15  8.46962761e-16  2.37972075e-05 -2.10392255e-06 -1.58948168e-08  9.97780501e-10]:11.361767751917222
286:[1.37376847e+11 2.05299695e+11]:[ 3.87726612e-02 -1.47272574e-12 -2.22060854e-13  4.59865147e-11 -1.69230122e-10 -1.83397164e-15  8.53126811e-16  2.37047265e-05 -2.08484905e-06 -1.62753478e-08  9.96832254e-10]:11.366936454403609
359:[2.57609583e+10 2.54796383e+11]:[ 3.83707648e-02 -1.40846324e-12 -2.25735712e-13  4.57877999e-11 -1.76244137e-10 -1.84900114e-15  8.52546567e-16  2.38994249e-05 -2.05855228e-06 -1.63252663e-08  9.96761153e-10]:11.41488744019462
*******************************
***iteration: 2 Population is***
*******************************
Population scores:
366:[8.6400658e+10 1.8943735e+11]:[ 3.83534396e-02 -1.39239494e-12 -2.22312516e-13  4.60288742e-11 -1.70142242e-10 -1.87800086e-15  8.48005124e-16  2.39052409e-05 -2.06610822e-06 -1.64710924e-08  9.96080402e-10]:11.315377204849208
354:[9.67846458e+10 1.87873497e+11]:[ 3.82053452e-02 -1.50275853e-12 -2.21548055e-13  4.58978052e-11 -1.70488101e-10 -1.87528711e-15  8.51767528e-16  2.37421953e-05 -2.06192117e-06 -1.64346983e-08  9.94004229e-10]:11.316453520879618
362:[7.90071317e+10 1.95546489e+11]:[ 3.83621232e-02 -1.41713447e-12 -2.23224379e-13  4.59081025e-11 -1.75484644e-10 -1.85106447e-15  8.49206810e-16  2.38501651e-05 -2.07347909e-06 -1.63689557e-08  9.97586784e-10]:11.324997968710452
357:[9.56756224e+10 1.93620797e+11]:[ 3.84015272e-02 -1.42646715e-12 -2.22863049e-13  4.54352632e-11 -1.73132134e-10 -1.85909013e-15  8.53259249e-16  2.39823596e-05 -2.08330566e-06 -1.62752497e-08  9.97588545e-10]:11.32788165622938
363:[1.13960699e+11 1.90005308e+11]:[ 3.87141603e-02 -1.40049475e-12 -2.23070522e-13  4.60323425e-11 -1.69657795e-10 -1.87843011e-15  8.47849484e-16  2.40060278e-05 -2.07547654e-06 -1.64721260e-08  9.97039552e-10]:11.327966414178283
373:[6.79959945e+10 2.03413444e+11]:[ 3.83129355e-02 -1.44395107e-12 -2.20626584e-13  4.60739011e-11 -1.67980463e-10 -1.85673232e-15  8.48822093e-16  2.37953336e-05 -2.07931804e-06 -1.61737066e-08  9.97873935e-10]:11.336485036543953
348:[1.34469051e+11 1.90521727e+11]:[ 3.81978437e-02 -1.50642605e-12 -2.16400391e-13  4.55423275e-11 -1.71013687e-10 -1.87158101e-15  8.44127697e-16  2.38388043e-05 -2.06288991e-06 -1.65360299e-08  9.92765652e-10]:11.33729057634038
369:[1.16228074e+11 1.96261875e+11]:[ 3.87560729e-02 -1.50871440e-12 -2.14867335e-13  4.56593281e-11 -1.67925474e-10 -1.85630263e-15  8.46942804e-16  2.38400011e-05 -2.08172087e-06 -1.63495980e-08  9.97898172e-10]:11.34144934411537
370:[1.22320300e+11 1.99734033e+11]:[ 3.86446985e-02 -1.52293063e-12 -2.13034797e-13  4.58519959e-11 -1.68560117e-10 -1.83251781e-15  8.52696025e-16  2.39088443e-05 -2.08966942e-06 -1.62422550e-08  9.97544322e-10]:11.350631913392393
356:[4.49497172e+10 2.16224772e+11]:[ 3.83234989e-02 -1.42300939e-12 -2.24002488e-13  4.58357485e-11 -1.69119651e-10 -1.86048467e-15  8.52613390e-16  2.39332477e-05 -2.06353348e-06 -1.64321011e-08  9.97867275e-10]:11.352596764111972
Selected: [2 1]
***************
***CROSSOVER***
***************
Population scores:
354:[9.67846458e+10 1.87873497e+11]:[ 3.82053452e-02 -1.50275853e-12 -2.21548055e-13  4.58978052e-11 -1.70488101e-10 -1.87528711e-15  8.51767528e-16  2.37421953e-05 -2.06192117e-06 -1.64346983e-08  9.94004229e-10]:11.316453520879618
362:[7.90071317e+10 1.95546489e+11]:[ 3.83621232e-02 -1.41713447e-12 -2.23224379e-13  4.59081025e-11 -1.75484644e-10 -1.85106447e-15  8.49206810e-16  2.38501651e-05 -2.07347909e-06 -1.63689557e-08  9.97586784e-10]:11.324997968710452
&&&&&&&&&&&&&&&&&&&&&&&&
&&TOURNAMENT SELECTION&&
&&&&&&&&&&&&&&&&&&&&&&&&
parents:
[ 3.83621232e-02 -1.41713447e-12 -2.23224379e-13  4.59081025e-11 -1.75484644e-10 -1.85106447e-15  8.49206810e-16  2.38501651e-05 -2.07347909e-06 -1.63689557e-08  9.97586784e-10]
[ 3.82053452e-02 -1.50275853e-12 -2.21548055e-13  4.58978052e-11 -1.70488101e-10 -1.87528711e-15  8.51767528e-16  2.37421953e-05 -2.06192117e-06 -1.64346983e-08  9.94004229e-10]
children:
[ 3.83251749e-02 -1.45353051e-12 -2.21573225e-13  4.59081883e-11 -1.72802969e-10 -1.85838369e-15  8.49529041e-16  2.37831052e-05 -2.07008125e-06 -1.64201911e-08  9.95536572e-10]
[ 3.83424050e-02 -1.46301559e-12 -2.21443363e-13  4.58989473e-11 -1.73763381e-10 -1.87044259e-15  8.50832327e-16  2.38258753e-05 -2.06590743e-06 -1.64300662e-08  9.97295178e-10]
Population scores:
354:[9.67846458e+10 1.87873497e+11]:[ 3.82053452e-02 -1.50275853e-12 -2.21548055e-13  4.58978052e-11 -1.70488101e-10 -1.87528711e-15  8.51767528e-16  2.37421953e-05 -2.06192117e-06 -1.64346983e-08  9.94004229e-10]:11.316453520879618
375:[6.86058669e+10 1.97503578e+11]:[ 3.83424050e-02 -1.46301559e-12 -2.21443363e-13  4.58989473e-11 -1.73763381e-10 -1.87044259e-15  8.50832327e-16  2.38258753e-05 -2.06590743e-06 -1.64300662e-08  9.97295178e-10]:11.324744807235426
362:[7.90071317e+10 1.95546489e+11]:[ 3.83621232e-02 -1.41713447e-12 -2.23224379e-13  4.59081025e-11 -1.75484644e-10 -1.85106447e-15  8.49206810e-16  2.38501651e-05 -2.07347909e-06 -1.63689557e-08  9.97586784e-10]:11.324997968710452
374:[1.07556658e+11 1.91142976e+11]:[ 3.83251749e-02 -1.45353051e-12 -2.21573225e-13  4.59081883e-11 -1.72802969e-10 -1.85838369e-15  8.49529041e-16  2.37831052e-05 -2.07008125e-06 -1.64201911e-08  9.95536572e-10]:11.327674183990277
Selected for new population:
[ 3.82053452e-02 -1.50275853e-12 -2.21548055e-13  4.58978052e-11 -1.70488101e-10 -1.87528711e-15  8.51767528e-16  2.37421953e-05 -2.06192117e-06 -1.64346983e-08  9.94004229e-10]
[ 3.83424050e-02 -1.46301559e-12 -2.21443363e-13  4.58989473e-11 -1.73763381e-10 -1.87044259e-15  8.50832327e-16  2.38258753e-05 -2.06590743e-06 -1.64300662e-08  9.97295178e-10]
Selected: [6 2]
***************
***CROSSOVER***
***************
Population scores:
362:[7.90071317e+10 1.95546489e+11]:[ 3.83621232e-02 -1.41713447e-12 -2.23224379e-13  4.59081025e-11 -1.75484644e-10 -1.85106447e-15  8.49206810e-16  2.38501651e-05 -2.07347909e-06 -1.63689557e-08  9.97586784e-10]:11.324997968710452
348:[1.34469051e+11 1.90521727e+11]:[ 3.81978437e-02 -1.50642605e-12 -2.16400391e-13  4.55423275e-11 -1.71013687e-10 -1.87158101e-15  8.44127697e-16  2.38388043e-05 -2.06288991e-06 -1.65360299e-08  9.92765652e-10]:11.33729057634038
&&&&&&&&&&&&&&&&&&&&&&&&
&&TOURNAMENT SELECTION&&
&&&&&&&&&&&&&&&&&&&&&&&&
parents:
[ 3.81978437e-02 -1.50642605e-12 -2.16400391e-13  4.55423275e-11 -1.71013687e-10 -1.87158101e-15  8.44127697e-16  2.38388043e-05 -2.06288991e-06 -1.65360299e-08  9.92765652e-10]
[ 3.83621232e-02 -1.41713447e-12 -2.23224379e-13  4.59081025e-11 -1.75484644e-10 -1.85106447e-15  8.49206810e-16  2.38501651e-05 -2.07347909e-06 -1.63689557e-08  9.97586784e-10]
children:
[ 3.81828700e-02 -1.50383509e-12 -2.19260171e-13  4.57919282e-11 -1.74272315e-10 -1.85323052e-15  8.46453151e-16  2.38412539e-05 -2.06221478e-06 -1.64318488e-08  9.97011125e-10]
[ 3.82673778e-02 -1.50664873e-12 -2.18594785e-13  4.58931917e-11 -1.73755352e-10 -1.86465634e-15  8.46604993e-16  2.38439310e-05 -2.06364662e-06 -1.65188413e-08  9.97509102e-10]
Population scores:
377:[7.17647191e+10 1.94992757e+11]:[ 3.82673778e-02 -1.50664873e-12 -2.18594785e-13  4.58931917e-11 -1.73755352e-10 -1.86465634e-15  8.46604993e-16  2.38439310e-05 -2.06364662e-06 -1.65188413e-08  9.97509102e-10]:11.320864046218942
362:[7.90071317e+10 1.95546489e+11]:[ 3.83621232e-02 -1.41713447e-12 -2.23224379e-13  4.59081025e-11 -1.75484644e-10 -1.85106447e-15  8.49206810e-16  2.38501651e-05 -2.07347909e-06 -1.63689557e-08  9.97586784e-10]:11.324997968710452
348:[1.34469051e+11 1.90521727e+11]:[ 3.81978437e-02 -1.50642605e-12 -2.16400391e-13  4.55423275e-11 -1.71013687e-10 -1.87158101e-15  8.44127697e-16  2.38388043e-05 -2.06288991e-06 -1.65360299e-08  9.92765652e-10]:11.33729057634038
376:[5.18403974e+10 2.08143148e+11]:[ 3.81828700e-02 -1.50383509e-12 -2.19260171e-13  4.57919282e-11 -1.74272315e-10 -1.85323052e-15  8.46453151e-16  2.38412539e-05 -2.06221478e-06 -1.64318488e-08  9.97011125e-10]:11.339473757320803
Selected for new population:
[ 3.82673778e-02 -1.50664873e-12 -2.18594785e-13  4.58931917e-11 -1.73755352e-10 -1.86465634e-15  8.46604993e-16  2.38439310e-05 -2.06364662e-06 -1.65188413e-08  9.97509102e-10]
[ 3.83621232e-02 -1.41713447e-12 -2.23224379e-13  4.59081025e-11 -1.75484644e-10 -1.85106447e-15  8.49206810e-16  2.38501651e-05 -2.07347909e-06 -1.63689557e-08  9.97586784e-10]
Selected: [1 8]
***************
***CROSSOVER***
***************
Population scores:
354:[9.67846458e+10 1.87873497e+11]:[ 3.82053452e-02 -1.50275853e-12 -2.21548055e-13  4.58978052e-11 -1.70488101e-10 -1.87528711e-15  8.51767528e-16  2.37421953e-05 -2.06192117e-06 -1.64346983e-08  9.94004229e-10]:11.316453520879618
370:[1.22320300e+11 1.99734033e+11]:[ 3.86446985e-02 -1.52293063e-12 -2.13034797e-13  4.58519959e-11 -1.68560117e-10 -1.83251781e-15  8.52696025e-16  2.39088443e-05 -2.08966942e-06 -1.62422550e-08  9.97544322e-10]:11.350631913392393
&&&&&&&&&&&&&&&&&&&&&&&&
&&TOURNAMENT SELECTION&&
&&&&&&&&&&&&&&&&&&&&&&&&
parents:
[ 3.82053452e-02 -1.50275853e-12 -2.21548055e-13  4.58978052e-11 -1.70488101e-10 -1.87528711e-15  8.51767528e-16  2.37421953e-05 -2.06192117e-06 -1.64346983e-08  9.94004229e-10]
[ 3.86446985e-02 -1.52293063e-12 -2.13034797e-13  4.58519959e-11 -1.68560117e-10 -1.83251781e-15  8.52696025e-16  2.39088443e-05 -2.08966942e-06 -1.62422550e-08  9.97544322e-10]
children:
[ 3.85180288e-02 -1.51568367e-12 -2.13157634e-13  4.58686816e-11 -1.68793736e-10 -1.85120215e-15  8.51878431e-16  2.38939843e-05 -2.08484976e-06 -1.64214441e-08  9.95432153e-10]
[ 3.86675007e-02 -1.51613562e-12 -2.14381280e-13  4.58921341e-11 -1.68446834e-10 -1.82995129e-15  8.52058515e-16  2.38139639e-05 -2.07551860e-06 -1.63924756e-08  9.94730182e-10]
Population scores:
354:[9.67846458e+10 1.87873497e+11]:[ 3.82053452e-02 -1.50275853e-12 -2.21548055e-13  4.58978052e-11 -1.70488101e-10 -1.87528711e-15  8.51767528e-16  2.37421953e-05 -2.06192117e-06 -1.64346983e-08  9.94004229e-10]:11.316453520879618
379:[1.29190673e+11 1.97199530e+11]:[ 3.86675007e-02 -1.51613562e-12 -2.14381280e-13  4.58921341e-11 -1.68446834e-10 -1.82995129e-15  8.52058515e-16  2.38139639e-05 -2.07551860e-06 -1.63924756e-08  9.94730182e-10]:11.348378207921886
370:[1.22320300e+11 1.99734033e+11]:[ 3.86446985e-02 -1.52293063e-12 -2.13034797e-13  4.58519959e-11 -1.68560117e-10 -1.83251781e-15  8.52696025e-16  2.39088443e-05 -2.08966942e-06 -1.62422550e-08  9.97544322e-10]:11.350631913392393
378:[1.89487423e+11 2.23580067e+11]:[ 3.85180288e-02 -1.51568367e-12 -2.13157634e-13  4.58686816e-11 -1.68793736e-10 -1.85120215e-15  8.51878431e-16  2.38939843e-05 -2.08484976e-06 -1.64214441e-08  9.95432153e-10]:11.417434409851877
Selected for new population:
[ 3.82053452e-02 -1.50275853e-12 -2.21548055e-13  4.58978052e-11 -1.70488101e-10 -1.87528711e-15  8.51767528e-16  2.37421953e-05 -2.06192117e-06 -1.64346983e-08  9.94004229e-10]
[ 3.86675007e-02 -1.51613562e-12 -2.14381280e-13  4.58921341e-11 -1.68446834e-10 -1.82995129e-15  8.52058515e-16  2.38139639e-05 -2.07551860e-06 -1.63924756e-08  9.94730182e-10]
Selected: [3 7]
***************
***CROSSOVER***
***************
Population scores:
357:[9.56756224e+10 1.93620797e+11]:[ 3.84015272e-02 -1.42646715e-12 -2.22863049e-13  4.54352632e-11 -1.73132134e-10 -1.85909013e-15  8.53259249e-16  2.39823596e-05 -2.08330566e-06 -1.62752497e-08  9.97588545e-10]:11.32788165622938
369:[1.16228074e+11 1.96261875e+11]:[ 3.87560729e-02 -1.50871440e-12 -2.14867335e-13  4.56593281e-11 -1.67925474e-10 -1.85630263e-15  8.46942804e-16  2.38400011e-05 -2.08172087e-06 -1.63495980e-08  9.97898172e-10]:11.34144934411537
&&&&&&&&&&&&&&&&&&&&&&&&
&&TOURNAMENT SELECTION&&
&&&&&&&&&&&&&&&&&&&&&&&&
parents:
[ 3.84015272e-02 -1.42646715e-12 -2.22863049e-13  4.54352632e-11 -1.73132134e-10 -1.85909013e-15  8.53259249e-16  2.39823596e-05 -2.08330566e-06 -1.62752497e-08  9.97588545e-10]
[ 3.87560729e-02 -1.50871440e-12 -2.14867335e-13  4.56593281e-11 -1.67925474e-10 -1.85630263e-15  8.46942804e-16  2.38400011e-05 -2.08172087e-06 -1.63495980e-08  9.97898172e-10]
children:
[ 3.87294954e-02 -1.50334035e-12 -2.19002912e-13  4.56346055e-11 -1.70522276e-10 -1.85865199e-15  8.46878685e-16  2.38527399e-05 -2.08199322e-06 -1.63450867e-08  9.97574994e-10]
[ 3.85885588e-02 -1.45202311e-12 -2.14382823e-13  4.56013738e-11 -1.71212476e-10 -1.85840370e-15  8.46879691e-16  2.39665649e-05 -2.08237562e-06 -1.63562409e-08  9.97716175e-10]
Population scores:
357:[9.56756224e+10 1.93620797e+11]:[ 3.84015272e-02 -1.42646715e-12 -2.22863049e-13  4.54352632e-11 -1.73132134e-10 -1.85909013e-15  8.53259249e-16  2.39823596e-05 -2.08330566e-06 -1.62752497e-08  9.97588545e-10]:11.32788165622938
381:[1.10777618e+11 1.93648380e+11]:[ 3.85885588e-02 -1.45202311e-12 -2.14382823e-13  4.56013738e-11 -1.71212476e-10 -1.85840370e-15  8.46879691e-16  2.39665649e-05 -2.08237562e-06 -1.63562409e-08  9.97716175e-10]:11.334059297006126
369:[1.16228074e+11 1.96261875e+11]:[ 3.87560729e-02 -1.50871440e-12 -2.14867335e-13  4.56593281e-11 -1.67925474e-10 -1.85630263e-15  8.46942804e-16  2.38400011e-05 -2.08172087e-06 -1.63495980e-08  9.97898172e-10]:11.34144934411537
380:[1.20405074e+11 1.96480226e+11]:[ 3.87294954e-02 -1.50334035e-12 -2.19002912e-13  4.56346055e-11 -1.70522276e-10 -1.85865199e-15  8.46878685e-16  2.38527399e-05 -2.08199322e-06 -1.63450867e-08  9.97574994e-10]:11.34352919613557
Selected for new population:
[ 3.84015272e-02 -1.42646715e-12 -2.22863049e-13  4.54352632e-11 -1.73132134e-10 -1.85909013e-15  8.53259249e-16  2.39823596e-05 -2.08330566e-06 -1.62752497e-08  9.97588545e-10]
[ 3.85885588e-02 -1.45202311e-12 -2.14382823e-13  4.56013738e-11 -1.71212476e-10 -1.85840370e-15  8.46879691e-16  2.39665649e-05 -2.08237562e-06 -1.63562409e-08  9.97716175e-10]
Selected: [7 9]
***************
***CROSSOVER***
***************
Population scores:
369:[1.16228074e+11 1.96261875e+11]:[ 3.87560729e-02 -1.50871440e-12 -2.14867335e-13  4.56593281e-11 -1.67925474e-10 -1.85630263e-15  8.46942804e-16  2.38400011e-05 -2.08172087e-06 -1.63495980e-08  9.97898172e-10]:11.34144934411537
356:[4.49497172e+10 2.16224772e+11]:[ 3.83234989e-02 -1.42300939e-12 -2.24002488e-13  4.58357485e-11 -1.69119651e-10 -1.86048467e-15  8.52613390e-16  2.39332477e-05 -2.06353348e-06 -1.64321011e-08  9.97867275e-10]:11.352596764111972
&&&&&&&&&&&&&&&&&&&&&&&&
&&TOURNAMENT SELECTION&&
&&&&&&&&&&&&&&&&&&&&&&&&
parents:
[ 3.87560729e-02 -1.50871440e-12 -2.14867335e-13  4.56593281e-11 -1.67925474e-10 -1.85630263e-15  8.46942804e-16  2.38400011e-05 -2.08172087e-06 -1.63495980e-08  9.97898172e-10]
[ 3.83234989e-02 -1.42300939e-12 -2.24002488e-13  4.58357485e-11 -1.69119651e-10 -1.86048467e-15  8.52613390e-16  2.39332477e-05 -2.06353348e-06 -1.64321011e-08  9.97867275e-10]
children:
[ 3.83398270e-02 -1.50859773e-12 -2.23450969e-13  4.56910100e-11 -1.68173941e-10 -1.85977903e-15  8.48385699e-16  2.39181161e-05 -2.08304246e-06 -1.63765684e-08  9.97887302e-10]
[ 3.85604632e-02 -1.44931910e-12 -2.23745793e-13  4.57396412e-11 -1.68604508e-10 -1.86044563e-15  8.48194218e-16  2.38815588e-05 -2.06346835e-06 -1.64324903e-08  9.97866403e-10]
Population scores:
369:[1.16228074e+11 1.96261875e+11]:[ 3.87560729e-02 -1.50871440e-12 -2.14867335e-13  4.56593281e-11 -1.67925474e-10 -1.85630263e-15  8.46942804e-16  2.38400011e-05 -2.08172087e-06 -1.63495980e-08  9.97898172e-10]:11.34144934411537
382:[1.23861637e+11 1.96567023e+11]:[ 3.83398270e-02 -1.50859773e-12 -2.23450969e-13  4.56910100e-11 -1.68173941e-10 -1.85977903e-15  8.48385699e-16  2.39181161e-05 -2.08304246e-06 -1.63765684e-08  9.97887302e-10]:11.34505863084544
383:[4.81196458e+10 2.12742183e+11]:[ 3.85604632e-02 -1.44931910e-12 -2.23745793e-13  4.57396412e-11 -1.68604508e-10 -1.86044563e-15  8.48194218e-16  2.38815588e-05 -2.06346835e-06 -1.64324903e-08  9.97866403e-10]:11.347068602780219
356:[4.49497172e+10 2.16224772e+11]:[ 3.83234989e-02 -1.42300939e-12 -2.24002488e-13  4.58357485e-11 -1.69119651e-10 -1.86048467e-15  8.52613390e-16  2.39332477e-05 -2.06353348e-06 -1.64321011e-08  9.97867275e-10]:11.352596764111972
Selected for new population:
[ 3.87560729e-02 -1.50871440e-12 -2.14867335e-13  4.56593281e-11 -1.67925474e-10 -1.85630263e-15  8.46942804e-16  2.38400011e-05 -2.08172087e-06 -1.63495980e-08  9.97898172e-10]
[ 3.83398270e-02 -1.50859773e-12 -2.23450969e-13  4.56910100e-11 -1.68173941e-10 -1.85977903e-15  8.48385699e-16  2.39181161e-05 -2.08304246e-06 -1.63765684e-08  9.97887302e-10]
Population scores:
366:[8.6400658e+10 1.8943735e+11]:[ 3.83534396e-02 -1.39239494e-12 -2.22312516e-13  4.60288742e-11 -1.70142242e-10 -1.87800086e-15  8.48005124e-16  2.39052409e-05 -2.06610822e-06 -1.64710924e-08  9.96080402e-10]:11.315377204849208
354:[9.67846458e+10 1.87873497e+11]:[ 3.82053452e-02 -1.50275853e-12 -2.21548055e-13  4.58978052e-11 -1.70488101e-10 -1.87528711e-15  8.51767528e-16  2.37421953e-05 -2.06192117e-06 -1.64346983e-08  9.94004229e-10]:11.316453520879618
377:[7.17647191e+10 1.94992757e+11]:[ 3.82673778e-02 -1.50664873e-12 -2.18594785e-13  4.58931917e-11 -1.73755352e-10 -1.86465634e-15  8.46604993e-16  2.38439310e-05 -2.06364662e-06 -1.65188413e-08  9.97509102e-10]:11.320864046218942
375:[6.86058669e+10 1.97503578e+11]:[ 3.83424050e-02 -1.46301559e-12 -2.21443363e-13  4.58989473e-11 -1.73763381e-10 -1.87044259e-15  8.50832327e-16  2.38258753e-05 -2.06590743e-06 -1.64300662e-08  9.97295178e-10]:11.324744807235426
362:[7.90071317e+10 1.95546489e+11]:[ 3.83621232e-02 -1.41713447e-12 -2.23224379e-13  4.59081025e-11 -1.75484644e-10 -1.85106447e-15  8.49206810e-16  2.38501651e-05 -2.07347909e-06 -1.63689557e-08  9.97586784e-10]:11.324997968710452
357:[9.56756224e+10 1.93620797e+11]:[ 3.84015272e-02 -1.42646715e-12 -2.22863049e-13  4.54352632e-11 -1.73132134e-10 -1.85909013e-15  8.53259249e-16  2.39823596e-05 -2.08330566e-06 -1.62752497e-08  9.97588545e-10]:11.32788165622938
363:[1.13960699e+11 1.90005308e+11]:[ 3.87141603e-02 -1.40049475e-12 -2.23070522e-13  4.60323425e-11 -1.69657795e-10 -1.87843011e-15  8.47849484e-16  2.40060278e-05 -2.07547654e-06 -1.64721260e-08  9.97039552e-10]:11.327966414178283
381:[1.10777618e+11 1.93648380e+11]:[ 3.85885588e-02 -1.45202311e-12 -2.14382823e-13  4.56013738e-11 -1.71212476e-10 -1.85840370e-15  8.46879691e-16  2.39665649e-05 -2.08237562e-06 -1.63562409e-08  9.97716175e-10]:11.334059297006124
373:[6.79959945e+10 2.03413444e+11]:[ 3.83129355e-02 -1.44395107e-12 -2.20626584e-13  4.60739011e-11 -1.67980463e-10 -1.85673232e-15  8.48822093e-16  2.37953336e-05 -2.07931804e-06 -1.61737066e-08  9.97873935e-10]:11.336485036543953
348:[1.34469051e+11 1.90521727e+11]:[ 3.81978437e-02 -1.50642605e-12 -2.16400391e-13  4.55423275e-11 -1.71013687e-10 -1.87158101e-15  8.44127697e-16  2.38388043e-05 -2.06288991e-06 -1.65360299e-08  9.92765652e-10]:11.33729057634038
369:[1.16228074e+11 1.96261875e+11]:[ 3.87560729e-02 -1.50871440e-12 -2.14867335e-13  4.56593281e-11 -1.67925474e-10 -1.85630263e-15  8.46942804e-16  2.38400011e-05 -2.08172087e-06 -1.63495980e-08  9.97898172e-10]:11.34144934411537
382:[1.23861637e+11 1.96567023e+11]:[ 3.83398270e-02 -1.50859773e-12 -2.23450969e-13  4.56910100e-11 -1.68173941e-10 -1.85977903e-15  8.48385699e-16  2.39181161e-05 -2.08304246e-06 -1.63765684e-08  9.97887302e-10]:11.34505863084544
379:[1.29190673e+11 1.97199530e+11]:[ 3.86675007e-02 -1.51613562e-12 -2.14381280e-13  4.58921341e-11 -1.68446834e-10 -1.82995129e-15  8.52058515e-16  2.38139639e-05 -2.07551860e-06 -1.63924756e-08  9.94730182e-10]:11.348378207921886
370:[1.22320300e+11 1.99734033e+11]:[ 3.86446985e-02 -1.52293063e-12 -2.13034797e-13  4.58519959e-11 -1.68560117e-10 -1.83251781e-15  8.52696025e-16  2.39088443e-05 -2.08966942e-06 -1.62422550e-08  9.97544322e-10]:11.350631913392393
356:[4.49497172e+10 2.16224772e+11]:[ 3.83234989e-02 -1.42300939e-12 -2.24002488e-13  4.58357485e-11 -1.69119651e-10 -1.86048467e-15  8.52613390e-16  2.39332477e-05 -2.06353348e-06 -1.64321011e-08  9.97867275e-10]:11.352596764111972
*******************************
***iteration: 3 Population is***
*******************************
Population scores:
366:[8.6400658e+10 1.8943735e+11]:[ 3.83534396e-02 -1.39239494e-12 -2.22312516e-13  4.60288742e-11 -1.70142242e-10 -1.87800086e-15  8.48005124e-16  2.39052409e-05 -2.06610822e-06 -1.64710924e-08  9.96080402e-10]:11.315377204849208
354:[9.67846458e+10 1.87873497e+11]:[ 3.82053452e-02 -1.50275853e-12 -2.21548055e-13  4.58978052e-11 -1.70488101e-10 -1.87528711e-15  8.51767528e-16  2.37421953e-05 -2.06192117e-06 -1.64346983e-08  9.94004229e-10]:11.316453520879618
377:[7.17647191e+10 1.94992757e+11]:[ 3.82673778e-02 -1.50664873e-12 -2.18594785e-13  4.58931917e-11 -1.73755352e-10 -1.86465634e-15  8.46604993e-16  2.38439310e-05 -2.06364662e-06 -1.65188413e-08  9.97509102e-10]:11.320864046218942
375:[6.86058669e+10 1.97503578e+11]:[ 3.83424050e-02 -1.46301559e-12 -2.21443363e-13  4.58989473e-11 -1.73763381e-10 -1.87044259e-15  8.50832327e-16  2.38258753e-05 -2.06590743e-06 -1.64300662e-08  9.97295178e-10]:11.324744807235426
362:[7.90071317e+10 1.95546489e+11]:[ 3.83621232e-02 -1.41713447e-12 -2.23224379e-13  4.59081025e-11 -1.75484644e-10 -1.85106447e-15  8.49206810e-16  2.38501651e-05 -2.07347909e-06 -1.63689557e-08  9.97586784e-10]:11.324997968710452
357:[9.56756224e+10 1.93620797e+11]:[ 3.84015272e-02 -1.42646715e-12 -2.22863049e-13  4.54352632e-11 -1.73132134e-10 -1.85909013e-15  8.53259249e-16  2.39823596e-05 -2.08330566e-06 -1.62752497e-08  9.97588545e-10]:11.32788165622938
363:[1.13960699e+11 1.90005308e+11]:[ 3.87141603e-02 -1.40049475e-12 -2.23070522e-13  4.60323425e-11 -1.69657795e-10 -1.87843011e-15  8.47849484e-16  2.40060278e-05 -2.07547654e-06 -1.64721260e-08  9.97039552e-10]:11.327966414178283
381:[1.10777618e+11 1.93648380e+11]:[ 3.85885588e-02 -1.45202311e-12 -2.14382823e-13  4.56013738e-11 -1.71212476e-10 -1.85840370e-15  8.46879691e-16  2.39665649e-05 -2.08237562e-06 -1.63562409e-08  9.97716175e-10]:11.334059297006124
373:[6.79959945e+10 2.03413444e+11]:[ 3.83129355e-02 -1.44395107e-12 -2.20626584e-13  4.60739011e-11 -1.67980463e-10 -1.85673232e-15  8.48822093e-16  2.37953336e-05 -2.07931804e-06 -1.61737066e-08  9.97873935e-10]:11.336485036543953
348:[1.34469051e+11 1.90521727e+11]:[ 3.81978437e-02 -1.50642605e-12 -2.16400391e-13  4.55423275e-11 -1.71013687e-10 -1.87158101e-15  8.44127697e-16  2.38388043e-05 -2.06288991e-06 -1.65360299e-08  9.92765652e-10]:11.33729057634038
Selected: [5 0]
***************
***CROSSOVER***
***************
Population scores:
366:[8.6400658e+10 1.8943735e+11]:[ 3.83534396e-02 -1.39239494e-12 -2.22312516e-13  4.60288742e-11 -1.70142242e-10 -1.87800086e-15  8.48005124e-16  2.39052409e-05 -2.06610822e-06 -1.64710924e-08  9.96080402e-10]:11.315377204849208
357:[9.56756224e+10 1.93620797e+11]:[ 3.84015272e-02 -1.42646715e-12 -2.22863049e-13  4.54352632e-11 -1.73132134e-10 -1.85909013e-15  8.53259249e-16  2.39823596e-05 -2.08330566e-06 -1.62752497e-08  9.97588545e-10]:11.32788165622938
&&&&&&&&&&&&&&&&&&&&&&&&
&&TOURNAMENT SELECTION&&
&&&&&&&&&&&&&&&&&&&&&&&&
parents:
[ 3.84015272e-02 -1.42646715e-12 -2.22863049e-13  4.54352632e-11 -1.73132134e-10 -1.85909013e-15  8.53259249e-16  2.39823596e-05 -2.08330566e-06 -1.62752497e-08  9.97588545e-10]
[ 3.83534396e-02 -1.39239494e-12 -2.22312516e-13  4.60288742e-11 -1.70142242e-10 -1.87800086e-15  8.48005124e-16  2.39052409e-05 -2.06610822e-06 -1.64710924e-08  9.96080402e-10]
children:
[ 3.83589853e-02 -1.42803765e-12 -2.22517495e-13  4.54351756e-11 -1.70287701e-10 -1.85854082e-15  8.50281565e-16  2.39192483e-05 -2.08225420e-06 -1.63155997e-08  9.97562703e-10]
[ 3.83639694e-02 -1.40499473e-12 -2.22455451e-13  4.56311391e-11 -1.70576407e-10 -1.87351052e-15  8.52513574e-16  2.39224877e-05 -2.08155891e-06 -1.62876673e-08  9.97041669e-10]
Population scores:
366:[8.6400658e+10 1.8943735e+11]:[ 3.83534396e-02 -1.39239494e-12 -2.22312516e-13  4.60288742e-11 -1.70142242e-10 -1.87800086e-15  8.48005124e-16  2.39052409e-05 -2.06610822e-06 -1.64710924e-08  9.96080402e-10]:11.315377204849208
357:[9.56756224e+10 1.93620797e+11]:[ 3.84015272e-02 -1.42646715e-12 -2.22863049e-13  4.54352632e-11 -1.73132134e-10 -1.85909013e-15  8.53259249e-16  2.39823596e-05 -2.08330566e-06 -1.62752497e-08  9.97588545e-10]:11.32788165622938
385:[1.07111075e+11 1.92799555e+11]:[ 3.83639694e-02 -1.40499473e-12 -2.22455451e-13  4.56311391e-11 -1.70576407e-10 -1.87351052e-15  8.52513574e-16  2.39224877e-05 -2.08155891e-06 -1.62876673e-08  9.97041669e-10]:11.330863603869876
384:[1.06723166e+11 1.93960565e+11]:[ 3.83589853e-02 -1.42803765e-12 -2.22517495e-13  4.54351756e-11 -1.70287701e-10 -1.85854082e-15  8.50281565e-16  2.39192483e-05 -2.08225420e-06 -1.63155997e-08  9.97562703e-10]:11.333054514519217
Selected for new population:
[ 3.83534396e-02 -1.39239494e-12 -2.22312516e-13  4.60288742e-11 -1.70142242e-10 -1.87800086e-15  8.48005124e-16  2.39052409e-05 -2.06610822e-06 -1.64710924e-08  9.96080402e-10]
[ 3.84015272e-02 -1.42646715e-12 -2.22863049e-13  4.54352632e-11 -1.73132134e-10 -1.85909013e-15  8.53259249e-16  2.39823596e-05 -2.08330566e-06 -1.62752497e-08  9.97588545e-10]
Selected: [9 3]
***************
***CROSSOVER***
***************
Population scores:
375:[6.86058669e+10 1.97503578e+11]:[ 3.83424050e-02 -1.46301559e-12 -2.21443363e-13  4.58989473e-11 -1.73763381e-10 -1.87044259e-15  8.50832327e-16  2.38258753e-05 -2.06590743e-06 -1.64300662e-08  9.97295178e-10]:11.324744807235426
348:[1.34469051e+11 1.90521727e+11]:[ 3.81978437e-02 -1.50642605e-12 -2.16400391e-13  4.55423275e-11 -1.71013687e-10 -1.87158101e-15  8.44127697e-16  2.38388043e-05 -2.06288991e-06 -1.65360299e-08  9.92765652e-10]:11.33729057634038
&&&&&&&&&&&&&&&&&&&&&&&&
&&TOURNAMENT SELECTION&&
&&&&&&&&&&&&&&&&&&&&&&&&
parents:
[ 3.81978437e-02 -1.50642605e-12 -2.16400391e-13  4.55423275e-11 -1.71013687e-10 -1.87158101e-15  8.44127697e-16  2.38388043e-05 -2.06288991e-06 -1.65360299e-08  9.92765652e-10]
[ 3.83424050e-02 -1.46301559e-12 -2.21443363e-13  4.58989473e-11 -1.73763381e-10 -1.87044259e-15  8.50832327e-16  2.38258753e-05 -2.06590743e-06 -1.64300662e-08  9.97295178e-10]
children:
[ 3.82664247e-02 -1.47523305e-12 -2.20331219e-13  4.56975404e-11 -1.71272488e-10 -1.87035868e-15  8.48106289e-16  2.38359921e-05 -2.06347545e-06 -1.65320493e-08  9.93244597e-10]
[ 3.82411362e-02 -1.49742243e-12 -2.21168262e-13  4.57620011e-11 -1.71465973e-10 -1.87096273e-15  8.50286695e-16  2.38258046e-05 -2.06478153e-06 -1.64248091e-08  9.96677311e-10]
Population scores:
387:[6.90965341e+10 1.96633382e+11]:[ 3.82411362e-02 -1.49742243e-12 -2.21168262e-13  4.57620011e-11 -1.71465973e-10 -1.87096273e-15  8.50286695e-16  2.38258046e-05 -2.06478153e-06 -1.64248091e-08  9.96677311e-10]:11.323154478793299
375:[6.86058669e+10 1.97503578e+11]:[ 3.83424050e-02 -1.46301559e-12 -2.21443363e-13  4.58989473e-11 -1.73763381e-10 -1.87044259e-15  8.50832327e-16  2.38258753e-05 -2.06590743e-06 -1.64300662e-08  9.97295178e-10]:11.324744807235426
386:[1.29780273e+11 1.89907694e+11]:[ 3.82664247e-02 -1.47523305e-12 -2.20331219e-13  4.56975404e-11 -1.71272488e-10 -1.87035868e-15  8.48106289e-16  2.38359921e-05 -2.06347545e-06 -1.65320493e-08  9.93244597e-10]:11.334179715493145
348:[1.34469051e+11 1.90521727e+11]:[ 3.81978437e-02 -1.50642605e-12 -2.16400391e-13  4.55423275e-11 -1.71013687e-10 -1.87158101e-15  8.44127697e-16  2.38388043e-05 -2.06288991e-06 -1.65360299e-08  9.92765652e-10]:11.33729057634038
Selected for new population:
[ 3.82411362e-02 -1.49742243e-12 -2.21168262e-13  4.57620011e-11 -1.71465973e-10 -1.87096273e-15  8.50286695e-16  2.38258046e-05 -2.06478153e-06 -1.64248091e-08  9.96677311e-10]
[ 3.83424050e-02 -1.46301559e-12 -2.21443363e-13  4.58989473e-11 -1.73763381e-10 -1.87044259e-15  8.50832327e-16  2.38258753e-05 -2.06590743e-06 -1.64300662e-08  9.97295178e-10]
Selected: [8 1]
***************
***CROSSOVER***
***************
Population scores:
354:[9.67846458e+10 1.87873497e+11]:[ 3.82053452e-02 -1.50275853e-12 -2.21548055e-13  4.58978052e-11 -1.70488101e-10 -1.87528711e-15  8.51767528e-16  2.37421953e-05 -2.06192117e-06 -1.64346983e-08  9.94004229e-10]:11.316453520879618
373:[6.79959945e+10 2.03413444e+11]:[ 3.83129355e-02 -1.44395107e-12 -2.20626584e-13  4.60739011e-11 -1.67980463e-10 -1.85673232e-15  8.48822093e-16  2.37953336e-05 -2.07931804e-06 -1.61737066e-08  9.97873935e-10]:11.336485036543953
&&&&&&&&&&&&&&&&&&&&&&&&
&&TOURNAMENT SELECTION&&
&&&&&&&&&&&&&&&&&&&&&&&&
parents:
[ 3.83129355e-02 -1.44395107e-12 -2.20626584e-13  4.60739011e-11 -1.67980463e-10 -1.85673232e-15  8.48822093e-16  2.37953336e-05 -2.07931804e-06 -1.61737066e-08  9.97873935e-10]
[ 3.82053452e-02 -1.50275853e-12 -2.21548055e-13  4.58978052e-11 -1.70488101e-10 -1.87528711e-15  8.51767528e-16  2.37421953e-05 -2.06192117e-06 -1.64346983e-08  9.94004229e-10]
children:
[ 3.81966879e-02 -1.45563367e-12 -2.20619443e-13  4.60171424e-11 -1.69460246e-10 -1.86366172e-15  8.50279789e-16  2.37981174e-05 -2.06364045e-06 -1.63602895e-08  9.98000721e-10]
[ 3.82655844e-02 -1.45745853e-12 -2.20770292e-13  4.59548409e-11 -1.68671743e-10 -1.86273225e-15  8.49054103e-16  2.37576168e-05 -2.07056075e-06 -1.63887186e-08  9.96331350e-10]
Population scores:
354:[9.67846458e+10 1.87873497e+11]:[ 3.82053452e-02 -1.50275853e-12 -2.21548055e-13  4.58978052e-11 -1.70488101e-10 -1.87528711e-15  8.51767528e-16  2.37421953e-05 -2.06192117e-06 -1.64346983e-08  9.94004229e-10]:11.316453520879618
389:[9.62179944e+10 1.91928038e+11]:[ 3.82655844e-02 -1.45745853e-12 -2.20770292e-13  4.59548409e-11 -1.68671743e-10 -1.86273225e-15  8.49054103e-16  2.37576168e-05 -2.07056075e-06 -1.63887186e-08  9.96331350e-10]:11.324635587213226
373:[6.79959945e+10 2.03413444e+11]:[ 3.83129355e-02 -1.44395107e-12 -2.20626584e-13  4.60739011e-11 -1.67980463e-10 -1.85673232e-15  8.48822093e-16  2.37953336e-05 -2.07931804e-06 -1.61737066e-08  9.97873935e-10]:11.336485036543953
388:[4.26311839e+10 2.21255075e+11]:[ 3.81966879e-02 -1.45563367e-12 -2.20619443e-13  4.60171424e-11 -1.69460246e-10 -1.86366172e-15  8.50279789e-16  2.37981174e-05 -2.06364045e-06 -1.63602895e-08  9.98000721e-10]:11.361314704432676
Selected for new population:
[ 3.82053452e-02 -1.50275853e-12 -2.21548055e-13  4.58978052e-11 -1.70488101e-10 -1.87528711e-15  8.51767528e-16  2.37421953e-05 -2.06192117e-06 -1.64346983e-08  9.94004229e-10]
[ 3.82655844e-02 -1.45745853e-12 -2.20770292e-13  4.59548409e-11 -1.68671743e-10 -1.86273225e-15  8.49054103e-16  2.37576168e-05 -2.07056075e-06 -1.63887186e-08  9.96331350e-10]
Selected: [7 2]
***************
***CROSSOVER***
***************
Population scores:
377:[7.17647191e+10 1.94992757e+11]:[ 3.82673778e-02 -1.50664873e-12 -2.18594785e-13  4.58931917e-11 -1.73755352e-10 -1.86465634e-15  8.46604993e-16  2.38439310e-05 -2.06364662e-06 -1.65188413e-08  9.97509102e-10]:11.320864046218942
381:[1.10777618e+11 1.93648380e+11]:[ 3.85885588e-02 -1.45202311e-12 -2.14382823e-13  4.56013738e-11 -1.71212476e-10 -1.85840370e-15  8.46879691e-16  2.39665649e-05 -2.08237562e-06 -1.63562409e-08  9.97716175e-10]:11.334059297006124
&&&&&&&&&&&&&&&&&&&&&&&&
&&TOURNAMENT SELECTION&&
&&&&&&&&&&&&&&&&&&&&&&&&
parents:
[ 3.85885588e-02 -1.45202311e-12 -2.14382823e-13  4.56013738e-11 -1.71212476e-10 -1.85840370e-15  8.46879691e-16  2.39665649e-05 -2.08237562e-06 -1.63562409e-08  9.97716175e-10]
[ 3.82673778e-02 -1.50664873e-12 -2.18594785e-13  4.58931917e-11 -1.73755352e-10 -1.86465634e-15  8.46604993e-16  2.38439310e-05 -2.06364662e-06 -1.65188413e-08  9.97509102e-10]
children:
[ 3.83648437e-02 -1.47904265e-12 -2.17485215e-13  4.56571047e-11 -1.71716453e-10 -1.86034365e-15  8.46613034e-16  2.38365371e-05 -2.08374572e-06 -1.64891308e-08  9.97663119e-10]
[ 3.82626513e-02 -1.50334633e-12 -2.18836293e-13  4.57383534e-11 -1.72756858e-10 -1.86381313e-15  8.46867148e-16  2.38419947e-05 -2.06536649e-06 -1.64830269e-08  9.97515028e-10]
Population scores:
377:[7.17647191e+10 1.94992757e+11]:[ 3.82673778e-02 -1.50664873e-12 -2.18594785e-13  4.58931917e-11 -1.73755352e-10 -1.86465634e-15  8.46604993e-16  2.38439310e-05 -2.06364662e-06 -1.65188413e-08  9.97509102e-10]:11.320864046218942
391:[7.17082297e+10 1.95601271e+11]:[ 3.82626513e-02 -1.50334633e-12 -2.18836293e-13  4.57383534e-11 -1.72756858e-10 -1.86381313e-15  8.46867148e-16  2.38419947e-05 -2.06536649e-06 -1.64830269e-08  9.97515028e-10]:11.322101227172022
381:[1.10777618e+11 1.93648380e+11]:[ 3.85885588e-02 -1.45202311e-12 -2.14382823e-13  4.56013738e-11 -1.71212476e-10 -1.85840370e-15  8.46879691e-16  2.39665649e-05 -2.08237562e-06 -1.63562409e-08  9.97716175e-10]:11.334059297006126
390:[1.78537517e+11 2.19139952e+11]:[ 3.83648437e-02 -1.47904265e-12 -2.17485215e-13  4.56571047e-11 -1.71716453e-10 -1.86034365e-15  8.46613034e-16  2.38365371e-05 -2.08374572e-06 -1.64891308e-08  9.97663119e-10]:11.406280300825424
Selected for new population:
[ 3.82673778e-02 -1.50664873e-12 -2.18594785e-13  4.58931917e-11 -1.73755352e-10 -1.86465634e-15  8.46604993e-16  2.38439310e-05 -2.06364662e-06 -1.65188413e-08  9.97509102e-10]
[ 3.82626513e-02 -1.50334633e-12 -2.18836293e-13  4.57383534e-11 -1.72756858e-10 -1.86381313e-15  8.46867148e-16  2.38419947e-05 -2.06536649e-06 -1.64830269e-08  9.97515028e-10]
Selected: [3 5]
***************
***CROSSOVER***
***************
Population scores:
375:[6.86058669e+10 1.97503578e+11]:[ 3.83424050e-02 -1.46301559e-12 -2.21443363e-13  4.58989473e-11 -1.73763381e-10 -1.87044259e-15  8.50832327e-16  2.38258753e-05 -2.06590743e-06 -1.64300662e-08  9.97295178e-10]:11.324744807235426
357:[9.56756224e+10 1.93620797e+11]:[ 3.84015272e-02 -1.42646715e-12 -2.22863049e-13  4.54352632e-11 -1.73132134e-10 -1.85909013e-15  8.53259249e-16  2.39823596e-05 -2.08330566e-06 -1.62752497e-08  9.97588545e-10]:11.32788165622938
&&&&&&&&&&&&&&&&&&&&&&&&
&&TOURNAMENT SELECTION&&
&&&&&&&&&&&&&&&&&&&&&&&&
parents:
[ 3.83424050e-02 -1.46301559e-12 -2.21443363e-13  4.58989473e-11 -1.73763381e-10 -1.87044259e-15  8.50832327e-16  2.38258753e-05 -2.06590743e-06 -1.64300662e-08  9.97295178e-10]
[ 3.84015272e-02 -1.42646715e-12 -2.22863049e-13  4.54352632e-11 -1.73132134e-10 -1.85909013e-15  8.53259249e-16  2.39823596e-05 -2.08330566e-06 -1.62752497e-08  9.97588545e-10]
children:
[ 3.83374131e-02 -1.43471554e-12 -2.21868201e-13  4.55828415e-11 -1.73508910e-10 -1.86753781e-15  8.52196742e-16  2.38378923e-05 -2.06645850e-06 -1.63505152e-08  9.97597882e-10]
[ 3.83836976e-02 -1.43580297e-12 -2.21957495e-13  4.56273062e-11 -1.73753283e-10 -1.86356416e-15  8.51929357e-16  2.38678767e-05 -2.06673583e-06 -1.62844738e-08  9.97511060e-10]
Population scores:
375:[6.86058669e+10 1.97503578e+11]:[ 3.83424050e-02 -1.46301559e-12 -2.21443363e-13  4.58989473e-11 -1.73763381e-10 -1.87044259e-15  8.50832327e-16  2.38258753e-05 -2.06590743e-06 -1.64300662e-08  9.97295178e-10]:11.324744807235426
357:[9.56756224e+10 1.93620797e+11]:[ 3.84015272e-02 -1.42646715e-12 -2.22863049e-13  4.54352632e-11 -1.73132134e-10 -1.85909013e-15  8.53259249e-16  2.39823596e-05 -2.08330566e-06 -1.62752497e-08  9.97588545e-10]:11.32788165622938
392:[5.17928028e+10 2.10564319e+11]:[ 3.83374131e-02 -1.43471554e-12 -2.21868201e-13  4.55828415e-11 -1.73508910e-10 -1.86753781e-15  8.52196742e-16  2.38378923e-05 -2.06645850e-06 -1.63505152e-08  9.97597882e-10]:11.344240695445118
393:[4.06945947e+10 2.24954089e+11]:[ 3.83836976e-02 -1.43580297e-12 -2.21957495e-13  4.56273062e-11 -1.73753283e-10 -1.86356416e-15  8.51929357e-16  2.38678767e-05 -2.06673583e-06 -1.62844738e-08  9.97511060e-10]:11.367529246092918
Selected for new population:
[ 3.83424050e-02 -1.46301559e-12 -2.21443363e-13  4.58989473e-11 -1.73763381e-10 -1.87044259e-15  8.50832327e-16  2.38258753e-05 -2.06590743e-06 -1.64300662e-08  9.97295178e-10]
[ 3.84015272e-02 -1.42646715e-12 -2.22863049e-13  4.54352632e-11 -1.73132134e-10 -1.85909013e-15  8.53259249e-16  2.39823596e-05 -2.08330566e-06 -1.62752497e-08  9.97588545e-10]
Population scores:
366:[8.6400658e+10 1.8943735e+11]:[ 3.83534396e-02 -1.39239494e-12 -2.22312516e-13  4.60288742e-11 -1.70142242e-10 -1.87800086e-15  8.48005124e-16  2.39052409e-05 -2.06610822e-06 -1.64710924e-08  9.96080402e-10]:11.315377204849208
354:[9.67846458e+10 1.87873497e+11]:[ 3.82053452e-02 -1.50275853e-12 -2.21548055e-13  4.58978052e-11 -1.70488101e-10 -1.87528711e-15  8.51767528e-16  2.37421953e-05 -2.06192117e-06 -1.64346983e-08  9.94004229e-10]:11.316453520879618
377:[7.17647191e+10 1.94992757e+11]:[ 3.82673778e-02 -1.50664873e-12 -2.18594785e-13  4.58931917e-11 -1.73755352e-10 -1.86465634e-15  8.46604993e-16  2.38439310e-05 -2.06364662e-06 -1.65188413e-08  9.97509102e-10]:11.320864046218942
391:[7.17082297e+10 1.95601271e+11]:[ 3.82626513e-02 -1.50334633e-12 -2.18836293e-13  4.57383534e-11 -1.72756858e-10 -1.86381313e-15  8.46867148e-16  2.38419947e-05 -2.06536649e-06 -1.64830269e-08  9.97515028e-10]:11.322101227172022
387:[6.90965341e+10 1.96633382e+11]:[ 3.82411362e-02 -1.49742243e-12 -2.21168262e-13  4.57620011e-11 -1.71465973e-10 -1.87096273e-15  8.50286695e-16  2.38258046e-05 -2.06478153e-06 -1.64248091e-08  9.96677311e-10]:11.323154478793299
389:[9.62179944e+10 1.91928038e+11]:[ 3.82655844e-02 -1.45745853e-12 -2.20770292e-13  4.59548409e-11 -1.68671743e-10 -1.86273225e-15  8.49054103e-16  2.37576168e-05 -2.07056075e-06 -1.63887186e-08  9.96331350e-10]:11.324635587213226
375:[6.86058669e+10 1.97503578e+11]:[ 3.83424050e-02 -1.46301559e-12 -2.21443363e-13  4.58989473e-11 -1.73763381e-10 -1.87044259e-15  8.50832327e-16  2.38258753e-05 -2.06590743e-06 -1.64300662e-08  9.97295178e-10]:11.324744807235426
362:[7.90071317e+10 1.95546489e+11]:[ 3.83621232e-02 -1.41713447e-12 -2.23224379e-13  4.59081025e-11 -1.75484644e-10 -1.85106447e-15  8.49206810e-16  2.38501651e-05 -2.07347909e-06 -1.63689557e-08  9.97586784e-10]:11.324997968710452
357:[9.56756224e+10 1.93620797e+11]:[ 3.84015272e-02 -1.42646715e-12 -2.22863049e-13  4.54352632e-11 -1.73132134e-10 -1.85909013e-15  8.53259249e-16  2.39823596e-05 -2.08330566e-06 -1.62752497e-08  9.97588545e-10]:11.32788165622938
363:[1.13960699e+11 1.90005308e+11]:[ 3.87141603e-02 -1.40049475e-12 -2.23070522e-13  4.60323425e-11 -1.69657795e-10 -1.87843011e-15  8.47849484e-16  2.40060278e-05 -2.07547654e-06 -1.64721260e-08  9.97039552e-10]:11.327966414178283
381:[1.10777618e+11 1.93648380e+11]:[ 3.85885588e-02 -1.45202311e-12 -2.14382823e-13  4.56013738e-11 -1.71212476e-10 -1.85840370e-15  8.46879691e-16  2.39665649e-05 -2.08237562e-06 -1.63562409e-08  9.97716175e-10]:11.334059297006124
373:[6.79959945e+10 2.03413444e+11]:[ 3.83129355e-02 -1.44395107e-12 -2.20626584e-13  4.60739011e-11 -1.67980463e-10 -1.85673232e-15  8.48822093e-16  2.37953336e-05 -2.07931804e-06 -1.61737066e-08  9.97873935e-10]:11.336485036543953
348:[1.34469051e+11 1.90521727e+11]:[ 3.81978437e-02 -1.50642605e-12 -2.16400391e-13  4.55423275e-11 -1.71013687e-10 -1.87158101e-15  8.44127697e-16  2.38388043e-05 -2.06288991e-06 -1.65360299e-08  9.92765652e-10]:11.33729057634038
*******************************
***iteration: 4 Population is***
*******************************
Population scores:
366:[8.6400658e+10 1.8943735e+11]:[ 3.83534396e-02 -1.39239494e-12 -2.22312516e-13  4.60288742e-11 -1.70142242e-10 -1.87800086e-15  8.48005124e-16  2.39052409e-05 -2.06610822e-06 -1.64710924e-08  9.96080402e-10]:11.315377204849208
354:[9.67846458e+10 1.87873497e+11]:[ 3.82053452e-02 -1.50275853e-12 -2.21548055e-13  4.58978052e-11 -1.70488101e-10 -1.87528711e-15  8.51767528e-16  2.37421953e-05 -2.06192117e-06 -1.64346983e-08  9.94004229e-10]:11.316453520879618
377:[7.17647191e+10 1.94992757e+11]:[ 3.82673778e-02 -1.50664873e-12 -2.18594785e-13  4.58931917e-11 -1.73755352e-10 -1.86465634e-15  8.46604993e-16  2.38439310e-05 -2.06364662e-06 -1.65188413e-08  9.97509102e-10]:11.320864046218942
391:[7.17082297e+10 1.95601271e+11]:[ 3.82626513e-02 -1.50334633e-12 -2.18836293e-13  4.57383534e-11 -1.72756858e-10 -1.86381313e-15  8.46867148e-16  2.38419947e-05 -2.06536649e-06 -1.64830269e-08  9.97515028e-10]:11.322101227172022
387:[6.90965341e+10 1.96633382e+11]:[ 3.82411362e-02 -1.49742243e-12 -2.21168262e-13  4.57620011e-11 -1.71465973e-10 -1.87096273e-15  8.50286695e-16  2.38258046e-05 -2.06478153e-06 -1.64248091e-08  9.96677311e-10]:11.323154478793299
389:[9.62179944e+10 1.91928038e+11]:[ 3.82655844e-02 -1.45745853e-12 -2.20770292e-13  4.59548409e-11 -1.68671743e-10 -1.86273225e-15  8.49054103e-16  2.37576168e-05 -2.07056075e-06 -1.63887186e-08  9.96331350e-10]:11.324635587213226
375:[6.86058669e+10 1.97503578e+11]:[ 3.83424050e-02 -1.46301559e-12 -2.21443363e-13  4.58989473e-11 -1.73763381e-10 -1.87044259e-15  8.50832327e-16  2.38258753e-05 -2.06590743e-06 -1.64300662e-08  9.97295178e-10]:11.324744807235426
362:[7.90071317e+10 1.95546489e+11]:[ 3.83621232e-02 -1.41713447e-12 -2.23224379e-13  4.59081025e-11 -1.75484644e-10 -1.85106447e-15  8.49206810e-16  2.38501651e-05 -2.07347909e-06 -1.63689557e-08  9.97586784e-10]:11.324997968710452
357:[9.56756224e+10 1.93620797e+11]:[ 3.84015272e-02 -1.42646715e-12 -2.22863049e-13  4.54352632e-11 -1.73132134e-10 -1.85909013e-15  8.53259249e-16  2.39823596e-05 -2.08330566e-06 -1.62752497e-08  9.97588545e-10]:11.32788165622938
363:[1.13960699e+11 1.90005308e+11]:[ 3.87141603e-02 -1.40049475e-12 -2.23070522e-13  4.60323425e-11 -1.69657795e-10 -1.87843011e-15  8.47849484e-16  2.40060278e-05 -2.07547654e-06 -1.64721260e-08  9.97039552e-10]:11.327966414178283
Selected: [9 0]
***************
***CROSSOVER***
***************
Population scores:
366:[8.6400658e+10 1.8943735e+11]:[ 3.83534396e-02 -1.39239494e-12 -2.22312516e-13  4.60288742e-11 -1.70142242e-10 -1.87800086e-15  8.48005124e-16  2.39052409e-05 -2.06610822e-06 -1.64710924e-08  9.96080402e-10]:11.315377204849208
363:[1.13960699e+11 1.90005308e+11]:[ 3.87141603e-02 -1.40049475e-12 -2.23070522e-13  4.60323425e-11 -1.69657795e-10 -1.87843011e-15  8.47849484e-16  2.40060278e-05 -2.07547654e-06 -1.64721260e-08  9.97039552e-10]:11.327966414178283
&&&&&&&&&&&&&&&&&&&&&&&&
&&TOURNAMENT SELECTION&&
&&&&&&&&&&&&&&&&&&&&&&&&
parents:
[ 3.87141603e-02 -1.40049475e-12 -2.23070522e-13  4.60323425e-11 -1.69657795e-10 -1.87843011e-15  8.47849484e-16  2.40060278e-05 -2.07547654e-06 -1.64721260e-08  9.97039552e-10]
[ 3.83534396e-02 -1.39239494e-12 -2.22312516e-13  4.60288742e-11 -1.70142242e-10 -1.87800086e-15  8.48005124e-16  2.39052409e-05 -2.06610822e-06 -1.64710924e-08  9.96080402e-10]
children:
[ 3.86302271e-02 -1.39646360e-12 -2.22809224e-13  4.60300100e-11 -1.69625870e-10 -1.87838729e-15  8.47884152e-16  2.40019130e-05 -2.06625337e-06 -1.64713183e-08  9.96132068e-10]
[ 3.87096764e-02 -1.39929882e-12 -2.22816835e-13  4.60324230e-11 -1.69978020e-10 -1.87842456e-15  8.47980715e-16  2.39319880e-05 -2.07332250e-06 -1.64716528e-08  9.96325178e-10]
Population scores:
394:[7.76568873e+10 1.90854150e+11]:[ 3.86302271e-02 -1.39646360e-12 -2.22809224e-13  4.60300100e-11 -1.69625870e-10 -1.87838729e-15  8.47884152e-16  2.40019130e-05 -2.06625337e-06 -1.64713183e-08  9.96132068e-10]:11.314679239302707
366:[8.6400658e+10 1.8943735e+11]:[ 3.83534396e-02 -1.39239494e-12 -2.22312516e-13  4.60288742e-11 -1.70142242e-10 -1.87800086e-15  8.48005124e-16  2.39052409e-05 -2.06610822e-06 -1.64710924e-08  9.96080402e-10]:11.315377204849208
363:[1.13960699e+11 1.90005308e+11]:[ 3.87141603e-02 -1.40049475e-12 -2.23070522e-13  4.60323425e-11 -1.69657795e-10 -1.87843011e-15  8.47849484e-16  2.40060278e-05 -2.07547654e-06 -1.64721260e-08  9.97039552e-10]:11.327966414178283
395:[1.19566314e+11 1.90756891e+11]:[ 3.87096764e-02 -1.39929882e-12 -2.22816835e-13  4.60324230e-11 -1.69978020e-10 -1.87842456e-15  8.47980715e-16  2.39319880e-05 -2.07332250e-06 -1.64716528e-08  9.96325178e-10]:11.331771667125503
Selected for new population:
[ 3.86302271e-02 -1.39646360e-12 -2.22809224e-13  4.60300100e-11 -1.69625870e-10 -1.87838729e-15  8.47884152e-16  2.40019130e-05 -2.06625337e-06 -1.64713183e-08  9.96132068e-10]
[ 3.83534396e-02 -1.39239494e-12 -2.22312516e-13  4.60288742e-11 -1.70142242e-10 -1.87800086e-15  8.48005124e-16  2.39052409e-05 -2.06610822e-06 -1.64710924e-08  9.96080402e-10]
Selected: [5 6]
***************
***CROSSOVER***
***************
Population scores:
389:[9.62179944e+10 1.91928038e+11]:[ 3.82655844e-02 -1.45745853e-12 -2.20770292e-13  4.59548409e-11 -1.68671743e-10 -1.86273225e-15  8.49054103e-16  2.37576168e-05 -2.07056075e-06 -1.63887186e-08  9.96331350e-10]:11.324635587213226
375:[6.86058669e+10 1.97503578e+11]:[ 3.83424050e-02 -1.46301559e-12 -2.21443363e-13  4.58989473e-11 -1.73763381e-10 -1.87044259e-15  8.50832327e-16  2.38258753e-05 -2.06590743e-06 -1.64300662e-08  9.97295178e-10]:11.324744807235426
&&&&&&&&&&&&&&&&&&&&&&&&
&&TOURNAMENT SELECTION&&
&&&&&&&&&&&&&&&&&&&&&&&&
parents:
[ 3.82655844e-02 -1.45745853e-12 -2.20770292e-13  4.59548409e-11 -1.68671743e-10 -1.86273225e-15  8.49054103e-16  2.37576168e-05 -2.07056075e-06 -1.63887186e-08  9.96331350e-10]
[ 3.83424050e-02 -1.46301559e-12 -2.21443363e-13  4.58989473e-11 -1.73763381e-10 -1.87044259e-15  8.50832327e-16  2.38258753e-05 -2.06590743e-06 -1.64300662e-08  9.97295178e-10]
children:
[ 3.82752432e-02 -1.45904869e-12 -2.20826518e-13  4.59528197e-11 -1.71104757e-10 -1.86400714e-15  8.49499534e-16  2.37773318e-05 -2.06878901e-06 -1.64134785e-08  9.96632717e-10]
[ 3.83300015e-02 -1.45749270e-12 -2.21421211e-13  4.59004768e-11 -1.71997200e-10 -1.86947315e-15  8.49540100e-16  2.37837102e-05 -2.06772800e-06 -1.64136360e-08  9.97267557e-10]
Population scores:
396:[8.79844746e+10 1.92187789e+11]:[ 3.82752432e-02 -1.45904869e-12 -2.20826518e-13  4.59528197e-11 -1.71104757e-10 -1.86400714e-15  8.49499534e-16  2.37773318e-05 -2.06878901e-06 -1.64134785e-08  9.96632717e-10]:11.321773776971021
397:[7.68867641e+10 1.94944969e+11]:[ 3.83300015e-02 -1.45749270e-12 -2.21421211e-13  4.59004768e-11 -1.71997200e-10 -1.86947315e-15  8.49540100e-16  2.37837102e-05 -2.06772800e-06 -1.64136360e-08  9.97267557e-10]:11.322885367119506
389:[9.62179944e+10 1.91928038e+11]:[ 3.82655844e-02 -1.45745853e-12 -2.20770292e-13  4.59548409e-11 -1.68671743e-10 -1.86273225e-15  8.49054103e-16  2.37576168e-05 -2.07056075e-06 -1.63887186e-08  9.96331350e-10]:11.324635587213226
375:[6.86058669e+10 1.97503578e+11]:[ 3.83424050e-02 -1.46301559e-12 -2.21443363e-13  4.58989473e-11 -1.73763381e-10 -1.87044259e-15  8.50832327e-16  2.38258753e-05 -2.06590743e-06 -1.64300662e-08  9.97295178e-10]:11.324744807235426
Selected for new population:
[ 3.82752432e-02 -1.45904869e-12 -2.20826518e-13  4.59528197e-11 -1.71104757e-10 -1.86400714e-15  8.49499534e-16  2.37773318e-05 -2.06878901e-06 -1.64134785e-08  9.96632717e-10]
[ 3.83300015e-02 -1.45749270e-12 -2.21421211e-13  4.59004768e-11 -1.71997200e-10 -1.86947315e-15  8.49540100e-16  2.37837102e-05 -2.06772800e-06 -1.64136360e-08  9.97267557e-10]
Selected: [1 9]
***************
***CROSSOVER***
***************
Population scores:
354:[9.67846458e+10 1.87873497e+11]:[ 3.82053452e-02 -1.50275853e-12 -2.21548055e-13  4.58978052e-11 -1.70488101e-10 -1.87528711e-15  8.51767528e-16  2.37421953e-05 -2.06192117e-06 -1.64346983e-08  9.94004229e-10]:11.316453520879618
363:[1.13960699e+11 1.90005308e+11]:[ 3.87141603e-02 -1.40049475e-12 -2.23070522e-13  4.60323425e-11 -1.69657795e-10 -1.87843011e-15  8.47849484e-16  2.40060278e-05 -2.07547654e-06 -1.64721260e-08  9.97039552e-10]:11.327966414178283
&&&&&&&&&&&&&&&&&&&&&&&&
&&TOURNAMENT SELECTION&&
&&&&&&&&&&&&&&&&&&&&&&&&
parents:
[ 3.82053452e-02 -1.50275853e-12 -2.21548055e-13  4.58978052e-11 -1.70488101e-10 -1.87528711e-15  8.51767528e-16  2.37421953e-05 -2.06192117e-06 -1.64346983e-08  9.94004229e-10]
[ 3.87141603e-02 -1.40049475e-12 -2.23070522e-13  4.60323425e-11 -1.69657795e-10 -1.87843011e-15  8.47849484e-16  2.40060278e-05 -2.07547654e-06 -1.64721260e-08  9.97039552e-10]
children:
[ 3.87495598e-02 -1.45997547e-12 -2.22703326e-13  4.58928348e-11 -1.69845175e-10 -1.87666220e-15  8.51513633e-16  2.37352902e-05 -2.06826725e-06 -1.64649888e-08  9.93814595e-10]
[ 3.86222823e-02 -1.40800723e-12 -2.22602787e-13  4.60409941e-11 -1.70217972e-10 -1.87508799e-15  8.49184339e-16  2.37180267e-05 -2.06930917e-06 -1.64603877e-08  9.94516243e-10]
Population scores:
354:[9.67846458e+10 1.87873497e+11]:[ 3.82053452e-02 -1.50275853e-12 -2.21548055e-13  4.58978052e-11 -1.70488101e-10 -1.87528711e-15  8.51767528e-16  2.37421953e-05 -2.06192117e-06 -1.64346983e-08  9.94004229e-10]:11.316453520879618
363:[1.13960699e+11 1.90005308e+11]:[ 3.87141603e-02 -1.40049475e-12 -2.23070522e-13  4.60323425e-11 -1.69657795e-10 -1.87843011e-15  8.47849484e-16  2.40060278e-05 -2.07547654e-06 -1.64721260e-08  9.97039552e-10]:11.327966414178283
399:[1.42909037e+11 1.97708032e+11]:[ 3.86222823e-02 -1.40800723e-12 -2.22602787e-13  4.60409941e-11 -1.70217972e-10 -1.87508799e-15  8.49184339e-16  2.37180267e-05 -2.06930917e-06 -1.64603877e-08  9.94516243e-10]:11.354665055240623
398:[1.46724779e+11 1.97844629e+11]:[ 3.87495598e-02 -1.45997547e-12 -2.22703326e-13  4.58928348e-11 -1.69845175e-10 -1.87666220e-15  8.51513633e-16  2.37352902e-05 -2.06826725e-06 -1.64649888e-08  9.93814595e-10]:11.356388418734372
Selected for new population:
[ 3.82053452e-02 -1.50275853e-12 -2.21548055e-13  4.58978052e-11 -1.70488101e-10 -1.87528711e-15  8.51767528e-16  2.37421953e-05 -2.06192117e-06 -1.64346983e-08  9.94004229e-10]
[ 3.87141603e-02 -1.40049475e-12 -2.23070522e-13  4.60323425e-11 -1.69657795e-10 -1.87843011e-15  8.47849484e-16  2.40060278e-05 -2.07547654e-06 -1.64721260e-08  9.97039552e-10]
Selected: [7 0]
***************
***CROSSOVER***
***************
Population scores:
366:[8.6400658e+10 1.8943735e+11]:[ 3.83534396e-02 -1.39239494e-12 -2.22312516e-13  4.60288742e-11 -1.70142242e-10 -1.87800086e-15  8.48005124e-16  2.39052409e-05 -2.06610822e-06 -1.64710924e-08  9.96080402e-10]:11.315377204849208
362:[7.90071317e+10 1.95546489e+11]:[ 3.83621232e-02 -1.41713447e-12 -2.23224379e-13  4.59081025e-11 -1.75484644e-10 -1.85106447e-15  8.49206810e-16  2.38501651e-05 -2.07347909e-06 -1.63689557e-08  9.97586784e-10]:11.324997968710452
&&&&&&&&&&&&&&&&&&&&&&&&
&&TOURNAMENT SELECTION&&
&&&&&&&&&&&&&&&&&&&&&&&&
parents:
[ 3.83621232e-02 -1.41713447e-12 -2.23224379e-13  4.59081025e-11 -1.75484644e-10 -1.85106447e-15  8.49206810e-16  2.38501651e-05 -2.07347909e-06 -1.63689557e-08  9.97586784e-10]
[ 3.83534396e-02 -1.39239494e-12 -2.22312516e-13  4.60288742e-11 -1.70142242e-10 -1.87800086e-15  8.48005124e-16  2.39052409e-05 -2.06610822e-06 -1.64710924e-08  9.96080402e-10]
children:
[ 3.83529478e-02 -1.40575297e-12 -2.22680387e-13  4.59944067e-11 -1.73332467e-10 -1.85460860e-15  8.48752373e-16  2.38590176e-05 -2.06801219e-06 -1.64594096e-08  9.96579810e-10]
[ 3.83611142e-02 -1.41740476e-12 -2.23139074e-13  4.59633833e-11 -1.75175166e-10 -1.87263045e-15  8.48700651e-16  2.38793603e-05 -2.07126590e-06 -1.64175241e-08  9.97508833e-10]
Population scores:
366:[8.6400658e+10 1.8943735e+11]:[ 3.83534396e-02 -1.39239494e-12 -2.22312516e-13  4.60288742e-11 -1.70142242e-10 -1.87800086e-15  8.48005124e-16  2.39052409e-05 -2.06610822e-06 -1.64710924e-08  9.96080402e-10]:11.315377204849208
400:[8.46817140e+10 1.91577847e+11]:[ 3.83529478e-02 -1.40575297e-12 -2.22680387e-13  4.59944067e-11 -1.73332467e-10 -1.85460860e-15  8.48752373e-16  2.38590176e-05 -2.06801219e-06 -1.64594096e-08  9.96579810e-10]:11.319135615125859
401:[8.37028333e+10 1.92809669e+11]:[ 3.83611142e-02 -1.41740476e-12 -2.23139074e-13  4.59633833e-11 -1.75175166e-10 -1.87263045e-15  8.48700651e-16  2.38793603e-05 -2.07126590e-06 -1.64175241e-08  9.97508833e-10]:11.321288152717763
362:[7.90071317e+10 1.95546489e+11]:[ 3.83621232e-02 -1.41713447e-12 -2.23224379e-13  4.59081025e-11 -1.75484644e-10 -1.85106447e-15  8.49206810e-16  2.38501651e-05 -2.07347909e-06 -1.63689557e-08  9.97586784e-10]:11.324997968710452
Selected for new population:
[ 3.83534396e-02 -1.39239494e-12 -2.22312516e-13  4.60288742e-11 -1.70142242e-10 -1.87800086e-15  8.48005124e-16  2.39052409e-05 -2.06610822e-06 -1.64710924e-08  9.96080402e-10]
[ 3.83529478e-02 -1.40575297e-12 -2.22680387e-13  4.59944067e-11 -1.73332467e-10 -1.85460860e-15  8.48752373e-16  2.38590176e-05 -2.06801219e-06 -1.64594096e-08  9.96579810e-10]
Selected: [2 7]
***************
***CROSSOVER***
***************
Population scores:
377:[7.17647191e+10 1.94992757e+11]:[ 3.82673778e-02 -1.50664873e-12 -2.18594785e-13  4.58931917e-11 -1.73755352e-10 -1.86465634e-15  8.46604993e-16  2.38439310e-05 -2.06364662e-06 -1.65188413e-08  9.97509102e-10]:11.320864046218942
362:[7.90071317e+10 1.95546489e+11]:[ 3.83621232e-02 -1.41713447e-12 -2.23224379e-13  4.59081025e-11 -1.75484644e-10 -1.85106447e-15  8.49206810e-16  2.38501651e-05 -2.07347909e-06 -1.63689557e-08  9.97586784e-10]:11.324997968710452
&&&&&&&&&&&&&&&&&&&&&&&&
&&TOURNAMENT SELECTION&&
&&&&&&&&&&&&&&&&&&&&&&&&
parents:
[ 3.82673778e-02 -1.50664873e-12 -2.18594785e-13  4.58931917e-11 -1.73755352e-10 -1.86465634e-15  8.46604993e-16  2.38439310e-05 -2.06364662e-06 -1.65188413e-08  9.97509102e-10]
[ 3.83621232e-02 -1.41713447e-12 -2.23224379e-13  4.59081025e-11 -1.75484644e-10 -1.85106447e-15  8.49206810e-16  2.38501651e-05 -2.07347909e-06 -1.63689557e-08  9.97586784e-10]
children:
[ 3.82985485e-02 -1.40965505e-12 -2.18263759e-13  4.59050005e-11 -1.74108505e-10 -1.86150351e-15  8.46961539e-16  2.38491233e-05 -2.06444924e-06 -1.64581871e-08  9.97552029e-10]
[ 3.82602459e-02 -1.46791003e-12 -2.19837744e-13  4.58992117e-11 -1.74817240e-10 -1.86328628e-15  8.46834585e-16  2.38453616e-05 -2.06340569e-06 -1.64721422e-08  9.97532135e-10]
Population scores:
377:[7.17647191e+10 1.94992757e+11]:[ 3.82673778e-02 -1.50664873e-12 -2.18594785e-13  4.58931917e-11 -1.73755352e-10 -1.86465634e-15  8.46604993e-16  2.38439310e-05 -2.06364662e-06 -1.65188413e-08  9.97509102e-10]:11.320864046218942
362:[7.90071317e+10 1.95546489e+11]:[ 3.83621232e-02 -1.41713447e-12 -2.23224379e-13  4.59081025e-11 -1.75484644e-10 -1.85106447e-15  8.49206810e-16  2.38501651e-05 -2.07347909e-06 -1.63689557e-08  9.97586784e-10]:11.324997968710452
402:[6.14458959e+10 2.01079521e+11]:[ 3.82985485e-02 -1.40965505e-12 -2.18263759e-13  4.59050005e-11 -1.74108505e-10 -1.86150351e-15  8.46961539e-16  2.38491233e-05 -2.06444924e-06 -1.64581871e-08  9.97552029e-10]:11.329130710957203
403:[6.08588002e+10 2.01220409e+11]:[ 3.82602459e-02 -1.46791003e-12 -2.19837744e-13  4.58992117e-11 -1.74817240e-10 -1.86328628e-15  8.46834585e-16  2.38453616e-05 -2.06340569e-06 -1.64721422e-08  9.97532135e-10]:11.32917847837598
Selected for new population:
[ 3.82673778e-02 -1.50664873e-12 -2.18594785e-13  4.58931917e-11 -1.73755352e-10 -1.86465634e-15  8.46604993e-16  2.38439310e-05 -2.06364662e-06 -1.65188413e-08  9.97509102e-10]
[ 3.83621232e-02 -1.41713447e-12 -2.23224379e-13  4.59081025e-11 -1.75484644e-10 -1.85106447e-15  8.49206810e-16  2.38501651e-05 -2.07347909e-06 -1.63689557e-08  9.97586784e-10]
Population scores:
394:[7.76568873e+10 1.90854150e+11]:[ 3.86302271e-02 -1.39646360e-12 -2.22809224e-13  4.60300100e-11 -1.69625870e-10 -1.87838729e-15  8.47884152e-16  2.40019130e-05 -2.06625337e-06 -1.64713183e-08  9.96132068e-10]:11.314679239302707
366:[8.6400658e+10 1.8943735e+11]:[ 3.83534396e-02 -1.39239494e-12 -2.22312516e-13  4.60288742e-11 -1.70142242e-10 -1.87800086e-15  8.48005124e-16  2.39052409e-05 -2.06610822e-06 -1.64710924e-08  9.96080402e-10]:11.315377204849208
354:[9.67846458e+10 1.87873497e+11]:[ 3.82053452e-02 -1.50275853e-12 -2.21548055e-13  4.58978052e-11 -1.70488101e-10 -1.87528711e-15  8.51767528e-16  2.37421953e-05 -2.06192117e-06 -1.64346983e-08  9.94004229e-10]:11.316453520879618
400:[8.46817140e+10 1.91577847e+11]:[ 3.83529478e-02 -1.40575297e-12 -2.22680387e-13  4.59944067e-11 -1.73332467e-10 -1.85460860e-15  8.48752373e-16  2.38590176e-05 -2.06801219e-06 -1.64594096e-08  9.96579810e-10]:11.319135615125859
377:[7.17647191e+10 1.94992757e+11]:[ 3.82673778e-02 -1.50664873e-12 -2.18594785e-13  4.58931917e-11 -1.73755352e-10 -1.86465634e-15  8.46604993e-16  2.38439310e-05 -2.06364662e-06 -1.65188413e-08  9.97509102e-10]:11.320864046218942
396:[8.79844746e+10 1.92187789e+11]:[ 3.82752432e-02 -1.45904869e-12 -2.20826518e-13  4.59528197e-11 -1.71104757e-10 -1.86400714e-15  8.49499534e-16  2.37773318e-05 -2.06878901e-06 -1.64134785e-08  9.96632717e-10]:11.321773776971021
391:[7.17082297e+10 1.95601271e+11]:[ 3.82626513e-02 -1.50334633e-12 -2.18836293e-13  4.57383534e-11 -1.72756858e-10 -1.86381313e-15  8.46867148e-16  2.38419947e-05 -2.06536649e-06 -1.64830269e-08  9.97515028e-10]:11.322101227172022
397:[7.68867641e+10 1.94944969e+11]:[ 3.83300015e-02 -1.45749270e-12 -2.21421211e-13  4.59004768e-11 -1.71997200e-10 -1.86947315e-15  8.49540100e-16  2.37837102e-05 -2.06772800e-06 -1.64136360e-08  9.97267557e-10]:11.322885367119506
387:[6.90965341e+10 1.96633382e+11]:[ 3.82411362e-02 -1.49742243e-12 -2.21168262e-13  4.57620011e-11 -1.71465973e-10 -1.87096273e-15  8.50286695e-16  2.38258046e-05 -2.06478153e-06 -1.64248091e-08  9.96677311e-10]:11.323154478793299
389:[9.62179944e+10 1.91928038e+11]:[ 3.82655844e-02 -1.45745853e-12 -2.20770292e-13  4.59548409e-11 -1.68671743e-10 -1.86273225e-15  8.49054103e-16  2.37576168e-05 -2.07056075e-06 -1.63887186e-08  9.96331350e-10]:11.324635587213226
375:[6.86058669e+10 1.97503578e+11]:[ 3.83424050e-02 -1.46301559e-12 -2.21443363e-13  4.58989473e-11 -1.73763381e-10 -1.87044259e-15  8.50832327e-16  2.38258753e-05 -2.06590743e-06 -1.64300662e-08  9.97295178e-10]:11.324744807235426
362:[7.90071317e+10 1.95546489e+11]:[ 3.83621232e-02 -1.41713447e-12 -2.23224379e-13  4.59081025e-11 -1.75484644e-10 -1.85106447e-15  8.49206810e-16  2.38501651e-05 -2.07347909e-06 -1.63689557e-08  9.97586784e-10]:11.324997968710452
357:[9.56756224e+10 1.93620797e+11]:[ 3.84015272e-02 -1.42646715e-12 -2.22863049e-13  4.54352632e-11 -1.73132134e-10 -1.85909013e-15  8.53259249e-16  2.39823596e-05 -2.08330566e-06 -1.62752497e-08  9.97588545e-10]:11.32788165622938
363:[1.13960699e+11 1.90005308e+11]:[ 3.87141603e-02 -1.40049475e-12 -2.23070522e-13  4.60323425e-11 -1.69657795e-10 -1.87843011e-15  8.47849484e-16  2.40060278e-05 -2.07547654e-06 -1.64721260e-08  9.97039552e-10]:11.327966414178283
%%%%%%%%%%%%%%%%%%%%%%%%%
%%%final - population%%%%
%%%%%%%%%%%%%%%%%%%%%%%%%
[ 3.86302271e-02 -1.39646360e-12 -2.22809224e-13  4.60300100e-11 -1.69625870e-10 -1.87838729e-15  8.47884152e-16  2.40019130e-05 -2.06625337e-06 -1.64713183e-08  9.96132068e-10]:[7.76568873e+10 1.90854150e+11]
[ 3.83534396e-02 -1.39239494e-12 -2.22312516e-13  4.60288742e-11 -1.70142242e-10 -1.87800086e-15  8.48005124e-16  2.39052409e-05 -2.06610822e-06 -1.64710924e-08  9.96080402e-10]:[8.6400658e+10 1.8943735e+11]
[ 3.82053452e-02 -1.50275853e-12 -2.21548055e-13  4.58978052e-11 -1.70488101e-10 -1.87528711e-15  8.51767528e-16  2.37421953e-05 -2.06192117e-06 -1.64346983e-08  9.94004229e-10]:[9.67846458e+10 1.87873497e+11]
[ 3.83529478e-02 -1.40575297e-12 -2.22680387e-13  4.59944067e-11 -1.73332467e-10 -1.85460860e-15  8.48752373e-16  2.38590176e-05 -2.06801219e-06 -1.64594096e-08  9.96579810e-10]:[8.46817140e+10 1.91577847e+11]
[ 3.82673778e-02 -1.50664873e-12 -2.18594785e-13  4.58931917e-11 -1.73755352e-10 -1.86465634e-15  8.46604993e-16  2.38439310e-05 -2.06364662e-06 -1.65188413e-08  9.97509102e-10]:[7.17647191e+10 1.94992757e+11]
[ 3.82752432e-02 -1.45904869e-12 -2.20826518e-13  4.59528197e-11 -1.71104757e-10 -1.86400714e-15  8.49499534e-16  2.37773318e-05 -2.06878901e-06 -1.64134785e-08  9.96632717e-10]:[8.79844746e+10 1.92187789e+11]
[ 3.82626513e-02 -1.50334633e-12 -2.18836293e-13  4.57383534e-11 -1.72756858e-10 -1.86381313e-15  8.46867148e-16  2.38419947e-05 -2.06536649e-06 -1.64830269e-08  9.97515028e-10]:[7.17082297e+10 1.95601271e+11]
[ 3.83300015e-02 -1.45749270e-12 -2.21421211e-13  4.59004768e-11 -1.71997200e-10 -1.86947315e-15  8.49540100e-16  2.37837102e-05 -2.06772800e-06 -1.64136360e-08  9.97267557e-10]:[7.68867641e+10 1.94944969e+11]
[ 3.82411362e-02 -1.49742243e-12 -2.21168262e-13  4.57620011e-11 -1.71465973e-10 -1.87096273e-15  8.50286695e-16  2.38258046e-05 -2.06478153e-06 -1.64248091e-08  9.96677311e-10]:[6.90965341e+10 1.96633382e+11]
[ 3.82655844e-02 -1.45745853e-12 -2.20770292e-13  4.59548409e-11 -1.68671743e-10 -1.86273225e-15  8.49054103e-16  2.37576168e-05 -2.07056075e-06 -1.63887186e-08  9.96331350e-10]:[9.62179944e+10 1.91928038e+11]
