Generating Population from [-8.36822396e-02 -2.23727047e-12 -3.12729514e-13  4.43176730e-11 -1.60104044e-10 -9.04338583e-16  8.36961654e-16  3.96418141e-05 -1.78135432e-06 -2.92744858e-08  9.83847691e-10]
*******************************
***iteration: 0 Population is***
*******************************
Population scores:
406:[1.42437973e+11 3.35440043e+10]:[-8.37058071e-02 -2.14494665e-12 -3.11578864e-13  4.47189514e-11 -1.65572166e-10 -8.96184708e-16  8.28533113e-16  4.05177768e-05 -1.81414071e-06 -2.87716566e-08  9.75979851e-10]:10.79261297543496
407:[2.45393993e+11 3.56562770e+10]:[-8.41094277e-02 -2.27295876e-12 -3.11264349e-13  4.34146928e-11 -1.56577661e-10 -9.12201225e-16  8.27351933e-16  4.00972109e-05 -1.76373318e-06 -3.00175114e-08  9.84492118e-10]:10.928063220675233
411:[1.88498790e+11 5.78496479e+10]:[-8.36822396e-02 -2.23727047e-12 -3.12729514e-13  4.43176730e-11 -1.60104044e-10 -9.04338583e-16  8.36961654e-16  3.96418141e-05 -1.78135432e-06 -2.92744858e-08  9.83847691e-10]:10.98022799098132
404:[5.54070969e+11 9.75929375e+11]:[-8.41147351e-02 -2.13806624e-12 -3.17115406e-13  4.39403168e-11 -1.62851241e-10 -9.02239245e-16  8.33930009e-16  3.92612305e-05 -1.69219653e-06 -2.99669646e-08  9.90582823e-10]:12.036127078608672
405:[6.33674788e+11 1.45451294e+12]:[-8.32246965e-02 -2.31289290e-12 -3.04998814e-13  4.38734718e-11 -1.63440736e-10 -8.97438876e-16  8.41359305e-16  4.03861849e-05 -1.70081626e-06 -2.94177822e-08  9.80206611e-10]:12.198999961574597
408:[6.86667460e+13 1.37227273e+14]:[-9.34651075e-02 -2.91823578e-12 -3.94759628e-13  5.29333102e-11 -1.12991594e-10 -9.72916087e-16  8.28144037e-16  4.52262340e-05 -8.27664929e-07 -3.56337778e-08  1.04898891e-09]:14.178863678207097
410:[7.82929148e+13 1.45811302e+14]:[-8.11039019e-02 -1.33865139e-12 -2.81735251e-13  3.67175909e-11 -7.50027048e-11 -9.22953728e-16  8.26724884e-16  3.13264023e-05 -2.20792668e-06 -3.35691324e-08  9.14413410e-10]:14.208091534552548
409:[1.30494114e+14 2.64602124e+14]:[-9.10800835e-02 -1.39927123e-12 -2.43251862e-13  4.10660621e-11 -2.55710903e-10 -9.81812013e-16  9.05301720e-16  4.41176897e-05 -1.14738562e-06 -2.21864938e-08  1.07372079e-09]:14.463446446018114
Selected: [0 1]
***************
***CROSSOVER***
***************
Population scores:
406:[1.42437973e+11 3.35440043e+10]:[-8.37058071e-02 -2.14494665e-12 -3.11578864e-13  4.47189514e-11 -1.65572166e-10 -8.96184708e-16  8.28533113e-16  4.05177768e-05 -1.81414071e-06 -2.87716566e-08  9.75979851e-10]:10.79261297543496
407:[2.45393993e+11 3.56562770e+10]:[-8.41094277e-02 -2.27295876e-12 -3.11264349e-13  4.34146928e-11 -1.56577661e-10 -9.12201225e-16  8.27351933e-16  4.00972109e-05 -1.76373318e-06 -3.00175114e-08  9.84492118e-10]:10.928063220675233
&&&&&&&&&&&&&&&&&&&&&&&&
&&TOURNAMENT SELECTION&&
&&&&&&&&&&&&&&&&&&&&&&&&
parents:
[-8.37058071e-02 -2.14494665e-12 -3.11578864e-13  4.47189514e-11 -1.65572166e-10 -8.96184708e-16  8.28533113e-16  4.05177768e-05 -1.81414071e-06 -2.87716566e-08  9.75979851e-10]
[-8.41094277e-02 -2.27295876e-12 -3.11264349e-13  4.34146928e-11 -1.56577661e-10 -9.12201225e-16  8.27351933e-16  4.00972109e-05 -1.76373318e-06 -3.00175114e-08  9.84492118e-10]
children:
[-8.40642620e-02 -2.25662058e-12 -3.11399912e-13  4.43776826e-11 -1.65026682e-10 -9.05475934e-16  8.28304231e-16  4.02873253e-05 -1.76393666e-06 -2.98820440e-08  9.81359532e-10]
[-8.41441646e-02 -2.20885242e-12 -3.11476166e-13  4.37165851e-11 -1.64126023e-10 -9.11920388e-16  8.27436540e-16  4.02794777e-05 -1.81305734e-06 -2.90898751e-08  9.78846175e-10]
Population scores:
406:[1.42437973e+11 3.35440043e+10]:[-8.37058071e-02 -2.14494665e-12 -3.11578864e-13  4.47189514e-11 -1.65572166e-10 -8.96184708e-16  8.28533113e-16  4.05177768e-05 -1.81414071e-06 -2.87716566e-08  9.75979851e-10]:10.79261297543496
413:[2.16901879e+11 4.04997719e+10]:[-8.41441646e-02 -2.20885242e-12 -3.11476166e-13  4.37165851e-11 -1.64126023e-10 -9.11920388e-16  8.27436540e-16  4.02794777e-05 -1.81305734e-06 -2.90898751e-08  9.78846175e-10]:10.92365918673987
407:[2.45393993e+11 3.56562770e+10]:[-8.41094277e-02 -2.27295876e-12 -3.11264349e-13  4.34146928e-11 -1.56577661e-10 -9.12201225e-16  8.27351933e-16  4.00972109e-05 -1.76373318e-06 -3.00175114e-08  9.84492118e-10]:10.928063220675233
412:[2.21442177e+11 4.36382852e+10]:[-8.40642620e-02 -2.25662058e-12 -3.11399912e-13  4.43776826e-11 -1.65026682e-10 -9.05475934e-16  8.28304231e-16  4.02873253e-05 -1.76393666e-06 -2.98820440e-08  9.81359532e-10]:10.94412087553816
Selected for new population:
[-8.37058071e-02 -2.14494665e-12 -3.11578864e-13  4.47189514e-11 -1.65572166e-10 -8.96184708e-16  8.28533113e-16  4.05177768e-05 -1.81414071e-06 -2.87716566e-08  9.75979851e-10]
[-8.41441646e-02 -2.20885242e-12 -3.11476166e-13  4.37165851e-11 -1.64126023e-10 -9.11920388e-16  8.27436540e-16  4.02794777e-05 -1.81305734e-06 -2.90898751e-08  9.78846175e-10]
Selected: [1 0]
***************
***CROSSOVER***
***************
Population scores:
406:[1.42437973e+11 3.35440043e+10]:[-8.37058071e-02 -2.14494665e-12 -3.11578864e-13  4.47189514e-11 -1.65572166e-10 -8.96184708e-16  8.28533113e-16  4.05177768e-05 -1.81414071e-06 -2.87716566e-08  9.75979851e-10]:10.79261297543496
407:[2.45393993e+11 3.56562770e+10]:[-8.41094277e-02 -2.27295876e-12 -3.11264349e-13  4.34146928e-11 -1.56577661e-10 -9.12201225e-16  8.27351933e-16  4.00972109e-05 -1.76373318e-06 -3.00175114e-08  9.84492118e-10]:10.928063220675233
&&&&&&&&&&&&&&&&&&&&&&&&
&&TOURNAMENT SELECTION&&
&&&&&&&&&&&&&&&&&&&&&&&&
parents:
[-8.41094277e-02 -2.27295876e-12 -3.11264349e-13  4.34146928e-11 -1.56577661e-10 -9.12201225e-16  8.27351933e-16  4.00972109e-05 -1.76373318e-06 -3.00175114e-08  9.84492118e-10]
[-8.37058071e-02 -2.14494665e-12 -3.11578864e-13  4.47189514e-11 -1.65572166e-10 -8.96184708e-16  8.28533113e-16  4.05177768e-05 -1.81414071e-06 -2.87716566e-08  9.75979851e-10]
children:
[-8.36745823e-02 -2.17239307e-12 -3.11443432e-13  4.32945416e-11 -1.56811083e-10 -9.01580627e-16  8.28606920e-16  4.01267199e-05 -1.79905202e-06 -3.00968681e-08  9.82289654e-10]
[-8.40624391e-02 -2.28358582e-12 -3.11473457e-13  4.40867181e-11 -1.59541585e-10 -9.02848223e-16  8.27840042e-16  4.01674159e-05 -1.77669875e-06 -2.94112097e-08  9.84921082e-10]
Population scores:
406:[1.42437973e+11 3.35440043e+10]:[-8.37058071e-02 -2.14494665e-12 -3.11578864e-13  4.47189514e-11 -1.65572166e-10 -8.96184708e-16  8.28533113e-16  4.05177768e-05 -1.81414071e-06 -2.87716566e-08  9.75979851e-10]:10.79261297543496
407:[2.45393993e+11 3.56562770e+10]:[-8.41094277e-02 -2.27295876e-12 -3.11264349e-13  4.34146928e-11 -1.56577661e-10 -9.12201225e-16  8.27351933e-16  4.00972109e-05 -1.76373318e-06 -3.00175114e-08  9.84492118e-10]:10.928063220675233
415:[1.76344723e+11 1.28534395e+11]:[-8.40624391e-02 -2.28358582e-12 -3.11473457e-13  4.40867181e-11 -1.59541585e-10 -9.02848223e-16  8.27840042e-16  4.01674159e-05 -1.77669875e-06 -2.94112097e-08  9.84921082e-10]:11.214322753123422
414:[4.95885935e+11 2.52509743e+11]:[-8.36745823e-02 -2.17239307e-12 -3.11443432e-13  4.32945416e-11 -1.56811083e-10 -9.01580627e-16  8.28606920e-16  4.01267199e-05 -1.79905202e-06 -3.00968681e-08  9.82289654e-10]:11.546156228772466
Selected for new population:
[-8.37058071e-02 -2.14494665e-12 -3.11578864e-13  4.47189514e-11 -1.65572166e-10 -8.96184708e-16  8.28533113e-16  4.05177768e-05 -1.81414071e-06 -2.87716566e-08  9.75979851e-10]
[-8.41094277e-02 -2.27295876e-12 -3.11264349e-13  4.34146928e-11 -1.56577661e-10 -9.12201225e-16  8.27351933e-16  4.00972109e-05 -1.76373318e-06 -3.00175114e-08  9.84492118e-10]
Selected: [2 0]
***************
***CROSSOVER***
***************
Population scores:
406:[1.42437973e+11 3.35440043e+10]:[-8.37058071e-02 -2.14494665e-12 -3.11578864e-13  4.47189514e-11 -1.65572166e-10 -8.96184708e-16  8.28533113e-16  4.05177768e-05 -1.81414071e-06 -2.87716566e-08  9.75979851e-10]:10.79261297543496
411:[1.88498790e+11 5.78496479e+10]:[-8.36822396e-02 -2.23727047e-12 -3.12729514e-13  4.43176730e-11 -1.60104044e-10 -9.04338583e-16  8.36961654e-16  3.96418141e-05 -1.78135432e-06 -2.92744858e-08  9.83847691e-10]:10.98022799098132
&&&&&&&&&&&&&&&&&&&&&&&&
&&TOURNAMENT SELECTION&&
&&&&&&&&&&&&&&&&&&&&&&&&
parents:
[-8.36822396e-02 -2.23727047e-12 -3.12729514e-13  4.43176730e-11 -1.60104044e-10 -9.04338583e-16  8.36961654e-16  3.96418141e-05 -1.78135432e-06 -2.92744858e-08  9.83847691e-10]
[-8.37058071e-02 -2.14494665e-12 -3.11578864e-13  4.47189514e-11 -1.65572166e-10 -8.96184708e-16  8.28533113e-16  4.05177768e-05 -1.81414071e-06 -2.87716566e-08  9.75979851e-10]
children:
[-8.36848818e-02 -2.18061127e-12 -3.12624827e-13  4.43226267e-11 -1.62189071e-10 -9.02422213e-16  8.35581511e-16  3.99188439e-05 -1.79539125e-06 -2.88332081e-08  9.83005734e-10]
[-8.37024022e-02 -2.15940340e-12 -3.12727355e-13  4.44507032e-11 -1.64537684e-10 -9.01510390e-16  8.33761293e-16  4.01158751e-05 -1.81112990e-06 -2.87932339e-08  9.76278918e-10]
Population scores:
406:[1.42437973e+11 3.35440043e+10]:[-8.37058071e-02 -2.14494665e-12 -3.11578864e-13  4.47189514e-11 -1.65572166e-10 -8.96184708e-16  8.28533113e-16  4.05177768e-05 -1.81414071e-06 -2.87716566e-08  9.75979851e-10]:10.79261297543496
417:[1.74103286e+11 2.96846335e+10]:[-8.37024022e-02 -2.15940340e-12 -3.12727355e-13  4.44507032e-11 -1.64537684e-10 -9.01510390e-16  8.33761293e-16  4.01158751e-05 -1.81112990e-06 -2.87932339e-08  9.76278918e-10]:10.809595337542998
411:[1.88498790e+11 5.78496479e+10]:[-8.36822396e-02 -2.23727047e-12 -3.12729514e-13  4.43176730e-11 -1.60104044e-10 -9.04338583e-16  8.36961654e-16  3.96418141e-05 -1.78135432e-06 -2.92744858e-08  9.83847691e-10]:10.98022799098132
416:[1.43039049e+11 1.24526248e+11]:[-8.36848818e-02 -2.18061127e-12 -3.12624827e-13  4.43226267e-11 -1.62189071e-10 -9.02422213e-16  8.35581511e-16  3.99188439e-05 -1.79539125e-06 -2.88332081e-08  9.83005734e-10]:11.185071789345823
Selected for new population:
[-8.37058071e-02 -2.14494665e-12 -3.11578864e-13  4.47189514e-11 -1.65572166e-10 -8.96184708e-16  8.28533113e-16  4.05177768e-05 -1.81414071e-06 -2.87716566e-08  9.75979851e-10]
[-8.37024022e-02 -2.15940340e-12 -3.12727355e-13  4.44507032e-11 -1.64537684e-10 -9.01510390e-16  8.33761293e-16  4.01158751e-05 -1.81112990e-06 -2.87932339e-08  9.76278918e-10]
Selected: [2 0]
***************
***CROSSOVER***
***************
Population scores:
406:[1.42437973e+11 3.35440043e+10]:[-8.37058071e-02 -2.14494665e-12 -3.11578864e-13  4.47189514e-11 -1.65572166e-10 -8.96184708e-16  8.28533113e-16  4.05177768e-05 -1.81414071e-06 -2.87716566e-08  9.75979851e-10]:10.79261297543496
411:[1.88498790e+11 5.78496479e+10]:[-8.36822396e-02 -2.23727047e-12 -3.12729514e-13  4.43176730e-11 -1.60104044e-10 -9.04338583e-16  8.36961654e-16  3.96418141e-05 -1.78135432e-06 -2.92744858e-08  9.83847691e-10]:10.98022799098132
&&&&&&&&&&&&&&&&&&&&&&&&
&&TOURNAMENT SELECTION&&
&&&&&&&&&&&&&&&&&&&&&&&&
parents:
[-8.36822396e-02 -2.23727047e-12 -3.12729514e-13  4.43176730e-11 -1.60104044e-10 -9.04338583e-16  8.36961654e-16  3.96418141e-05 -1.78135432e-06 -2.92744858e-08  9.83847691e-10]
[-8.37058071e-02 -2.14494665e-12 -3.11578864e-13  4.47189514e-11 -1.65572166e-10 -8.96184708e-16  8.28533113e-16  4.05177768e-05 -1.81414071e-06 -2.87716566e-08  9.75979851e-10]
children:
[-8.36881279e-02 -2.16914100e-12 -3.11925631e-13  4.44707964e-11 -1.61062869e-10 -9.04858366e-16  8.36607392e-16  4.02552010e-05 -1.81058100e-06 -2.90875932e-08  9.82046806e-10]
[-8.37072592e-02 -2.23814757e-12 -3.12754682e-13  4.44673466e-11 -1.65090421e-10 -9.03407137e-16  8.32208858e-16  3.97277604e-05 -1.79397129e-06 -2.87343388e-08  9.84184942e-10]
Population scores:
406:[1.42437973e+11 3.35440043e+10]:[-8.37058071e-02 -2.14494665e-12 -3.11578864e-13  4.47189514e-11 -1.65572166e-10 -8.96184708e-16  8.28533113e-16  4.05177768e-05 -1.81414071e-06 -2.87716566e-08  9.75979851e-10]:10.79261297543496
418:[1.75511113e+11 3.00013860e+10]:[-8.36881279e-02 -2.16914100e-12 -3.11925631e-13  4.44707964e-11 -1.61062869e-10 -9.04858366e-16  8.36607392e-16  4.02552010e-05 -1.81058100e-06 -2.90875932e-08  9.82046806e-10]:10.81360506123669
411:[1.88498790e+11 5.78496479e+10]:[-8.36822396e-02 -2.23727047e-12 -3.12729514e-13  4.43176730e-11 -1.60104044e-10 -9.04338583e-16  8.36961654e-16  3.96418141e-05 -1.78135432e-06 -2.92744858e-08  9.83847691e-10]:10.98022799098132
419:[1.47742646e+11 1.66465583e+11]:[-8.37072592e-02 -2.23814757e-12 -3.12754682e-13  4.44673466e-11 -1.65090421e-10 -9.03407137e-16  8.32208858e-16  3.97277604e-05 -1.79397129e-06 -2.87343388e-08  9.84184942e-10]:11.292287340729086
Selected for new population:
[-8.37058071e-02 -2.14494665e-12 -3.11578864e-13  4.47189514e-11 -1.65572166e-10 -8.96184708e-16  8.28533113e-16  4.05177768e-05 -1.81414071e-06 -2.87716566e-08  9.75979851e-10]
[-8.36881279e-02 -2.16914100e-12 -3.11925631e-13  4.44707964e-11 -1.61062869e-10 -9.04858366e-16  8.36607392e-16  4.02552010e-05 -1.81058100e-06 -2.90875932e-08  9.82046806e-10]
Population scores:
406:[1.42437973e+11 3.35440043e+10]:[-8.37058071e-02 -2.14494665e-12 -3.11578864e-13  4.47189514e-11 -1.65572166e-10 -8.96184708e-16  8.28533113e-16  4.05177768e-05 -1.81414071e-06 -2.87716566e-08  9.75979851e-10]:10.79261297543496
417:[1.74103286e+11 2.96846335e+10]:[-8.37024022e-02 -2.15940340e-12 -3.12727355e-13  4.44507032e-11 -1.64537684e-10 -9.01510390e-16  8.33761293e-16  4.01158751e-05 -1.81112990e-06 -2.87932339e-08  9.76278918e-10]:10.809595337542998
418:[1.75511113e+11 3.00013860e+10]:[-8.36881279e-02 -2.16914100e-12 -3.11925631e-13  4.44707964e-11 -1.61062869e-10 -9.04858366e-16  8.36607392e-16  4.02552010e-05 -1.81058100e-06 -2.90875932e-08  9.82046806e-10]:10.81360506123669
413:[2.16901879e+11 4.04997719e+10]:[-8.41441646e-02 -2.20885242e-12 -3.11476166e-13  4.37165851e-11 -1.64126023e-10 -9.11920388e-16  8.27436540e-16  4.02794777e-05 -1.81305734e-06 -2.90898751e-08  9.78846175e-10]:10.92365918673987
407:[2.45393993e+11 3.56562770e+10]:[-8.41094277e-02 -2.27295876e-12 -3.11264349e-13  4.34146928e-11 -1.56577661e-10 -9.12201225e-16  8.27351933e-16  4.00972109e-05 -1.76373318e-06 -3.00175114e-08  9.84492118e-10]:10.928063220675233
411:[1.88498790e+11 5.78496479e+10]:[-8.36822396e-02 -2.23727047e-12 -3.12729514e-13  4.43176730e-11 -1.60104044e-10 -9.04338583e-16  8.36961654e-16  3.96418141e-05 -1.78135432e-06 -2.92744858e-08  9.83847691e-10]:10.98022799098132
404:[5.54070969e+11 9.75929375e+11]:[-8.41147351e-02 -2.13806624e-12 -3.17115406e-13  4.39403168e-11 -1.62851241e-10 -9.02239245e-16  8.33930009e-16  3.92612305e-05 -1.69219653e-06 -2.99669646e-08  9.90582823e-10]:12.036127078608672
405:[6.33674788e+11 1.45451294e+12]:[-8.32246965e-02 -2.31289290e-12 -3.04998814e-13  4.38734718e-11 -1.63440736e-10 -8.97438876e-16  8.41359305e-16  4.03861849e-05 -1.70081626e-06 -2.94177822e-08  9.80206611e-10]:12.198999961574597
408:[6.86667460e+13 1.37227273e+14]:[-9.34651075e-02 -2.91823578e-12 -3.94759628e-13  5.29333102e-11 -1.12991594e-10 -9.72916087e-16  8.28144037e-16  4.52262340e-05 -8.27664929e-07 -3.56337778e-08  1.04898891e-09]:14.178863678207097
410:[7.82929148e+13 1.45811302e+14]:[-8.11039019e-02 -1.33865139e-12 -2.81735251e-13  3.67175909e-11 -7.50027048e-11 -9.22953728e-16  8.26724884e-16  3.13264023e-05 -2.20792668e-06 -3.35691324e-08  9.14413410e-10]:14.208091534552548
409:[1.30494114e+14 2.64602124e+14]:[-9.10800835e-02 -1.39927123e-12 -2.43251862e-13  4.10660621e-11 -2.55710903e-10 -9.81812013e-16  9.05301720e-16  4.41176897e-05 -1.14738562e-06 -2.21864938e-08  1.07372079e-09]:14.463446446018114
*******************************
***iteration: 1 Population is***
*******************************
Population scores:
406:[1.42437973e+11 3.35440043e+10]:[-8.37058071e-02 -2.14494665e-12 -3.11578864e-13  4.47189514e-11 -1.65572166e-10 -8.96184708e-16  8.28533113e-16  4.05177768e-05 -1.81414071e-06 -2.87716566e-08  9.75979851e-10]:10.79261297543496
417:[1.74103286e+11 2.96846335e+10]:[-8.37024022e-02 -2.15940340e-12 -3.12727355e-13  4.44507032e-11 -1.64537684e-10 -9.01510390e-16  8.33761293e-16  4.01158751e-05 -1.81112990e-06 -2.87932339e-08  9.76278918e-10]:10.809595337542998
418:[1.75511113e+11 3.00013860e+10]:[-8.36881279e-02 -2.16914100e-12 -3.11925631e-13  4.44707964e-11 -1.61062869e-10 -9.04858366e-16  8.36607392e-16  4.02552010e-05 -1.81058100e-06 -2.90875932e-08  9.82046806e-10]:10.81360506123669
413:[2.16901879e+11 4.04997719e+10]:[-8.41441646e-02 -2.20885242e-12 -3.11476166e-13  4.37165851e-11 -1.64126023e-10 -9.11920388e-16  8.27436540e-16  4.02794777e-05 -1.81305734e-06 -2.90898751e-08  9.78846175e-10]:10.92365918673987
407:[2.45393993e+11 3.56562770e+10]:[-8.41094277e-02 -2.27295876e-12 -3.11264349e-13  4.34146928e-11 -1.56577661e-10 -9.12201225e-16  8.27351933e-16  4.00972109e-05 -1.76373318e-06 -3.00175114e-08  9.84492118e-10]:10.928063220675233
411:[1.88498790e+11 5.78496479e+10]:[-8.36822396e-02 -2.23727047e-12 -3.12729514e-13  4.43176730e-11 -1.60104044e-10 -9.04338583e-16  8.36961654e-16  3.96418141e-05 -1.78135432e-06 -2.92744858e-08  9.83847691e-10]:10.98022799098132
404:[5.54070969e+11 9.75929375e+11]:[-8.41147351e-02 -2.13806624e-12 -3.17115406e-13  4.39403168e-11 -1.62851241e-10 -9.02239245e-16  8.33930009e-16  3.92612305e-05 -1.69219653e-06 -2.99669646e-08  9.90582823e-10]:12.036127078608672
405:[6.33674788e+11 1.45451294e+12]:[-8.32246965e-02 -2.31289290e-12 -3.04998814e-13  4.38734718e-11 -1.63440736e-10 -8.97438876e-16  8.41359305e-16  4.03861849e-05 -1.70081626e-06 -2.94177822e-08  9.80206611e-10]:12.198999961574597
Selected: [5 0]
***************
***CROSSOVER***
***************
Population scores:
406:[1.42437973e+11 3.35440043e+10]:[-8.37058071e-02 -2.14494665e-12 -3.11578864e-13  4.47189514e-11 -1.65572166e-10 -8.96184708e-16  8.28533113e-16  4.05177768e-05 -1.81414071e-06 -2.87716566e-08  9.75979851e-10]:10.79261297543496
411:[1.88498790e+11 5.78496479e+10]:[-8.36822396e-02 -2.23727047e-12 -3.12729514e-13  4.43176730e-11 -1.60104044e-10 -9.04338583e-16  8.36961654e-16  3.96418141e-05 -1.78135432e-06 -2.92744858e-08  9.83847691e-10]:10.98022799098132
&&&&&&&&&&&&&&&&&&&&&&&&
&&TOURNAMENT SELECTION&&
&&&&&&&&&&&&&&&&&&&&&&&&
parents:
[-8.36822396e-02 -2.23727047e-12 -3.12729514e-13  4.43176730e-11 -1.60104044e-10 -9.04338583e-16  8.36961654e-16  3.96418141e-05 -1.78135432e-06 -2.92744858e-08  9.83847691e-10]
[-8.37058071e-02 -2.14494665e-12 -3.11578864e-13  4.47189514e-11 -1.65572166e-10 -8.96184708e-16  8.28533113e-16  4.05177768e-05 -1.81414071e-06 -2.87716566e-08  9.75979851e-10]
children:
[-8.36977804e-02 -2.24117120e-12 -3.11895221e-13  4.43203611e-11 -1.63637731e-10 -8.99213284e-16  8.28356034e-16  4.03211985e-05 -1.80438405e-06 -2.90128958e-08  9.76124208e-10]
[-8.37031666e-02 -2.21378334e-12 -3.11719778e-13  4.47097583e-11 -1.64824304e-10 -9.04313178e-16  8.32064734e-16  4.05987228e-05 -1.81510523e-06 -2.90438171e-08  9.75595977e-10]
Population scores:
406:[1.42437973e+11 3.35440043e+10]:[-8.37058071e-02 -2.14494665e-12 -3.11578864e-13  4.47189514e-11 -1.65572166e-10 -8.96184708e-16  8.28533113e-16  4.05177768e-05 -1.81414071e-06 -2.87716566e-08  9.75979851e-10]:10.79261297543496
420:[1.81446966e+11 2.96657538e+10]:[-8.36977804e-02 -2.24117120e-12 -3.11895221e-13  4.43203611e-11 -1.63637731e-10 -8.99213284e-16  8.28356034e-16  4.03211985e-05 -1.80438405e-06 -2.90128958e-08  9.76124208e-10]:10.81924869308631
421:[2.08293504e+11 4.14657925e+10]:[-8.37031666e-02 -2.21378334e-12 -3.11719778e-13  4.47097583e-11 -1.64824304e-10 -9.04313178e-16  8.32064734e-16  4.05987228e-05 -1.81510523e-06 -2.90438171e-08  9.75595977e-10]:10.919729010923847
411:[1.88498790e+11 5.78496479e+10]:[-8.36822396e-02 -2.23727047e-12 -3.12729514e-13  4.43176730e-11 -1.60104044e-10 -9.04338583e-16  8.36961654e-16  3.96418141e-05 -1.78135432e-06 -2.92744858e-08  9.83847691e-10]:10.98022799098132
Selected for new population:
[-8.37058071e-02 -2.14494665e-12 -3.11578864e-13  4.47189514e-11 -1.65572166e-10 -8.96184708e-16  8.28533113e-16  4.05177768e-05 -1.81414071e-06 -2.87716566e-08  9.75979851e-10]
[-8.36977804e-02 -2.24117120e-12 -3.11895221e-13  4.43203611e-11 -1.63637731e-10 -8.99213284e-16  8.28356034e-16  4.03211985e-05 -1.80438405e-06 -2.90128958e-08  9.76124208e-10]
Selected: [0 1]
***************
***CROSSOVER***
***************
Population scores:
406:[1.42437973e+11 3.35440043e+10]:[-8.37058071e-02 -2.14494665e-12 -3.11578864e-13  4.47189514e-11 -1.65572166e-10 -8.96184708e-16  8.28533113e-16  4.05177768e-05 -1.81414071e-06 -2.87716566e-08  9.75979851e-10]:10.79261297543496
417:[1.74103286e+11 2.96846335e+10]:[-8.37024022e-02 -2.15940340e-12 -3.12727355e-13  4.44507032e-11 -1.64537684e-10 -9.01510390e-16  8.33761293e-16  4.01158751e-05 -1.81112990e-06 -2.87932339e-08  9.76278918e-10]:10.809595337542998
&&&&&&&&&&&&&&&&&&&&&&&&
&&TOURNAMENT SELECTION&&
&&&&&&&&&&&&&&&&&&&&&&&&
parents:
[-8.37058071e-02 -2.14494665e-12 -3.11578864e-13  4.47189514e-11 -1.65572166e-10 -8.96184708e-16  8.28533113e-16  4.05177768e-05 -1.81414071e-06 -2.87716566e-08  9.75979851e-10]
[-8.37024022e-02 -2.15940340e-12 -3.12727355e-13  4.44507032e-11 -1.64537684e-10 -9.01510390e-16  8.33761293e-16  4.01158751e-05 -1.81112990e-06 -2.87932339e-08  9.76278918e-10]
children:
[-8.37038214e-02 -2.14917655e-12 -3.12819578e-13  4.45076442e-11 -1.65325553e-10 -9.00999614e-16  8.33259618e-16  4.05231303e-05 -1.81224703e-06 -2.87879327e-08  9.75956883e-10]
[-8.37040434e-02 -2.15354293e-12 -3.11514830e-13  4.46905436e-11 -1.65343904e-10 -9.01437848e-16  8.30149392e-16  4.00807147e-05 -1.81285626e-06 -2.87770435e-08  9.76148600e-10]
Population scores:
406:[1.42437973e+11 3.35440043e+10]:[-8.37058071e-02 -2.14494665e-12 -3.11578864e-13  4.47189514e-11 -1.65572166e-10 -8.96184708e-16  8.28533113e-16  4.05177768e-05 -1.81414071e-06 -2.87716566e-08  9.75979851e-10]:10.79261297543496
422:[1.41493680e+11 3.54413752e+10]:[-8.37038214e-02 -2.14917655e-12 -3.12819578e-13  4.45076442e-11 -1.65325553e-10 -9.00999614e-16  8.33259618e-16  4.05231303e-05 -1.81224703e-06 -2.87879327e-08  9.75956883e-10]:10.80441281717584
417:[1.74103286e+11 2.96846335e+10]:[-8.37024022e-02 -2.15940340e-12 -3.12727355e-13  4.44507032e-11 -1.64537684e-10 -9.01510390e-16  8.33761293e-16  4.01158751e-05 -1.81112990e-06 -2.87932339e-08  9.76278918e-10]:10.809595337542998
423:[1.81417081e+11 3.08585375e+10]:[-8.37040434e-02 -2.15354293e-12 -3.11514830e-13  4.46905436e-11 -1.65343904e-10 -9.01437848e-16  8.30149392e-16  4.00807147e-05 -1.81285626e-06 -2.87770435e-08  9.76148600e-10]:10.826993973359084
Selected for new population:
[-8.37058071e-02 -2.14494665e-12 -3.11578864e-13  4.47189514e-11 -1.65572166e-10 -8.96184708e-16  8.28533113e-16  4.05177768e-05 -1.81414071e-06 -2.87716566e-08  9.75979851e-10]
[-8.37038214e-02 -2.14917655e-12 -3.12819578e-13  4.45076442e-11 -1.65325553e-10 -9.00999614e-16  8.33259618e-16  4.05231303e-05 -1.81224703e-06 -2.87879327e-08  9.75956883e-10]
Selected: [0 4]
***************
***CROSSOVER***
***************
Population scores:
406:[1.42437973e+11 3.35440043e+10]:[-8.37058071e-02 -2.14494665e-12 -3.11578864e-13  4.47189514e-11 -1.65572166e-10 -8.96184708e-16  8.28533113e-16  4.05177768e-05 -1.81414071e-06 -2.87716566e-08  9.75979851e-10]:10.79261297543496
407:[2.45393993e+11 3.56562770e+10]:[-8.41094277e-02 -2.27295876e-12 -3.11264349e-13  4.34146928e-11 -1.56577661e-10 -9.12201225e-16  8.27351933e-16  4.00972109e-05 -1.76373318e-06 -3.00175114e-08  9.84492118e-10]:10.928063220675233
&&&&&&&&&&&&&&&&&&&&&&&&
&&TOURNAMENT SELECTION&&
&&&&&&&&&&&&&&&&&&&&&&&&
parents:
[-8.37058071e-02 -2.14494665e-12 -3.11578864e-13  4.47189514e-11 -1.65572166e-10 -8.96184708e-16  8.28533113e-16  4.05177768e-05 -1.81414071e-06 -2.87716566e-08  9.75979851e-10]
[-8.41094277e-02 -2.27295876e-12 -3.11264349e-13  4.34146928e-11 -1.56577661e-10 -9.12201225e-16  8.27351933e-16  4.00972109e-05 -1.76373318e-06 -3.00175114e-08  9.84492118e-10]
children:
[-8.37733373e-02 -2.27378650e-12 -3.11507521e-13  4.40876011e-11 -1.61424404e-10 -9.12629501e-16  8.27964714e-16  4.01147749e-05 -1.81805938e-06 -2.93964897e-08  9.81572088e-10]
[-8.37158056e-02 -2.28461506e-12 -3.11462891e-13  4.34809930e-11 -1.61658223e-10 -9.06010392e-16  8.27638836e-16  4.03998296e-05 -1.81859803e-06 -2.86936418e-08  9.82443535e-10]
Population scores:
406:[1.42437973e+11 3.35440043e+10]:[-8.37058071e-02 -2.14494665e-12 -3.11578864e-13  4.47189514e-11 -1.65572166e-10 -8.96184708e-16  8.28533113e-16  4.05177768e-05 -1.81414071e-06 -2.87716566e-08  9.75979851e-10]:10.79261297543496
407:[2.45393993e+11 3.56562770e+10]:[-8.41094277e-02 -2.27295876e-12 -3.11264349e-13  4.34146928e-11 -1.56577661e-10 -9.12201225e-16  8.27351933e-16  4.00972109e-05 -1.76373318e-06 -3.00175114e-08  9.84492118e-10]:10.928063220675233
425:[1.17686244e+11 7.28143037e+10]:[-8.37158056e-02 -2.28461506e-12 -3.11462891e-13  4.34809930e-11 -1.61658223e-10 -9.06010392e-16  8.27638836e-16  4.03998296e-05 -1.81859803e-06 -2.86936418e-08  9.82443535e-10]:10.983858716474593
424:[3.4205039e+11 1.3018667e+11]:[-8.37733373e-02 -2.27378650e-12 -3.11507521e-13  4.40876011e-11 -1.61424404e-10 -9.12629501e-16  8.27964714e-16  4.01147749e-05 -1.81805938e-06 -2.93964897e-08  9.81572088e-10]:11.2979721324752
Selected for new population:
[-8.37058071e-02 -2.14494665e-12 -3.11578864e-13  4.47189514e-11 -1.65572166e-10 -8.96184708e-16  8.28533113e-16  4.05177768e-05 -1.81414071e-06 -2.87716566e-08  9.75979851e-10]
[-8.41094277e-02 -2.27295876e-12 -3.11264349e-13  4.34146928e-11 -1.56577661e-10 -9.12201225e-16  8.27351933e-16  4.00972109e-05 -1.76373318e-06 -3.00175114e-08  9.84492118e-10]
Selected: [4 0]
***************
***CROSSOVER***
***************
Population scores:
406:[1.42437973e+11 3.35440043e+10]:[-8.37058071e-02 -2.14494665e-12 -3.11578864e-13  4.47189514e-11 -1.65572166e-10 -8.96184708e-16  8.28533113e-16  4.05177768e-05 -1.81414071e-06 -2.87716566e-08  9.75979851e-10]:10.79261297543496
407:[2.45393993e+11 3.56562770e+10]:[-8.41094277e-02 -2.27295876e-12 -3.11264349e-13  4.34146928e-11 -1.56577661e-10 -9.12201225e-16  8.27351933e-16  4.00972109e-05 -1.76373318e-06 -3.00175114e-08  9.84492118e-10]:10.928063220675233
&&&&&&&&&&&&&&&&&&&&&&&&
&&TOURNAMENT SELECTION&&
&&&&&&&&&&&&&&&&&&&&&&&&
parents:
[-8.41094277e-02 -2.27295876e-12 -3.11264349e-13  4.34146928e-11 -1.56577661e-10 -9.12201225e-16  8.27351933e-16  4.00972109e-05 -1.76373318e-06 -3.00175114e-08  9.84492118e-10]
[-8.37058071e-02 -2.14494665e-12 -3.11578864e-13  4.47189514e-11 -1.65572166e-10 -8.96184708e-16  8.28533113e-16  4.05177768e-05 -1.81414071e-06 -2.87716566e-08  9.75979851e-10]
children:
[-8.37159035e-02 -2.27458190e-12 -3.11521059e-13  4.45502043e-11 -1.63897504e-10 -9.04158538e-16  8.27421333e-16  4.03689999e-05 -1.79257249e-06 -2.97052639e-08  9.76223678e-10]
[-8.38374371e-02 -2.21463304e-12 -3.11238285e-13  4.45529696e-11 -1.63147847e-10 -8.96306530e-16  8.28059429e-16  4.04217952e-05 -1.78029060e-06 -3.01007825e-08  9.84923714e-10]
Population scores:
406:[1.42437973e+11 3.35440043e+10]:[-8.37058071e-02 -2.14494665e-12 -3.11578864e-13  4.47189514e-11 -1.65572166e-10 -8.96184708e-16  8.28533113e-16  4.05177768e-05 -1.81414071e-06 -2.87716566e-08  9.75979851e-10]:10.79261297543496
407:[2.45393993e+11 3.56562770e+10]:[-8.41094277e-02 -2.27295876e-12 -3.11264349e-13  4.34146928e-11 -1.56577661e-10 -9.12201225e-16  8.27351933e-16  4.00972109e-05 -1.76373318e-06 -3.00175114e-08  9.84492118e-10]:10.928063220675233
427:[2.72722865e+11 3.59062478e+10]:[-8.38374371e-02 -2.21463304e-12 -3.11238285e-13  4.45529696e-11 -1.63147847e-10 -8.96306530e-16  8.28059429e-16  4.04217952e-05 -1.78029060e-06 -3.01007825e-08  9.84923714e-10]:10.95641251190822
426:[3.34881485e+11 1.01503554e+11]:[-8.37159035e-02 -2.27458190e-12 -3.11521059e-13  4.45502043e-11 -1.63897504e-10 -9.04158538e-16  8.27421333e-16  4.03689999e-05 -1.79257249e-06 -2.97052639e-08  9.76223678e-10]:11.226547970547436
Selected for new population:
[-8.37058071e-02 -2.14494665e-12 -3.11578864e-13  4.47189514e-11 -1.65572166e-10 -8.96184708e-16  8.28533113e-16  4.05177768e-05 -1.81414071e-06 -2.87716566e-08  9.75979851e-10]
[-8.41094277e-02 -2.27295876e-12 -3.11264349e-13  4.34146928e-11 -1.56577661e-10 -9.12201225e-16  8.27351933e-16  4.00972109e-05 -1.76373318e-06 -3.00175114e-08  9.84492118e-10]
Population scores:
406:[1.42437973e+11 3.35440043e+10]:[-8.37058071e-02 -2.14494665e-12 -3.11578864e-13  4.47189514e-11 -1.65572166e-10 -8.96184708e-16  8.28533113e-16  4.05177768e-05 -1.81414071e-06 -2.87716566e-08  9.75979851e-10]:10.79261297543496
422:[1.41493680e+11 3.54413752e+10]:[-8.37038214e-02 -2.14917655e-12 -3.12819578e-13  4.45076442e-11 -1.65325553e-10 -9.00999614e-16  8.33259618e-16  4.05231303e-05 -1.81224703e-06 -2.87879327e-08  9.75956883e-10]:10.80441281717584
417:[1.74103286e+11 2.96846335e+10]:[-8.37024022e-02 -2.15940340e-12 -3.12727355e-13  4.44507032e-11 -1.64537684e-10 -9.01510390e-16  8.33761293e-16  4.01158751e-05 -1.81112990e-06 -2.87932339e-08  9.76278918e-10]:10.809595337542998
418:[1.75511113e+11 3.00013860e+10]:[-8.36881279e-02 -2.16914100e-12 -3.11925631e-13  4.44707964e-11 -1.61062869e-10 -9.04858366e-16  8.36607392e-16  4.02552010e-05 -1.81058100e-06 -2.90875932e-08  9.82046806e-10]:10.81360506123669
420:[1.81446966e+11 2.96657538e+10]:[-8.36977804e-02 -2.24117120e-12 -3.11895221e-13  4.43203611e-11 -1.63637731e-10 -8.99213284e-16  8.28356034e-16  4.03211985e-05 -1.80438405e-06 -2.90128958e-08  9.76124208e-10]:10.81924869308631
413:[2.16901879e+11 4.04997719e+10]:[-8.41441646e-02 -2.20885242e-12 -3.11476166e-13  4.37165851e-11 -1.64126023e-10 -9.11920388e-16  8.27436540e-16  4.02794777e-05 -1.81305734e-06 -2.90898751e-08  9.78846175e-10]:10.92365918673987
407:[2.45393993e+11 3.56562770e+10]:[-8.41094277e-02 -2.27295876e-12 -3.11264349e-13  4.34146928e-11 -1.56577661e-10 -9.12201225e-16  8.27351933e-16  4.00972109e-05 -1.76373318e-06 -3.00175114e-08  9.84492118e-10]:10.928063220675233
411:[1.88498790e+11 5.78496479e+10]:[-8.36822396e-02 -2.23727047e-12 -3.12729514e-13  4.43176730e-11 -1.60104044e-10 -9.04338583e-16  8.36961654e-16  3.96418141e-05 -1.78135432e-06 -2.92744858e-08  9.83847691e-10]:10.98022799098132
404:[5.54070969e+11 9.75929375e+11]:[-8.41147351e-02 -2.13806624e-12 -3.17115406e-13  4.39403168e-11 -1.62851241e-10 -9.02239245e-16  8.33930009e-16  3.92612305e-05 -1.69219653e-06 -2.99669646e-08  9.90582823e-10]:12.036127078608672
405:[6.33674788e+11 1.45451294e+12]:[-8.32246965e-02 -2.31289290e-12 -3.04998814e-13  4.38734718e-11 -1.63440736e-10 -8.97438876e-16  8.41359305e-16  4.03861849e-05 -1.70081626e-06 -2.94177822e-08  9.80206611e-10]:12.198999961574597
*******************************
***iteration: 2 Population is***
*******************************
Population scores:
406:[1.42437973e+11 3.35440043e+10]:[-8.37058071e-02 -2.14494665e-12 -3.11578864e-13  4.47189514e-11 -1.65572166e-10 -8.96184708e-16  8.28533113e-16  4.05177768e-05 -1.81414071e-06 -2.87716566e-08  9.75979851e-10]:10.79261297543496
422:[1.41493680e+11 3.54413752e+10]:[-8.37038214e-02 -2.14917655e-12 -3.12819578e-13  4.45076442e-11 -1.65325553e-10 -9.00999614e-16  8.33259618e-16  4.05231303e-05 -1.81224703e-06 -2.87879327e-08  9.75956883e-10]:10.80441281717584
417:[1.74103286e+11 2.96846335e+10]:[-8.37024022e-02 -2.15940340e-12 -3.12727355e-13  4.44507032e-11 -1.64537684e-10 -9.01510390e-16  8.33761293e-16  4.01158751e-05 -1.81112990e-06 -2.87932339e-08  9.76278918e-10]:10.809595337542998
418:[1.75511113e+11 3.00013860e+10]:[-8.36881279e-02 -2.16914100e-12 -3.11925631e-13  4.44707964e-11 -1.61062869e-10 -9.04858366e-16  8.36607392e-16  4.02552010e-05 -1.81058100e-06 -2.90875932e-08  9.82046806e-10]:10.81360506123669
420:[1.81446966e+11 2.96657538e+10]:[-8.36977804e-02 -2.24117120e-12 -3.11895221e-13  4.43203611e-11 -1.63637731e-10 -8.99213284e-16  8.28356034e-16  4.03211985e-05 -1.80438405e-06 -2.90128958e-08  9.76124208e-10]:10.81924869308631
413:[2.16901879e+11 4.04997719e+10]:[-8.41441646e-02 -2.20885242e-12 -3.11476166e-13  4.37165851e-11 -1.64126023e-10 -9.11920388e-16  8.27436540e-16  4.02794777e-05 -1.81305734e-06 -2.90898751e-08  9.78846175e-10]:10.92365918673987
407:[2.45393993e+11 3.56562770e+10]:[-8.41094277e-02 -2.27295876e-12 -3.11264349e-13  4.34146928e-11 -1.56577661e-10 -9.12201225e-16  8.27351933e-16  4.00972109e-05 -1.76373318e-06 -3.00175114e-08  9.84492118e-10]:10.928063220675233
411:[1.88498790e+11 5.78496479e+10]:[-8.36822396e-02 -2.23727047e-12 -3.12729514e-13  4.43176730e-11 -1.60104044e-10 -9.04338583e-16  8.36961654e-16  3.96418141e-05 -1.78135432e-06 -2.92744858e-08  9.83847691e-10]:10.98022799098132
Selected: [5 1]
***************
***CROSSOVER***
***************
Population scores:
422:[1.41493680e+11 3.54413752e+10]:[-8.37038214e-02 -2.14917655e-12 -3.12819578e-13  4.45076442e-11 -1.65325553e-10 -9.00999614e-16  8.33259618e-16  4.05231303e-05 -1.81224703e-06 -2.87879327e-08  9.75956883e-10]:10.80441281717584
413:[2.16901879e+11 4.04997719e+10]:[-8.41441646e-02 -2.20885242e-12 -3.11476166e-13  4.37165851e-11 -1.64126023e-10 -9.11920388e-16  8.27436540e-16  4.02794777e-05 -1.81305734e-06 -2.90898751e-08  9.78846175e-10]:10.92365918673987
&&&&&&&&&&&&&&&&&&&&&&&&
&&TOURNAMENT SELECTION&&
&&&&&&&&&&&&&&&&&&&&&&&&
parents:
[-8.41441646e-02 -2.20885242e-12 -3.11476166e-13  4.37165851e-11 -1.64126023e-10 -9.11920388e-16  8.27436540e-16  4.02794777e-05 -1.81305734e-06 -2.90898751e-08  9.78846175e-10]
[-8.37038214e-02 -2.14917655e-12 -3.12819578e-13  4.45076442e-11 -1.65325553e-10 -9.00999614e-16  8.33259618e-16  4.05231303e-05 -1.81224703e-06 -2.87879327e-08  9.75956883e-10]
children:
[-8.41847993e-02 -2.17993466e-12 -3.11613267e-13  4.37238270e-11 -1.65293411e-10 -9.11961949e-16  8.33116485e-16  4.04295064e-05 -1.81247497e-06 -2.89439514e-08  9.77874442e-10]
[-8.36686499e-02 -2.17457240e-12 -3.12428016e-13  4.43539495e-11 -1.65395016e-10 -9.11093086e-16  8.33111158e-16  4.05456741e-05 -1.81224337e-06 -2.88163969e-08  9.77397487e-10]
Population scores:
422:[1.41493680e+11 3.54413752e+10]:[-8.37038214e-02 -2.14917655e-12 -3.12819578e-13  4.45076442e-11 -1.65325553e-10 -9.00999614e-16  8.33259618e-16  4.05231303e-05 -1.81224703e-06 -2.87879327e-08  9.75956883e-10]:10.80441281717584
428:[1.69831510e+11 2.99428309e+10]:[-8.41847993e-02 -2.17993466e-12 -3.11613267e-13  4.37238270e-11 -1.65293411e-10 -9.11961949e-16  8.33116485e-16  4.04295064e-05 -1.81247497e-06 -2.89439514e-08  9.77874442e-10]:10.805562925027836
429:[1.37781825e+11 4.02726672e+10]:[-8.36686499e-02 -2.17457240e-12 -3.12428016e-13  4.43539495e-11 -1.65395016e-10 -9.11093086e-16  8.33111158e-16  4.05456741e-05 -1.81224337e-06 -2.88163969e-08  9.77397487e-10]:10.831415619689174
413:[2.16901879e+11 4.04997719e+10]:[-8.41441646e-02 -2.20885242e-12 -3.11476166e-13  4.37165851e-11 -1.64126023e-10 -9.11920388e-16  8.27436540e-16  4.02794777e-05 -1.81305734e-06 -2.90898751e-08  9.78846175e-10]:10.92365918673987
Selected for new population:
[-8.37038214e-02 -2.14917655e-12 -3.12819578e-13  4.45076442e-11 -1.65325553e-10 -9.00999614e-16  8.33259618e-16  4.05231303e-05 -1.81224703e-06 -2.87879327e-08  9.75956883e-10]
[-8.41847993e-02 -2.17993466e-12 -3.11613267e-13  4.37238270e-11 -1.65293411e-10 -9.11961949e-16  8.33116485e-16  4.04295064e-05 -1.81247497e-06 -2.89439514e-08  9.77874442e-10]
Selected: [2 6]
***************
***CROSSOVER***
***************
Population scores:
417:[1.74103286e+11 2.96846335e+10]:[-8.37024022e-02 -2.15940340e-12 -3.12727355e-13  4.44507032e-11 -1.64537684e-10 -9.01510390e-16  8.33761293e-16  4.01158751e-05 -1.81112990e-06 -2.87932339e-08  9.76278918e-10]:10.809595337542998
407:[2.45393993e+11 3.56562770e+10]:[-8.41094277e-02 -2.27295876e-12 -3.11264349e-13  4.34146928e-11 -1.56577661e-10 -9.12201225e-16  8.27351933e-16  4.00972109e-05 -1.76373318e-06 -3.00175114e-08  9.84492118e-10]:10.928063220675233
&&&&&&&&&&&&&&&&&&&&&&&&
&&TOURNAMENT SELECTION&&
&&&&&&&&&&&&&&&&&&&&&&&&
parents:
[-8.37024022e-02 -2.15940340e-12 -3.12727355e-13  4.44507032e-11 -1.64537684e-10 -9.01510390e-16  8.33761293e-16  4.01158751e-05 -1.81112990e-06 -2.87932339e-08  9.76278918e-10]
[-8.41094277e-02 -2.27295876e-12 -3.11264349e-13  4.34146928e-11 -1.56577661e-10 -9.12201225e-16  8.27351933e-16  4.00972109e-05 -1.76373318e-06 -3.00175114e-08  9.84492118e-10]
children:
[-8.38968728e-02 -2.21307021e-12 -3.12709392e-13  4.36723220e-11 -1.58158561e-10 -9.11693482e-16  8.27231783e-16  4.01121871e-05 -1.76144830e-06 -3.01351011e-08  9.81219569e-10]
[-8.40332536e-02 -2.24841480e-12 -3.11939366e-13  4.39430119e-11 -1.56878832e-10 -9.09143472e-16  8.29769206e-16  4.01170867e-05 -1.79975476e-06 -2.93451290e-08  9.80858503e-10]
Population scores:
417:[1.74103286e+11 2.96846335e+10]:[-8.37024022e-02 -2.15940340e-12 -3.12727355e-13  4.44507032e-11 -1.64537684e-10 -9.01510390e-16  8.33761293e-16  4.01158751e-05 -1.81112990e-06 -2.87932339e-08  9.76278918e-10]:10.809595337542998
431:[2.27564022e+11 3.50346031e+10]:[-8.40332536e-02 -2.24841480e-12 -3.11939366e-13  4.39430119e-11 -1.56878832e-10 -9.09143472e-16  8.29769206e-16  4.01170867e-05 -1.79975476e-06 -2.93451290e-08  9.80858503e-10]:10.906051566797409
407:[2.45393993e+11 3.56562770e+10]:[-8.41094277e-02 -2.27295876e-12 -3.11264349e-13  4.34146928e-11 -1.56577661e-10 -9.12201225e-16  8.27351933e-16  4.00972109e-05 -1.76373318e-06 -3.00175114e-08  9.84492118e-10]:10.928063220675233
430:[2.91857499e+11 3.41674121e+10]:[-8.38968728e-02 -2.21307021e-12 -3.12709392e-13  4.36723220e-11 -1.58158561e-10 -9.11693482e-16  8.27231783e-16  4.01121871e-05 -1.76144830e-06 -3.01351011e-08  9.81219569e-10]:10.966324388216044
Selected for new population:
[-8.37024022e-02 -2.15940340e-12 -3.12727355e-13  4.44507032e-11 -1.64537684e-10 -9.01510390e-16  8.33761293e-16  4.01158751e-05 -1.81112990e-06 -2.87932339e-08  9.76278918e-10]
[-8.40332536e-02 -2.24841480e-12 -3.11939366e-13  4.39430119e-11 -1.56878832e-10 -9.09143472e-16  8.29769206e-16  4.01170867e-05 -1.79975476e-06 -2.93451290e-08  9.80858503e-10]
Selected: [6 3]
***************
***CROSSOVER***
***************
Population scores:
418:[1.75511113e+11 3.00013860e+10]:[-8.36881279e-02 -2.16914100e-12 -3.11925631e-13  4.44707964e-11 -1.61062869e-10 -9.04858366e-16  8.36607392e-16  4.02552010e-05 -1.81058100e-06 -2.90875932e-08  9.82046806e-10]:10.81360506123669
407:[2.45393993e+11 3.56562770e+10]:[-8.41094277e-02 -2.27295876e-12 -3.11264349e-13  4.34146928e-11 -1.56577661e-10 -9.12201225e-16  8.27351933e-16  4.00972109e-05 -1.76373318e-06 -3.00175114e-08  9.84492118e-10]:10.928063220675233
&&&&&&&&&&&&&&&&&&&&&&&&
&&TOURNAMENT SELECTION&&
&&&&&&&&&&&&&&&&&&&&&&&&
parents:
[-8.41094277e-02 -2.27295876e-12 -3.11264349e-13  4.34146928e-11 -1.56577661e-10 -9.12201225e-16  8.27351933e-16  4.00972109e-05 -1.76373318e-06 -3.00175114e-08  9.84492118e-10]
[-8.36881279e-02 -2.16914100e-12 -3.11925631e-13  4.44707964e-11 -1.61062869e-10 -9.04858366e-16  8.36607392e-16  4.02552010e-05 -1.81058100e-06 -2.90875932e-08  9.82046806e-10]
children:
[-8.36985717e-02 -2.15996686e-12 -3.11754753e-13  4.33263869e-11 -1.61035178e-10 -9.10546581e-16  8.35274115e-16  4.01581907e-05 -1.77431191e-06 -3.00448517e-08  9.84583816e-10]
[-8.40131732e-02 -2.21313310e-12 -3.11412001e-13  4.44080675e-11 -1.58332138e-10 -9.11273460e-16  8.34659427e-16  4.02238259e-05 -1.76877749e-06 -2.91839201e-08  9.82915793e-10]
Population scores:
418:[1.75511113e+11 3.00013860e+10]:[-8.36881279e-02 -2.16914100e-12 -3.11925631e-13  4.44707964e-11 -1.61062869e-10 -9.04858366e-16  8.36607392e-16  4.02552010e-05 -1.81058100e-06 -2.90875932e-08  9.82046806e-10]:10.81360506123669
407:[2.45393993e+11 3.56562770e+10]:[-8.41094277e-02 -2.27295876e-12 -3.11264349e-13  4.34146928e-11 -1.56577661e-10 -9.12201225e-16  8.27351933e-16  4.00972109e-05 -1.76373318e-06 -3.00175114e-08  9.84492118e-10]:10.928063220675233
432:[2.75176117e+11 3.32873032e+10]:[-8.36985717e-02 -2.15996686e-12 -3.11754753e-13  4.33263869e-11 -1.61035178e-10 -9.10546581e-16  8.35274115e-16  4.01581907e-05 -1.77431191e-06 -3.00448517e-08  9.84583816e-10]:10.946071484606604
433:[1.90239869e+11 2.84648195e+11]:[-8.40131732e-02 -2.21313310e-12 -3.11412001e-13  4.44080675e-11 -1.58332138e-10 -9.11273460e-16  8.34659427e-16  4.02238259e-05 -1.76877749e-06 -2.91839201e-08  9.82915793e-10]:11.508793809657638
Selected for new population:
[-8.36881279e-02 -2.16914100e-12 -3.11925631e-13  4.44707964e-11 -1.61062869e-10 -9.04858366e-16  8.36607392e-16  4.02552010e-05 -1.81058100e-06 -2.90875932e-08  9.82046806e-10]
[-8.41094277e-02 -2.27295876e-12 -3.11264349e-13  4.34146928e-11 -1.56577661e-10 -9.12201225e-16  8.27351933e-16  4.00972109e-05 -1.76373318e-06 -3.00175114e-08  9.84492118e-10]
Selected: [1 3]
***************
***CROSSOVER***
***************
Population scores:
422:[1.41493680e+11 3.54413752e+10]:[-8.37038214e-02 -2.14917655e-12 -3.12819578e-13  4.45076442e-11 -1.65325553e-10 -9.00999614e-16  8.33259618e-16  4.05231303e-05 -1.81224703e-06 -2.87879327e-08  9.75956883e-10]:10.80441281717584
418:[1.75511113e+11 3.00013860e+10]:[-8.36881279e-02 -2.16914100e-12 -3.11925631e-13  4.44707964e-11 -1.61062869e-10 -9.04858366e-16  8.36607392e-16  4.02552010e-05 -1.81058100e-06 -2.90875932e-08  9.82046806e-10]:10.81360506123669
&&&&&&&&&&&&&&&&&&&&&&&&
&&TOURNAMENT SELECTION&&
&&&&&&&&&&&&&&&&&&&&&&&&
parents:
[-8.37038214e-02 -2.14917655e-12 -3.12819578e-13  4.45076442e-11 -1.65325553e-10 -9.00999614e-16  8.33259618e-16  4.05231303e-05 -1.81224703e-06 -2.87879327e-08  9.75956883e-10]
[-8.36881279e-02 -2.16914100e-12 -3.11925631e-13  4.44707964e-11 -1.61062869e-10 -9.04858366e-16  8.36607392e-16  4.02552010e-05 -1.81058100e-06 -2.90875932e-08  9.82046806e-10]
children:
[-8.36872598e-02 -2.16041743e-12 -3.12507032e-13  4.44954623e-11 -1.65647333e-10 -9.04584771e-16  8.34465383e-16  4.04097285e-05 -1.81065590e-06 -2.89756467e-08  9.78259646e-10]
[-8.36955084e-02 -2.15641184e-12 -3.12539348e-13  4.44985661e-11 -1.64004867e-10 -9.04041583e-16  8.34893230e-16  4.03445519e-05 -1.81146432e-06 -2.89784229e-08  9.80295709e-10]
Population scores:
434:[1.67669640e+11 2.99868366e+10]:[-8.36872598e-02 -2.16041743e-12 -3.12507032e-13  4.44954623e-11 -1.65647333e-10 -9.04584771e-16  8.34465383e-16  4.04097285e-05 -1.81065590e-06 -2.89756467e-08  9.78259646e-10]:10.802915716331405
422:[1.41493680e+11 3.54413752e+10]:[-8.37038214e-02 -2.14917655e-12 -3.12819578e-13  4.45076442e-11 -1.65325553e-10 -9.00999614e-16  8.33259618e-16  4.05231303e-05 -1.81224703e-06 -2.87879327e-08  9.75956883e-10]:10.80441281717584
435:[1.60648783e+11 3.19404893e+10]:[-8.36955084e-02 -2.15641184e-12 -3.12539348e-13  4.44985661e-11 -1.64004867e-10 -9.04041583e-16  8.34893230e-16  4.03445519e-05 -1.81146432e-06 -2.89784229e-08  9.80295709e-10]:10.806656389925845
418:[1.75511113e+11 3.00013860e+10]:[-8.36881279e-02 -2.16914100e-12 -3.11925631e-13  4.44707964e-11 -1.61062869e-10 -9.04858366e-16  8.36607392e-16  4.02552010e-05 -1.81058100e-06 -2.90875932e-08  9.82046806e-10]:10.81360506123669
Selected for new population:
[-8.36872598e-02 -2.16041743e-12 -3.12507032e-13  4.44954623e-11 -1.65647333e-10 -9.04584771e-16  8.34465383e-16  4.04097285e-05 -1.81065590e-06 -2.89756467e-08  9.78259646e-10]
[-8.37038214e-02 -2.14917655e-12 -3.12819578e-13  4.45076442e-11 -1.65325553e-10 -9.00999614e-16  8.33259618e-16  4.05231303e-05 -1.81224703e-06 -2.87879327e-08  9.75956883e-10]
Population scores:
406:[1.42437973e+11 3.35440043e+10]:[-8.37058071e-02 -2.14494665e-12 -3.11578864e-13  4.47189514e-11 -1.65572166e-10 -8.96184708e-16  8.28533113e-16  4.05177768e-05 -1.81414071e-06 -2.87716566e-08  9.75979851e-10]:10.79261297543496
434:[1.67669640e+11 2.99868366e+10]:[-8.36872598e-02 -2.16041743e-12 -3.12507032e-13  4.44954623e-11 -1.65647333e-10 -9.04584771e-16  8.34465383e-16  4.04097285e-05 -1.81065590e-06 -2.89756467e-08  9.78259646e-10]:10.802915716331405
422:[1.41493680e+11 3.54413752e+10]:[-8.37038214e-02 -2.14917655e-12 -3.12819578e-13  4.45076442e-11 -1.65325553e-10 -9.00999614e-16  8.33259618e-16  4.05231303e-05 -1.81224703e-06 -2.87879327e-08  9.75956883e-10]:10.80441281717584
428:[1.69831510e+11 2.99428309e+10]:[-8.41847993e-02 -2.17993466e-12 -3.11613267e-13  4.37238270e-11 -1.65293411e-10 -9.11961949e-16  8.33116485e-16  4.04295064e-05 -1.81247497e-06 -2.89439514e-08  9.77874442e-10]:10.805562925027836
417:[1.74103286e+11 2.96846335e+10]:[-8.37024022e-02 -2.15940340e-12 -3.12727355e-13  4.44507032e-11 -1.64537684e-10 -9.01510390e-16  8.33761293e-16  4.01158751e-05 -1.81112990e-06 -2.87932339e-08  9.76278918e-10]:10.809595337542998
418:[1.75511113e+11 3.00013860e+10]:[-8.36881279e-02 -2.16914100e-12 -3.11925631e-13  4.44707964e-11 -1.61062869e-10 -9.04858366e-16  8.36607392e-16  4.02552010e-05 -1.81058100e-06 -2.90875932e-08  9.82046806e-10]:10.81360506123669
420:[1.81446966e+11 2.96657538e+10]:[-8.36977804e-02 -2.24117120e-12 -3.11895221e-13  4.43203611e-11 -1.63637731e-10 -8.99213284e-16  8.28356034e-16  4.03211985e-05 -1.80438405e-06 -2.90128958e-08  9.76124208e-10]:10.81924869308631
431:[2.27564022e+11 3.50346031e+10]:[-8.40332536e-02 -2.24841480e-12 -3.11939366e-13  4.39430119e-11 -1.56878832e-10 -9.09143472e-16  8.29769206e-16  4.01170867e-05 -1.79975476e-06 -2.93451290e-08  9.80858503e-10]:10.906051566797409
413:[2.16901879e+11 4.04997719e+10]:[-8.41441646e-02 -2.20885242e-12 -3.11476166e-13  4.37165851e-11 -1.64126023e-10 -9.11920388e-16  8.27436540e-16  4.02794777e-05 -1.81305734e-06 -2.90898751e-08  9.78846175e-10]:10.92365918673987
407:[2.45393993e+11 3.56562770e+10]:[-8.41094277e-02 -2.27295876e-12 -3.11264349e-13  4.34146928e-11 -1.56577661e-10 -9.12201225e-16  8.27351933e-16  4.00972109e-05 -1.76373318e-06 -3.00175114e-08  9.84492118e-10]:10.928063220675233
411:[1.88498790e+11 5.78496479e+10]:[-8.36822396e-02 -2.23727047e-12 -3.12729514e-13  4.43176730e-11 -1.60104044e-10 -9.04338583e-16  8.36961654e-16  3.96418141e-05 -1.78135432e-06 -2.92744858e-08  9.83847691e-10]:10.98022799098132
*******************************
***iteration: 3 Population is***
*******************************
Population scores:
406:[1.42437973e+11 3.35440043e+10]:[-8.37058071e-02 -2.14494665e-12 -3.11578864e-13  4.47189514e-11 -1.65572166e-10 -8.96184708e-16  8.28533113e-16  4.05177768e-05 -1.81414071e-06 -2.87716566e-08  9.75979851e-10]:10.79261297543496
434:[1.67669640e+11 2.99868366e+10]:[-8.36872598e-02 -2.16041743e-12 -3.12507032e-13  4.44954623e-11 -1.65647333e-10 -9.04584771e-16  8.34465383e-16  4.04097285e-05 -1.81065590e-06 -2.89756467e-08  9.78259646e-10]:10.802915716331405
422:[1.41493680e+11 3.54413752e+10]:[-8.37038214e-02 -2.14917655e-12 -3.12819578e-13  4.45076442e-11 -1.65325553e-10 -9.00999614e-16  8.33259618e-16  4.05231303e-05 -1.81224703e-06 -2.87879327e-08  9.75956883e-10]:10.80441281717584
428:[1.69831510e+11 2.99428309e+10]:[-8.41847993e-02 -2.17993466e-12 -3.11613267e-13  4.37238270e-11 -1.65293411e-10 -9.11961949e-16  8.33116485e-16  4.04295064e-05 -1.81247497e-06 -2.89439514e-08  9.77874442e-10]:10.805562925027836
417:[1.74103286e+11 2.96846335e+10]:[-8.37024022e-02 -2.15940340e-12 -3.12727355e-13  4.44507032e-11 -1.64537684e-10 -9.01510390e-16  8.33761293e-16  4.01158751e-05 -1.81112990e-06 -2.87932339e-08  9.76278918e-10]:10.809595337542998
418:[1.75511113e+11 3.00013860e+10]:[-8.36881279e-02 -2.16914100e-12 -3.11925631e-13  4.44707964e-11 -1.61062869e-10 -9.04858366e-16  8.36607392e-16  4.02552010e-05 -1.81058100e-06 -2.90875932e-08  9.82046806e-10]:10.81360506123669
420:[1.81446966e+11 2.96657538e+10]:[-8.36977804e-02 -2.24117120e-12 -3.11895221e-13  4.43203611e-11 -1.63637731e-10 -8.99213284e-16  8.28356034e-16  4.03211985e-05 -1.80438405e-06 -2.90128958e-08  9.76124208e-10]:10.81924869308631
431:[2.27564022e+11 3.50346031e+10]:[-8.40332536e-02 -2.24841480e-12 -3.11939366e-13  4.39430119e-11 -1.56878832e-10 -9.09143472e-16  8.29769206e-16  4.01170867e-05 -1.79975476e-06 -2.93451290e-08  9.80858503e-10]:10.906051566797409
Selected: [4 5]
***************
***CROSSOVER***
***************
Population scores:
417:[1.74103286e+11 2.96846335e+10]:[-8.37024022e-02 -2.15940340e-12 -3.12727355e-13  4.44507032e-11 -1.64537684e-10 -9.01510390e-16  8.33761293e-16  4.01158751e-05 -1.81112990e-06 -2.87932339e-08  9.76278918e-10]:10.809595337542998
418:[1.75511113e+11 3.00013860e+10]:[-8.36881279e-02 -2.16914100e-12 -3.11925631e-13  4.44707964e-11 -1.61062869e-10 -9.04858366e-16  8.36607392e-16  4.02552010e-05 -1.81058100e-06 -2.90875932e-08  9.82046806e-10]:10.81360506123669
&&&&&&&&&&&&&&&&&&&&&&&&
&&TOURNAMENT SELECTION&&
&&&&&&&&&&&&&&&&&&&&&&&&
parents:
[-8.37024022e-02 -2.15940340e-12 -3.12727355e-13  4.44507032e-11 -1.64537684e-10 -9.01510390e-16  8.33761293e-16  4.01158751e-05 -1.81112990e-06 -2.87932339e-08  9.76278918e-10]
[-8.36881279e-02 -2.16914100e-12 -3.11925631e-13  4.44707964e-11 -1.61062869e-10 -9.04858366e-16  8.36607392e-16  4.02552010e-05 -1.81058100e-06 -2.90875932e-08  9.82046806e-10]
children:
[-8.36903280e-02 -2.16493218e-12 -3.11993016e-13  4.44724734e-11 -1.61887324e-10 -9.04812486e-16  8.33783093e-16  4.01636201e-05 -1.81107769e-06 -2.90924702e-08  9.79714413e-10]
[-8.37005744e-02 -2.16550239e-12 -3.12356728e-13  4.44553198e-11 -1.63481290e-10 -9.04697275e-16  8.35948032e-16  4.02502444e-05 -1.81097292e-06 -2.90669287e-08  9.80736178e-10]
Population scores:
417:[1.74103286e+11 2.96846335e+10]:[-8.37024022e-02 -2.15940340e-12 -3.12727355e-13  4.44507032e-11 -1.64537684e-10 -9.01510390e-16  8.33761293e-16  4.01158751e-05 -1.81112990e-06 -2.87932339e-08  9.76278918e-10]:10.809595337542998
418:[1.75511113e+11 3.00013860e+10]:[-8.36881279e-02 -2.16914100e-12 -3.11925631e-13  4.44707964e-11 -1.61062869e-10 -9.04858366e-16  8.36607392e-16  4.02552010e-05 -1.81058100e-06 -2.90875932e-08  9.82046806e-10]:10.81360506123669
437:[1.83790546e+11 2.97180158e+10]:[-8.37005744e-02 -2.16550239e-12 -3.12356728e-13  4.44553198e-11 -1.63481290e-10 -9.04697275e-16  8.35948032e-16  4.02502444e-05 -1.81097292e-06 -2.90669287e-08  9.80736178e-10]:10.822665696477163
436:[2.10923749e+11 3.61664691e+10]:[-8.36903280e-02 -2.16493218e-12 -3.11993016e-13  4.44724734e-11 -1.61887324e-10 -9.04812486e-16  8.33783093e-16  4.01636201e-05 -1.81107769e-06 -2.90924702e-08  9.79714413e-10]:10.89404575717417
Selected for new population:
[-8.37024022e-02 -2.15940340e-12 -3.12727355e-13  4.44507032e-11 -1.64537684e-10 -9.01510390e-16  8.33761293e-16  4.01158751e-05 -1.81112990e-06 -2.87932339e-08  9.76278918e-10]
[-8.36881279e-02 -2.16914100e-12 -3.11925631e-13  4.44707964e-11 -1.61062869e-10 -9.04858366e-16  8.36607392e-16  4.02552010e-05 -1.81058100e-06 -2.90875932e-08  9.82046806e-10]
Selected: [6 5]
***************
***CROSSOVER***
***************
Population scores:
418:[1.75511113e+11 3.00013860e+10]:[-8.36881279e-02 -2.16914100e-12 -3.11925631e-13  4.44707964e-11 -1.61062869e-10 -9.04858366e-16  8.36607392e-16  4.02552010e-05 -1.81058100e-06 -2.90875932e-08  9.82046806e-10]:10.81360506123669
420:[1.81446966e+11 2.96657538e+10]:[-8.36977804e-02 -2.24117120e-12 -3.11895221e-13  4.43203611e-11 -1.63637731e-10 -8.99213284e-16  8.28356034e-16  4.03211985e-05 -1.80438405e-06 -2.90128958e-08  9.76124208e-10]:10.81924869308631
&&&&&&&&&&&&&&&&&&&&&&&&
&&TOURNAMENT SELECTION&&
&&&&&&&&&&&&&&&&&&&&&&&&
parents:
[-8.36977804e-02 -2.24117120e-12 -3.11895221e-13  4.43203611e-11 -1.63637731e-10 -8.99213284e-16  8.28356034e-16  4.03211985e-05 -1.80438405e-06 -2.90128958e-08  9.76124208e-10]
[-8.36881279e-02 -2.16914100e-12 -3.11925631e-13  4.44707964e-11 -1.61062869e-10 -9.04858366e-16  8.36607392e-16  4.02552010e-05 -1.81058100e-06 -2.90875932e-08  9.82046806e-10]
children:
[-8.36878499e-02 -2.19519901e-12 -3.11901809e-13  4.43626284e-11 -1.63168426e-10 -8.99843283e-16  8.33131999e-16  4.03129740e-05 -1.80530898e-06 -2.90621163e-08  9.79899187e-10]
[-8.36971992e-02 -2.17076875e-12 -3.11927598e-13  4.44576680e-11 -1.62675728e-10 -9.00496045e-16  8.28967672e-16  4.02654975e-05 -1.80886863e-06 -2.90629752e-08  9.78107028e-10]
Population scores:
418:[1.75511113e+11 3.00013860e+10]:[-8.36881279e-02 -2.16914100e-12 -3.11925631e-13  4.44707964e-11 -1.61062869e-10 -9.04858366e-16  8.36607392e-16  4.02552010e-05 -1.81058100e-06 -2.90875932e-08  9.82046806e-10]:10.81360506123669
438:[1.65449485e+11 3.28349628e+10]:[-8.36878499e-02 -2.19519901e-12 -3.11901809e-13  4.43626284e-11 -1.63168426e-10 -8.99843283e-16  8.33131999e-16  4.03129740e-05 -1.80530898e-06 -2.90621163e-08  9.79899187e-10]:10.819049214595214
420:[1.81446966e+11 2.96657538e+10]:[-8.36977804e-02 -2.24117120e-12 -3.11895221e-13  4.43203611e-11 -1.63637731e-10 -8.99213284e-16  8.28356034e-16  4.03211985e-05 -1.80438405e-06 -2.90128958e-08  9.76124208e-10]:10.81924869308631
439:[1.97577950e+11 3.23339336e+10]:[-8.36971992e-02 -2.17076875e-12 -3.11927598e-13  4.44576680e-11 -1.62675728e-10 -9.00496045e-16  8.28967672e-16  4.02654975e-05 -1.80886863e-06 -2.90629752e-08  9.78107028e-10]:10.856423892910827
Selected for new population:
[-8.36881279e-02 -2.16914100e-12 -3.11925631e-13  4.44707964e-11 -1.61062869e-10 -9.04858366e-16  8.36607392e-16  4.02552010e-05 -1.81058100e-06 -2.90875932e-08  9.82046806e-10]
[-8.36878499e-02 -2.19519901e-12 -3.11901809e-13  4.43626284e-11 -1.63168426e-10 -8.99843283e-16  8.33131999e-16  4.03129740e-05 -1.80530898e-06 -2.90621163e-08  9.79899187e-10]
Selected: [6 5]
***************
***CROSSOVER***
***************
Population scores:
418:[1.75511113e+11 3.00013860e+10]:[-8.36881279e-02 -2.16914100e-12 -3.11925631e-13  4.44707964e-11 -1.61062869e-10 -9.04858366e-16  8.36607392e-16  4.02552010e-05 -1.81058100e-06 -2.90875932e-08  9.82046806e-10]:10.81360506123669
420:[1.81446966e+11 2.96657538e+10]:[-8.36977804e-02 -2.24117120e-12 -3.11895221e-13  4.43203611e-11 -1.63637731e-10 -8.99213284e-16  8.28356034e-16  4.03211985e-05 -1.80438405e-06 -2.90128958e-08  9.76124208e-10]:10.81924869308631
&&&&&&&&&&&&&&&&&&&&&&&&
&&TOURNAMENT SELECTION&&
&&&&&&&&&&&&&&&&&&&&&&&&
parents:
[-8.36977804e-02 -2.24117120e-12 -3.11895221e-13  4.43203611e-11 -1.63637731e-10 -8.99213284e-16  8.28356034e-16  4.03211985e-05 -1.80438405e-06 -2.90128958e-08  9.76124208e-10]
[-8.36881279e-02 -2.16914100e-12 -3.11925631e-13  4.44707964e-11 -1.61062869e-10 -9.04858366e-16  8.36607392e-16  4.02552010e-05 -1.81058100e-06 -2.90875932e-08  9.82046806e-10]
children:
[-8.36961047e-02 -2.16554518e-12 -3.11898265e-13  4.43343635e-11 -1.62970158e-10 -9.00124132e-16  8.37422594e-16  4.03075301e-05 -1.80990562e-06 -2.90604305e-08  9.78738385e-10]
[-8.36918847e-02 -2.17978593e-12 -3.11921708e-13  4.44258874e-11 -1.61849342e-10 -9.05389477e-16  8.32399360e-16  4.02920278e-05 -1.81012390e-06 -2.90526755e-08  9.76745692e-10]
Population scores:
418:[1.75511113e+11 3.00013860e+10]:[-8.36881279e-02 -2.16914100e-12 -3.11925631e-13  4.44707964e-11 -1.61062869e-10 -9.04858366e-16  8.36607392e-16  4.02552010e-05 -1.81058100e-06 -2.90875932e-08  9.82046806e-10]:10.81360506123669
420:[1.81446966e+11 2.96657538e+10]:[-8.36977804e-02 -2.24117120e-12 -3.11895221e-13  4.43203611e-11 -1.63637731e-10 -8.99213284e-16  8.28356034e-16  4.03211985e-05 -1.80438405e-06 -2.90128958e-08  9.76124208e-10]:10.81924869308631
440:[1.89716927e+11 3.07092380e+10]:[-8.36961047e-02 -2.16554518e-12 -3.11898265e-13  4.43343635e-11 -1.62970158e-10 -9.00124132e-16  8.37422594e-16  4.03075301e-05 -1.80990562e-06 -2.90604305e-08  9.78738385e-10]:10.836657137139746
441:[2.13554217e+11 3.93502041e+10]:[-8.36918847e-02 -2.17978593e-12 -3.11921708e-13  4.44258874e-11 -1.61849342e-10 -9.05389477e-16  8.32399360e-16  4.02920278e-05 -1.81012390e-06 -2.90526755e-08  9.76745692e-10]:10.91413705576112
Selected for new population:
[-8.36881279e-02 -2.16914100e-12 -3.11925631e-13  4.44707964e-11 -1.61062869e-10 -9.04858366e-16  8.36607392e-16  4.02552010e-05 -1.81058100e-06 -2.90875932e-08  9.82046806e-10]
[-8.36977804e-02 -2.24117120e-12 -3.11895221e-13  4.43203611e-11 -1.63637731e-10 -8.99213284e-16  8.28356034e-16  4.03211985e-05 -1.80438405e-06 -2.90128958e-08  9.76124208e-10]
Selected: [5 1]
***************
***CROSSOVER***
***************
Population scores:
434:[1.67669640e+11 2.99868366e+10]:[-8.36872598e-02 -2.16041743e-12 -3.12507032e-13  4.44954623e-11 -1.65647333e-10 -9.04584771e-16  8.34465383e-16  4.04097285e-05 -1.81065590e-06 -2.89756467e-08  9.78259646e-10]:10.802915716331405
418:[1.75511113e+11 3.00013860e+10]:[-8.36881279e-02 -2.16914100e-12 -3.11925631e-13  4.44707964e-11 -1.61062869e-10 -9.04858366e-16  8.36607392e-16  4.02552010e-05 -1.81058100e-06 -2.90875932e-08  9.82046806e-10]:10.81360506123669
&&&&&&&&&&&&&&&&&&&&&&&&
&&TOURNAMENT SELECTION&&
&&&&&&&&&&&&&&&&&&&&&&&&
parents:
[-8.36881279e-02 -2.16914100e-12 -3.11925631e-13  4.44707964e-11 -1.61062869e-10 -9.04858366e-16  8.36607392e-16  4.02552010e-05 -1.81058100e-06 -2.90875932e-08  9.82046806e-10]
[-8.36872598e-02 -2.16041743e-12 -3.12507032e-13  4.44954623e-11 -1.65647333e-10 -9.04584771e-16  8.34465383e-16  4.04097285e-05 -1.81065590e-06 -2.89756467e-08  9.78259646e-10]
children:
[-8.36875069e-02 -2.16010682e-12 -3.12330765e-13  4.44836138e-11 -1.62807568e-10 -9.04881131e-16  8.34425388e-16  4.04110386e-05 -1.81058849e-06 -2.90445791e-08  9.78121088e-10]
[-8.36873448e-02 -2.16568317e-12 -3.12437966e-13  4.44915384e-11 -1.61001849e-10 -9.04774819e-16  8.36312893e-16  4.02924480e-05 -1.81061436e-06 -2.89867253e-08  9.77905704e-10]
Population scores:
434:[1.67669640e+11 2.99868366e+10]:[-8.36872598e-02 -2.16041743e-12 -3.12507032e-13  4.44954623e-11 -1.65647333e-10 -9.04584771e-16  8.34465383e-16  4.04097285e-05 -1.81065590e-06 -2.89756467e-08  9.78259646e-10]:10.802915716331405
418:[1.75511113e+11 3.00013860e+10]:[-8.36881279e-02 -2.16914100e-12 -3.11925631e-13  4.44707964e-11 -1.61062869e-10 -9.04858366e-16  8.36607392e-16  4.02552010e-05 -1.81058100e-06 -2.90875932e-08  9.82046806e-10]:10.81360506123669
442:[1.84427587e+11 3.04299220e+10]:[-8.36875069e-02 -2.16010682e-12 -3.12330765e-13  4.44836138e-11 -1.62807568e-10 -9.04881131e-16  8.34425388e-16  4.04110386e-05 -1.81058849e-06 -2.90445791e-08  9.78121088e-10]:10.828114684881662
443:[1.85324949e+11 3.05496707e+10]:[-8.36873448e-02 -2.16568317e-12 -3.12437966e-13  4.44915384e-11 -1.61001849e-10 -9.04774819e-16  8.36312893e-16  4.02924480e-05 -1.81061436e-06 -2.89867253e-08  9.77905704e-10]:10.830040871583673
Selected for new population:
[-8.36872598e-02 -2.16041743e-12 -3.12507032e-13  4.44954623e-11 -1.65647333e-10 -9.04584771e-16  8.34465383e-16  4.04097285e-05 -1.81065590e-06 -2.89756467e-08  9.78259646e-10]
[-8.36881279e-02 -2.16914100e-12 -3.11925631e-13  4.44707964e-11 -1.61062869e-10 -9.04858366e-16  8.36607392e-16  4.02552010e-05 -1.81058100e-06 -2.90875932e-08  9.82046806e-10]
Population scores:
406:[1.42437973e+11 3.35440043e+10]:[-8.37058071e-02 -2.14494665e-12 -3.11578864e-13  4.47189514e-11 -1.65572166e-10 -8.96184708e-16  8.28533113e-16  4.05177768e-05 -1.81414071e-06 -2.87716566e-08  9.75979851e-10]:10.79261297543496
434:[1.67669640e+11 2.99868366e+10]:[-8.36872598e-02 -2.16041743e-12 -3.12507032e-13  4.44954623e-11 -1.65647333e-10 -9.04584771e-16  8.34465383e-16  4.04097285e-05 -1.81065590e-06 -2.89756467e-08  9.78259646e-10]:10.802915716331405
422:[1.41493680e+11 3.54413752e+10]:[-8.37038214e-02 -2.14917655e-12 -3.12819578e-13  4.45076442e-11 -1.65325553e-10 -9.00999614e-16  8.33259618e-16  4.05231303e-05 -1.81224703e-06 -2.87879327e-08  9.75956883e-10]:10.80441281717584
428:[1.69831510e+11 2.99428309e+10]:[-8.41847993e-02 -2.17993466e-12 -3.11613267e-13  4.37238270e-11 -1.65293411e-10 -9.11961949e-16  8.33116485e-16  4.04295064e-05 -1.81247497e-06 -2.89439514e-08  9.77874442e-10]:10.805562925027836
417:[1.74103286e+11 2.96846335e+10]:[-8.37024022e-02 -2.15940340e-12 -3.12727355e-13  4.44507032e-11 -1.64537684e-10 -9.01510390e-16  8.33761293e-16  4.01158751e-05 -1.81112990e-06 -2.87932339e-08  9.76278918e-10]:10.809595337542998
418:[1.75511113e+11 3.00013860e+10]:[-8.36881279e-02 -2.16914100e-12 -3.11925631e-13  4.44707964e-11 -1.61062869e-10 -9.04858366e-16  8.36607392e-16  4.02552010e-05 -1.81058100e-06 -2.90875932e-08  9.82046806e-10]:10.81360506123669
438:[1.65449485e+11 3.28349628e+10]:[-8.36878499e-02 -2.19519901e-12 -3.11901809e-13  4.43626284e-11 -1.63168426e-10 -8.99843283e-16  8.33131999e-16  4.03129740e-05 -1.80530898e-06 -2.90621163e-08  9.79899187e-10]:10.819049214595214
420:[1.81446966e+11 2.96657538e+10]:[-8.36977804e-02 -2.24117120e-12 -3.11895221e-13  4.43203611e-11 -1.63637731e-10 -8.99213284e-16  8.28356034e-16  4.03211985e-05 -1.80438405e-06 -2.90128958e-08  9.76124208e-10]:10.81924869308631
431:[2.27564022e+11 3.50346031e+10]:[-8.40332536e-02 -2.24841480e-12 -3.11939366e-13  4.39430119e-11 -1.56878832e-10 -9.09143472e-16  8.29769206e-16  4.01170867e-05 -1.79975476e-06 -2.93451290e-08  9.80858503e-10]:10.906051566797409
%%%%%%%%%%%%%%%%%%%%%%%%%
%%%final - population%%%%
%%%%%%%%%%%%%%%%%%%%%%%%%
[-8.37058071e-02 -2.14494665e-12 -3.11578864e-13  4.47189514e-11 -1.65572166e-10 -8.96184708e-16  8.28533113e-16  4.05177768e-05 -1.81414071e-06 -2.87716566e-08  9.75979851e-10]:[1.42437973e+11 3.35440043e+10]
[-8.36872598e-02 -2.16041743e-12 -3.12507032e-13  4.44954623e-11 -1.65647333e-10 -9.04584771e-16  8.34465383e-16  4.04097285e-05 -1.81065590e-06 -2.89756467e-08  9.78259646e-10]:[1.67669640e+11 2.99868366e+10]
[-8.37038214e-02 -2.14917655e-12 -3.12819578e-13  4.45076442e-11 -1.65325553e-10 -9.00999614e-16  8.33259618e-16  4.05231303e-05 -1.81224703e-06 -2.87879327e-08  9.75956883e-10]:[1.41493680e+11 3.54413752e+10]
[-8.41847993e-02 -2.17993466e-12 -3.11613267e-13  4.37238270e-11 -1.65293411e-10 -9.11961949e-16  8.33116485e-16  4.04295064e-05 -1.81247497e-06 -2.89439514e-08  9.77874442e-10]:[1.69831510e+11 2.99428309e+10]
[-8.37024022e-02 -2.15940340e-12 -3.12727355e-13  4.44507032e-11 -1.64537684e-10 -9.01510390e-16  8.33761293e-16  4.01158751e-05 -1.81112990e-06 -2.87932339e-08  9.76278918e-10]:[1.74103286e+11 2.96846335e+10]
[-8.36881279e-02 -2.16914100e-12 -3.11925631e-13  4.44707964e-11 -1.61062869e-10 -9.04858366e-16  8.36607392e-16  4.02552010e-05 -1.81058100e-06 -2.90875932e-08  9.82046806e-10]:[1.75511113e+11 3.00013860e+10]
[-8.36878499e-02 -2.19519901e-12 -3.11901809e-13  4.43626284e-11 -1.63168426e-10 -8.99843283e-16  8.33131999e-16  4.03129740e-05 -1.80530898e-06 -2.90621163e-08  9.79899187e-10]:[1.65449485e+11 3.28349628e+10]
[-8.36977804e-02 -2.24117120e-12 -3.11895221e-13  4.43203611e-11 -1.63637731e-10 -8.99213284e-16  8.28356034e-16  4.03211985e-05 -1.80438405e-06 -2.90128958e-08  9.76124208e-10]:[1.81446966e+11 2.96657538e+10]
