Generating Population from
[-5.90598238e-02 -1.48283638e-12 -2.29343426e-13  4.60875761e-11 -1.68374384e-10 -1.89485688e-15  8.49303337e-16  2.29183681e-05 -2.08431750e-06 -1.59151165e-08  1.00121561e-09]
[ 3.85171780e-02 -1.49626745e-12 -2.22192537e-13  4.58948777e-11 -1.67475427e-10 -1.80791290e-15  8.53140135e-16  2.37048317e-05 -2.08859830e-06 -1.63502270e-08  9.96755027e-10]
*******************************
***iteration: 0 Population is***
*******************************
Population scores:
118:[8.86226394e+10 2.11529242e+11]:[-5.90598238e-02 -1.48283638e-12 -2.29343426e-13  4.60875761e-11 -1.68374384e-10 -1.89485688e-15  8.49303337e-16  2.29183681e-05 -2.08431750e-06 -1.59151165e-08  1.00121561e-09]:11.343194851926972
91:[1.77895525e+11 2.27639440e+11]:[ 3.85171780e-02 -1.49626745e-12 -2.22192537e-13  4.58948777e-11 -1.67475427e-10 -1.80791290e-15  8.53140135e-16  2.37048317e-05 -2.08859830e-06 -1.63502270e-08  9.96755027e-10]:11.389925865461539
445:[7.41750086e+11 8.14675023e+11]:[-5.84377748e-02 -1.41493021e-12 -2.34722265e-13  4.62883561e-11 -1.76292810e-10 -1.88732834e-15  8.42482610e-16  2.31767667e-05 -2.10205093e-06 -1.67519123e-08  9.96132437e-10]:11.948828492212122
448:[8.44093901e+11 9.88299098e+11]:[ 3.93197950e-02 -1.52862790e-12 -2.17557995e-13  4.54870110e-11 -1.58633887e-10 -1.83727087e-15  8.52273739e-16  2.32614648e-05 -2.14612817e-06 -1.64355679e-08  1.00376442e-09]:12.030481717286039
447:[2.18327765e+11 1.19790455e+12]:[ 3.91043102e-02 -1.47946663e-12 -2.23425553e-13  4.59800932e-11 -1.75754538e-10 -1.72073711e-15  8.49424993e-16  2.44924212e-05 -2.05075902e-06 -1.56676171e-08  9.97566029e-10]:12.086266315360014
444:[3.04041976e+12 4.14978190e+12]:[-5.83756979e-02 -1.51612983e-12 -2.33223170e-13  4.53374247e-11 -1.76407057e-10 -1.87307135e-15  8.56935245e-16  2.29472746e-05 -2.13945277e-06 -1.54641166e-08  9.46006169e-10]:12.64873303874995
449:[6.83870676e+12 9.28251380e+12]:[ 3.02572178e-02 -1.19077917e-12 -2.24342565e-13  5.30116834e-11 -2.52843315e-10 -1.52923718e-15  7.87191342e-16  2.64468773e-05 -2.68024310e-06 -1.04101026e-08  1.00325612e-09]:12.998537637200501
446:[4.76321564e+13 9.85471907e+13]:[-5.33117459e-02 -2.28020646e-12 -2.27576747e-13  4.16078373e-11 -1.44735089e-10 -1.98894037e-15  9.44580250e-16  2.88873695e-05 -2.21994669e-06 -2.04898337e-08  1.43977472e-09]:14.014144069608475
Selected: [1 0]
***************
***CROSSOVER***
***************
Population scores:
118:[8.86226394e+10 2.11529242e+11]:[-5.90598238e-02 -1.48283638e-12 -2.29343426e-13  4.60875761e-11 -1.68374384e-10 -1.89485688e-15  8.49303337e-16  2.29183681e-05 -2.08431750e-06 -1.59151165e-08  1.00121561e-09]:11.343194851926972
91:[1.77895525e+11 2.27639440e+11]:[ 3.85171780e-02 -1.49626745e-12 -2.22192537e-13  4.58948777e-11 -1.67475427e-10 -1.80791290e-15  8.53140135e-16  2.37048317e-05 -2.08859830e-06 -1.63502270e-08  9.96755027e-10]:11.389925865461539
&&&&&&&&&&&&&&&&&&&&&&&&
&&TOURNAMENT SELECTION&&
&&&&&&&&&&&&&&&&&&&&&&&&
parents:
[ 3.85171780e-02 -1.49626745e-12 -2.22192537e-13  4.58948777e-11 -1.67475427e-10 -1.80791290e-15  8.53140135e-16  2.37048317e-05 -2.08859830e-06 -1.63502270e-08  9.96755027e-10]
[-5.90598238e-02 -1.48283638e-12 -2.29343426e-13  4.60875761e-11 -1.68374384e-10 -1.89485688e-15  8.49303337e-16  2.29183681e-05 -2.08431750e-06 -1.59151165e-08  1.00121561e-09]
children:
[-3.52657300e-02 -1.49158489e-12 -2.21725772e-13  4.60883993e-11 -1.68067776e-10 -1.88241930e-15  8.49263585e-16  2.37203411e-05 -2.08782712e-06 -1.59006138e-08  9.98492777e-10]
[ 6.94231910e-03 -1.48789724e-12 -2.22767770e-13  4.58804836e-11 -1.68164878e-10 -1.82205603e-15  8.51405623e-16  2.33137153e-05 -2.08898893e-06 -1.58742980e-08  9.98711919e-10]
Population scores:
451:[7.3014396e+10 2.1234078e+11]:[ 6.94231910e-03 -1.48789724e-12 -2.22767770e-13  4.58804836e-11 -1.68164878e-10 -1.82205603e-15  8.51405623e-16  2.33137153e-05 -2.08898893e-06 -1.58742980e-08  9.98711919e-10]:11.34171582392319
118:[8.86226394e+10 2.11529242e+11]:[-5.90598238e-02 -1.48283638e-12 -2.29343426e-13  4.60875761e-11 -1.68374384e-10 -1.89485688e-15  8.49303337e-16  2.29183681e-05 -2.08431750e-06 -1.59151165e-08  1.00121561e-09]:11.343194851926972
450:[5.86362817e+10 2.16312182e+11]:[-3.52657300e-02 -1.49158489e-12 -2.21725772e-13  4.60883993e-11 -1.68067776e-10 -1.88241930e-15  8.49263585e-16  2.37203411e-05 -2.08782712e-06 -1.59006138e-08  9.98492777e-10]:11.346696773083584
91:[1.77895525e+11 2.27639440e+11]:[ 3.85171780e-02 -1.49626745e-12 -2.22192537e-13  4.58948777e-11 -1.67475427e-10 -1.80791290e-15  8.53140135e-16  2.37048317e-05 -2.08859830e-06 -1.63502270e-08  9.96755027e-10]:11.389925865461539
Selected for new population:
[ 6.94231910e-03 -1.48789724e-12 -2.22767770e-13  4.58804836e-11 -1.68164878e-10 -1.82205603e-15  8.51405623e-16  2.33137153e-05 -2.08898893e-06 -1.58742980e-08  9.98711919e-10]
[-5.90598238e-02 -1.48283638e-12 -2.29343426e-13  4.60875761e-11 -1.68374384e-10 -1.89485688e-15  8.49303337e-16  2.29183681e-05 -2.08431750e-06 -1.59151165e-08  1.00121561e-09]
Selected: [0 1]
***************
***CROSSOVER***
***************
Population scores:
118:[8.86226394e+10 2.11529242e+11]:[-5.90598238e-02 -1.48283638e-12 -2.29343426e-13  4.60875761e-11 -1.68374384e-10 -1.89485688e-15  8.49303337e-16  2.29183681e-05 -2.08431750e-06 -1.59151165e-08  1.00121561e-09]:11.343194851926972
91:[1.77895525e+11 2.27639440e+11]:[ 3.85171780e-02 -1.49626745e-12 -2.22192537e-13  4.58948777e-11 -1.67475427e-10 -1.80791290e-15  8.53140135e-16  2.37048317e-05 -2.08859830e-06 -1.63502270e-08  9.96755027e-10]:11.389925865461539
&&&&&&&&&&&&&&&&&&&&&&&&
&&TOURNAMENT SELECTION&&
&&&&&&&&&&&&&&&&&&&&&&&&
parents:
[-5.90598238e-02 -1.48283638e-12 -2.29343426e-13  4.60875761e-11 -1.68374384e-10 -1.89485688e-15  8.49303337e-16  2.29183681e-05 -2.08431750e-06 -1.59151165e-08  1.00121561e-09]
[ 3.85171780e-02 -1.49626745e-12 -2.22192537e-13  4.58948777e-11 -1.67475427e-10 -1.80791290e-15  8.53140135e-16  2.37048317e-05 -2.08859830e-06 -1.63502270e-08  9.96755027e-10]
children:
[-4.10485345e-02 -1.48853954e-12 -2.24791538e-13  4.60575058e-11 -1.67495551e-10 -1.87297348e-15  8.49088882e-16  2.35468815e-05 -2.08798206e-06 -1.58739241e-08  1.00031834e-09]
[ 2.20019711e-03 -1.48318011e-12 -2.27998955e-13  4.59201373e-11 -1.67825996e-10 -1.85443661e-15  8.49389633e-16  2.35410697e-05 -2.08609630e-06 -1.61483709e-08  9.98709975e-10]
Population scores:
453:[1.09433827e+11 2.02062447e+11]:[ 2.20019711e-03 -1.48318011e-12 -2.27998955e-13  4.59201373e-11 -1.67825996e-10 -1.85443661e-15  8.49389633e-16  2.35410697e-05 -2.08609630e-06 -1.61483709e-08  9.98709975e-10]:11.328391489627572
118:[8.86226394e+10 2.11529242e+11]:[-5.90598238e-02 -1.48283638e-12 -2.29343426e-13  4.60875761e-11 -1.68374384e-10 -1.89485688e-15  8.49303337e-16  2.29183681e-05 -2.08431750e-06 -1.59151165e-08  1.00121561e-09]:11.343194851926972
452:[4.91743225e+10 2.28480883e+11]:[-4.10485345e-02 -1.48853954e-12 -2.24791538e-13  4.60575058e-11 -1.67495551e-10 -1.87297348e-15  8.49088882e-16  2.35468815e-05 -2.08798206e-06 -1.58739241e-08  1.00031834e-09]:11.3680977169502
91:[1.77895525e+11 2.27639440e+11]:[ 3.85171780e-02 -1.49626745e-12 -2.22192537e-13  4.58948777e-11 -1.67475427e-10 -1.80791290e-15  8.53140135e-16  2.37048317e-05 -2.08859830e-06 -1.63502270e-08  9.96755027e-10]:11.389925865461539
Selected for new population:
[ 2.20019711e-03 -1.48318011e-12 -2.27998955e-13  4.59201373e-11 -1.67825996e-10 -1.85443661e-15  8.49389633e-16  2.35410697e-05 -2.08609630e-06 -1.61483709e-08  9.98709975e-10]
[-5.90598238e-02 -1.48283638e-12 -2.29343426e-13  4.60875761e-11 -1.68374384e-10 -1.89485688e-15  8.49303337e-16  2.29183681e-05 -2.08431750e-06 -1.59151165e-08  1.00121561e-09]
Selected: [1 0]
***************
***CROSSOVER***
***************
Population scores:
118:[8.86226394e+10 2.11529242e+11]:[-5.90598238e-02 -1.48283638e-12 -2.29343426e-13  4.60875761e-11 -1.68374384e-10 -1.89485688e-15  8.49303337e-16  2.29183681e-05 -2.08431750e-06 -1.59151165e-08  1.00121561e-09]:11.343194851926972
91:[1.77895525e+11 2.27639440e+11]:[ 3.85171780e-02 -1.49626745e-12 -2.22192537e-13  4.58948777e-11 -1.67475427e-10 -1.80791290e-15  8.53140135e-16  2.37048317e-05 -2.08859830e-06 -1.63502270e-08  9.96755027e-10]:11.389925865461539
&&&&&&&&&&&&&&&&&&&&&&&&
&&TOURNAMENT SELECTION&&
&&&&&&&&&&&&&&&&&&&&&&&&
parents:
[ 3.85171780e-02 -1.49626745e-12 -2.22192537e-13  4.58948777e-11 -1.67475427e-10 -1.80791290e-15  8.53140135e-16  2.37048317e-05 -2.08859830e-06 -1.63502270e-08  9.96755027e-10]
[-5.90598238e-02 -1.48283638e-12 -2.29343426e-13  4.60875761e-11 -1.68374384e-10 -1.89485688e-15  8.49303337e-16  2.29183681e-05 -2.08431750e-06 -1.59151165e-08  1.00121561e-09]
children:
[ 1.31957786e-02 -1.49230728e-12 -2.27198528e-13  4.58877703e-11 -1.68250310e-10 -1.84457657e-15  8.52316485e-16  2.36702279e-05 -2.08743156e-06 -1.63899904e-08  9.99132361e-10]
[-6.52376506e-02 -1.49052848e-12 -2.27753567e-13  4.59205158e-11 -1.67690237e-10 -1.87611975e-15  8.49560365e-16  2.37514488e-05 -2.08492046e-06 -1.63788592e-08  1.00016736e-09]
Population scores:
455:[1.29338594e+11 2.01517927e+11]:[-6.52376506e-02 -1.49052848e-12 -2.27753567e-13  4.59205158e-11 -1.67690237e-10 -1.87611975e-15  8.49560365e-16  2.37514488e-05 -2.08492046e-06 -1.63788592e-08  1.00016736e-09]:11.331329668229587
118:[8.86226394e+10 2.11529242e+11]:[-5.90598238e-02 -1.48283638e-12 -2.29343426e-13  4.60875761e-11 -1.68374384e-10 -1.89485688e-15  8.49303337e-16  2.29183681e-05 -2.08431750e-06 -1.59151165e-08  1.00121561e-09]:11.343194851926972
454:[1.63484758e+11 2.18253587e+11]:[ 1.31957786e-02 -1.49230728e-12 -2.27198528e-13  4.58877703e-11 -1.68250310e-10 -1.84457657e-15  8.52316485e-16  2.36702279e-05 -2.08743156e-06 -1.63899904e-08  9.99132361e-10]:11.370331825716812
91:[1.77895525e+11 2.27639440e+11]:[ 3.85171780e-02 -1.49626745e-12 -2.22192537e-13  4.58948777e-11 -1.67475427e-10 -1.80791290e-15  8.53140135e-16  2.37048317e-05 -2.08859830e-06 -1.63502270e-08  9.96755027e-10]:11.389925865461539
Selected for new population:
[-6.52376506e-02 -1.49052848e-12 -2.27753567e-13  4.59205158e-11 -1.67690237e-10 -1.87611975e-15  8.49560365e-16  2.37514488e-05 -2.08492046e-06 -1.63788592e-08  1.00016736e-09]
[-5.90598238e-02 -1.48283638e-12 -2.29343426e-13  4.60875761e-11 -1.68374384e-10 -1.89485688e-15  8.49303337e-16  2.29183681e-05 -2.08431750e-06 -1.59151165e-08  1.00121561e-09]
Selected: [1 0]
***************
***CROSSOVER***
***************
Population scores:
118:[8.86226394e+10 2.11529242e+11]:[-5.90598238e-02 -1.48283638e-12 -2.29343426e-13  4.60875761e-11 -1.68374384e-10 -1.89485688e-15  8.49303337e-16  2.29183681e-05 -2.08431750e-06 -1.59151165e-08  1.00121561e-09]:11.343194851926972
91:[1.77895525e+11 2.27639440e+11]:[ 3.85171780e-02 -1.49626745e-12 -2.22192537e-13  4.58948777e-11 -1.67475427e-10 -1.80791290e-15  8.53140135e-16  2.37048317e-05 -2.08859830e-06 -1.63502270e-08  9.96755027e-10]:11.389925865461539
&&&&&&&&&&&&&&&&&&&&&&&&
&&TOURNAMENT SELECTION&&
&&&&&&&&&&&&&&&&&&&&&&&&
parents:
[ 3.85171780e-02 -1.49626745e-12 -2.22192537e-13  4.58948777e-11 -1.67475427e-10 -1.80791290e-15  8.53140135e-16  2.37048317e-05 -2.08859830e-06 -1.63502270e-08  9.96755027e-10]
[-5.90598238e-02 -1.48283638e-12 -2.29343426e-13  4.60875761e-11 -1.68374384e-10 -1.89485688e-15  8.49303337e-16  2.29183681e-05 -2.08431750e-06 -1.59151165e-08  1.00121561e-09]
children:
[ 3.06771562e-02 -1.48962684e-12 -2.22917404e-13  4.58994703e-11 -1.68167143e-10 -1.80796912e-15  8.50197505e-16  2.36390256e-05 -2.08811178e-06 -1.62727890e-08  9.99639323e-10]
[ 2.74297177e-02 -1.49651586e-12 -2.26305547e-13  4.59105572e-11 -1.67654543e-10 -1.89810694e-15  8.48963617e-16  2.30880256e-05 -2.08886337e-06 -1.61856346e-08  1.00141214e-09]
Population scores:
456:[1.15038521e+11 2.05436230e+11]:[ 3.06771562e-02 -1.48962684e-12 -2.22917404e-13  4.58994703e-11 -1.68167143e-10 -1.80796912e-15  8.50197505e-16  2.36390256e-05 -2.08811178e-06 -1.62727890e-08  9.99639323e-10]:11.336339799530915
118:[8.86226394e+10 2.11529242e+11]:[-5.90598238e-02 -1.48283638e-12 -2.29343426e-13  4.60875761e-11 -1.68374384e-10 -1.89485688e-15  8.49303337e-16  2.29183681e-05 -2.08431750e-06 -1.59151165e-08  1.00121561e-09]:11.343194851926972
91:[1.77895525e+11 2.27639440e+11]:[ 3.85171780e-02 -1.49626745e-12 -2.22192537e-13  4.58948777e-11 -1.67475427e-10 -1.80791290e-15  8.53140135e-16  2.37048317e-05 -2.08859830e-06 -1.63502270e-08  9.96755027e-10]:11.389925865461539
457:[1.72252131e+11 2.29324403e+11]:[ 2.74297177e-02 -1.49651586e-12 -2.26305547e-13  4.59105572e-11 -1.67654543e-10 -1.89810694e-15  8.48963617e-16  2.30880256e-05 -2.08886337e-06 -1.61856346e-08  1.00141214e-09]:11.391904329823593
Selected for new population:
[ 3.06771562e-02 -1.48962684e-12 -2.22917404e-13  4.58994703e-11 -1.68167143e-10 -1.80796912e-15  8.50197505e-16  2.36390256e-05 -2.08811178e-06 -1.62727890e-08  9.99639323e-10]
[-5.90598238e-02 -1.48283638e-12 -2.29343426e-13  4.60875761e-11 -1.68374384e-10 -1.89485688e-15  8.49303337e-16  2.29183681e-05 -2.08431750e-06 -1.59151165e-08  1.00121561e-09]
Population scores:
453:[1.09433827e+11 2.02062447e+11]:[ 2.20019711e-03 -1.48318011e-12 -2.27998955e-13  4.59201373e-11 -1.67825996e-10 -1.85443661e-15  8.49389633e-16  2.35410697e-05 -2.08609630e-06 -1.61483709e-08  9.98709975e-10]:11.328391489627572
455:[1.29338594e+11 2.01517927e+11]:[-6.52376506e-02 -1.49052848e-12 -2.27753567e-13  4.59205158e-11 -1.67690237e-10 -1.87611975e-15  8.49560365e-16  2.37514488e-05 -2.08492046e-06 -1.63788592e-08  1.00016736e-09]:11.331329668229587
456:[1.15038521e+11 2.05436230e+11]:[ 3.06771562e-02 -1.48962684e-12 -2.22917404e-13  4.58994703e-11 -1.68167143e-10 -1.80796912e-15  8.50197505e-16  2.36390256e-05 -2.08811178e-06 -1.62727890e-08  9.99639323e-10]:11.336339799530915
451:[7.3014396e+10 2.1234078e+11]:[ 6.94231910e-03 -1.48789724e-12 -2.22767770e-13  4.58804836e-11 -1.68164878e-10 -1.82205603e-15  8.51405623e-16  2.33137153e-05 -2.08898893e-06 -1.58742980e-08  9.98711919e-10]:11.34171582392319
118:[8.86226394e+10 2.11529242e+11]:[-5.90598238e-02 -1.48283638e-12 -2.29343426e-13  4.60875761e-11 -1.68374384e-10 -1.89485688e-15  8.49303337e-16  2.29183681e-05 -2.08431750e-06 -1.59151165e-08  1.00121561e-09]:11.343194851926972
91:[1.77895525e+11 2.27639440e+11]:[ 3.85171780e-02 -1.49626745e-12 -2.22192537e-13  4.58948777e-11 -1.67475427e-10 -1.80791290e-15  8.53140135e-16  2.37048317e-05 -2.08859830e-06 -1.63502270e-08  9.96755027e-10]:11.389925865461539
445:[7.41750086e+11 8.14675023e+11]:[-5.84377748e-02 -1.41493021e-12 -2.34722265e-13  4.62883561e-11 -1.76292810e-10 -1.88732834e-15  8.42482610e-16  2.31767667e-05 -2.10205093e-06 -1.67519123e-08  9.96132437e-10]:11.948828492212122
448:[8.44093901e+11 9.88299098e+11]:[ 3.93197950e-02 -1.52862790e-12 -2.17557995e-13  4.54870110e-11 -1.58633887e-10 -1.83727087e-15  8.52273739e-16  2.32614648e-05 -2.14612817e-06 -1.64355679e-08  1.00376442e-09]:12.030481717286039
447:[2.18327765e+11 1.19790455e+12]:[ 3.91043102e-02 -1.47946663e-12 -2.23425553e-13  4.59800932e-11 -1.75754538e-10 -1.72073711e-15  8.49424993e-16  2.44924212e-05 -2.05075902e-06 -1.56676171e-08  9.97566029e-10]:12.086266315360014
444:[3.04041976e+12 4.14978190e+12]:[-5.83756979e-02 -1.51612983e-12 -2.33223170e-13  4.53374247e-11 -1.76407057e-10 -1.87307135e-15  8.56935245e-16  2.29472746e-05 -2.13945277e-06 -1.54641166e-08  9.46006169e-10]:12.64873303874995
449:[6.83870676e+12 9.28251380e+12]:[ 3.02572178e-02 -1.19077917e-12 -2.24342565e-13  5.30116834e-11 -2.52843315e-10 -1.52923718e-15  7.87191342e-16  2.64468773e-05 -2.68024310e-06 -1.04101026e-08  1.00325612e-09]:12.998537637200501
446:[4.76321564e+13 9.85471907e+13]:[-5.33117459e-02 -2.28020646e-12 -2.27576747e-13  4.16078373e-11 -1.44735089e-10 -1.98894037e-15  9.44580250e-16  2.88873695e-05 -2.21994669e-06 -2.04898337e-08  1.43977472e-09]:14.014144069608475
*******************************
***iteration: 1 Population is***
*******************************
Population scores:
453:[1.09433827e+11 2.02062447e+11]:[ 2.20019711e-03 -1.48318011e-12 -2.27998955e-13  4.59201373e-11 -1.67825996e-10 -1.85443661e-15  8.49389633e-16  2.35410697e-05 -2.08609630e-06 -1.61483709e-08  9.98709975e-10]:11.328391489627572
455:[1.29338594e+11 2.01517927e+11]:[-6.52376506e-02 -1.49052848e-12 -2.27753567e-13  4.59205158e-11 -1.67690237e-10 -1.87611975e-15  8.49560365e-16  2.37514488e-05 -2.08492046e-06 -1.63788592e-08  1.00016736e-09]:11.331329668229587
456:[1.15038521e+11 2.05436230e+11]:[ 3.06771562e-02 -1.48962684e-12 -2.22917404e-13  4.58994703e-11 -1.68167143e-10 -1.80796912e-15  8.50197505e-16  2.36390256e-05 -2.08811178e-06 -1.62727890e-08  9.99639323e-10]:11.336339799530915
451:[7.3014396e+10 2.1234078e+11]:[ 6.94231910e-03 -1.48789724e-12 -2.22767770e-13  4.58804836e-11 -1.68164878e-10 -1.82205603e-15  8.51405623e-16  2.33137153e-05 -2.08898893e-06 -1.58742980e-08  9.98711919e-10]:11.34171582392319
118:[8.86226394e+10 2.11529242e+11]:[-5.90598238e-02 -1.48283638e-12 -2.29343426e-13  4.60875761e-11 -1.68374384e-10 -1.89485688e-15  8.49303337e-16  2.29183681e-05 -2.08431750e-06 -1.59151165e-08  1.00121561e-09]:11.343194851926972
91:[1.77895525e+11 2.27639440e+11]:[ 3.85171780e-02 -1.49626745e-12 -2.22192537e-13  4.58948777e-11 -1.67475427e-10 -1.80791290e-15  8.53140135e-16  2.37048317e-05 -2.08859830e-06 -1.63502270e-08  9.96755027e-10]:11.389925865461539
445:[7.41750086e+11 8.14675023e+11]:[-5.84377748e-02 -1.41493021e-12 -2.34722265e-13  4.62883561e-11 -1.76292810e-10 -1.88732834e-15  8.42482610e-16  2.31767667e-05 -2.10205093e-06 -1.67519123e-08  9.96132437e-10]:11.948828492212122
448:[8.44093901e+11 9.88299098e+11]:[ 3.93197950e-02 -1.52862790e-12 -2.17557995e-13  4.54870110e-11 -1.58633887e-10 -1.83727087e-15  8.52273739e-16  2.32614648e-05 -2.14612817e-06 -1.64355679e-08  1.00376442e-09]:12.030481717286039
Selected: [3 0]
***************
***CROSSOVER***
***************
Population scores:
453:[1.09433827e+11 2.02062447e+11]:[ 2.20019711e-03 -1.48318011e-12 -2.27998955e-13  4.59201373e-11 -1.67825996e-10 -1.85443661e-15  8.49389633e-16  2.35410697e-05 -2.08609630e-06 -1.61483709e-08  9.98709975e-10]:11.328391489627572
451:[7.3014396e+10 2.1234078e+11]:[ 6.94231910e-03 -1.48789724e-12 -2.22767770e-13  4.58804836e-11 -1.68164878e-10 -1.82205603e-15  8.51405623e-16  2.33137153e-05 -2.08898893e-06 -1.58742980e-08  9.98711919e-10]:11.34171582392319
&&&&&&&&&&&&&&&&&&&&&&&&
&&TOURNAMENT SELECTION&&
&&&&&&&&&&&&&&&&&&&&&&&&
parents:
[ 6.94231910e-03 -1.48789724e-12 -2.22767770e-13  4.58804836e-11 -1.68164878e-10 -1.82205603e-15  8.51405623e-16  2.33137153e-05 -2.08898893e-06 -1.58742980e-08  9.98711919e-10]
[ 2.20019711e-03 -1.48318011e-12 -2.27998955e-13  4.59201373e-11 -1.67825996e-10 -1.85443661e-15  8.49389633e-16  2.35410697e-05 -2.08609630e-06 -1.61483709e-08  9.98709975e-10]
children:
[ 7.26241314e-03 -1.48755889e-12 -2.27676086e-13  4.58898558e-11 -1.68041862e-10 -1.83119012e-15  8.51035921e-16  2.33039333e-05 -2.08845969e-06 -1.60730443e-08  9.98710126e-10]
[ 3.12337844e-03 -1.48408097e-12 -2.27736454e-13  4.59096233e-11 -1.67827019e-10 -1.84873928e-15  8.49261166e-16  2.33455049e-05 -2.08780597e-06 -1.60674414e-08  9.98710376e-10]
Population scores:
453:[1.09433827e+11 2.02062447e+11]:[ 2.20019711e-03 -1.48318011e-12 -2.27998955e-13  4.59201373e-11 -1.67825996e-10 -1.85443661e-15  8.49389633e-16  2.35410697e-05 -2.08609630e-06 -1.61483709e-08  9.98709975e-10]:11.328391489627572
459:[1.17573379e+11 2.07194474e+11]:[ 3.12337844e-03 -1.48408097e-12 -2.27736454e-13  4.59096233e-11 -1.67827019e-10 -1.84873928e-15  8.49261166e-16  2.33455049e-05 -2.08780597e-06 -1.60674414e-08  9.98710376e-10]:11.340348542589087
451:[7.3014396e+10 2.1234078e+11]:[ 6.94231910e-03 -1.48789724e-12 -2.22767770e-13  4.58804836e-11 -1.68164878e-10 -1.82205603e-15  8.51405623e-16  2.33137153e-05 -2.08898893e-06 -1.58742980e-08  9.98711919e-10]:11.34171582392319
458:[1.21681276e+11 2.10175009e+11]:[ 7.26241314e-03 -1.48755889e-12 -2.27676086e-13  4.58898558e-11 -1.68041862e-10 -1.83119012e-15  8.51035921e-16  2.33039333e-05 -2.08845969e-06 -1.60730443e-08  9.98710126e-10]:11.347023728011658
Selected for new population:
[ 2.20019711e-03 -1.48318011e-12 -2.27998955e-13  4.59201373e-11 -1.67825996e-10 -1.85443661e-15  8.49389633e-16  2.35410697e-05 -2.08609630e-06 -1.61483709e-08  9.98709975e-10]
[ 3.12337844e-03 -1.48408097e-12 -2.27736454e-13  4.59096233e-11 -1.67827019e-10 -1.84873928e-15  8.49261166e-16  2.33455049e-05 -2.08780597e-06 -1.60674414e-08  9.98710376e-10]
Selected: [5 4]
***************
***CROSSOVER***
***************
Population scores:
118:[8.86226394e+10 2.11529242e+11]:[-5.90598238e-02 -1.48283638e-12 -2.29343426e-13  4.60875761e-11 -1.68374384e-10 -1.89485688e-15  8.49303337e-16  2.29183681e-05 -2.08431750e-06 -1.59151165e-08  1.00121561e-09]:11.343194851926972
91:[1.77895525e+11 2.27639440e+11]:[ 3.85171780e-02 -1.49626745e-12 -2.22192537e-13  4.58948777e-11 -1.67475427e-10 -1.80791290e-15  8.53140135e-16  2.37048317e-05 -2.08859830e-06 -1.63502270e-08  9.96755027e-10]:11.389925865461539
&&&&&&&&&&&&&&&&&&&&&&&&
&&TOURNAMENT SELECTION&&
&&&&&&&&&&&&&&&&&&&&&&&&
parents:
[ 3.85171780e-02 -1.49626745e-12 -2.22192537e-13  4.58948777e-11 -1.67475427e-10 -1.80791290e-15  8.53140135e-16  2.37048317e-05 -2.08859830e-06 -1.63502270e-08  9.96755027e-10]
[-5.90598238e-02 -1.48283638e-12 -2.29343426e-13  4.60875761e-11 -1.68374384e-10 -1.89485688e-15  8.49303337e-16  2.29183681e-05 -2.08431750e-06 -1.59151165e-08  1.00121561e-09]
children:
[ 2.84511166e-02 -1.49516029e-12 -2.29720461e-13  4.60025936e-11 -1.67675956e-10 -1.85037279e-15  8.53434575e-16  2.28760984e-05 -2.08596075e-06 -1.61458036e-08  1.00007300e-09]
[-7.47845556e-03 -1.48772252e-12 -2.23804852e-13  4.58830670e-11 -1.68332536e-10 -1.82375225e-15  8.51367090e-16  2.36013759e-05 -2.08544013e-06 -1.62286405e-08  9.98338988e-10]
Population scores:
461:[1.14875317e+11 2.03214294e+11]:[-7.47845556e-03 -1.48772252e-12 -2.23804852e-13  4.58830670e-11 -1.68332536e-10 -1.82375225e-15  8.51367090e-16  2.36013759e-05 -2.08544013e-06 -1.62286405e-08  9.98338988e-10]:11.331835736669374
118:[8.86226394e+10 2.11529242e+11]:[-5.90598238e-02 -1.48283638e-12 -2.29343426e-13  4.60875761e-11 -1.68374384e-10 -1.89485688e-15  8.49303337e-16  2.29183681e-05 -2.08431750e-06 -1.59151165e-08  1.00121561e-09]:11.343194851926972
91:[1.77895525e+11 2.27639440e+11]:[ 3.85171780e-02 -1.49626745e-12 -2.22192537e-13  4.58948777e-11 -1.67475427e-10 -1.80791290e-15  8.53140135e-16  2.37048317e-05 -2.08859830e-06 -1.63502270e-08  9.96755027e-10]:11.389925865461539
460:[1.70384843e+11 2.35574689e+11]:[ 2.84511166e-02 -1.49516029e-12 -2.29720461e-13  4.60025936e-11 -1.67675956e-10 -1.85037279e-15  8.53434575e-16  2.28760984e-05 -2.08596075e-06 -1.61458036e-08  1.00007300e-09]:11.402455993962924
Selected for new population:
[-7.47845556e-03 -1.48772252e-12 -2.23804852e-13  4.58830670e-11 -1.68332536e-10 -1.82375225e-15  8.51367090e-16  2.36013759e-05 -2.08544013e-06 -1.62286405e-08  9.98338988e-10]
[-5.90598238e-02 -1.48283638e-12 -2.29343426e-13  4.60875761e-11 -1.68374384e-10 -1.89485688e-15  8.49303337e-16  2.29183681e-05 -2.08431750e-06 -1.59151165e-08  1.00121561e-09]
Selected: [2 1]
***************
***CROSSOVER***
***************
Population scores:
455:[1.29338594e+11 2.01517927e+11]:[-6.52376506e-02 -1.49052848e-12 -2.27753567e-13  4.59205158e-11 -1.67690237e-10 -1.87611975e-15  8.49560365e-16  2.37514488e-05 -2.08492046e-06 -1.63788592e-08  1.00016736e-09]:11.331329668229587
456:[1.15038521e+11 2.05436230e+11]:[ 3.06771562e-02 -1.48962684e-12 -2.22917404e-13  4.58994703e-11 -1.68167143e-10 -1.80796912e-15  8.50197505e-16  2.36390256e-05 -2.08811178e-06 -1.62727890e-08  9.99639323e-10]:11.336339799530915
&&&&&&&&&&&&&&&&&&&&&&&&
&&TOURNAMENT SELECTION&&
&&&&&&&&&&&&&&&&&&&&&&&&
parents:
[ 3.06771562e-02 -1.48962684e-12 -2.22917404e-13  4.58994703e-11 -1.68167143e-10 -1.80796912e-15  8.50197505e-16  2.36390256e-05 -2.08811178e-06 -1.62727890e-08  9.99639323e-10]
[-6.52376506e-02 -1.49052848e-12 -2.27753567e-13  4.59205158e-11 -1.67690237e-10 -1.87611975e-15  8.49560365e-16  2.37514488e-05 -2.08492046e-06 -1.63788592e-08  1.00016736e-09]
children:
[-4.36457697e-02 -1.48983528e-12 -2.24471700e-13  4.59026280e-11 -1.67695541e-10 -1.86709190e-15  8.49977382e-16  2.36528397e-05 -2.08819383e-06 -1.62911671e-08  9.99635090e-10]
[-5.66726585e-02 -1.48998064e-12 -2.26847942e-13  4.59154939e-11 -1.67976682e-10 -1.88277793e-15  8.49684402e-16  2.36415011e-05 -2.08842142e-06 -1.63278966e-08  1.00016091e-09]
Population scores:
455:[1.29338594e+11 2.01517927e+11]:[-6.52376506e-02 -1.49052848e-12 -2.27753567e-13  4.59205158e-11 -1.67690237e-10 -1.87611975e-15  8.49560365e-16  2.37514488e-05 -2.08492046e-06 -1.63788592e-08  1.00016736e-09]:11.331329668229587
456:[1.15038521e+11 2.05436230e+11]:[ 3.06771562e-02 -1.48962684e-12 -2.22917404e-13  4.58994703e-11 -1.68167143e-10 -1.80796912e-15  8.50197505e-16  2.36390256e-05 -2.08811178e-06 -1.62727890e-08  9.99639323e-10]:11.336339799530915
462:[1.40728893e+11 2.07639534e+11]:[-4.36457697e-02 -1.48983528e-12 -2.24471700e-13  4.59026280e-11 -1.67695541e-10 -1.86709190e-15  8.49977382e-16  2.36528397e-05 -2.08819383e-06 -1.62911671e-08  9.99635090e-10]:11.345790029577863
463:[1.53251772e+11 2.11568302e+11]:[-5.66726585e-02 -1.48998064e-12 -2.26847942e-13  4.59154939e-11 -1.67976682e-10 -1.88277793e-15  8.49684402e-16  2.36415011e-05 -2.08842142e-06 -1.63278966e-08  1.00016091e-09]:11.355822013646195
Selected for new population:
[-6.52376506e-02 -1.49052848e-12 -2.27753567e-13  4.59205158e-11 -1.67690237e-10 -1.87611975e-15  8.49560365e-16  2.37514488e-05 -2.08492046e-06 -1.63788592e-08  1.00016736e-09]
[ 3.06771562e-02 -1.48962684e-12 -2.22917404e-13  4.58994703e-11 -1.68167143e-10 -1.80796912e-15  8.50197505e-16  2.36390256e-05 -2.08811178e-06 -1.62727890e-08  9.99639323e-10]
Selected: [4 5]
***************
***CROSSOVER***
***************
Population scores:
118:[8.86226394e+10 2.11529242e+11]:[-5.90598238e-02 -1.48283638e-12 -2.29343426e-13  4.60875761e-11 -1.68374384e-10 -1.89485688e-15  8.49303337e-16  2.29183681e-05 -2.08431750e-06 -1.59151165e-08  1.00121561e-09]:11.343194851926972
91:[1.77895525e+11 2.27639440e+11]:[ 3.85171780e-02 -1.49626745e-12 -2.22192537e-13  4.58948777e-11 -1.67475427e-10 -1.80791290e-15  8.53140135e-16  2.37048317e-05 -2.08859830e-06 -1.63502270e-08  9.96755027e-10]:11.389925865461539
&&&&&&&&&&&&&&&&&&&&&&&&
&&TOURNAMENT SELECTION&&
&&&&&&&&&&&&&&&&&&&&&&&&
parents:
[-5.90598238e-02 -1.48283638e-12 -2.29343426e-13  4.60875761e-11 -1.68374384e-10 -1.89485688e-15  8.49303337e-16  2.29183681e-05 -2.08431750e-06 -1.59151165e-08  1.00121561e-09]
[ 3.85171780e-02 -1.49626745e-12 -2.22192537e-13  4.58948777e-11 -1.67475427e-10 -1.80791290e-15  8.53140135e-16  2.37048317e-05 -2.08859830e-06 -1.63502270e-08  9.96755027e-10]
children:
[-2.13656987e-02 -1.48652437e-12 -2.22993567e-13  4.60828815e-11 -1.68036161e-10 -1.82878346e-15  8.53048400e-16  2.35339331e-05 -2.08663479e-06 -1.60166591e-08  9.96838331e-10]
[-4.01888060e-02 -1.48405882e-12 -2.29106620e-13  4.59924085e-11 -1.67698207e-10 -1.84591735e-15  8.49092587e-16  2.35374453e-05 -2.08627844e-06 -1.63280117e-08  9.98685741e-10]
Population scores:
464:[9.55759913e+10 2.02099497e+11]:[-2.13656987e-02 -1.48652437e-12 -2.22993567e-13  4.60828815e-11 -1.68036161e-10 -1.82878346e-15  8.53048400e-16  2.35339331e-05 -2.08663479e-06 -1.60166591e-08  9.96838331e-10]:11.325632833029267
118:[8.86226394e+10 2.11529242e+11]:[-5.90598238e-02 -1.48283638e-12 -2.29343426e-13  4.60875761e-11 -1.68374384e-10 -1.89485688e-15  8.49303337e-16  2.29183681e-05 -2.08431750e-06 -1.59151165e-08  1.00121561e-09]:11.343194851926972
465:[1.61279922e+11 2.18686143e+11]:[-4.01888060e-02 -1.48405882e-12 -2.29106620e-13  4.59924085e-11 -1.67698207e-10 -1.84591735e-15  8.49092587e-16  2.35374453e-05 -2.08627844e-06 -1.63280117e-08  9.98685741e-10]:11.370724236233636
91:[1.77895525e+11 2.27639440e+11]:[ 3.85171780e-02 -1.49626745e-12 -2.22192537e-13  4.58948777e-11 -1.67475427e-10 -1.80791290e-15  8.53140135e-16  2.37048317e-05 -2.08859830e-06 -1.63502270e-08  9.96755027e-10]:11.389925865461539
Selected for new population:
[-2.13656987e-02 -1.48652437e-12 -2.22993567e-13  4.60828815e-11 -1.68036161e-10 -1.82878346e-15  8.53048400e-16  2.35339331e-05 -2.08663479e-06 -1.60166591e-08  9.96838331e-10]
[-5.90598238e-02 -1.48283638e-12 -2.29343426e-13  4.60875761e-11 -1.68374384e-10 -1.89485688e-15  8.49303337e-16  2.29183681e-05 -2.08431750e-06 -1.59151165e-08  1.00121561e-09]
Population scores:
464:[9.55759913e+10 2.02099497e+11]:[-2.13656987e-02 -1.48652437e-12 -2.22993567e-13  4.60828815e-11 -1.68036161e-10 -1.82878346e-15  8.53048400e-16  2.35339331e-05 -2.08663479e-06 -1.60166591e-08  9.96838331e-10]:11.325632833029267
453:[1.09433827e+11 2.02062447e+11]:[ 2.20019711e-03 -1.48318011e-12 -2.27998955e-13  4.59201373e-11 -1.67825996e-10 -1.85443661e-15  8.49389633e-16  2.35410697e-05 -2.08609630e-06 -1.61483709e-08  9.98709975e-10]:11.328391489627572
455:[1.29338594e+11 2.01517927e+11]:[-6.52376506e-02 -1.49052848e-12 -2.27753567e-13  4.59205158e-11 -1.67690237e-10 -1.87611975e-15  8.49560365e-16  2.37514488e-05 -2.08492046e-06 -1.63788592e-08  1.00016736e-09]:11.331329668229587
461:[1.14875317e+11 2.03214294e+11]:[-7.47845556e-03 -1.48772252e-12 -2.23804852e-13  4.58830670e-11 -1.68332536e-10 -1.82375225e-15  8.51367090e-16  2.36013759e-05 -2.08544013e-06 -1.62286405e-08  9.98338988e-10]:11.331835736669374
456:[1.15038521e+11 2.05436230e+11]:[ 3.06771562e-02 -1.48962684e-12 -2.22917404e-13  4.58994703e-11 -1.68167143e-10 -1.80796912e-15  8.50197505e-16  2.36390256e-05 -2.08811178e-06 -1.62727890e-08  9.99639323e-10]:11.336339799530915
459:[1.17573379e+11 2.07194474e+11]:[ 3.12337844e-03 -1.48408097e-12 -2.27736454e-13  4.59096233e-11 -1.67827019e-10 -1.84873928e-15  8.49261166e-16  2.33455049e-05 -2.08780597e-06 -1.60674414e-08  9.98710376e-10]:11.340348542589087
451:[7.3014396e+10 2.1234078e+11]:[ 6.94231910e-03 -1.48789724e-12 -2.22767770e-13  4.58804836e-11 -1.68164878e-10 -1.82205603e-15  8.51405623e-16  2.33137153e-05 -2.08898893e-06 -1.58742980e-08  9.98711919e-10]:11.34171582392319
118:[8.86226394e+10 2.11529242e+11]:[-5.90598238e-02 -1.48283638e-12 -2.29343426e-13  4.60875761e-11 -1.68374384e-10 -1.89485688e-15  8.49303337e-16  2.29183681e-05 -2.08431750e-06 -1.59151165e-08  1.00121561e-09]:11.343194851926972
91:[1.77895525e+11 2.27639440e+11]:[ 3.85171780e-02 -1.49626745e-12 -2.22192537e-13  4.58948777e-11 -1.67475427e-10 -1.80791290e-15  8.53140135e-16  2.37048317e-05 -2.08859830e-06 -1.63502270e-08  9.96755027e-10]:11.389925865461539
445:[7.41750086e+11 8.14675023e+11]:[-5.84377748e-02 -1.41493021e-12 -2.34722265e-13  4.62883561e-11 -1.76292810e-10 -1.88732834e-15  8.42482610e-16  2.31767667e-05 -2.10205093e-06 -1.67519123e-08  9.96132437e-10]:11.948828492212122
448:[8.44093901e+11 9.88299098e+11]:[ 3.93197950e-02 -1.52862790e-12 -2.17557995e-13  4.54870110e-11 -1.58633887e-10 -1.83727087e-15  8.52273739e-16  2.32614648e-05 -2.14612817e-06 -1.64355679e-08  1.00376442e-09]:12.030481717286039
*******************************
***iteration: 2 Population is***
*******************************
Population scores:
464:[9.55759913e+10 2.02099497e+11]:[-2.13656987e-02 -1.48652437e-12 -2.22993567e-13  4.60828815e-11 -1.68036161e-10 -1.82878346e-15  8.53048400e-16  2.35339331e-05 -2.08663479e-06 -1.60166591e-08  9.96838331e-10]:11.325632833029267
453:[1.09433827e+11 2.02062447e+11]:[ 2.20019711e-03 -1.48318011e-12 -2.27998955e-13  4.59201373e-11 -1.67825996e-10 -1.85443661e-15  8.49389633e-16  2.35410697e-05 -2.08609630e-06 -1.61483709e-08  9.98709975e-10]:11.328391489627572
455:[1.29338594e+11 2.01517927e+11]:[-6.52376506e-02 -1.49052848e-12 -2.27753567e-13  4.59205158e-11 -1.67690237e-10 -1.87611975e-15  8.49560365e-16  2.37514488e-05 -2.08492046e-06 -1.63788592e-08  1.00016736e-09]:11.331329668229587
461:[1.14875317e+11 2.03214294e+11]:[-7.47845556e-03 -1.48772252e-12 -2.23804852e-13  4.58830670e-11 -1.68332536e-10 -1.82375225e-15  8.51367090e-16  2.36013759e-05 -2.08544013e-06 -1.62286405e-08  9.98338988e-10]:11.331835736669374
456:[1.15038521e+11 2.05436230e+11]:[ 3.06771562e-02 -1.48962684e-12 -2.22917404e-13  4.58994703e-11 -1.68167143e-10 -1.80796912e-15  8.50197505e-16  2.36390256e-05 -2.08811178e-06 -1.62727890e-08  9.99639323e-10]:11.336339799530915
459:[1.17573379e+11 2.07194474e+11]:[ 3.12337844e-03 -1.48408097e-12 -2.27736454e-13  4.59096233e-11 -1.67827019e-10 -1.84873928e-15  8.49261166e-16  2.33455049e-05 -2.08780597e-06 -1.60674414e-08  9.98710376e-10]:11.340348542589087
451:[7.3014396e+10 2.1234078e+11]:[ 6.94231910e-03 -1.48789724e-12 -2.22767770e-13  4.58804836e-11 -1.68164878e-10 -1.82205603e-15  8.51405623e-16  2.33137153e-05 -2.08898893e-06 -1.58742980e-08  9.98711919e-10]:11.34171582392319
118:[8.86226394e+10 2.11529242e+11]:[-5.90598238e-02 -1.48283638e-12 -2.29343426e-13  4.60875761e-11 -1.68374384e-10 -1.89485688e-15  8.49303337e-16  2.29183681e-05 -2.08431750e-06 -1.59151165e-08  1.00121561e-09]:11.343194851926972
Selected: [0 5]
***************
***CROSSOVER***
***************
Population scores:
464:[9.55759913e+10 2.02099497e+11]:[-2.13656987e-02 -1.48652437e-12 -2.22993567e-13  4.60828815e-11 -1.68036161e-10 -1.82878346e-15  8.53048400e-16  2.35339331e-05 -2.08663479e-06 -1.60166591e-08  9.96838331e-10]:11.325632833029267
459:[1.17573379e+11 2.07194474e+11]:[ 3.12337844e-03 -1.48408097e-12 -2.27736454e-13  4.59096233e-11 -1.67827019e-10 -1.84873928e-15  8.49261166e-16  2.33455049e-05 -2.08780597e-06 -1.60674414e-08  9.98710376e-10]:11.340348542589087
&&&&&&&&&&&&&&&&&&&&&&&&
&&TOURNAMENT SELECTION&&
&&&&&&&&&&&&&&&&&&&&&&&&
parents:
[-2.13656987e-02 -1.48652437e-12 -2.22993567e-13  4.60828815e-11 -1.68036161e-10 -1.82878346e-15  8.53048400e-16  2.35339331e-05 -2.08663479e-06 -1.60166591e-08  9.96838331e-10]
[ 3.12337844e-03 -1.48408097e-12 -2.27736454e-13  4.59096233e-11 -1.67827019e-10 -1.84873928e-15  8.49261166e-16  2.33455049e-05 -2.08780597e-06 -1.60674414e-08  9.98710376e-10]
children:
[-1.80394427e-02 -1.48400985e-12 -2.27502809e-13  4.59026919e-11 -1.67818499e-10 -1.84410689e-15  8.53302016e-16  2.35011674e-05 -2.08714741e-06 -1.60305400e-08  9.97816992e-10]
[ 9.30364099e-04 -1.48402826e-12 -2.24528213e-13  4.60053518e-11 -1.67898757e-10 -1.83448452e-15  8.51785835e-16  2.34100305e-05 -2.08762151e-06 -1.60706238e-08  9.97461832e-10]
Population scores:
464:[9.55759913e+10 2.02099497e+11]:[-2.13656987e-02 -1.48652437e-12 -2.22993567e-13  4.60828815e-11 -1.68036161e-10 -1.82878346e-15  8.53048400e-16  2.35339331e-05 -2.08663479e-06 -1.60166591e-08  9.96838331e-10]:11.325632833029267
466:[9.76695320e+10 2.02602467e+11]:[-1.80394427e-02 -1.48400985e-12 -2.27502809e-13  4.59026919e-11 -1.67818499e-10 -1.84410689e-15  8.53302016e-16  2.35011674e-05 -2.08714741e-06 -1.60305400e-08  9.97816992e-10]:11.327091981793595
459:[1.17573379e+11 2.07194474e+11]:[ 3.12337844e-03 -1.48408097e-12 -2.27736454e-13  4.59096233e-11 -1.67827019e-10 -1.84873928e-15  8.49261166e-16  2.33455049e-05 -2.08780597e-06 -1.60674414e-08  9.98710376e-10]:11.340348542589087
467:[1.22186478e+11 2.07103147e+11]:[ 9.30364099e-04 -1.48402826e-12 -2.24528213e-13  4.60053518e-11 -1.67898757e-10 -1.83448452e-15  8.51785835e-16  2.34100305e-05 -2.08762151e-06 -1.60706238e-08  9.97461832e-10]:11.341081791387078
Selected for new population:
[-2.13656987e-02 -1.48652437e-12 -2.22993567e-13  4.60828815e-11 -1.68036161e-10 -1.82878346e-15  8.53048400e-16  2.35339331e-05 -2.08663479e-06 -1.60166591e-08  9.96838331e-10]
[-1.80394427e-02 -1.48400985e-12 -2.27502809e-13  4.59026919e-11 -1.67818499e-10 -1.84410689e-15  8.53302016e-16  2.35011674e-05 -2.08714741e-06 -1.60305400e-08  9.97816992e-10]
Selected: [4 3]
***************
***CROSSOVER***
***************
Population scores:
461:[1.14875317e+11 2.03214294e+11]:[-7.47845556e-03 -1.48772252e-12 -2.23804852e-13  4.58830670e-11 -1.68332536e-10 -1.82375225e-15  8.51367090e-16  2.36013759e-05 -2.08544013e-06 -1.62286405e-08  9.98338988e-10]:11.331835736669374
456:[1.15038521e+11 2.05436230e+11]:[ 3.06771562e-02 -1.48962684e-12 -2.22917404e-13  4.58994703e-11 -1.68167143e-10 -1.80796912e-15  8.50197505e-16  2.36390256e-05 -2.08811178e-06 -1.62727890e-08  9.99639323e-10]:11.336339799530915
&&&&&&&&&&&&&&&&&&&&&&&&
&&TOURNAMENT SELECTION&&
&&&&&&&&&&&&&&&&&&&&&&&&
parents:
[ 3.06771562e-02 -1.48962684e-12 -2.22917404e-13  4.58994703e-11 -1.68167143e-10 -1.80796912e-15  8.50197505e-16  2.36390256e-05 -2.08811178e-06 -1.62727890e-08  9.99639323e-10]
[-7.47845556e-03 -1.48772252e-12 -2.23804852e-13  4.58830670e-11 -1.68332536e-10 -1.82375225e-15  8.51367090e-16  2.36013759e-05 -2.08544013e-06 -1.62286405e-08  9.98338988e-10]
children:
[ 1.50705353e-02 -1.48756272e-12 -2.23040682e-13  4.58988482e-11 -1.68338499e-10 -1.80946726e-15  8.51123791e-16  2.36390224e-05 -2.08548938e-06 -1.62678805e-08  9.99251989e-10]
[ 2.94461609e-02 -1.48836188e-12 -2.23334860e-13  4.58838153e-11 -1.68207428e-10 -1.81898679e-15  8.50754672e-16  2.36361422e-05 -2.08723523e-06 -1.62741898e-08  9.98864151e-10]
Population scores:
468:[1.04558299e+11 2.02749283e+11]:[ 1.50705353e-02 -1.48756272e-12 -2.23040682e-13  4.58988482e-11 -1.68338499e-10 -1.80946726e-15  8.51123791e-16  2.36390224e-05 -2.08548938e-06 -1.62678805e-08  9.99251989e-10]:11.32879761615327
461:[1.14875317e+11 2.03214294e+11]:[-7.47845556e-03 -1.48772252e-12 -2.23804852e-13  4.58830670e-11 -1.68332536e-10 -1.82375225e-15  8.51367090e-16  2.36013759e-05 -2.08544013e-06 -1.62286405e-08  9.98338988e-10]:11.331835736669374
456:[1.15038521e+11 2.05436230e+11]:[ 3.06771562e-02 -1.48962684e-12 -2.22917404e-13  4.58994703e-11 -1.68167143e-10 -1.80796912e-15  8.50197505e-16  2.36390256e-05 -2.08811178e-06 -1.62727890e-08  9.99639323e-10]:11.336339799530915
469:[1.25141061e+11 2.06175765e+11]:[ 2.94461609e-02 -1.48836188e-12 -2.23334860e-13  4.58838153e-11 -1.68207428e-10 -1.81898679e-15  8.50754672e-16  2.36361422e-05 -2.08723523e-06 -1.62741898e-08  9.98864151e-10]:11.339828669499688
Selected for new population:
[ 1.50705353e-02 -1.48756272e-12 -2.23040682e-13  4.58988482e-11 -1.68338499e-10 -1.80946726e-15  8.51123791e-16  2.36390224e-05 -2.08548938e-06 -1.62678805e-08  9.99251989e-10]
[-7.47845556e-03 -1.48772252e-12 -2.23804852e-13  4.58830670e-11 -1.68332536e-10 -1.82375225e-15  8.51367090e-16  2.36013759e-05 -2.08544013e-06 -1.62286405e-08  9.98338988e-10]
Selected: [4 2]
***************
***CROSSOVER***
***************
Population scores:
455:[1.29338594e+11 2.01517927e+11]:[-6.52376506e-02 -1.49052848e-12 -2.27753567e-13  4.59205158e-11 -1.67690237e-10 -1.87611975e-15  8.49560365e-16  2.37514488e-05 -2.08492046e-06 -1.63788592e-08  1.00016736e-09]:11.331329668229587
456:[1.15038521e+11 2.05436230e+11]:[ 3.06771562e-02 -1.48962684e-12 -2.22917404e-13  4.58994703e-11 -1.68167143e-10 -1.80796912e-15  8.50197505e-16  2.36390256e-05 -2.08811178e-06 -1.62727890e-08  9.99639323e-10]:11.336339799530915
&&&&&&&&&&&&&&&&&&&&&&&&
&&TOURNAMENT SELECTION&&
&&&&&&&&&&&&&&&&&&&&&&&&
parents:
[ 3.06771562e-02 -1.48962684e-12 -2.22917404e-13  4.58994703e-11 -1.68167143e-10 -1.80796912e-15  8.50197505e-16  2.36390256e-05 -2.08811178e-06 -1.62727890e-08  9.99639323e-10]
[-6.52376506e-02 -1.49052848e-12 -2.27753567e-13  4.59205158e-11 -1.67690237e-10 -1.87611975e-15  8.49560365e-16  2.37514488e-05 -2.08492046e-06 -1.63788592e-08  1.00016736e-09]
children:
[-2.48011197e-02 -1.49061859e-12 -2.28205892e-13  4.59133421e-11 -1.67693118e-10 -1.83511208e-15  8.50160944e-16  2.36576887e-05 -2.08830414e-06 -1.63447577e-08  1.00007922e-09]
[-7.91197753e-03 -1.48984377e-12 -2.26961232e-13  4.59076436e-11 -1.67714974e-10 -1.81405891e-15  8.49571262e-16  2.37196728e-05 -2.08553521e-06 -1.63304402e-08  1.00004489e-09]
Population scores:
471:[1.03472611e+11 2.01639097e+11]:[-7.91197753e-03 -1.48984377e-12 -2.26961232e-13  4.59076436e-11 -1.67714974e-10 -1.81405891e-15  8.49571262e-16  2.37196728e-05 -2.08553521e-06 -1.63304402e-08  1.00004489e-09]:11.326307913742852
455:[1.29338594e+11 2.01517927e+11]:[-6.52376506e-02 -1.49052848e-12 -2.27753567e-13  4.59205158e-11 -1.67690237e-10 -1.87611975e-15  8.49560365e-16  2.37514488e-05 -2.08492046e-06 -1.63788592e-08  1.00016736e-09]:11.331329668229587
456:[1.15038521e+11 2.05436230e+11]:[ 3.06771562e-02 -1.48962684e-12 -2.22917404e-13  4.58994703e-11 -1.68167143e-10 -1.80796912e-15  8.50197505e-16  2.36390256e-05 -2.08811178e-06 -1.62727890e-08  9.99639323e-10]:11.336339799530915
470:[1.38007720e+11 2.09700655e+11]:[-2.48011197e-02 -1.49061859e-12 -2.28205892e-13  4.59133421e-11 -1.67693118e-10 -1.83511208e-15  8.50160944e-16  2.36576887e-05 -2.08830414e-06 -1.63447577e-08  1.00007922e-09]:11.3492803004515
Selected for new population:
[-7.91197753e-03 -1.48984377e-12 -2.26961232e-13  4.59076436e-11 -1.67714974e-10 -1.81405891e-15  8.49571262e-16  2.37196728e-05 -2.08553521e-06 -1.63304402e-08  1.00004489e-09]
[-6.52376506e-02 -1.49052848e-12 -2.27753567e-13  4.59205158e-11 -1.67690237e-10 -1.87611975e-15  8.49560365e-16  2.37514488e-05 -2.08492046e-06 -1.63788592e-08  1.00016736e-09]
Selected: [5 6]
***************
***CROSSOVER***
***************
Population scores:
459:[1.17573379e+11 2.07194474e+11]:[ 3.12337844e-03 -1.48408097e-12 -2.27736454e-13  4.59096233e-11 -1.67827019e-10 -1.84873928e-15  8.49261166e-16  2.33455049e-05 -2.08780597e-06 -1.60674414e-08  9.98710376e-10]:11.340348542589087
451:[7.3014396e+10 2.1234078e+11]:[ 6.94231910e-03 -1.48789724e-12 -2.22767770e-13  4.58804836e-11 -1.68164878e-10 -1.82205603e-15  8.51405623e-16  2.33137153e-05 -2.08898893e-06 -1.58742980e-08  9.98711919e-10]:11.34171582392319
&&&&&&&&&&&&&&&&&&&&&&&&
&&TOURNAMENT SELECTION&&
&&&&&&&&&&&&&&&&&&&&&&&&
parents:
[ 3.12337844e-03 -1.48408097e-12 -2.27736454e-13  4.59096233e-11 -1.67827019e-10 -1.84873928e-15  8.49261166e-16  2.33455049e-05 -2.08780597e-06 -1.60674414e-08  9.98710376e-10]
[ 6.94231910e-03 -1.48789724e-12 -2.22767770e-13  4.58804836e-11 -1.68164878e-10 -1.82205603e-15  8.51405623e-16  2.33137153e-05 -2.08898893e-06 -1.58742980e-08  9.98711919e-10]
children:
[ 6.55725902e-03 -1.48673894e-12 -2.24062043e-13  4.59075512e-11 -1.68176042e-10 -1.83943193e-15  8.49329319e-16  2.33421393e-05 -2.08857955e-06 -1.60786573e-08  9.98710539e-10]
[ 7.22273484e-03 -1.48426270e-12 -2.24399464e-13  4.58983437e-11 -1.67988318e-10 -1.82546282e-15  8.50800993e-16  2.33354586e-05 -2.08872428e-06 -1.59023879e-08  9.98710842e-10]
Population scores:
473:[7.65970047e+10 2.10485997e+11]:[ 7.22273484e-03 -1.48426270e-12 -2.24399464e-13  4.58983437e-11 -1.67988318e-10 -1.82546282e-15  8.50800993e-16  2.33354586e-05 -2.08872428e-06 -1.59023879e-08  9.98710842e-10]:11.338746650871132
459:[1.17573379e+11 2.07194474e+11]:[ 3.12337844e-03 -1.48408097e-12 -2.27736454e-13  4.59096233e-11 -1.67827019e-10 -1.84873928e-15  8.49261166e-16  2.33455049e-05 -2.08780597e-06 -1.60674414e-08  9.98710376e-10]:11.340348542589087
451:[7.3014396e+10 2.1234078e+11]:[ 6.94231910e-03 -1.48789724e-12 -2.22767770e-13  4.58804836e-11 -1.68164878e-10 -1.82205603e-15  8.51405623e-16  2.33137153e-05 -2.08898893e-06 -1.58742980e-08  9.98711919e-10]:11.34171582392319
472:[1.22386595e+11 2.09125239e+11]:[ 6.55725902e-03 -1.48673894e-12 -2.24062043e-13  4.59075512e-11 -1.68176042e-10 -1.83943193e-15  8.49329319e-16  2.33421393e-05 -2.08857955e-06 -1.60786573e-08  9.98710539e-10]:11.345106794324668
Selected for new population:
[ 7.22273484e-03 -1.48426270e-12 -2.24399464e-13  4.58983437e-11 -1.67988318e-10 -1.82546282e-15  8.50800993e-16  2.33354586e-05 -2.08872428e-06 -1.59023879e-08  9.98710842e-10]
[ 3.12337844e-03 -1.48408097e-12 -2.27736454e-13  4.59096233e-11 -1.67827019e-10 -1.84873928e-15  8.49261166e-16  2.33455049e-05 -2.08780597e-06 -1.60674414e-08  9.98710376e-10]
Population scores:
464:[9.55759913e+10 2.02099497e+11]:[-2.13656987e-02 -1.48652437e-12 -2.22993567e-13  4.60828815e-11 -1.68036161e-10 -1.82878346e-15  8.53048400e-16  2.35339331e-05 -2.08663479e-06 -1.60166591e-08  9.96838331e-10]:11.325632833029267
471:[1.03472611e+11 2.01639097e+11]:[-7.91197753e-03 -1.48984377e-12 -2.26961232e-13  4.59076436e-11 -1.67714974e-10 -1.81405891e-15  8.49571262e-16  2.37196728e-05 -2.08553521e-06 -1.63304402e-08  1.00004489e-09]:11.326307913742852
466:[9.76695320e+10 2.02602467e+11]:[-1.80394427e-02 -1.48400985e-12 -2.27502809e-13  4.59026919e-11 -1.67818499e-10 -1.84410689e-15  8.53302016e-16  2.35011674e-05 -2.08714741e-06 -1.60305400e-08  9.97816992e-10]:11.327091981793595
453:[1.09433827e+11 2.02062447e+11]:[ 2.20019711e-03 -1.48318011e-12 -2.27998955e-13  4.59201373e-11 -1.67825996e-10 -1.85443661e-15  8.49389633e-16  2.35410697e-05 -2.08609630e-06 -1.61483709e-08  9.98709975e-10]:11.328391489627572
468:[1.04558299e+11 2.02749283e+11]:[ 1.50705353e-02 -1.48756272e-12 -2.23040682e-13  4.58988482e-11 -1.68338499e-10 -1.80946726e-15  8.51123791e-16  2.36390224e-05 -2.08548938e-06 -1.62678805e-08  9.99251989e-10]:11.32879761615327
455:[1.29338594e+11 2.01517927e+11]:[-6.52376506e-02 -1.49052848e-12 -2.27753567e-13  4.59205158e-11 -1.67690237e-10 -1.87611975e-15  8.49560365e-16  2.37514488e-05 -2.08492046e-06 -1.63788592e-08  1.00016736e-09]:11.331329668229587
461:[1.14875317e+11 2.03214294e+11]:[-7.47845556e-03 -1.48772252e-12 -2.23804852e-13  4.58830670e-11 -1.68332536e-10 -1.82375225e-15  8.51367090e-16  2.36013759e-05 -2.08544013e-06 -1.62286405e-08  9.98338988e-10]:11.331835736669374
456:[1.15038521e+11 2.05436230e+11]:[ 3.06771562e-02 -1.48962684e-12 -2.22917404e-13  4.58994703e-11 -1.68167143e-10 -1.80796912e-15  8.50197505e-16  2.36390256e-05 -2.08811178e-06 -1.62727890e-08  9.99639323e-10]:11.336339799530915
473:[7.65970047e+10 2.10485997e+11]:[ 7.22273484e-03 -1.48426270e-12 -2.24399464e-13  4.58983437e-11 -1.67988318e-10 -1.82546282e-15  8.50800993e-16  2.33354586e-05 -2.08872428e-06 -1.59023879e-08  9.98710842e-10]:11.338746650871132
459:[1.17573379e+11 2.07194474e+11]:[ 3.12337844e-03 -1.48408097e-12 -2.27736454e-13  4.59096233e-11 -1.67827019e-10 -1.84873928e-15  8.49261166e-16  2.33455049e-05 -2.08780597e-06 -1.60674414e-08  9.98710376e-10]:11.340348542589087
451:[7.3014396e+10 2.1234078e+11]:[ 6.94231910e-03 -1.48789724e-12 -2.22767770e-13  4.58804836e-11 -1.68164878e-10 -1.82205603e-15  8.51405623e-16  2.33137153e-05 -2.08898893e-06 -1.58742980e-08  9.98711919e-10]:11.34171582392319
118:[8.86226394e+10 2.11529242e+11]:[-5.90598238e-02 -1.48283638e-12 -2.29343426e-13  4.60875761e-11 -1.68374384e-10 -1.89485688e-15  8.49303337e-16  2.29183681e-05 -2.08431750e-06 -1.59151165e-08  1.00121561e-09]:11.343194851926972
*******************************
***iteration: 3 Population is***
*******************************
Population scores:
464:[9.55759913e+10 2.02099497e+11]:[-2.13656987e-02 -1.48652437e-12 -2.22993567e-13  4.60828815e-11 -1.68036161e-10 -1.82878346e-15  8.53048400e-16  2.35339331e-05 -2.08663479e-06 -1.60166591e-08  9.96838331e-10]:11.325632833029267
471:[1.03472611e+11 2.01639097e+11]:[-7.91197753e-03 -1.48984377e-12 -2.26961232e-13  4.59076436e-11 -1.67714974e-10 -1.81405891e-15  8.49571262e-16  2.37196728e-05 -2.08553521e-06 -1.63304402e-08  1.00004489e-09]:11.326307913742852
466:[9.76695320e+10 2.02602467e+11]:[-1.80394427e-02 -1.48400985e-12 -2.27502809e-13  4.59026919e-11 -1.67818499e-10 -1.84410689e-15  8.53302016e-16  2.35011674e-05 -2.08714741e-06 -1.60305400e-08  9.97816992e-10]:11.327091981793595
453:[1.09433827e+11 2.02062447e+11]:[ 2.20019711e-03 -1.48318011e-12 -2.27998955e-13  4.59201373e-11 -1.67825996e-10 -1.85443661e-15  8.49389633e-16  2.35410697e-05 -2.08609630e-06 -1.61483709e-08  9.98709975e-10]:11.328391489627572
468:[1.04558299e+11 2.02749283e+11]:[ 1.50705353e-02 -1.48756272e-12 -2.23040682e-13  4.58988482e-11 -1.68338499e-10 -1.80946726e-15  8.51123791e-16  2.36390224e-05 -2.08548938e-06 -1.62678805e-08  9.99251989e-10]:11.32879761615327
455:[1.29338594e+11 2.01517927e+11]:[-6.52376506e-02 -1.49052848e-12 -2.27753567e-13  4.59205158e-11 -1.67690237e-10 -1.87611975e-15  8.49560365e-16  2.37514488e-05 -2.08492046e-06 -1.63788592e-08  1.00016736e-09]:11.331329668229587
461:[1.14875317e+11 2.03214294e+11]:[-7.47845556e-03 -1.48772252e-12 -2.23804852e-13  4.58830670e-11 -1.68332536e-10 -1.82375225e-15  8.51367090e-16  2.36013759e-05 -2.08544013e-06 -1.62286405e-08  9.98338988e-10]:11.331835736669374
456:[1.15038521e+11 2.05436230e+11]:[ 3.06771562e-02 -1.48962684e-12 -2.22917404e-13  4.58994703e-11 -1.68167143e-10 -1.80796912e-15  8.50197505e-16  2.36390256e-05 -2.08811178e-06 -1.62727890e-08  9.99639323e-10]:11.336339799530915
Selected: [5 6]
***************
***CROSSOVER***
***************
Population scores:
455:[1.29338594e+11 2.01517927e+11]:[-6.52376506e-02 -1.49052848e-12 -2.27753567e-13  4.59205158e-11 -1.67690237e-10 -1.87611975e-15  8.49560365e-16  2.37514488e-05 -2.08492046e-06 -1.63788592e-08  1.00016736e-09]:11.331329668229587
461:[1.14875317e+11 2.03214294e+11]:[-7.47845556e-03 -1.48772252e-12 -2.23804852e-13  4.58830670e-11 -1.68332536e-10 -1.82375225e-15  8.51367090e-16  2.36013759e-05 -2.08544013e-06 -1.62286405e-08  9.98338988e-10]:11.331835736669374
&&&&&&&&&&&&&&&&&&&&&&&&
&&TOURNAMENT SELECTION&&
&&&&&&&&&&&&&&&&&&&&&&&&
parents:
[-6.52376506e-02 -1.49052848e-12 -2.27753567e-13  4.59205158e-11 -1.67690237e-10 -1.87611975e-15  8.49560365e-16  2.37514488e-05 -2.08492046e-06 -1.63788592e-08  1.00016736e-09]
[-7.47845556e-03 -1.48772252e-12 -2.23804852e-13  4.58830670e-11 -1.68332536e-10 -1.82375225e-15  8.51367090e-16  2.36013759e-05 -2.08544013e-06 -1.62286405e-08  9.98338988e-10]
children:
[-3.49941313e-03 -1.48807914e-12 -2.25098449e-13  4.58918312e-11 -1.68041910e-10 -1.87237854e-15  8.50719118e-16  2.36190956e-05 -2.08502535e-06 -1.62863065e-08  9.98226038e-10]
[-3.62584598e-02 -1.49012236e-12 -2.24585421e-13  4.59036812e-11 -1.67893896e-10 -1.84439548e-15  8.49637364e-16  2.37243192e-05 -2.08508761e-06 -1.62996795e-08  9.99231436e-10]
Population scores:
475:[1.13116667e+11 2.00189731e+11]:[-3.62584598e-02 -1.49012236e-12 -2.24585421e-13  4.59036812e-11 -1.67893896e-10 -1.84439548e-15  8.49637364e-16  2.37243192e-05 -2.08508761e-06 -1.62996795e-08  9.99231436e-10]:11.325313242202478
455:[1.29338594e+11 2.01517927e+11]:[-6.52376506e-02 -1.49052848e-12 -2.27753567e-13  4.59205158e-11 -1.67690237e-10 -1.87611975e-15  8.49560365e-16  2.37514488e-05 -2.08492046e-06 -1.63788592e-08  1.00016736e-09]:11.331329668229587
461:[1.14875317e+11 2.03214294e+11]:[-7.47845556e-03 -1.48772252e-12 -2.23804852e-13  4.58830670e-11 -1.68332536e-10 -1.82375225e-15  8.51367090e-16  2.36013759e-05 -2.08544013e-06 -1.62286405e-08  9.98338988e-10]:11.331835736669374
474:[1.46558433e+11 2.07861193e+11]:[-3.49941313e-03 -1.48807914e-12 -2.25098449e-13  4.58918312e-11 -1.68041910e-10 -1.87237854e-15  8.50719118e-16  2.36190956e-05 -2.08502535e-06 -1.62863065e-08  9.98226038e-10]:11.347363267832504
Selected for new population:
[-3.62584598e-02 -1.49012236e-12 -2.24585421e-13  4.59036812e-11 -1.67893896e-10 -1.84439548e-15  8.49637364e-16  2.37243192e-05 -2.08508761e-06 -1.62996795e-08  9.99231436e-10]
[-6.52376506e-02 -1.49052848e-12 -2.27753567e-13  4.59205158e-11 -1.67690237e-10 -1.87611975e-15  8.49560365e-16  2.37514488e-05 -2.08492046e-06 -1.63788592e-08  1.00016736e-09]
Selected: [0 1]
***************
***CROSSOVER***
***************
Population scores:
464:[9.55759913e+10 2.02099497e+11]:[-2.13656987e-02 -1.48652437e-12 -2.22993567e-13  4.60828815e-11 -1.68036161e-10 -1.82878346e-15  8.53048400e-16  2.35339331e-05 -2.08663479e-06 -1.60166591e-08  9.96838331e-10]:11.325632833029267
471:[1.03472611e+11 2.01639097e+11]:[-7.91197753e-03 -1.48984377e-12 -2.26961232e-13  4.59076436e-11 -1.67714974e-10 -1.81405891e-15  8.49571262e-16  2.37196728e-05 -2.08553521e-06 -1.63304402e-08  1.00004489e-09]:11.326307913742852
&&&&&&&&&&&&&&&&&&&&&&&&
&&TOURNAMENT SELECTION&&
&&&&&&&&&&&&&&&&&&&&&&&&
parents:
[-2.13656987e-02 -1.48652437e-12 -2.22993567e-13  4.60828815e-11 -1.68036161e-10 -1.82878346e-15  8.53048400e-16  2.35339331e-05 -2.08663479e-06 -1.60166591e-08  9.96838331e-10]
[-7.91197753e-03 -1.48984377e-12 -2.26961232e-13  4.59076436e-11 -1.67714974e-10 -1.81405891e-15  8.49571262e-16  2.37196728e-05 -2.08553521e-06 -1.63304402e-08  1.00004489e-09]
children:
[-1.75328821e-02 -1.48849940e-12 -2.23611259e-13  4.60537009e-11 -1.67858707e-10 -1.81355613e-15  8.49874504e-16  2.36372046e-05 -2.08656463e-06 -1.61864867e-08  9.99113625e-10]
[-7.69097098e-03 -1.48804260e-12 -2.23382011e-13  4.59851973e-11 -1.67769746e-10 -1.82287132e-15  8.52439955e-16  2.35869643e-05 -2.08579091e-06 -1.63581068e-08  9.99237822e-10]
Population scores:
464:[9.55759913e+10 2.02099497e+11]:[-2.13656987e-02 -1.48652437e-12 -2.22993567e-13  4.60828815e-11 -1.68036161e-10 -1.82878346e-15  8.53048400e-16  2.35339331e-05 -2.08663479e-06 -1.60166591e-08  9.96838331e-10]:11.325632833029267
476:[9.33794233e+10 2.02584193e+11]:[-1.75328821e-02 -1.48849940e-12 -2.23611259e-13  4.60537009e-11 -1.67858707e-10 -1.81355613e-15  8.49874504e-16  2.36372046e-05 -2.08656463e-06 -1.61864867e-08  9.99113625e-10]:11.326176322030282
471:[1.03472611e+11 2.01639097e+11]:[-7.91197753e-03 -1.48984377e-12 -2.26961232e-13  4.59076436e-11 -1.67714974e-10 -1.81405891e-15  8.49571262e-16  2.37196728e-05 -2.08553521e-06 -1.63304402e-08  1.00004489e-09]:11.326307913742852
477:[1.42909076e+11 2.12453867e+11]:[-7.69097098e-03 -1.48804260e-12 -2.23382011e-13  4.59851973e-11 -1.67769746e-10 -1.82287132e-15  8.52439955e-16  2.35869643e-05 -2.08579091e-06 -1.63581068e-08  9.99237822e-10]:11.355537288050717
Selected for new population:
[-2.13656987e-02 -1.48652437e-12 -2.22993567e-13  4.60828815e-11 -1.68036161e-10 -1.82878346e-15  8.53048400e-16  2.35339331e-05 -2.08663479e-06 -1.60166591e-08  9.96838331e-10]
[-1.75328821e-02 -1.48849940e-12 -2.23611259e-13  4.60537009e-11 -1.67858707e-10 -1.81355613e-15  8.49874504e-16  2.36372046e-05 -2.08656463e-06 -1.61864867e-08  9.99113625e-10]
Selected: [2 5]
***************
***CROSSOVER***
***************
Population scores:
466:[9.76695320e+10 2.02602467e+11]:[-1.80394427e-02 -1.48400985e-12 -2.27502809e-13  4.59026919e-11 -1.67818499e-10 -1.84410689e-15  8.53302016e-16  2.35011674e-05 -2.08714741e-06 -1.60305400e-08  9.97816992e-10]:11.327091981793595
455:[1.29338594e+11 2.01517927e+11]:[-6.52376506e-02 -1.49052848e-12 -2.27753567e-13  4.59205158e-11 -1.67690237e-10 -1.87611975e-15  8.49560365e-16  2.37514488e-05 -2.08492046e-06 -1.63788592e-08  1.00016736e-09]:11.331329668229587
&&&&&&&&&&&&&&&&&&&&&&&&
&&TOURNAMENT SELECTION&&
&&&&&&&&&&&&&&&&&&&&&&&&
parents:
[-1.80394427e-02 -1.48400985e-12 -2.27502809e-13  4.59026919e-11 -1.67818499e-10 -1.84410689e-15  8.53302016e-16  2.35011674e-05 -2.08714741e-06 -1.60305400e-08  9.97816992e-10]
[-6.52376506e-02 -1.49052848e-12 -2.27753567e-13  4.59205158e-11 -1.67690237e-10 -1.87611975e-15  8.49560365e-16  2.37514488e-05 -2.08492046e-06 -1.63788592e-08  1.00016736e-09]
children:
[-4.18374302e-02 -1.48967148e-12 -2.27485151e-13  4.59022467e-11 -1.67733010e-10 -1.85283648e-15  8.52637422e-16  2.34774425e-05 -2.08630800e-06 -1.63637922e-08  9.97984483e-10]
[-3.44311084e-02 -1.48812979e-12 -2.27723502e-13  4.59051008e-11 -1.67803096e-10 -1.84649477e-15  8.49263814e-16  2.35042067e-05 -2.08717662e-06 -1.62779078e-08  9.99083059e-10]
Population scores:
466:[9.76695320e+10 2.02602467e+11]:[-1.80394427e-02 -1.48400985e-12 -2.27502809e-13  4.59026919e-11 -1.67818499e-10 -1.84410689e-15  8.53302016e-16  2.35011674e-05 -2.08714741e-06 -1.60305400e-08  9.97816992e-10]:11.327091981793595
455:[1.29338594e+11 2.01517927e+11]:[-6.52376506e-02 -1.49052848e-12 -2.27753567e-13  4.59205158e-11 -1.67690237e-10 -1.87611975e-15  8.49560365e-16  2.37514488e-05 -2.08492046e-06 -1.63788592e-08  1.00016736e-09]:11.331329668229587
479:[1.49640867e+11 2.14604372e+11]:[-3.44311084e-02 -1.48812979e-12 -2.27723502e-13  4.59051008e-11 -1.67803096e-10 -1.84649477e-15  8.49263814e-16  2.35042067e-05 -2.08717662e-06 -1.62779078e-08  9.99083059e-10]:11.360912218986273
478:[1.98054655e+11 2.38760682e+11]:[-4.18374302e-02 -1.48967148e-12 -2.27485151e-13  4.59022467e-11 -1.67733010e-10 -1.85283648e-15  8.52637422e-16  2.34774425e-05 -2.08630800e-06 -1.63637922e-08  9.97984483e-10]:11.41257166490165
Selected for new population:
[-1.80394427e-02 -1.48400985e-12 -2.27502809e-13  4.59026919e-11 -1.67818499e-10 -1.84410689e-15  8.53302016e-16  2.35011674e-05 -2.08714741e-06 -1.60305400e-08  9.97816992e-10]
[-6.52376506e-02 -1.49052848e-12 -2.27753567e-13  4.59205158e-11 -1.67690237e-10 -1.87611975e-15  8.49560365e-16  2.37514488e-05 -2.08492046e-06 -1.63788592e-08  1.00016736e-09]
Selected: [0 6]
***************
***CROSSOVER***
***************
Population scores:
464:[9.55759913e+10 2.02099497e+11]:[-2.13656987e-02 -1.48652437e-12 -2.22993567e-13  4.60828815e-11 -1.68036161e-10 -1.82878346e-15  8.53048400e-16  2.35339331e-05 -2.08663479e-06 -1.60166591e-08  9.96838331e-10]:11.325632833029267
461:[1.14875317e+11 2.03214294e+11]:[-7.47845556e-03 -1.48772252e-12 -2.23804852e-13  4.58830670e-11 -1.68332536e-10 -1.82375225e-15  8.51367090e-16  2.36013759e-05 -2.08544013e-06 -1.62286405e-08  9.98338988e-10]:11.331835736669374
&&&&&&&&&&&&&&&&&&&&&&&&
&&TOURNAMENT SELECTION&&
&&&&&&&&&&&&&&&&&&&&&&&&
parents:
[-2.13656987e-02 -1.48652437e-12 -2.22993567e-13  4.60828815e-11 -1.68036161e-10 -1.82878346e-15  8.53048400e-16  2.35339331e-05 -2.08663479e-06 -1.60166591e-08  9.96838331e-10]
[-7.47845556e-03 -1.48772252e-12 -2.23804852e-13  4.58830670e-11 -1.68332536e-10 -1.82375225e-15  8.51367090e-16  2.36013759e-05 -2.08544013e-06 -1.62286405e-08  9.98338988e-10]
children:
[-2.05630531e-02 -1.48739827e-12 -2.23455240e-13  4.59723966e-11 -1.68029067e-10 -1.82889316e-15  8.51495023e-16  2.35766721e-05 -2.08572917e-06 -1.62129466e-08  9.98167415e-10]
[-1.54263704e-02 -1.48693015e-12 -2.23829742e-13  4.59582186e-11 -1.68104533e-10 -1.82441590e-15  8.51840626e-16  2.35884461e-05 -2.08551418e-06 -1.61720442e-08  9.97720706e-10]
Population scores:
464:[9.55759913e+10 2.02099497e+11]:[-2.13656987e-02 -1.48652437e-12 -2.22993567e-13  4.60828815e-11 -1.68036161e-10 -1.82878346e-15  8.53048400e-16  2.35339331e-05 -2.08663479e-06 -1.60166591e-08  9.96838331e-10]:11.325632833029267
481:[1.10160828e+11 2.02262641e+11]:[-1.54263704e-02 -1.48693015e-12 -2.23829742e-13  4.59582186e-11 -1.68104533e-10 -1.82441590e-15  8.51840626e-16  2.35884461e-05 -2.08551418e-06 -1.61720442e-08  9.97720706e-10]:11.328947533905422
461:[1.14875317e+11 2.03214294e+11]:[-7.47845556e-03 -1.48772252e-12 -2.23804852e-13  4.58830670e-11 -1.68332536e-10 -1.82375225e-15  8.51367090e-16  2.36013759e-05 -2.08544013e-06 -1.62286405e-08  9.98338988e-10]:11.331835736669374
480:[1.19232320e+11 2.04072126e+11]:[-2.05630531e-02 -1.48739827e-12 -2.23455240e-13  4.59723966e-11 -1.68029067e-10 -1.82889316e-15  8.51495023e-16  2.35766721e-05 -2.08572917e-06 -1.62129466e-08  9.98167415e-10]:11.334444418629777
Selected for new population:
[-2.13656987e-02 -1.48652437e-12 -2.22993567e-13  4.60828815e-11 -1.68036161e-10 -1.82878346e-15  8.53048400e-16  2.35339331e-05 -2.08663479e-06 -1.60166591e-08  9.96838331e-10]
[-1.54263704e-02 -1.48693015e-12 -2.23829742e-13  4.59582186e-11 -1.68104533e-10 -1.82441590e-15  8.51840626e-16  2.35884461e-05 -2.08551418e-06 -1.61720442e-08  9.97720706e-10]
Population scores:
475:[1.13116667e+11 2.00189731e+11]:[-3.62584598e-02 -1.49012236e-12 -2.24585421e-13  4.59036812e-11 -1.67893896e-10 -1.84439548e-15  8.49637364e-16  2.37243192e-05 -2.08508761e-06 -1.62996795e-08  9.99231436e-10]:11.325313242202478
464:[9.55759913e+10 2.02099497e+11]:[-2.13656987e-02 -1.48652437e-12 -2.22993567e-13  4.60828815e-11 -1.68036161e-10 -1.82878346e-15  8.53048400e-16  2.35339331e-05 -2.08663479e-06 -1.60166591e-08  9.96838331e-10]:11.325632833029267
476:[9.33794233e+10 2.02584193e+11]:[-1.75328821e-02 -1.48849940e-12 -2.23611259e-13  4.60537009e-11 -1.67858707e-10 -1.81355613e-15  8.49874504e-16  2.36372046e-05 -2.08656463e-06 -1.61864867e-08  9.99113625e-10]:11.326176322030282
471:[1.03472611e+11 2.01639097e+11]:[-7.91197753e-03 -1.48984377e-12 -2.26961232e-13  4.59076436e-11 -1.67714974e-10 -1.81405891e-15  8.49571262e-16  2.37196728e-05 -2.08553521e-06 -1.63304402e-08  1.00004489e-09]:11.326307913742852
466:[9.76695320e+10 2.02602467e+11]:[-1.80394427e-02 -1.48400985e-12 -2.27502809e-13  4.59026919e-11 -1.67818499e-10 -1.84410689e-15  8.53302016e-16  2.35011674e-05 -2.08714741e-06 -1.60305400e-08  9.97816992e-10]:11.327091981793595
453:[1.09433827e+11 2.02062447e+11]:[ 2.20019711e-03 -1.48318011e-12 -2.27998955e-13  4.59201373e-11 -1.67825996e-10 -1.85443661e-15  8.49389633e-16  2.35410697e-05 -2.08609630e-06 -1.61483709e-08  9.98709975e-10]:11.328391489627572
468:[1.04558299e+11 2.02749283e+11]:[ 1.50705353e-02 -1.48756272e-12 -2.23040682e-13  4.58988482e-11 -1.68338499e-10 -1.80946726e-15  8.51123791e-16  2.36390224e-05 -2.08548938e-06 -1.62678805e-08  9.99251989e-10]:11.32879761615327
481:[1.10160828e+11 2.02262641e+11]:[-1.54263704e-02 -1.48693015e-12 -2.23829742e-13  4.59582186e-11 -1.68104533e-10 -1.82441590e-15  8.51840626e-16  2.35884461e-05 -2.08551418e-06 -1.61720442e-08  9.97720706e-10]:11.328947533905422
455:[1.29338594e+11 2.01517927e+11]:[-6.52376506e-02 -1.49052848e-12 -2.27753567e-13  4.59205158e-11 -1.67690237e-10 -1.87611975e-15  8.49560365e-16  2.37514488e-05 -2.08492046e-06 -1.63788592e-08  1.00016736e-09]:11.331329668229587
461:[1.14875317e+11 2.03214294e+11]:[-7.47845556e-03 -1.48772252e-12 -2.23804852e-13  4.58830670e-11 -1.68332536e-10 -1.82375225e-15  8.51367090e-16  2.36013759e-05 -2.08544013e-06 -1.62286405e-08  9.98338988e-10]:11.331835736669374
456:[1.15038521e+11 2.05436230e+11]:[ 3.06771562e-02 -1.48962684e-12 -2.22917404e-13  4.58994703e-11 -1.68167143e-10 -1.80796912e-15  8.50197505e-16  2.36390256e-05 -2.08811178e-06 -1.62727890e-08  9.99639323e-10]:11.336339799530915
%%%%%%%%%%%%%%%%%%%%%%%%%
%%%final - population%%%%
%%%%%%%%%%%%%%%%%%%%%%%%%
[-3.62584598e-02 -1.49012236e-12 -2.24585421e-13  4.59036812e-11 -1.67893896e-10 -1.84439548e-15  8.49637364e-16  2.37243192e-05 -2.08508761e-06 -1.62996795e-08  9.99231436e-10]:[1.13116667e+11 2.00189731e+11]
[-2.13656987e-02 -1.48652437e-12 -2.22993567e-13  4.60828815e-11 -1.68036161e-10 -1.82878346e-15  8.53048400e-16  2.35339331e-05 -2.08663479e-06 -1.60166591e-08  9.96838331e-10]:[9.55759913e+10 2.02099497e+11]
[-1.75328821e-02 -1.48849940e-12 -2.23611259e-13  4.60537009e-11 -1.67858707e-10 -1.81355613e-15  8.49874504e-16  2.36372046e-05 -2.08656463e-06 -1.61864867e-08  9.99113625e-10]:[9.33794233e+10 2.02584193e+11]
[-7.91197753e-03 -1.48984377e-12 -2.26961232e-13  4.59076436e-11 -1.67714974e-10 -1.81405891e-15  8.49571262e-16  2.37196728e-05 -2.08553521e-06 -1.63304402e-08  1.00004489e-09]:[1.03472611e+11 2.01639097e+11]
[-1.80394427e-02 -1.48400985e-12 -2.27502809e-13  4.59026919e-11 -1.67818499e-10 -1.84410689e-15  8.53302016e-16  2.35011674e-05 -2.08714741e-06 -1.60305400e-08  9.97816992e-10]:[9.76695320e+10 2.02602467e+11]
[ 2.20019711e-03 -1.48318011e-12 -2.27998955e-13  4.59201373e-11 -1.67825996e-10 -1.85443661e-15  8.49389633e-16  2.35410697e-05 -2.08609630e-06 -1.61483709e-08  9.98709975e-10]:[1.09433827e+11 2.02062447e+11]
[ 1.50705353e-02 -1.48756272e-12 -2.23040682e-13  4.58988482e-11 -1.68338499e-10 -1.80946726e-15  8.51123791e-16  2.36390224e-05 -2.08548938e-06 -1.62678805e-08  9.99251989e-10]:[1.04558299e+11 2.02749283e+11]
[-1.54263704e-02 -1.48693015e-12 -2.23829742e-13  4.59582186e-11 -1.68104533e-10 -1.82441590e-15  8.51840626e-16  2.35884461e-05 -2.08551418e-06 -1.61720442e-08  9.97720706e-10]:[1.10160828e+11 2.02262641e+11]
