Generating Population from [-1.07334178e-01 -3.58708255e-12 -2.97299013e-13  3.29339754e-11 -3.73970738e-10 -6.81332167e-16  8.85116269e-16  2.97671894e-05 -1.54343998e-06 -2.41097671e-08  8.53081956e-10]
*******************************
***iteration: 0 Population is***
*******************************
Population scores:
[3.59317091e+11 2.63117798e+10]:[-1.07334178e-01 -3.58708255e-12 -2.97299013e-13  3.29339754e-11 -3.73970738e-10 -6.81332167e-16  8.85116269e-16  2.97671894e-05 -1.54343998e-06 -2.41097671e-08  8.53081956e-10]:10.420150226149802
[3.68669170e+11 8.64780708e+10]:[-1.05729843e-01 -3.62035062e-12 -3.04032177e-13  3.28084217e-11 -3.72486024e-10 -6.87458452e-16  8.78112993e-16  2.97570535e-05 -1.58949948e-06 -2.34660688e-08  8.51274647e-10]:10.93690599235026
[4.80252451e+11 6.57900089e+11]:[-1.11320871e-01 -3.51671044e-12 -2.96372349e-13  3.33945014e-11 -3.78813034e-10 -6.84513652e-16  8.84016909e-16  2.89811109e-05 -1.51848305e-06 -2.31738379e-08  8.56872992e-10]:11.81815994514169
[9.49421900e+13 1.94810215e+14]:[-5.44379694e-02 -3.25632678e-12 -3.10227040e-13  3.98508906e-11 -3.20564776e-10 -6.56791447e-16  7.88125125e-16  3.91639128e-05 -6.65115217e-07 -1.89181718e-08  7.56828536e-10]:14.289611726434442
[1.31375327e+14 2.60064719e+14]:[-9.54868134e-02 -2.66926733e-12 -3.83299668e-13  3.53738159e-11 -4.23257537e-10 -6.62230473e-16  8.20032881e-16  2.80974836e-05 -6.21657300e-07 -2.03896912e-08  9.42836543e-10]:14.415081438704608
Selected: [1 0]
***************
***CROSSOVER***
***************
Population scores:
[3.59317091e+11 2.63117798e+10]:[-1.07334178e-01 -3.58708255e-12 -2.97299013e-13  3.29339754e-11 -3.73970738e-10 -6.81332167e-16  8.85116269e-16  2.97671894e-05 -1.54343998e-06 -2.41097671e-08  8.53081956e-10]:10.420150226149802
[3.68669170e+11 8.64780708e+10]:[-1.05729843e-01 -3.62035062e-12 -3.04032177e-13  3.28084217e-11 -3.72486024e-10 -6.87458452e-16  8.78112993e-16  2.97570535e-05 -1.58949948e-06 -2.34660688e-08  8.51274647e-10]:10.93690599235026
&&&&&&&&&&&&&&&&&&&&&&&&
&&TOURNAMENT SELECTION&&
&&&&&&&&&&&&&&&&&&&&&&&&
parents:
[-1.05729843e-01 -3.62035062e-12 -3.04032177e-13  3.28084217e-11 -3.72486024e-10 -6.87458452e-16  8.78112993e-16  2.97570535e-05 -1.58949948e-06 -2.34660688e-08  8.51274647e-10]
[-1.07334178e-01 -3.58708255e-12 -2.97299013e-13  3.29339754e-11 -3.73970738e-10 -6.81332167e-16  8.85116269e-16  2.97671894e-05 -1.54343998e-06 -2.41097671e-08  8.53081956e-10]
children:
[-1.05712470e-01 -3.62066270e-12 -2.98948167e-13  3.28563396e-11 -3.74119003e-10 -6.84615798e-16  8.80841847e-16  2.27660687e-05 -1.57667022e-06 -2.35151944e-08  8.52738366e-10]
[-1.06253751e-01 -3.61720092e-12 -3.01276866e-13  3.60886016e-11 -3.73164001e-10 -6.85389222e-16  8.80140471e-16  2.97565432e-05 -1.55892121e-06 -2.35853333e-08  8.51689837e-10]
Population scores:
[3.59317091e+11 2.63117798e+10]:[-1.07334178e-01 -3.58708255e-12 -2.97299013e-13  3.29339754e-11 -3.73970738e-10 -6.81332167e-16  8.85116269e-16  2.97671894e-05 -1.54343998e-06 -2.41097671e-08  8.53081956e-10]:10.420150226149802
[2.92596709e+11 3.38516271e+10]:[-1.06253751e-01 -3.61720092e-12 -3.01276866e-13  3.60886016e-11 -3.73164001e-10 -6.85389222e-16  8.80140471e-16  2.97565432e-05 -1.55892121e-06 -2.35853333e-08  8.51689837e-10]:10.529579548058667
[3.68669170e+11 8.64780708e+10]:[-1.05729843e-01 -3.62035062e-12 -3.04032177e-13  3.28084217e-11 -3.72486024e-10 -6.87458452e-16  8.78112993e-16  2.97570535e-05 -1.58949948e-06 -2.34660688e-08  8.51274647e-10]:10.93690599235026
[2.90277060e+12 3.69979469e+12]:[-1.05712470e-01 -3.62066270e-12 -2.98948167e-13  3.28563396e-11 -3.74119003e-10 -6.84615798e-16  8.80841847e-16  2.27660687e-05 -1.57667022e-06 -2.35151944e-08  8.52738366e-10]:12.568177624896217
Selected for new population:
[-1.07334178e-01 -3.58708255e-12 -2.97299013e-13  3.29339754e-11 -3.73970738e-10 -6.81332167e-16  8.85116269e-16  2.97671894e-05 -1.54343998e-06 -2.41097671e-08  8.53081956e-10]
[-1.06253751e-01 -3.61720092e-12 -3.01276866e-13  3.60886016e-11 -3.73164001e-10 -6.85389222e-16  8.80140471e-16  2.97565432e-05 -1.55892121e-06 -2.35853333e-08  8.51689837e-10]
Selected: [1 0]
***************
***CROSSOVER***
***************
Population scores:
[3.59317091e+11 2.63117798e+10]:[-1.07334178e-01 -3.58708255e-12 -2.97299013e-13  3.29339754e-11 -3.73970738e-10 -6.81332167e-16  8.85116269e-16  2.97671894e-05 -1.54343998e-06 -2.41097671e-08  8.53081956e-10]:10.420150226149802
[3.68669170e+11 8.64780708e+10]:[-1.05729843e-01 -3.62035062e-12 -3.04032177e-13  3.28084217e-11 -3.72486024e-10 -6.87458452e-16  8.78112993e-16  2.97570535e-05 -1.58949948e-06 -2.34660688e-08  8.51274647e-10]:10.93690599235026
&&&&&&&&&&&&&&&&&&&&&&&&
&&TOURNAMENT SELECTION&&
&&&&&&&&&&&&&&&&&&&&&&&&
parents:
[-1.05729843e-01 -3.62035062e-12 -3.04032177e-13  3.28084217e-11 -3.72486024e-10 -6.87458452e-16  8.78112993e-16  2.97570535e-05 -1.58949948e-06 -2.34660688e-08  8.51274647e-10]
[-1.07334178e-01 -3.58708255e-12 -2.97299013e-13  3.29339754e-11 -3.73970738e-10 -6.81332167e-16  8.85116269e-16  2.97671894e-05 -1.54343998e-06 -2.41097671e-08  8.53081956e-10]
children:
[-1.09338786e-01 -3.02498090e-12 -3.00124362e-13  3.28095419e-11 -3.51794567e-10 -6.75633606e-16  8.85808521e-16  2.97626842e-05 -1.06383245e-06 -2.39509481e-08  8.51956199e-10]
[-9.75951114e-02 -3.60492624e-12 -3.03781108e-13  3.29226683e-11 -3.73926945e-10 -6.80811103e-16  8.82711382e-16  2.97612252e-05 -1.86105158e-06 -2.57999537e-08  8.51154491e-10]
Population scores:
[3.59317091e+11 2.63117798e+10]:[-1.07334178e-01 -3.58708255e-12 -2.97299013e-13  3.29339754e-11 -3.73970738e-10 -6.81332167e-16  8.85116269e-16  2.97671894e-05 -1.54343998e-06 -2.41097671e-08  8.53081956e-10]:10.420150226149802
[3.68669170e+11 8.64780708e+10]:[-1.05729843e-01 -3.62035062e-12 -3.04032177e-13  3.28084217e-11 -3.72486024e-10 -6.87458452e-16  8.78112993e-16  2.97570535e-05 -1.58949948e-06 -2.34660688e-08  8.51274647e-10]:10.93690599235026
[1.47595916e+13 2.60033990e+13]:[-9.75951114e-02 -3.60492624e-12 -3.03781108e-13  3.29226683e-11 -3.73926945e-10 -6.80811103e-16  8.82711382e-16  2.97612252e-05 -1.86105158e-06 -2.57999537e-08  8.51154491e-10]:13.415030120518647
[1.87097652e+13 3.77323627e+13]:[-1.09338786e-01 -3.02498090e-12 -3.00124362e-13  3.28095419e-11 -3.51794567e-10 -6.75633606e-16  8.85808521e-16  2.97626842e-05 -1.06383245e-06 -2.39509481e-08  8.51956199e-10]:13.576714000799004
Selected for new population:
[-1.07334178e-01 -3.58708255e-12 -2.97299013e-13  3.29339754e-11 -3.73970738e-10 -6.81332167e-16  8.85116269e-16  2.97671894e-05 -1.54343998e-06 -2.41097671e-08  8.53081956e-10]
[-1.05729843e-01 -3.62035062e-12 -3.04032177e-13  3.28084217e-11 -3.72486024e-10 -6.87458452e-16  8.78112993e-16  2.97570535e-05 -1.58949948e-06 -2.34660688e-08  8.51274647e-10]
Population scores:
[3.59317091e+11 2.63117798e+10]:[-1.07334178e-01 -3.58708255e-12 -2.97299013e-13  3.29339754e-11 -3.73970738e-10 -6.81332167e-16  8.85116269e-16  2.97671894e-05 -1.54343998e-06 -2.41097671e-08  8.53081956e-10]:10.420150226149802
[2.92596709e+11 3.38516271e+10]:[-1.06253751e-01 -3.61720092e-12 -3.01276866e-13  3.60886016e-11 -3.73164001e-10 -6.85389222e-16  8.80140471e-16  2.97565432e-05 -1.55892121e-06 -2.35853333e-08  8.51689837e-10]:10.529579548058667
[3.68669170e+11 8.64780708e+10]:[-1.05729843e-01 -3.62035062e-12 -3.04032177e-13  3.28084217e-11 -3.72486024e-10 -6.87458452e-16  8.78112993e-16  2.97570535e-05 -1.58949948e-06 -2.34660688e-08  8.51274647e-10]:10.93690599235026
[4.80252451e+11 6.57900089e+11]:[-1.11320871e-01 -3.51671044e-12 -2.96372349e-13  3.33945014e-11 -3.78813034e-10 -6.84513652e-16  8.84016909e-16  2.89811109e-05 -1.51848305e-06 -2.31738379e-08  8.56872992e-10]:11.81815994514169
[2.03128028e+12 3.62497922e+12]:[0. 0. 0. 0. 0. 0. 0. 0. 0. 0. 0.]:12.559305521551186
[9.49421900e+13 1.94810215e+14]:[-5.44379694e-02 -3.25632678e-12 -3.10227040e-13  3.98508906e-11 -3.20564776e-10 -6.56791447e-16  7.88125125e-16  3.91639128e-05 -6.65115217e-07 -1.89181718e-08  7.56828536e-10]:14.289611726434442
[1.31375327e+14 2.60064719e+14]:[-9.54868134e-02 -2.66926733e-12 -3.83299668e-13  3.53738159e-11 -4.23257537e-10 -6.62230473e-16  8.20032881e-16  2.80974836e-05 -6.21657300e-07 -2.03896912e-08  9.42836543e-10]:14.415081438704608
*******************************
***iteration: 1 Population is***
*******************************
Population scores:
[3.59317091e+11 2.63117798e+10]:[-1.07334178e-01 -3.58708255e-12 -2.97299013e-13  3.29339754e-11 -3.73970738e-10 -6.81332167e-16  8.85116269e-16  2.97671894e-05 -1.54343998e-06 -2.41097671e-08  8.53081956e-10]:10.420150226149802
[2.92596709e+11 3.38516271e+10]:[-1.06253751e-01 -3.61720092e-12 -3.01276866e-13  3.60886016e-11 -3.73164001e-10 -6.85389222e-16  8.80140471e-16  2.97565432e-05 -1.55892121e-06 -2.35853333e-08  8.51689837e-10]:10.529579548058667
[3.68669170e+11 8.64780708e+10]:[-1.05729843e-01 -3.62035062e-12 -3.04032177e-13  3.28084217e-11 -3.72486024e-10 -6.87458452e-16  8.78112993e-16  2.97570535e-05 -1.58949948e-06 -2.34660688e-08  8.51274647e-10]:10.93690599235026
[4.80252451e+11 6.57900089e+11]:[-1.11320871e-01 -3.51671044e-12 -2.96372349e-13  3.33945014e-11 -3.78813034e-10 -6.84513652e-16  8.84016909e-16  2.89811109e-05 -1.51848305e-06 -2.31738379e-08  8.56872992e-10]:11.81815994514169
[2.03128028e+12 3.62497922e+12]:[0. 0. 0. 0. 0. 0. 0. 0. 0. 0. 0.]:12.559305521551186
Selected: [1 0]
***************
***CROSSOVER***
***************
Population scores:
[3.59317091e+11 2.63117798e+10]:[-1.07334178e-01 -3.58708255e-12 -2.97299013e-13  3.29339754e-11 -3.73970738e-10 -6.81332167e-16  8.85116269e-16  2.97671894e-05 -1.54343998e-06 -2.41097671e-08  8.53081956e-10]:10.420150226149802
[2.92596709e+11 3.38516271e+10]:[-1.06253751e-01 -3.61720092e-12 -3.01276866e-13  3.60886016e-11 -3.73164001e-10 -6.85389222e-16  8.80140471e-16  2.97565432e-05 -1.55892121e-06 -2.35853333e-08  8.51689837e-10]:10.529579548058667
&&&&&&&&&&&&&&&&&&&&&&&&
&&TOURNAMENT SELECTION&&
&&&&&&&&&&&&&&&&&&&&&&&&
parents:
[-1.06253751e-01 -3.61720092e-12 -3.01276866e-13  3.60886016e-11 -3.73164001e-10 -6.85389222e-16  8.80140471e-16  2.97565432e-05 -1.55892121e-06 -2.35853333e-08  8.51689837e-10]
[-1.07334178e-01 -3.58708255e-12 -2.97299013e-13  3.29339754e-11 -3.73970738e-10 -6.81332167e-16  8.85116269e-16  2.97671894e-05 -1.54343998e-06 -2.41097671e-08  8.53081956e-10]
children:
[-1.06811443e-01 -3.60307665e-12 -2.94250128e-13  3.35664753e-11 -3.82038981e-10 -6.82179673e-16  9.32592409e-16  2.97596891e-05 -1.55360040e-06 -2.38863126e-08  8.62893240e-10]
[-1.06283879e-01 -3.60208887e-12 -3.06117213e-13  3.47165958e-11 -3.69552642e-10 -6.65602690e-16  9.47250435e-16  2.97620639e-05 -1.47059303e-06 -2.39688073e-08  8.52015338e-10]
Population scores:
[3.59317091e+11 2.63117798e+10]:[-1.07334178e-01 -3.58708255e-12 -2.97299013e-13  3.29339754e-11 -3.73970738e-10 -6.81332167e-16  8.85116269e-16  2.97671894e-05 -1.54343998e-06 -2.41097671e-08  8.53081956e-10]:10.420150226149802
[2.92596709e+11 3.38516271e+10]:[-1.06253751e-01 -3.61720092e-12 -3.01276866e-13  3.60886016e-11 -3.73164001e-10 -6.85389222e-16  8.80140471e-16  2.97565432e-05 -1.55892121e-06 -2.35853333e-08  8.51689837e-10]:10.529579548058667
[3.13960343e+11 1.16925332e+11]:[-1.06811443e-01 -3.60307665e-12 -2.94250128e-13  3.35664753e-11 -3.82038981e-10 -6.82179673e-16  9.32592409e-16  2.97596891e-05 -1.55360040e-06 -2.38863126e-08  8.62893240e-10]:11.067908610274031
[6.77162715e+11 1.00577047e+12]:[-1.06283879e-01 -3.60208887e-12 -3.06117213e-13  3.47165958e-11 -3.69552642e-10 -6.65602690e-16  9.47250435e-16  2.97620639e-05 -1.47059303e-06 -2.39688073e-08  8.52015338e-10]:12.002498882127306
Selected for new population:
[-1.07334178e-01 -3.58708255e-12 -2.97299013e-13  3.29339754e-11 -3.73970738e-10 -6.81332167e-16  8.85116269e-16  2.97671894e-05 -1.54343998e-06 -2.41097671e-08  8.53081956e-10]
[-1.06253751e-01 -3.61720092e-12 -3.01276866e-13  3.60886016e-11 -3.73164001e-10 -6.85389222e-16  8.80140471e-16  2.97565432e-05 -1.55892121e-06 -2.35853333e-08  8.51689837e-10]
Selected: [0 1]
***************
***CROSSOVER***
***************
Population scores:
[3.59317091e+11 2.63117798e+10]:[-1.07334178e-01 -3.58708255e-12 -2.97299013e-13  3.29339754e-11 -3.73970738e-10 -6.81332167e-16  8.85116269e-16  2.97671894e-05 -1.54343998e-06 -2.41097671e-08  8.53081956e-10]:10.420150226149802
[2.92596709e+11 3.38516271e+10]:[-1.06253751e-01 -3.61720092e-12 -3.01276866e-13  3.60886016e-11 -3.73164001e-10 -6.85389222e-16  8.80140471e-16  2.97565432e-05 -1.55892121e-06 -2.35853333e-08  8.51689837e-10]:10.529579548058667
&&&&&&&&&&&&&&&&&&&&&&&&
&&TOURNAMENT SELECTION&&
&&&&&&&&&&&&&&&&&&&&&&&&
parents:
[-1.07334178e-01 -3.58708255e-12 -2.97299013e-13  3.29339754e-11 -3.73970738e-10 -6.81332167e-16  8.85116269e-16  2.97671894e-05 -1.54343998e-06 -2.41097671e-08  8.53081956e-10]
[-1.06253751e-01 -3.61720092e-12 -3.01276866e-13  3.60886016e-11 -3.73164001e-10 -6.85389222e-16  8.80140471e-16  2.97565432e-05 -1.55892121e-06 -2.35853333e-08  8.51689837e-10]
children:
[-1.06099536e-01 -3.60000705e-12 -3.00592034e-13  3.52415659e-11 -3.73834066e-10 -6.83010171e-16  8.61695520e-16  2.27174744e-05 -1.52068991e-06 -2.89080651e-08  8.53195728e-10]
[-1.07327041e-01 -3.60182594e-12 -3.01493284e-13  3.53514745e-11 -3.73849671e-10 -6.87857138e-16  8.83997756e-16  2.85164795e-05 -1.54923779e-06 -2.40495593e-08  8.51617089e-10]
Population scores:
[3.59317091e+11 2.63117798e+10]:[-1.07334178e-01 -3.58708255e-12 -2.97299013e-13  3.29339754e-11 -3.73970738e-10 -6.81332167e-16  8.85116269e-16  2.97671894e-05 -1.54343998e-06 -2.41097671e-08  8.53081956e-10]:10.420150226149802
[2.92596709e+11 3.38516271e+10]:[-1.06253751e-01 -3.61720092e-12 -3.01276866e-13  3.60886016e-11 -3.73164001e-10 -6.85389222e-16  8.80140471e-16  2.97565432e-05 -1.55892121e-06 -2.35853333e-08  8.51689837e-10]:10.529579548058667
[5.89664495e+11 1.92637999e+11]:[-1.07327041e-01 -3.60182594e-12 -3.01493284e-13  3.53514745e-11 -3.73849671e-10 -6.87857138e-16  8.83997756e-16  2.85164795e-05 -1.54923779e-06 -2.40495593e-08  8.51617089e-10]:11.284741958121543
[1.25944421e+13 2.00935533e+13]:[-1.06099536e-01 -3.60000705e-12 -3.00592034e-13  3.52415659e-11 -3.73834066e-10 -6.83010171e-16  8.61695520e-16  2.27174744e-05 -1.52068991e-06 -2.89080651e-08  8.53195728e-10]:13.303056742602362
Selected for new population:
[-1.07334178e-01 -3.58708255e-12 -2.97299013e-13  3.29339754e-11 -3.73970738e-10 -6.81332167e-16  8.85116269e-16  2.97671894e-05 -1.54343998e-06 -2.41097671e-08  8.53081956e-10]
[-1.06253751e-01 -3.61720092e-12 -3.01276866e-13  3.60886016e-11 -3.73164001e-10 -6.85389222e-16  8.80140471e-16  2.97565432e-05 -1.55892121e-06 -2.35853333e-08  8.51689837e-10]
Population scores:
[3.59317091e+11 2.63117798e+10]:[-1.07334178e-01 -3.58708255e-12 -2.97299013e-13  3.29339754e-11 -3.73970738e-10 -6.81332167e-16  8.85116269e-16  2.97671894e-05 -1.54343998e-06 -2.41097671e-08  8.53081956e-10]:10.420150226149802
[2.92596709e+11 3.38516271e+10]:[-1.06253751e-01 -3.61720092e-12 -3.01276866e-13  3.60886016e-11 -3.73164001e-10 -6.85389222e-16  8.80140471e-16  2.97565432e-05 -1.55892121e-06 -2.35853333e-08  8.51689837e-10]:10.529579548058667
[3.68669170e+11 8.64780708e+10]:[-1.05729843e-01 -3.62035062e-12 -3.04032177e-13  3.28084217e-11 -3.72486024e-10 -6.87458452e-16  8.78112993e-16  2.97570535e-05 -1.58949948e-06 -2.34660688e-08  8.51274647e-10]:10.93690599235026
[4.80252451e+11 6.57900089e+11]:[-1.11320871e-01 -3.51671044e-12 -2.96372349e-13  3.33945014e-11 -3.78813034e-10 -6.84513652e-16  8.84016909e-16  2.89811109e-05 -1.51848305e-06 -2.31738379e-08  8.56872992e-10]:11.81815994514169
[2.03128028e+12 3.62497922e+12]:[0. 0. 0. 0. 0. 0. 0. 0. 0. 0. 0.]:12.559305521551186
*******************************
***iteration: 2 Population is***
*******************************
Population scores:
[3.59317091e+11 2.63117798e+10]:[-1.07334178e-01 -3.58708255e-12 -2.97299013e-13  3.29339754e-11 -3.73970738e-10 -6.81332167e-16  8.85116269e-16  2.97671894e-05 -1.54343998e-06 -2.41097671e-08  8.53081956e-10]:10.420150226149802
[2.92596709e+11 3.38516271e+10]:[-1.06253751e-01 -3.61720092e-12 -3.01276866e-13  3.60886016e-11 -3.73164001e-10 -6.85389222e-16  8.80140471e-16  2.97565432e-05 -1.55892121e-06 -2.35853333e-08  8.51689837e-10]:10.529579548058667
[3.68669170e+11 8.64780708e+10]:[-1.05729843e-01 -3.62035062e-12 -3.04032177e-13  3.28084217e-11 -3.72486024e-10 -6.87458452e-16  8.78112993e-16  2.97570535e-05 -1.58949948e-06 -2.34660688e-08  8.51274647e-10]:10.93690599235026
[4.80252451e+11 6.57900089e+11]:[-1.11320871e-01 -3.51671044e-12 -2.96372349e-13  3.33945014e-11 -3.78813034e-10 -6.84513652e-16  8.84016909e-16  2.89811109e-05 -1.51848305e-06 -2.31738379e-08  8.56872992e-10]:11.81815994514169
[2.03128028e+12 3.62497922e+12]:[0. 0. 0. 0. 0. 0. 0. 0. 0. 0. 0.]:12.559305521551186
Selected: [1 0]
***************
***CROSSOVER***
***************
Population scores:
[3.59317091e+11 2.63117798e+10]:[-1.07334178e-01 -3.58708255e-12 -2.97299013e-13  3.29339754e-11 -3.73970738e-10 -6.81332167e-16  8.85116269e-16  2.97671894e-05 -1.54343998e-06 -2.41097671e-08  8.53081956e-10]:10.420150226149802
[2.92596709e+11 3.38516271e+10]:[-1.06253751e-01 -3.61720092e-12 -3.01276866e-13  3.60886016e-11 -3.73164001e-10 -6.85389222e-16  8.80140471e-16  2.97565432e-05 -1.55892121e-06 -2.35853333e-08  8.51689837e-10]:10.529579548058667
&&&&&&&&&&&&&&&&&&&&&&&&
&&TOURNAMENT SELECTION&&
&&&&&&&&&&&&&&&&&&&&&&&&
parents:
[-1.06253751e-01 -3.61720092e-12 -3.01276866e-13  3.60886016e-11 -3.73164001e-10 -6.85389222e-16  8.80140471e-16  2.97565432e-05 -1.55892121e-06 -2.35853333e-08  8.51689837e-10]
[-1.07334178e-01 -3.58708255e-12 -2.97299013e-13  3.29339754e-11 -3.73970738e-10 -6.81332167e-16  8.85116269e-16  2.97671894e-05 -1.54343998e-06 -2.41097671e-08  8.53081956e-10]
children:
[-1.85270851e-01 -3.60143533e-12 -2.99321382e-13  3.45570372e-11 -3.65014079e-10 -6.83117032e-16  8.79928034e-16  3.16156829e-05 -1.55486211e-06 -2.37674796e-08  7.61968732e-10]
[-1.06243055e-01 -3.61005459e-12 -2.99614375e-13  3.27984476e-11 -3.74025571e-10 -6.82547461e-16  8.79948221e-16  2.89831945e-05 -1.54448293e-06 -2.28915254e-08  8.52726582e-10]
Population scores:
[3.59317091e+11 2.63117798e+10]:[-1.07334178e-01 -3.58708255e-12 -2.97299013e-13  3.29339754e-11 -3.73970738e-10 -6.81332167e-16  8.85116269e-16  2.97671894e-05 -1.54343998e-06 -2.41097671e-08  8.53081956e-10]:10.420150226149802
[2.92596709e+11 3.38516271e+10]:[-1.06253751e-01 -3.61720092e-12 -3.01276866e-13  3.60886016e-11 -3.73164001e-10 -6.85389222e-16  8.80140471e-16  2.97565432e-05 -1.55892121e-06 -2.35853333e-08  8.51689837e-10]:10.529579548058667
[3.15760874e+11 2.95299164e+11]:[-1.06243055e-01 -3.61005459e-12 -2.99614375e-13  3.27984476e-11 -3.74025571e-10 -6.82547461e-16  8.79948221e-16  2.89831945e-05 -1.54448293e-06 -2.28915254e-08  8.52726582e-10]:11.470262216817648
[3.16033812e+12 4.49538126e+12]:[-1.85270851e-01 -3.60143533e-12 -2.99321382e-13  3.45570372e-11 -3.65014079e-10 -6.83117032e-16  8.79928034e-16  3.16156829e-05 -1.55486211e-06 -2.37674796e-08  7.61968732e-10]:12.652766531157512
Selected for new population:
[-1.07334178e-01 -3.58708255e-12 -2.97299013e-13  3.29339754e-11 -3.73970738e-10 -6.81332167e-16  8.85116269e-16  2.97671894e-05 -1.54343998e-06 -2.41097671e-08  8.53081956e-10]
[-1.06253751e-01 -3.61720092e-12 -3.01276866e-13  3.60886016e-11 -3.73164001e-10 -6.85389222e-16  8.80140471e-16  2.97565432e-05 -1.55892121e-06 -2.35853333e-08  8.51689837e-10]
Selected: [1 0]
***************
***CROSSOVER***
***************
Population scores:
[3.59317091e+11 2.63117798e+10]:[-1.07334178e-01 -3.58708255e-12 -2.97299013e-13  3.29339754e-11 -3.73970738e-10 -6.81332167e-16  8.85116269e-16  2.97671894e-05 -1.54343998e-06 -2.41097671e-08  8.53081956e-10]:10.420150226149802
[2.92596709e+11 3.38516271e+10]:[-1.06253751e-01 -3.61720092e-12 -3.01276866e-13  3.60886016e-11 -3.73164001e-10 -6.85389222e-16  8.80140471e-16  2.97565432e-05 -1.55892121e-06 -2.35853333e-08  8.51689837e-10]:10.529579548058667
&&&&&&&&&&&&&&&&&&&&&&&&
&&TOURNAMENT SELECTION&&
&&&&&&&&&&&&&&&&&&&&&&&&
parents:
[-1.06253751e-01 -3.61720092e-12 -3.01276866e-13  3.60886016e-11 -3.73164001e-10 -6.85389222e-16  8.80140471e-16  2.97565432e-05 -1.55892121e-06 -2.35853333e-08  8.51689837e-10]
[-1.07334178e-01 -3.58708255e-12 -2.97299013e-13  3.29339754e-11 -3.73970738e-10 -6.81332167e-16  8.85116269e-16  2.97671894e-05 -1.54343998e-06 -2.41097671e-08  8.53081956e-10]
children:
[-1.07419096e-01 -3.60827454e-12 -3.24938950e-13  3.47348404e-11 -3.73490396e-10 -6.85497217e-16  8.83809577e-16  2.97555340e-05 -1.54024310e-06 -2.39835770e-08  8.52984941e-10]
[-1.06792001e-01 -3.60698941e-12 -2.99945947e-13  2.83318087e-11 -3.73179691e-10 -6.82297688e-16  8.81134467e-16  2.97567899e-05 -1.55704722e-06 -2.36489090e-08  8.52666423e-10]
Population scores:
[3.59317091e+11 2.63117798e+10]:[-1.07334178e-01 -3.58708255e-12 -2.97299013e-13  3.29339754e-11 -3.73970738e-10 -6.81332167e-16  8.85116269e-16  2.97671894e-05 -1.54343998e-06 -2.41097671e-08  8.53081956e-10]:10.420150226149802
[2.92596709e+11 3.38516271e+10]:[-1.06253751e-01 -3.61720092e-12 -3.01276866e-13  3.60886016e-11 -3.73164001e-10 -6.85389222e-16  8.80140471e-16  2.97565432e-05 -1.55892121e-06 -2.35853333e-08  8.51689837e-10]:10.529579548058667
[2.96441196e+11 3.66496126e+10]:[-1.06792001e-01 -3.60698941e-12 -2.99945947e-13  2.83318087e-11 -3.73179691e-10 -6.82297688e-16  8.81134467e-16  2.97567899e-05 -1.55704722e-06 -2.36489090e-08  8.52666423e-10]:10.56406938803071
[3.33415897e+11 3.98203288e+10]:[-1.07419096e-01 -3.60827454e-12 -3.24938950e-13  3.47348404e-11 -3.73490396e-10 -6.85497217e-16  8.83809577e-16  2.97555340e-05 -1.54024310e-06 -2.39835770e-08  8.52984941e-10]:10.600104841923423
Selected for new population:
[-1.07334178e-01 -3.58708255e-12 -2.97299013e-13  3.29339754e-11 -3.73970738e-10 -6.81332167e-16  8.85116269e-16  2.97671894e-05 -1.54343998e-06 -2.41097671e-08  8.53081956e-10]
[-1.06253751e-01 -3.61720092e-12 -3.01276866e-13  3.60886016e-11 -3.73164001e-10 -6.85389222e-16  8.80140471e-16  2.97565432e-05 -1.55892121e-06 -2.35853333e-08  8.51689837e-10]
Population scores:
[3.59317091e+11 2.63117798e+10]:[-1.07334178e-01 -3.58708255e-12 -2.97299013e-13  3.29339754e-11 -3.73970738e-10 -6.81332167e-16  8.85116269e-16  2.97671894e-05 -1.54343998e-06 -2.41097671e-08  8.53081956e-10]:10.420150226149802
[2.92596709e+11 3.38516271e+10]:[-1.06253751e-01 -3.61720092e-12 -3.01276866e-13  3.60886016e-11 -3.73164001e-10 -6.85389222e-16  8.80140471e-16  2.97565432e-05 -1.55892121e-06 -2.35853333e-08  8.51689837e-10]:10.529579548058667
[3.68669170e+11 8.64780708e+10]:[-1.05729843e-01 -3.62035062e-12 -3.04032177e-13  3.28084217e-11 -3.72486024e-10 -6.87458452e-16  8.78112993e-16  2.97570535e-05 -1.58949948e-06 -2.34660688e-08  8.51274647e-10]:10.93690599235026
[4.80252451e+11 6.57900089e+11]:[-1.11320871e-01 -3.51671044e-12 -2.96372349e-13  3.33945014e-11 -3.78813034e-10 -6.84513652e-16  8.84016909e-16  2.89811109e-05 -1.51848305e-06 -2.31738379e-08  8.56872992e-10]:11.81815994514169
[2.03128028e+12 3.62497922e+12]:[0. 0. 0. 0. 0. 0. 0. 0. 0. 0. 0.]:12.559305521551186
*******************************
***iteration: 3 Population is***
*******************************
Population scores:
[3.59317091e+11 2.63117798e+10]:[-1.07334178e-01 -3.58708255e-12 -2.97299013e-13  3.29339754e-11 -3.73970738e-10 -6.81332167e-16  8.85116269e-16  2.97671894e-05 -1.54343998e-06 -2.41097671e-08  8.53081956e-10]:10.420150226149802
[2.92596709e+11 3.38516271e+10]:[-1.06253751e-01 -3.61720092e-12 -3.01276866e-13  3.60886016e-11 -3.73164001e-10 -6.85389222e-16  8.80140471e-16  2.97565432e-05 -1.55892121e-06 -2.35853333e-08  8.51689837e-10]:10.529579548058667
[3.68669170e+11 8.64780708e+10]:[-1.05729843e-01 -3.62035062e-12 -3.04032177e-13  3.28084217e-11 -3.72486024e-10 -6.87458452e-16  8.78112993e-16  2.97570535e-05 -1.58949948e-06 -2.34660688e-08  8.51274647e-10]:10.93690599235026
[4.80252451e+11 6.57900089e+11]:[-1.11320871e-01 -3.51671044e-12 -2.96372349e-13  3.33945014e-11 -3.78813034e-10 -6.84513652e-16  8.84016909e-16  2.89811109e-05 -1.51848305e-06 -2.31738379e-08  8.56872992e-10]:11.81815994514169
[2.03128028e+12 3.62497922e+12]:[0. 0. 0. 0. 0. 0. 0. 0. 0. 0. 0.]:12.559305521551186
Selected: [1 0]
***************
***CROSSOVER***
***************
Population scores:
[3.59317091e+11 2.63117798e+10]:[-1.07334178e-01 -3.58708255e-12 -2.97299013e-13  3.29339754e-11 -3.73970738e-10 -6.81332167e-16  8.85116269e-16  2.97671894e-05 -1.54343998e-06 -2.41097671e-08  8.53081956e-10]:10.420150226149802
[2.92596709e+11 3.38516271e+10]:[-1.06253751e-01 -3.61720092e-12 -3.01276866e-13  3.60886016e-11 -3.73164001e-10 -6.85389222e-16  8.80140471e-16  2.97565432e-05 -1.55892121e-06 -2.35853333e-08  8.51689837e-10]:10.529579548058667
&&&&&&&&&&&&&&&&&&&&&&&&
&&TOURNAMENT SELECTION&&
&&&&&&&&&&&&&&&&&&&&&&&&
parents:
[-1.06253751e-01 -3.61720092e-12 -3.01276866e-13  3.60886016e-11 -3.73164001e-10 -6.85389222e-16  8.80140471e-16  2.97565432e-05 -1.55892121e-06 -2.35853333e-08  8.51689837e-10]
[-1.07334178e-01 -3.58708255e-12 -2.97299013e-13  3.29339754e-11 -3.73970738e-10 -6.81332167e-16  8.85116269e-16  2.97671894e-05 -1.54343998e-06 -2.41097671e-08  8.53081956e-10]
children:
[-1.06952053e-01 -3.62005582e-12 -3.00497335e-13  4.57147513e-11 -3.73948439e-10 -6.84499574e-16  8.82663603e-16  2.97558206e-05 -1.55146041e-06 -2.34064482e-08  8.52328393e-10]
[-1.06885487e-01 -3.60252014e-12 -2.97839044e-13  3.34529116e-11 -3.73533592e-10 -6.84486135e-16  8.91881037e-16  2.97596240e-05 -1.54529476e-06 -2.38895555e-08  8.52027522e-10]
Population scores:
[3.59317091e+11 2.63117798e+10]:[-1.07334178e-01 -3.58708255e-12 -2.97299013e-13  3.29339754e-11 -3.73970738e-10 -6.81332167e-16  8.85116269e-16  2.97671894e-05 -1.54343998e-06 -2.41097671e-08  8.53081956e-10]:10.420150226149802
[3.26044448e+11 3.32577820e+10]:[-1.06885487e-01 -3.60252014e-12 -2.97839044e-13  3.34529116e-11 -3.73533592e-10 -6.84486135e-16  8.91881037e-16  2.97596240e-05 -1.54529476e-06 -2.38895555e-08  8.52027522e-10]:10.521893282595055
[2.92596709e+11 3.38516271e+10]:[-1.06253751e-01 -3.61720092e-12 -3.01276866e-13  3.60886016e-11 -3.73164001e-10 -6.85389222e-16  8.80140471e-16  2.97565432e-05 -1.55892121e-06 -2.35853333e-08  8.51689837e-10]:10.529579548058667
[2.75856343e+11 1.20677597e+11]:[-1.06952053e-01 -3.62005582e-12 -3.00497335e-13  4.57147513e-11 -3.73948439e-10 -6.84499574e-16  8.82663603e-16  2.97558206e-05 -1.55146041e-06 -2.34064482e-08  8.52328393e-10]:11.081626655034283
Selected for new population:
[-1.07334178e-01 -3.58708255e-12 -2.97299013e-13  3.29339754e-11 -3.73970738e-10 -6.81332167e-16  8.85116269e-16  2.97671894e-05 -1.54343998e-06 -2.41097671e-08  8.53081956e-10]
[-1.06885487e-01 -3.60252014e-12 -2.97839044e-13  3.34529116e-11 -3.73533592e-10 -6.84486135e-16  8.91881037e-16  2.97596240e-05 -1.54529476e-06 -2.38895555e-08  8.52027522e-10]
Selected: [1 0]
***************
***CROSSOVER***
***************
Population scores:
[3.59317091e+11 2.63117798e+10]:[-1.07334178e-01 -3.58708255e-12 -2.97299013e-13  3.29339754e-11 -3.73970738e-10 -6.81332167e-16  8.85116269e-16  2.97671894e-05 -1.54343998e-06 -2.41097671e-08  8.53081956e-10]:10.420150226149802
[2.92596709e+11 3.38516271e+10]:[-1.06253751e-01 -3.61720092e-12 -3.01276866e-13  3.60886016e-11 -3.73164001e-10 -6.85389222e-16  8.80140471e-16  2.97565432e-05 -1.55892121e-06 -2.35853333e-08  8.51689837e-10]:10.529579548058667
&&&&&&&&&&&&&&&&&&&&&&&&
&&TOURNAMENT SELECTION&&
&&&&&&&&&&&&&&&&&&&&&&&&
parents:
[-1.06253751e-01 -3.61720092e-12 -3.01276866e-13  3.60886016e-11 -3.73164001e-10 -6.85389222e-16  8.80140471e-16  2.97565432e-05 -1.55892121e-06 -2.35853333e-08  8.51689837e-10]
[-1.07334178e-01 -3.58708255e-12 -2.97299013e-13  3.29339754e-11 -3.73970738e-10 -6.81332167e-16  8.85116269e-16  2.97671894e-05 -1.54343998e-06 -2.41097671e-08  8.53081956e-10]
children:
[-1.07143668e-01 -3.59972071e-12 -2.97246977e-13  3.29309951e-11 -2.83906840e-10 -6.83177246e-16  8.72253492e-16  2.97627093e-05 -1.55503305e-06 -2.33897646e-08  7.81254945e-10]
[-1.61741335e-01 -3.54709543e-12 -2.98315474e-13  3.51390841e-11 -3.73500101e-10 -6.82117716e-16  8.83938247e-16  2.97594666e-05 -1.55982239e-06 -2.40176734e-08  8.52146091e-10]
Population scores:
[3.59317091e+11 2.63117798e+10]:[-1.07334178e-01 -3.58708255e-12 -2.97299013e-13  3.29339754e-11 -3.73970738e-10 -6.81332167e-16  8.85116269e-16  2.97671894e-05 -1.54343998e-06 -2.41097671e-08  8.53081956e-10]:10.420150226149802
[2.92596709e+11 3.38516271e+10]:[-1.06253751e-01 -3.61720092e-12 -3.01276866e-13  3.60886016e-11 -3.73164001e-10 -6.85389222e-16  8.80140471e-16  2.97565432e-05 -1.55892121e-06 -2.35853333e-08  8.51689837e-10]:10.529579548058667
[3.98159558e+11 5.67793995e+10]:[-1.61741335e-01 -3.54709543e-12 -2.98315474e-13  3.51390841e-11 -3.73500101e-10 -6.82117716e-16  8.83938247e-16  2.97594666e-05 -1.55982239e-06 -2.40176734e-08  8.52146091e-10]:10.754190795455518
[2.45669027e+12 3.29343902e+12]:[-1.07143668e-01 -3.59972071e-12 -2.97246977e-13  3.29309951e-11 -2.83906840e-10 -6.83177246e-16  8.72253492e-16  2.97627093e-05 -1.55503305e-06 -2.33897646e-08  7.81254945e-10]:12.517649626376853
Selected for new population:
[-1.07334178e-01 -3.58708255e-12 -2.97299013e-13  3.29339754e-11 -3.73970738e-10 -6.81332167e-16  8.85116269e-16  2.97671894e-05 -1.54343998e-06 -2.41097671e-08  8.53081956e-10]
[-1.06253751e-01 -3.61720092e-12 -3.01276866e-13  3.60886016e-11 -3.73164001e-10 -6.85389222e-16  8.80140471e-16  2.97565432e-05 -1.55892121e-06 -2.35853333e-08  8.51689837e-10]
Population scores:
[3.59317091e+11 2.63117798e+10]:[-1.07334178e-01 -3.58708255e-12 -2.97299013e-13  3.29339754e-11 -3.73970738e-10 -6.81332167e-16  8.85116269e-16  2.97671894e-05 -1.54343998e-06 -2.41097671e-08  8.53081956e-10]:10.420150226149802
[3.26044448e+11 3.32577820e+10]:[-1.06885487e-01 -3.60252014e-12 -2.97839044e-13  3.34529116e-11 -3.73533592e-10 -6.84486135e-16  8.91881037e-16  2.97596240e-05 -1.54529476e-06 -2.38895555e-08  8.52027522e-10]:10.521893282595055
[2.92596709e+11 3.38516271e+10]:[-1.06253751e-01 -3.61720092e-12 -3.01276866e-13  3.60886016e-11 -3.73164001e-10 -6.85389222e-16  8.80140471e-16  2.97565432e-05 -1.55892121e-06 -2.35853333e-08  8.51689837e-10]:10.529579548058667
[3.68669170e+11 8.64780708e+10]:[-1.05729843e-01 -3.62035062e-12 -3.04032177e-13  3.28084217e-11 -3.72486024e-10 -6.87458452e-16  8.78112993e-16  2.97570535e-05 -1.58949948e-06 -2.34660688e-08  8.51274647e-10]:10.93690599235026
[4.80252451e+11 6.57900089e+11]:[-1.11320871e-01 -3.51671044e-12 -2.96372349e-13  3.33945014e-11 -3.78813034e-10 -6.84513652e-16  8.84016909e-16  2.89811109e-05 -1.51848305e-06 -2.31738379e-08  8.56872992e-10]:11.81815994514169
[2.03128028e+12 3.62497922e+12]:[0. 0. 0. 0. 0. 0. 0. 0. 0. 0. 0.]:12.559305521551186
*******************************
***iteration: 4 Population is***
*******************************
Population scores:
[3.59317091e+11 2.63117798e+10]:[-1.07334178e-01 -3.58708255e-12 -2.97299013e-13  3.29339754e-11 -3.73970738e-10 -6.81332167e-16  8.85116269e-16  2.97671894e-05 -1.54343998e-06 -2.41097671e-08  8.53081956e-10]:10.420150226149802
[3.26044448e+11 3.32577820e+10]:[-1.06885487e-01 -3.60252014e-12 -2.97839044e-13  3.34529116e-11 -3.73533592e-10 -6.84486135e-16  8.91881037e-16  2.97596240e-05 -1.54529476e-06 -2.38895555e-08  8.52027522e-10]:10.521893282595055
[2.92596709e+11 3.38516271e+10]:[-1.06253751e-01 -3.61720092e-12 -3.01276866e-13  3.60886016e-11 -3.73164001e-10 -6.85389222e-16  8.80140471e-16  2.97565432e-05 -1.55892121e-06 -2.35853333e-08  8.51689837e-10]:10.529579548058667
[3.68669170e+11 8.64780708e+10]:[-1.05729843e-01 -3.62035062e-12 -3.04032177e-13  3.28084217e-11 -3.72486024e-10 -6.87458452e-16  8.78112993e-16  2.97570535e-05 -1.58949948e-06 -2.34660688e-08  8.51274647e-10]:10.93690599235026
[4.80252451e+11 6.57900089e+11]:[-1.11320871e-01 -3.51671044e-12 -2.96372349e-13  3.33945014e-11 -3.78813034e-10 -6.84513652e-16  8.84016909e-16  2.89811109e-05 -1.51848305e-06 -2.31738379e-08  8.56872992e-10]:11.81815994514169
Selected: [0 2]
***************
***CROSSOVER***
***************
Population scores:
[3.59317091e+11 2.63117798e+10]:[-1.07334178e-01 -3.58708255e-12 -2.97299013e-13  3.29339754e-11 -3.73970738e-10 -6.81332167e-16  8.85116269e-16  2.97671894e-05 -1.54343998e-06 -2.41097671e-08  8.53081956e-10]:10.420150226149802
[2.92596709e+11 3.38516271e+10]:[-1.06253751e-01 -3.61720092e-12 -3.01276866e-13  3.60886016e-11 -3.73164001e-10 -6.85389222e-16  8.80140471e-16  2.97565432e-05 -1.55892121e-06 -2.35853333e-08  8.51689837e-10]:10.529579548058667
&&&&&&&&&&&&&&&&&&&&&&&&
&&TOURNAMENT SELECTION&&
&&&&&&&&&&&&&&&&&&&&&&&&
parents:
[-1.07334178e-01 -3.58708255e-12 -2.97299013e-13  3.29339754e-11 -3.73970738e-10 -6.81332167e-16  8.85116269e-16  2.97671894e-05 -1.54343998e-06 -2.41097671e-08  8.53081956e-10]
[-1.06253751e-01 -3.61720092e-12 -3.01276866e-13  3.60886016e-11 -3.73164001e-10 -6.85389222e-16  8.80140471e-16  2.97565432e-05 -1.55892121e-06 -2.35853333e-08  8.51689837e-10]
children:
[-1.06797440e-01 -3.59150614e-12 -2.99762129e-13  3.49585268e-11 -3.73332873e-10 -6.84890142e-16  8.84194213e-16  2.97652619e-05 -1.55775094e-06 -2.41231602e-08  8.52798351e-10]
[-1.06849851e-01 -3.60713473e-12 -3.01337285e-13  3.63439536e-11 -3.73406195e-10 -6.82865338e-16  8.81276833e-16  2.94321896e-05 -1.55286800e-06 -2.36880045e-08  8.51959570e-10]
Population scores:
[3.59317091e+11 2.63117798e+10]:[-1.07334178e-01 -3.58708255e-12 -2.97299013e-13  3.29339754e-11 -3.73970738e-10 -6.81332167e-16  8.85116269e-16  2.97671894e-05 -1.54343998e-06 -2.41097671e-08  8.53081956e-10]:10.420150226149802
[3.30204854e+11 2.74539538e+10]:[-1.06849851e-01 -3.60713473e-12 -3.01337285e-13  3.63439536e-11 -3.73406195e-10 -6.82865338e-16  8.81276833e-16  2.94321896e-05 -1.55286800e-06 -2.36880045e-08  8.51959570e-10]:10.438604898628327
[2.92596709e+11 3.38516271e+10]:[-1.06253751e-01 -3.61720092e-12 -3.01276866e-13  3.60886016e-11 -3.73164001e-10 -6.85389222e-16  8.80140471e-16  2.97565432e-05 -1.55892121e-06 -2.35853333e-08  8.51689837e-10]:10.529579548058667
[4.16276534e+11 6.36660026e+10]:[-1.06797440e-01 -3.59150614e-12 -2.99762129e-13  3.49585268e-11 -3.73332873e-10 -6.84890142e-16  8.84194213e-16  2.97652619e-05 -1.55775094e-06 -2.41231602e-08  8.52798351e-10]:10.80390758293259
Selected for new population:
[-1.07334178e-01 -3.58708255e-12 -2.97299013e-13  3.29339754e-11 -3.73970738e-10 -6.81332167e-16  8.85116269e-16  2.97671894e-05 -1.54343998e-06 -2.41097671e-08  8.53081956e-10]
[-1.06849851e-01 -3.60713473e-12 -3.01337285e-13  3.63439536e-11 -3.73406195e-10 -6.82865338e-16  8.81276833e-16  2.94321896e-05 -1.55286800e-06 -2.36880045e-08  8.51959570e-10]
Selected: [2 1]
***************
***CROSSOVER***
***************
Population scores:
[3.26044448e+11 3.32577820e+10]:[-1.06885487e-01 -3.60252014e-12 -2.97839044e-13  3.34529116e-11 -3.73533592e-10 -6.84486135e-16  8.91881037e-16  2.97596240e-05 -1.54529476e-06 -2.38895555e-08  8.52027522e-10]:10.521893282595055
[2.92596709e+11 3.38516271e+10]:[-1.06253751e-01 -3.61720092e-12 -3.01276866e-13  3.60886016e-11 -3.73164001e-10 -6.85389222e-16  8.80140471e-16  2.97565432e-05 -1.55892121e-06 -2.35853333e-08  8.51689837e-10]:10.529579548058667
&&&&&&&&&&&&&&&&&&&&&&&&
&&TOURNAMENT SELECTION&&
&&&&&&&&&&&&&&&&&&&&&&&&
parents:
[-1.06253751e-01 -3.61720092e-12 -3.01276866e-13  3.60886016e-11 -3.73164001e-10 -6.85389222e-16  8.80140471e-16  2.97565432e-05 -1.55892121e-06 -2.35853333e-08  8.51689837e-10]
[-1.06885487e-01 -3.60252014e-12 -2.97839044e-13  3.34529116e-11 -3.73533592e-10 -6.84486135e-16  8.91881037e-16  2.97596240e-05 -1.54529476e-06 -2.38895555e-08  8.52027522e-10]
children:
[-1.06658094e-01 -3.61618385e-12 -2.98751651e-13  3.58490220e-11 -3.73148858e-10 -6.84772732e-16  8.89360635e-16  2.97585072e-05 -1.55381987e-06 -2.37129298e-08  8.51802097e-10]
[-1.06794850e-01 -3.61566937e-12 -2.98468762e-13  3.50601998e-11 -3.73388316e-10 -6.84516977e-16  8.84031325e-16  2.97591060e-05 -1.55053608e-06 -2.37261997e-08  8.56670361e-10]
Population scores:
[3.07185597e+11 3.22709248e+10]:[-1.06658094e-01 -3.61618385e-12 -2.98751651e-13  3.58490220e-11 -3.73148858e-10 -6.84772732e-16  8.89360635e-16  2.97585072e-05 -1.55381987e-06 -2.37129298e-08  8.51802097e-10]:10.508811411111894
[3.26044448e+11 3.32577820e+10]:[-1.06885487e-01 -3.60252014e-12 -2.97839044e-13  3.34529116e-11 -3.73533592e-10 -6.84486135e-16  8.91881037e-16  2.97596240e-05 -1.54529476e-06 -2.38895555e-08  8.52027522e-10]:10.521893282595055
[2.92596709e+11 3.38516271e+10]:[-1.06253751e-01 -3.61720092e-12 -3.01276866e-13  3.60886016e-11 -3.73164001e-10 -6.85389222e-16  8.80140471e-16  2.97565432e-05 -1.55892121e-06 -2.35853333e-08  8.51689837e-10]:10.529579548058667
[2.99408809e+11 9.02447299e+10]:[-1.06794850e-01 -3.61566937e-12 -2.98468762e-13  3.50601998e-11 -3.73388316e-10 -6.84516977e-16  8.84031325e-16  2.97591060e-05 -1.55053608e-06 -2.37261997e-08  8.56670361e-10]:10.95542184943604
Selected for new population:
[-1.06658094e-01 -3.61618385e-12 -2.98751651e-13  3.58490220e-11 -3.73148858e-10 -6.84772732e-16  8.89360635e-16  2.97585072e-05 -1.55381987e-06 -2.37129298e-08  8.51802097e-10]
[-1.06885487e-01 -3.60252014e-12 -2.97839044e-13  3.34529116e-11 -3.73533592e-10 -6.84486135e-16  8.91881037e-16  2.97596240e-05 -1.54529476e-06 -2.38895555e-08  8.52027522e-10]
Population scores:
[3.59317091e+11 2.63117798e+10]:[-1.07334178e-01 -3.58708255e-12 -2.97299013e-13  3.29339754e-11 -3.73970738e-10 -6.81332167e-16  8.85116269e-16  2.97671894e-05 -1.54343998e-06 -2.41097671e-08  8.53081956e-10]:10.420150226149802
[3.30204854e+11 2.74539538e+10]:[-1.06849851e-01 -3.60713473e-12 -3.01337285e-13  3.63439536e-11 -3.73406195e-10 -6.82865338e-16  8.81276833e-16  2.94321896e-05 -1.55286800e-06 -2.36880045e-08  8.51959570e-10]:10.438604898628327
[3.07185597e+11 3.22709248e+10]:[-1.06658094e-01 -3.61618385e-12 -2.98751651e-13  3.58490220e-11 -3.73148858e-10 -6.84772732e-16  8.89360635e-16  2.97585072e-05 -1.55381987e-06 -2.37129298e-08  8.51802097e-10]:10.508811411111894
[3.26044448e+11 3.32577820e+10]:[-1.06885487e-01 -3.60252014e-12 -2.97839044e-13  3.34529116e-11 -3.73533592e-10 -6.84486135e-16  8.91881037e-16  2.97596240e-05 -1.54529476e-06 -2.38895555e-08  8.52027522e-10]:10.521893282595055
[2.92596709e+11 3.38516271e+10]:[-1.06253751e-01 -3.61720092e-12 -3.01276866e-13  3.60886016e-11 -3.73164001e-10 -6.85389222e-16  8.80140471e-16  2.97565432e-05 -1.55892121e-06 -2.35853333e-08  8.51689837e-10]:10.529579548058667
[3.68669170e+11 8.64780708e+10]:[-1.05729843e-01 -3.62035062e-12 -3.04032177e-13  3.28084217e-11 -3.72486024e-10 -6.87458452e-16  8.78112993e-16  2.97570535e-05 -1.58949948e-06 -2.34660688e-08  8.51274647e-10]:10.93690599235026
[4.80252451e+11 6.57900089e+11]:[-1.11320871e-01 -3.51671044e-12 -2.96372349e-13  3.33945014e-11 -3.78813034e-10 -6.84513652e-16  8.84016909e-16  2.89811109e-05 -1.51848305e-06 -2.31738379e-08  8.56872992e-10]:11.81815994514169
[2.03128028e+12 3.62497922e+12]:[0. 0. 0. 0. 0. 0. 0. 0. 0. 0. 0.]:12.559305521551186
%%%%%%%%%%%%%%%%%%%%%%%%%
%%%final - population%%%%
%%%%%%%%%%%%%%%%%%%%%%%%%
[-1.07334178e-01 -3.58708255e-12 -2.97299013e-13  3.29339754e-11 -3.73970738e-10 -6.81332167e-16  8.85116269e-16  2.97671894e-05 -1.54343998e-06 -2.41097671e-08  8.53081956e-10]:[3.59317091e+11 2.63117798e+10]
[-1.06849851e-01 -3.60713473e-12 -3.01337285e-13  3.63439536e-11 -3.73406195e-10 -6.82865338e-16  8.81276833e-16  2.94321896e-05 -1.55286800e-06 -2.36880045e-08  8.51959570e-10]:[3.30204854e+11 2.74539538e+10]
[-1.06658094e-01 -3.61618385e-12 -2.98751651e-13  3.58490220e-11 -3.73148858e-10 -6.84772732e-16  8.89360635e-16  2.97585072e-05 -1.55381987e-06 -2.37129298e-08  8.51802097e-10]:[3.07185597e+11 3.22709248e+10]
[-1.06885487e-01 -3.60252014e-12 -2.97839044e-13  3.34529116e-11 -3.73533592e-10 -6.84486135e-16  8.91881037e-16  2.97596240e-05 -1.54529476e-06 -2.38895555e-08  8.52027522e-10]:[3.26044448e+11 3.32577820e+10]
[-1.06253751e-01 -3.61720092e-12 -3.01276866e-13  3.60886016e-11 -3.73164001e-10 -6.85389222e-16  8.80140471e-16  2.97565432e-05 -1.55892121e-06 -2.35853333e-08  8.51689837e-10]:[2.92596709e+11 3.38516271e+10]
