Using 541 21
[ 4.67512742e-02 -1.53956031e-12 -2.82312213e-13  4.58504353e-11 -2.05712207e-10 -1.54923250e-15  8.49159076e-16  2.37048317e-05 -2.08811178e-06 -1.59062126e-08  9.84615738e-10] [1.29481870e+11 2.20898437e+11]
[ 6.26201057e-02 -1.41539557e-12 -2.22596627e-13  4.60572928e-11 -1.75504831e-10 -1.82855845e-15  8.53064488e-16  2.37259063e-05 -2.05062007e-06 -1.67000556e-08  9.92839951e-10] [1.05659295e+11 1.85628912e+11]
***************
***CROSSOVER***
***************
Population scores:
21:[1.05659295e+11 1.85628912e+11]:[ 6.26201057e-02 -1.41539557e-12 -2.22596627e-13  4.60572928e-11 -1.75504831e-10 -1.82855845e-15  8.53064488e-16  2.37259063e-05 -2.05062007e-06 -1.67000556e-08  9.92839951e-10]:11.292687584262804
541:[1.29481870e+11 2.20898437e+11]:[ 4.67512742e-02 -1.53956031e-12 -2.82312213e-13  4.58504353e-11 -2.05712207e-10 -1.54923250e-15  8.49159076e-16  2.37048317e-05 -2.08811178e-06 -1.59062126e-08  9.84615738e-10]:11.368931105283053
Population scores:
547:[1.89562726e+11 2.40591942e+11]:[ 5.68651273e-02 -1.49139975e-12 -2.17696229e-13  4.60620830e-11 -1.88726846e-10 -1.71961506e-15  8.52533673e-16  2.37043531e-05 -2.08515892e-06 -1.62956286e-08  9.91320055e-10]:11.41421804501783
548:[1.65046177e+10 3.20735100e+11]:[ 5.96086706e-02 -1.50671972e-12 -2.41797483e-13  4.60135096e-11 -1.88584462e-10 -1.58588073e-15  8.51033426e-16  2.37274120e-05 -2.04702966e-06 -1.61718376e-08  9.88516320e-10]:11.508375583060069
