Using 541 21
[ 4.67512742e-02 -1.53956031e-12 -2.82312213e-13  4.58504353e-11 -2.05712207e-10 -1.54923250e-15  8.49159076e-16  2.37048317e-05 -2.08811178e-06 -1.59062126e-08  9.84615738e-10] [1.29481870e+11 2.20898437e+11]
[ 6.26201057e-02 -1.41539557e-12 -2.22596627e-13  4.60572928e-11 -1.75504831e-10 -1.82855845e-15  8.53064488e-16  2.37259063e-05 -2.05062007e-06 -1.67000556e-08  9.92839951e-10] [1.05659295e+11 1.85628912e+11]
***************
***CROSSOVER***
***************
Population scores:
21:[1.05659295e+11 1.85628912e+11]:[ 6.26201057e-02 -1.41539557e-12 -2.22596627e-13  4.60572928e-11 -1.75504831e-10 -1.82855845e-15  8.53064488e-16  2.37259063e-05 -2.05062007e-06 -1.67000556e-08  9.92839951e-10]:11.292687584262804
541:[1.29481870e+11 2.20898437e+11]:[ 4.67512742e-02 -1.53956031e-12 -2.82312213e-13  4.58504353e-11 -2.05712207e-10 -1.54923250e-15  8.49159076e-16  2.37048317e-05 -2.08811178e-06 -1.59062126e-08  9.84615738e-10]:11.368931105283053
Population scores:
550:[9.51688751e+10 2.14845949e+11]:[ 6.10647051e-02 -1.47947501e-12 -2.48374865e-13  4.60022778e-11 -1.93651030e-10 -1.52872948e-15  8.49863442e-16  2.37068862e-05 -2.08880463e-06 -1.59107947e-08  9.87267373e-10]:11.350950920993759
549:[5.14141249e+11 5.39039347e+11]:[ 6.24738264e-02 -1.49709696e-12 -2.70356736e-13  4.60024373e-11 -1.91041340e-10 -1.79295399e-15  8.51339508e-16  2.37149112e-05 -2.08550768e-06 -1.66653726e-08  9.87139811e-10]:11.77118568042138
