Using 541 439
[ 4.67512742e-02 -1.53956031e-12 -2.82312213e-13  4.58504353e-11 -2.05712207e-10 -1.54923250e-15  8.49159076e-16  2.37048317e-05 -2.08811178e-06 -1.59062126e-08  9.84615738e-10] [1.29481870e+11 2.20898437e+11]
[-8.36971992e-02 -2.17076875e-12 -3.11927598e-13  4.44576680e-11 -1.62675728e-10 -9.00496045e-16  8.28967672e-16  4.02654975e-05 -1.80886863e-06 -2.90629752e-08  9.78107028e-10] [1.97577950e+11 3.23339336e+10]
***************
***CROSSOVER***
***************
Population scores:
439:[1.97577950e+11 3.23339336e+10]:[-8.36971992e-02 -2.17076875e-12 -3.11927598e-13  4.44576680e-11 -1.62675728e-10 -9.00496045e-16  8.28967672e-16  4.02654975e-05 -1.80886863e-06 -2.90629752e-08  9.78107028e-10]:10.716768769412774
541:[1.29481870e+11 2.20898437e+11]:[ 4.67512742e-02 -1.53956031e-12 -2.82312213e-13  4.58504353e-11 -2.05712207e-10 -1.54923250e-15  8.49159076e-16  2.37048317e-05 -2.08811178e-06 -1.59062126e-08  9.84615738e-10]:11.368931105283053
Population scores:
554:[2.32080451e+11 1.07468045e+12]:[-8.52748549e-02 -1.58395740e-12 -4.06103237e-13  4.47708721e-11 -1.86626447e-10 -1.41264789e-15  8.45470807e-16  2.68242170e-05 -1.81760733e-06 -1.78294362e-08  9.14834046e-10]:12.040558236009131
553:[2.24315984e+13 4.88297296e+13]:[ 3.55027477e-02 -1.68852951e-12 -2.83459113e-13  4.59162955e-11 -1.76416710e-10 -1.41149157e-15  8.95920501e-16  4.06787449e-05 -1.87878978e-06 -1.59790030e-08  9.82599104e-10]:13.708190428780368
