Using 541 439
[ 4.67512742e-02 -1.53956031e-12 -2.82312213e-13  4.58504353e-11 -2.05712207e-10 -1.54923250e-15  8.49159076e-16  2.37048317e-05 -2.08811178e-06 -1.59062126e-08  9.84615738e-10] [1.29481870e+11 2.20898437e+11]
[-8.36971992e-02 -2.17076875e-12 -3.11927598e-13  4.44576680e-11 -1.62675728e-10 -9.00496045e-16  8.28967672e-16  4.02654975e-05 -1.80886863e-06 -2.90629752e-08  9.78107028e-10] [1.97577950e+11 3.23339336e+10]
***************
***CROSSOVER***
***************
Population scores:
439:[1.97577950e+11 3.23339336e+10]:[-8.36971992e-02 -2.17076875e-12 -3.11927598e-13  4.44576680e-11 -1.62675728e-10 -9.00496045e-16  8.28967672e-16  4.02654975e-05 -1.80886863e-06 -2.90629752e-08  9.78107028e-10]:10.716768769412774
541:[1.29481870e+11 2.20898437e+11]:[ 4.67512742e-02 -1.53956031e-12 -2.82312213e-13  4.58504353e-11 -2.05712207e-10 -1.54923250e-15  8.49159076e-16  2.37048317e-05 -2.08811178e-06 -1.59062126e-08  9.84615738e-10]:11.368931105283053
Population scores:
557:[1.39257441e+12 1.39819847e+12]:[ 6.69997473e-03 -1.34632375e-12 -3.14580814e-13  4.57266177e-11 -1.71039900e-10 -1.56197667e-15  8.31612492e-16  4.11221168e-05 -1.94821880e-06 -2.78438394e-08  9.79941790e-10]:12.186802670830506
558:[3.59645194e+12 5.49641950e+12]:[-9.14384962e-02 -1.55889259e-12 -3.07991919e-13  4.47902018e-11 -1.59758473e-10 -1.11611246e-15  8.38134298e-16  2.30304421e-05 -1.93879560e-06 -2.26288911e-08  9.82826490e-10]:12.767605865677236
