*******************************
***iteration: 0 Population is***
*******************************
Population scores:
[-9.02743931e-02 -2.08112892e-12 -3.12729514e-13  4.22452196e-11 -1.11339420e-10 -9.04338583e-16  8.36961654e-16  3.45747317e-05 -1.85514947e-06 -2.36792150e-08  9.37291324e-10] : 10.797849483835655 : [1.03231754e+11 4.54493520e+10]
[-8.21968853e-02 -1.54200307e-12 -3.10917079e-13  4.10187595e-11 -1.71411108e-10 -9.76409714e-16  8.25986780e-16  3.84724468e-05 -2.12372558e-06 -2.01909144e-08  9.10197385e-10] : 12.13715138416376 : [1.42990273e+12 1.34626984e+12]
[-8.80087495e-02 -1.76627249e-12 -2.60716648e-13  4.63297573e-11 -6.69349771e-11 -8.51709382e-16  8.24685807e-16  3.52410739e-05 -1.59855296e-06 -3.17317105e-08  9.46466178e-10] : 12.223911401535894 : [1.92615909e+12 1.56679069e+12]
[-8.64059790e-02 -2.36027106e-12 -2.84105159e-13  4.54774277e-11 -9.51283120e-11 -9.37587696e-16  9.06522450e-16  4.30632068e-05 -1.40137163e-06 -3.02645612e-08  8.75575861e-10] : 12.5729868954532 : [1.92928886e+12 4.51743763e+12]
Selected: [2 0]
&&&&&&&&&&&&&&&&&&&&&&&&&&&&&&&&&&&&&&&&&&
TOURNAMENT SELECTION
parents:
[-8.80087495e-02 -1.76627249e-12 -2.60716648e-13  4.63297573e-11 -6.69349771e-11 -8.51709382e-16  8.24685807e-16  3.52410739e-05 -1.59855296e-06 -3.17317105e-08  9.46466178e-10]
[-9.02743931e-02 -2.08112892e-12 -3.12729514e-13  4.22452196e-11 -1.11339420e-10 -9.04338583e-16  8.36961654e-16  3.45747317e-05 -1.85514947e-06 -2.36792150e-08  9.37291324e-10]
children:
[-9.02743931e-02 -1.76627249e-12 -3.12729514e-13  4.64139929e-11 -1.07624348e-10 -8.51709382e-16  8.36961654e-16  3.45747317e-05 -1.85514947e-06 -3.17317105e-08  9.46466178e-10]
[-8.80087495e-02 -2.08112892e-12 -2.60716648e-13  4.22452196e-11 -6.69349771e-11 -9.04338583e-16  8.34131814e-16  3.52410739e-05 -1.63525362e-06 -2.36792150e-08  9.37291324e-10]
Population scores:
[-9.02743931e-02 -2.08112892e-12 -3.12729514e-13  4.22452196e-11 -1.11339420e-10 -9.04338583e-16  8.36961654e-16  3.45747317e-05 -1.85514947e-06 -2.36792150e-08  9.37291324e-10] : 10.797849483835655 : [1.03231754e+11 4.54493520e+10]
[-8.80087495e-02 -1.76627249e-12 -2.60716648e-13  4.63297573e-11 -6.69349771e-11 -8.51709382e-16  8.24685807e-16  3.52410739e-05 -1.59855296e-06 -3.17317105e-08  9.46466178e-10] : 12.223911401535894 : [1.92615909e+12 1.56679069e+12]
[-8.80087495e-02 -2.08112892e-12 -2.60716648e-13  4.22452196e-11 -6.69349771e-11 -9.04338583e-16  8.34131814e-16  3.52410739e-05 -1.63525362e-06 -2.36792150e-08  9.37291324e-10] : 12.842909861296148 : [3.58209520e+12 8.41455838e+12]
[-9.02743931e-02 -1.76627249e-12 -3.12729514e-13  4.64139929e-11 -1.07624348e-10 -8.51709382e-16  8.36961654e-16  3.45747317e-05 -1.85514947e-06 -3.17317105e-08  9.46466178e-10] : 13.280757800208546 : [1.28614631e+13 2.17563509e+13]
Selected for new population:
[-9.02743931e-02 -2.08112892e-12 -3.12729514e-13  4.22452196e-11 -1.11339420e-10 -9.04338583e-16  8.36961654e-16  3.45747317e-05 -1.85514947e-06 -2.36792150e-08  9.37291324e-10]
[-8.80087495e-02 -1.76627249e-12 -2.60716648e-13  4.63297573e-11 -6.69349771e-11 -8.51709382e-16  8.24685807e-16  3.52410739e-05 -1.59855296e-06 -3.17317105e-08  9.46466178e-10]
Selected: [1 0]
&&&&&&&&&&&&&&&&&&&&&&&&&&&&&&&&&&&&&&&&&&
TOURNAMENT SELECTION
parents:
[-8.21968853e-02 -1.54200307e-12 -3.10917079e-13  4.10187595e-11 -1.71411108e-10 -9.76409714e-16  8.25986780e-16  3.84724468e-05 -2.12372558e-06 -2.01909144e-08  9.10197385e-10]
[-9.02743931e-02 -2.08112892e-12 -3.12729514e-13  4.22452196e-11 -1.11339420e-10 -9.04338583e-16  8.36961654e-16  3.45747317e-05 -1.85514947e-06 -2.36792150e-08  9.37291324e-10]
children:
[-9.02743931e-02 -1.54200307e-12 -3.77069094e-13  4.10187595e-11 -1.11339420e-10 -9.76409714e-16  8.36961654e-16  3.45747317e-05 -1.76971159e-06 -2.36792150e-08  9.10197385e-10]
[-8.19539995e-02 -2.97632025e-12 -3.10917079e-13  4.22452196e-11 -1.71411108e-10 -9.04338583e-16  8.25986780e-16  3.84724468e-05 -2.12372558e-06 -2.01909144e-08  9.37291324e-10]
Population scores:
[-9.02743931e-02 -2.08112892e-12 -3.12729514e-13  4.22452196e-11 -1.11339420e-10 -9.04338583e-16  8.36961654e-16  3.45747317e-05 -1.85514947e-06 -2.36792150e-08  9.37291324e-10] : 10.797849483835655 : [1.03231754e+11 4.54493520e+10]
[-9.02743931e-02 -1.54200307e-12 -3.77069094e-13  4.10187595e-11 -1.11339420e-10 -9.76409714e-16  8.36961654e-16  3.45747317e-05 -1.76971159e-06 -2.36792150e-08  9.10197385e-10] : 10.845938861056698 : [7.16439607e+10 6.94892391e+10]
[-8.19539995e-02 -2.97632025e-12 -3.10917079e-13  4.22452196e-11 -1.71411108e-10 -9.04338583e-16  8.25986780e-16  3.84724468e-05 -2.12372558e-06 -2.01909144e-08  9.37291324e-10] : 11.394358095171164 : [4.80460003e+11 1.48297948e+11]
[-8.21968853e-02 -1.54200307e-12 -3.10917079e-13  4.10187595e-11 -1.71411108e-10 -9.76409714e-16  8.25986780e-16  3.84724468e-05 -2.12372558e-06 -2.01909144e-08  9.10197385e-10] : 12.13715138416376 : [1.42990273e+12 1.34626984e+12]
Selected for new population:
[-9.02743931e-02 -2.08112892e-12 -3.12729514e-13  4.22452196e-11 -1.11339420e-10 -9.04338583e-16  8.36961654e-16  3.45747317e-05 -1.85514947e-06 -2.36792150e-08  9.37291324e-10]
[-9.02743931e-02 -1.54200307e-12 -3.77069094e-13  4.10187595e-11 -1.11339420e-10 -9.76409714e-16  8.36961654e-16  3.45747317e-05 -1.76971159e-06 -2.36792150e-08  9.10197385e-10]
%%%%%%%%%%%%%%%%%%%%%%%%%
%%%final - population%%%%
%%%%%%%%%%%%%%%%%%%%%%%%%
[-9.02743931e-02 -2.08112892e-12 -3.12729514e-13  4.22452196e-11 -1.11339420e-10 -9.04338583e-16  8.36961654e-16  3.45747317e-05 -1.85514947e-06 -2.36792150e-08  9.37291324e-10]:[1.03231754e+11 4.54493520e+10]
[-9.02743931e-02 -1.54200307e-12 -3.77069094e-13  4.10187595e-11 -1.11339420e-10 -9.76409714e-16  8.36961654e-16  3.45747317e-05 -1.76971159e-06 -2.36792150e-08  9.10197385e-10]:[7.16439607e+10 6.94892391e+10]
[-8.80087495e-02 -1.76627249e-12 -2.60716648e-13  4.63297573e-11 -6.69349771e-11 -8.51709382e-16  8.24685807e-16  3.52410739e-05 -1.59855296e-06 -3.17317105e-08  9.46466178e-10]:[1.92615909e+12 1.56679069e+12]
[-8.64059790e-02 -2.36027106e-12 -2.84105159e-13  4.54774277e-11 -9.51283120e-11 -9.37587696e-16  9.06522450e-16  4.30632068e-05 -1.40137163e-06 -3.02645612e-08  8.75575861e-10]:[1.92928886e+12 4.51743763e+12]
