*******************************
***iteration: 0 Population is***
*******************************
Population scores:
[6.39104483e+10 4.58689949e+10]:[-9.02743931e-02 -2.08112892e-12 -3.12729514e-13  4.22452196e-11 -1.11339420e-10 -9.04338583e-16  8.36961654e-16  3.45747317e-05 -1.85514947e-06 -2.34755980e-08  9.37291324e-10]:10.774346287834646
[1.37578667e+11 5.30907852e+10]:[-9.09960404e-02 -2.17828725e-12 -3.11664016e-13  4.15595459e-11 -1.09113739e-10 -9.06069285e-16  8.39220991e-16  3.41030765e-05 -1.83610393e-06 -2.41191292e-08  9.41082537e-10]:11.002787046005162
[3.08908689e+10 1.54489090e+11]:[-9.03441923e-02 -2.14562796e-12 -3.08790333e-13  4.19040332e-11 -1.18183397e-10 -8.99184407e-16  8.30516572e-16  3.41032972e-05 -1.87141708e-06 -2.26975979e-08  9.41311786e-10]:11.033981902298397
[1.93549915e+11 1.25262395e+11]:[-8.96379309e-02 -2.02226004e-12 -3.07279944e-13  4.13277735e-11 -1.17489113e-10 -8.96773614e-16  8.32530243e-16  3.41395512e-05 -1.88721142e-06 -2.33054252e-08  9.39762052e-10]:11.235357710915661
[1.99551313e+11 1.24092688e+11]:[-9.05525190e-02 -2.09009864e-12 -3.07669796e-13  4.31174551e-11 -1.13333889e-10 -9.09050610e-16  8.36652398e-16  3.43797872e-05 -1.88319159e-06 -2.37329230e-08  9.44979408e-10]:11.241126101306788
[2.47129436e+11 1.50266694e+11]:[-9.12725740e-02 -2.07172984e-12 -3.03066850e-13  4.13531296e-11 -1.17945018e-10 -8.94730253e-16  8.35119387e-16  3.36040783e-05 -1.84996225e-06 -2.41162486e-08  9.43826719e-10]:11.329854785944487
[3.11470927e+11 2.16858073e+11]:[-8.98346041e-02 -2.13573631e-12 -3.08591467e-13  4.26532697e-11 -1.08063264e-10 -9.03900664e-16  8.32880522e-16  3.44932878e-05 -1.84370682e-06 -2.41755949e-08  9.31073476e-10]:11.456138663267488
[3.84258374e+11 3.41604112e+11]:[-8.98425044e-02 -2.07791718e-12 -3.09595270e-13  4.15698780e-11 -1.14162727e-10 -9.11525945e-16  8.34513340e-16  3.51951308e-05 -1.94521228e-06 -2.28466172e-08  9.37025048e-10]:11.59889075946254
[5.33306500e+11 5.51866468e+11]:[-9.04974711e-02 -1.99165063e-12 -3.04317972e-13  4.30999989e-11 -1.01899305e-10 -9.04987304e-16  8.37105053e-16  3.46825994e-05 -1.93172164e-06 -2.33314917e-08  9.40071146e-10]:11.776536390478698
[8.61819450e+11 1.00033953e+12]:[-8.93292281e-02 -2.05329159e-12 -3.11889493e-13  4.30748712e-11 -1.02478739e-10 -9.07423684e-16  8.43511851e-16  3.50042125e-05 -1.90084455e-06 -2.43678714e-08  9.36183170e-10]:12.013306450007402
[1.43359109e+12 1.90899162e+12]:[-9.12216722e-02 -2.02711512e-12 -3.14365984e-13  4.16624024e-11 -1.15778058e-10 -9.09323074e-16  8.43115942e-16  3.44955078e-05 -1.92393999e-06 -2.40963638e-08  9.31944411e-10]:12.27002411057043
Selected: [2 0]
&&&&&&&&&&&&&&&&&&&&&&&&
&&TOURNAMENT SELECTION&&
&&&&&&&&&&&&&&&&&&&&&&&&
parents:
[-9.03441923e-02 -2.14562796e-12 -3.08790333e-13  4.19040332e-11 -1.18183397e-10 -8.99184407e-16  8.30516572e-16  3.41032972e-05 -1.87141708e-06 -2.26975979e-08  9.41311786e-10]
[-9.02743931e-02 -2.08112892e-12 -3.12729514e-13  4.22452196e-11 -1.11339420e-10 -9.04338583e-16  8.36961654e-16  3.45747317e-05 -1.85514947e-06 -2.34755980e-08  9.37291324e-10]
children:
[-9.03441923e-02 -2.08112892e-12 -3.08790333e-13  4.22452196e-11 -1.18183397e-10 -9.00380622e-16  8.36961654e-16  3.41032972e-05 -1.87141708e-06 -2.26975979e-08  9.37291324e-10]
[-9.02743931e-02 -2.14562796e-12 -3.12729514e-13  4.19040332e-11 -1.11339420e-10 -8.99184407e-16  8.30516572e-16  3.45747317e-05 -1.57332555e-06 -2.34755980e-08  9.41311786e-10]
Population scores:
[6.39104483e+10 4.58689949e+10]:[-9.02743931e-02 -2.08112892e-12 -3.12729514e-13  4.22452196e-11 -1.11339420e-10 -9.04338583e-16  8.36961654e-16  3.45747317e-05 -1.85514947e-06 -2.34755980e-08  9.37291324e-10]:10.774346287834646
[3.25074391e+10 8.99904706e+10]:[-9.03441923e-02 -2.08112892e-12 -3.08790333e-13  4.22452196e-11 -1.18183397e-10 -9.00380622e-16  8.36961654e-16  3.41032972e-05 -1.87141708e-06 -2.26975979e-08  9.37291324e-10]:10.846633976011939
[3.08908689e+10 1.54489090e+11]:[-9.03441923e-02 -2.14562796e-12 -3.08790333e-13  4.19040332e-11 -1.18183397e-10 -8.99184407e-16  8.30516572e-16  3.41032972e-05 -1.87141708e-06 -2.26975979e-08  9.41311786e-10]:11.033981902298397
[6.29211936e+12 1.40735348e+13]:[-9.02743931e-02 -2.14562796e-12 -3.12729514e-13  4.19040332e-11 -1.11339420e-10 -8.99184407e-16  8.30516572e-16  3.45747317e-05 -1.57332555e-06 -2.34755980e-08  9.41311786e-10]:13.064090201988634
Selected for new population:
[-9.02743931e-02 -2.08112892e-12 -3.12729514e-13  4.22452196e-11 -1.11339420e-10 -9.04338583e-16  8.36961654e-16  3.45747317e-05 -1.85514947e-06 -2.34755980e-08  9.37291324e-10]
[-9.03441923e-02 -2.08112892e-12 -3.08790333e-13  4.22452196e-11 -1.18183397e-10 -9.00380622e-16  8.36961654e-16  3.41032972e-05 -1.87141708e-06 -2.26975979e-08  9.37291324e-10]
Selected: [3 0]
&&&&&&&&&&&&&&&&&&&&&&&&
&&TOURNAMENT SELECTION&&
&&&&&&&&&&&&&&&&&&&&&&&&
parents:
[-8.96379309e-02 -2.02226004e-12 -3.07279944e-13  4.13277735e-11 -1.17489113e-10 -8.96773614e-16  8.32530243e-16  3.41395512e-05 -1.88721142e-06 -2.33054252e-08  9.39762052e-10]
[-9.02743931e-02 -2.08112892e-12 -3.12729514e-13  4.22452196e-11 -1.11339420e-10 -9.04338583e-16  8.36961654e-16  3.45747317e-05 -1.85514947e-06 -2.34755980e-08  9.37291324e-10]
children:
[-8.92033901e-02 -2.02226004e-12 -3.12729514e-13  4.22452196e-11 -1.17489113e-10 -8.96773614e-16  8.36961654e-16  3.45747317e-05 -1.85514947e-06 -2.34755980e-08  9.37291324e-10]
[-9.02743931e-02 -2.08112892e-12 -3.07279944e-13  4.13277735e-11 -1.11339420e-10 -9.25306736e-16  8.32530243e-16  3.41395512e-05 -1.85803697e-06 -2.33054252e-08  9.39762052e-10]
Population scores:
[6.25936357e+10 4.65026274e+10]:[-8.92033901e-02 -2.02226004e-12 -3.12729514e-13  4.22452196e-11 -1.17489113e-10 -8.96773614e-16  8.36961654e-16  3.45747317e-05 -1.85514947e-06 -2.34755980e-08  9.37291324e-10]:10.77230992685161
[6.39104483e+10 4.58689949e+10]:[-9.02743931e-02 -2.08112892e-12 -3.12729514e-13  4.22452196e-11 -1.11339420e-10 -9.04338583e-16  8.36961654e-16  3.45747317e-05 -1.85514947e-06 -2.34755980e-08  9.37291324e-10]:10.774346287834646
[6.19104809e+10 5.05387858e+10]:[-9.02743931e-02 -2.08112892e-12 -3.07279944e-13  4.13277735e-11 -1.11339420e-10 -9.25306736e-16  8.32530243e-16  3.41395512e-05 -1.85803697e-06 -2.33054252e-08  9.39762052e-10]:10.787308210471302
[1.93549915e+11 1.25262395e+11]:[-8.96379309e-02 -2.02226004e-12 -3.07279944e-13  4.13277735e-11 -1.17489113e-10 -8.96773614e-16  8.32530243e-16  3.41395512e-05 -1.88721142e-06 -2.33054252e-08  9.39762052e-10]:11.235357710915661
Selected for new population:
[-8.92033901e-02 -2.02226004e-12 -3.12729514e-13  4.22452196e-11 -1.17489113e-10 -8.96773614e-16  8.36961654e-16  3.45747317e-05 -1.85514947e-06 -2.34755980e-08  9.37291324e-10]
[-9.02743931e-02 -2.08112892e-12 -3.12729514e-13  4.22452196e-11 -1.11339420e-10 -9.04338583e-16  8.36961654e-16  3.45747317e-05 -1.85514947e-06 -2.34755980e-08  9.37291324e-10]
Selected: [2 1]
&&&&&&&&&&&&&&&&&&&&&&&&
&&TOURNAMENT SELECTION&&
&&&&&&&&&&&&&&&&&&&&&&&&
parents:
[-9.03441923e-02 -2.14562796e-12 -3.08790333e-13  4.19040332e-11 -1.18183397e-10 -8.99184407e-16  8.30516572e-16  3.41032972e-05 -1.87141708e-06 -2.26975979e-08  9.41311786e-10]
[-9.09960404e-02 -2.17828725e-12 -3.11664016e-13  4.15595459e-11 -1.09113739e-10 -9.06069285e-16  8.39220991e-16  3.41030765e-05 -1.83610393e-06 -2.41191292e-08  9.41082537e-10]
children:
[-9.09960404e-02 -2.14562796e-12 -3.08790333e-13  4.19040332e-11 -1.15255262e-10 -9.06069285e-16  8.30516572e-16  3.41030765e-05 -1.83610393e-06 -2.84435995e-08  9.41311786e-10]
[-9.03441923e-02 -2.17828725e-12 -3.11664016e-13  4.15595459e-11 -1.09113739e-10 -8.99184407e-16  8.73013562e-16  3.41032972e-05 -1.87141708e-06 -2.26975979e-08  9.41082537e-10]
Population scores:
[1.37578667e+11 5.30907852e+10]:[-9.09960404e-02 -2.17828725e-12 -3.11664016e-13  4.15595459e-11 -1.09113739e-10 -9.06069285e-16  8.39220991e-16  3.41030765e-05 -1.83610393e-06 -2.41191292e-08  9.41082537e-10]:11.002787046005162
[3.05850284e+10 1.50081943e+11]:[-9.03441923e-02 -2.17828725e-12 -3.11664016e-13  4.15595459e-11 -1.09113739e-10 -8.99184407e-16  8.73013562e-16  3.41032972e-05 -1.87141708e-06 -2.26975979e-08  9.41082537e-10]:11.022600239416505
[3.08908689e+10 1.54489090e+11]:[-9.03441923e-02 -2.14562796e-12 -3.08790333e-13  4.19040332e-11 -1.18183397e-10 -8.99184407e-16  8.30516572e-16  3.41032972e-05 -1.87141708e-06 -2.26975979e-08  9.41311786e-10]:11.033981902298397
[4.86430985e+12 7.46228032e+12]:[-9.09960404e-02 -2.14562796e-12 -3.08790333e-13  4.19040332e-11 -1.15255262e-10 -9.06069285e-16  8.30516572e-16  3.41030765e-05 -1.83610393e-06 -2.84435995e-08  9.41311786e-10]:12.83944807433879
Selected for new population:
[-9.09960404e-02 -2.17828725e-12 -3.11664016e-13  4.15595459e-11 -1.09113739e-10 -9.06069285e-16  8.39220991e-16  3.41030765e-05 -1.83610393e-06 -2.41191292e-08  9.41082537e-10]
[-9.03441923e-02 -2.17828725e-12 -3.11664016e-13  4.15595459e-11 -1.09113739e-10 -8.99184407e-16  8.73013562e-16  3.41032972e-05 -1.87141708e-06 -2.26975979e-08  9.41082537e-10]
Selected: [1 0]
&&&&&&&&&&&&&&&&&&&&&&&&
&&TOURNAMENT SELECTION&&
&&&&&&&&&&&&&&&&&&&&&&&&
parents:
[-9.09960404e-02 -2.17828725e-12 -3.11664016e-13  4.15595459e-11 -1.09113739e-10 -9.06069285e-16  8.39220991e-16  3.41030765e-05 -1.83610393e-06 -2.41191292e-08  9.41082537e-10]
[-9.02743931e-02 -2.08112892e-12 -3.12729514e-13  4.22452196e-11 -1.11339420e-10 -9.04338583e-16  8.36961654e-16  3.45747317e-05 -1.85514947e-06 -2.34755980e-08  9.37291324e-10]
children:
[-9.05308878e-02 -2.08112892e-12 -3.12729514e-13  4.22452196e-11 -1.11339420e-10 -9.06069285e-16  8.39220991e-16  3.45747317e-05 -1.85514947e-06 -3.11699317e-08  9.41082537e-10]
[-9.02743931e-02 -2.17828725e-12 -3.11664016e-13  4.15595459e-11 -1.13979440e-10 -9.04338583e-16  8.36961654e-16  3.41030765e-05 -1.83610393e-06 -2.41191292e-08  9.46114275e-10]
Population scores:
[6.39104483e+10 4.58689949e+10]:[-9.02743931e-02 -2.08112892e-12 -3.12729514e-13  4.22452196e-11 -1.11339420e-10 -9.04338583e-16  8.36961654e-16  3.45747317e-05 -1.85514947e-06 -2.34755980e-08  9.37291324e-10]:10.774346287834646
[9.12546331e+10 4.62170515e+10]:[-9.02743931e-02 -2.17828725e-12 -3.11664016e-13  4.15595459e-11 -1.13979440e-10 -9.04338583e-16  8.36961654e-16  3.41030765e-05 -1.83610393e-06 -2.41191292e-08  9.46114275e-10]:10.86544480344139
[1.37578667e+11 5.30907852e+10]:[-9.09960404e-02 -2.17828725e-12 -3.11664016e-13  4.15595459e-11 -1.09113739e-10 -9.06069285e-16  8.39220991e-16  3.41030765e-05 -1.83610393e-06 -2.41191292e-08  9.41082537e-10]:11.002787046005162
[1.21176142e+13 2.03371628e+13]:[-9.05308878e-02 -2.08112892e-12 -3.12729514e-13  4.22452196e-11 -1.11339420e-10 -9.06069285e-16  8.39220991e-16  3.45747317e-05 -1.85514947e-06 -3.11699317e-08  9.41082537e-10]:13.261527048728983
Selected for new population:
[-9.02743931e-02 -2.08112892e-12 -3.12729514e-13  4.22452196e-11 -1.11339420e-10 -9.04338583e-16  8.36961654e-16  3.45747317e-05 -1.85514947e-06 -2.34755980e-08  9.37291324e-10]
[-9.02743931e-02 -2.17828725e-12 -3.11664016e-13  4.15595459e-11 -1.13979440e-10 -9.04338583e-16  8.36961654e-16  3.41030765e-05 -1.83610393e-06 -2.41191292e-08  9.46114275e-10]
Selected: [2 4]
&&&&&&&&&&&&&&&&&&&&&&&&
&&TOURNAMENT SELECTION&&
&&&&&&&&&&&&&&&&&&&&&&&&
parents:
[-9.03441923e-02 -2.14562796e-12 -3.08790333e-13  4.19040332e-11 -1.18183397e-10 -8.99184407e-16  8.30516572e-16  3.41032972e-05 -1.87141708e-06 -2.26975979e-08  9.41311786e-10]
[-9.05525190e-02 -2.09009864e-12 -3.07669796e-13  4.31174551e-11 -1.13333889e-10 -9.09050610e-16  8.36652398e-16  3.43797872e-05 -1.88319159e-06 -2.37329230e-08  9.44979408e-10]
children:
[-8.93485983e-02 -2.14562796e-12 -3.56885304e-13  4.19040332e-11 -5.41377747e-11 -9.00803691e-16  8.30516572e-16  4.36426915e-05 -1.87141708e-06 -2.37329230e-08  9.44979408e-10]
[-9.03441923e-02 -2.09009864e-12 -3.07669796e-13  4.38070684e-11 -1.18183397e-10 -7.99475087e-16  8.36652398e-16  3.41032972e-05 -1.88319159e-06 -2.32294464e-08  9.41311786e-10]
Population scores:
[9.83912218e+10 6.05570955e+10]:[-9.03441923e-02 -2.09009864e-12 -3.07669796e-13  4.38070684e-11 -1.18183397e-10 -7.99475087e-16  8.36652398e-16  3.41032972e-05 -1.88319159e-06 -2.32294464e-08  9.41311786e-10]:10.93211780271187
[3.08908689e+10 1.54489090e+11]:[-9.03441923e-02 -2.14562796e-12 -3.08790333e-13  4.19040332e-11 -1.18183397e-10 -8.99184407e-16  8.30516572e-16  3.41032972e-05 -1.87141708e-06 -2.26975979e-08  9.41311786e-10]:11.033981902298397
[1.99551313e+11 1.24092688e+11]:[-9.05525190e-02 -2.09009864e-12 -3.07669796e-13  4.31174551e-11 -1.13333889e-10 -9.09050610e-16  8.36652398e-16  3.43797872e-05 -1.88319159e-06 -2.37329230e-08  9.44979408e-10]:11.241126101306788
[2.11666270e+12 5.40093625e+12]:[-8.93485983e-02 -2.14562796e-12 -3.56885304e-13  4.19040332e-11 -5.41377747e-11 -9.00803691e-16  8.30516572e-16  4.36426915e-05 -1.87141708e-06 -2.37329230e-08  9.44979408e-10]:12.633356645645888
Selected for new population:
[-9.03441923e-02 -2.09009864e-12 -3.07669796e-13  4.38070684e-11 -1.18183397e-10 -7.99475087e-16  8.36652398e-16  3.41032972e-05 -1.88319159e-06 -2.32294464e-08  9.41311786e-10]
[-9.03441923e-02 -2.14562796e-12 -3.08790333e-13  4.19040332e-11 -1.18183397e-10 -8.99184407e-16  8.30516572e-16  3.41032972e-05 -1.87141708e-06 -2.26975979e-08  9.41311786e-10]
Population scores:
[6.25936357e+10 4.65026274e+10]:[-8.92033901e-02 -2.02226004e-12 -3.12729514e-13  4.22452196e-11 -1.17489113e-10 -8.96773614e-16  8.36961654e-16  3.45747317e-05 -1.85514947e-06 -2.34755980e-08  9.37291324e-10]:10.77230992685161
[6.39104483e+10 4.58689949e+10]:[-9.02743931e-02 -2.08112892e-12 -3.12729514e-13  4.22452196e-11 -1.11339420e-10 -9.04338583e-16  8.36961654e-16  3.45747317e-05 -1.85514947e-06 -2.34755980e-08  9.37291324e-10]:10.774346287834646
[3.25074391e+10 8.99904706e+10]:[-9.03441923e-02 -2.08112892e-12 -3.08790333e-13  4.22452196e-11 -1.18183397e-10 -9.00380622e-16  8.36961654e-16  3.41032972e-05 -1.87141708e-06 -2.26975979e-08  9.37291324e-10]:10.846633976011939
[9.12546331e+10 4.62170515e+10]:[-9.02743931e-02 -2.17828725e-12 -3.11664016e-13  4.15595459e-11 -1.13979440e-10 -9.04338583e-16  8.36961654e-16  3.41030765e-05 -1.83610393e-06 -2.41191292e-08  9.46114275e-10]:10.86544480344139
[9.83912218e+10 6.05570955e+10]:[-9.03441923e-02 -2.09009864e-12 -3.07669796e-13  4.38070684e-11 -1.18183397e-10 -7.99475087e-16  8.36652398e-16  3.41032972e-05 -1.88319159e-06 -2.32294464e-08  9.41311786e-10]:10.93211780271187
[1.37578667e+11 5.30907852e+10]:[-9.09960404e-02 -2.17828725e-12 -3.11664016e-13  4.15595459e-11 -1.09113739e-10 -9.06069285e-16  8.39220991e-16  3.41030765e-05 -1.83610393e-06 -2.41191292e-08  9.41082537e-10]:11.002787046005162
[3.05850284e+10 1.50081943e+11]:[-9.03441923e-02 -2.17828725e-12 -3.11664016e-13  4.15595459e-11 -1.09113739e-10 -8.99184407e-16  8.73013562e-16  3.41032972e-05 -1.87141708e-06 -2.26975979e-08  9.41082537e-10]:11.022600239416505
[3.08908689e+10 1.54489090e+11]:[-9.03441923e-02 -2.14562796e-12 -3.08790333e-13  4.19040332e-11 -1.18183397e-10 -8.99184407e-16  8.30516572e-16  3.41032972e-05 -1.87141708e-06 -2.26975979e-08  9.41311786e-10]:11.033981902298397
[1.93549915e+11 1.25262395e+11]:[-8.96379309e-02 -2.02226004e-12 -3.07279944e-13  4.13277735e-11 -1.17489113e-10 -8.96773614e-16  8.32530243e-16  3.41395512e-05 -1.88721142e-06 -2.33054252e-08  9.39762052e-10]:11.235357710915661
[1.99551313e+11 1.24092688e+11]:[-9.05525190e-02 -2.09009864e-12 -3.07669796e-13  4.31174551e-11 -1.13333889e-10 -9.09050610e-16  8.36652398e-16  3.43797872e-05 -1.88319159e-06 -2.37329230e-08  9.44979408e-10]:11.241126101306788
[2.47129436e+11 1.50266694e+11]:[-9.12725740e-02 -2.07172984e-12 -3.03066850e-13  4.13531296e-11 -1.17945018e-10 -8.94730253e-16  8.35119387e-16  3.36040783e-05 -1.84996225e-06 -2.41162486e-08  9.43826719e-10]:11.329854785944487
[3.11470927e+11 2.16858073e+11]:[-8.98346041e-02 -2.13573631e-12 -3.08591467e-13  4.26532697e-11 -1.08063264e-10 -9.03900664e-16  8.32880522e-16  3.44932878e-05 -1.84370682e-06 -2.41755949e-08  9.31073476e-10]:11.456138663267488
[3.84258374e+11 3.41604112e+11]:[-8.98425044e-02 -2.07791718e-12 -3.09595270e-13  4.15698780e-11 -1.14162727e-10 -9.11525945e-16  8.34513340e-16  3.51951308e-05 -1.94521228e-06 -2.28466172e-08  9.37025048e-10]:11.59889075946254
[5.33306500e+11 5.51866468e+11]:[-9.04974711e-02 -1.99165063e-12 -3.04317972e-13  4.30999989e-11 -1.01899305e-10 -9.04987304e-16  8.37105053e-16  3.46825994e-05 -1.93172164e-06 -2.33314917e-08  9.40071146e-10]:11.776536390478698
[8.61819450e+11 1.00033953e+12]:[-8.93292281e-02 -2.05329159e-12 -3.11889493e-13  4.30748712e-11 -1.02478739e-10 -9.07423684e-16  8.43511851e-16  3.50042125e-05 -1.90084455e-06 -2.43678714e-08  9.36183170e-10]:12.013306450007402
[1.43359109e+12 1.90899162e+12]:[-9.12216722e-02 -2.02711512e-12 -3.14365984e-13  4.16624024e-11 -1.15778058e-10 -9.09323074e-16  8.43115942e-16  3.44955078e-05 -1.92393999e-06 -2.40963638e-08  9.31944411e-10]:12.27002411057043
*******************************
***iteration: 1 Population is***
*******************************
Population scores:
[6.25936357e+10 4.65026274e+10]:[-8.92033901e-02 -2.02226004e-12 -3.12729514e-13  4.22452196e-11 -1.17489113e-10 -8.96773614e-16  8.36961654e-16  3.45747317e-05 -1.85514947e-06 -2.34755980e-08  9.37291324e-10]:10.77230992685161
[6.39104483e+10 4.58689949e+10]:[-9.02743931e-02 -2.08112892e-12 -3.12729514e-13  4.22452196e-11 -1.11339420e-10 -9.04338583e-16  8.36961654e-16  3.45747317e-05 -1.85514947e-06 -2.34755980e-08  9.37291324e-10]:10.774346287834646
[3.25074391e+10 8.99904706e+10]:[-9.03441923e-02 -2.08112892e-12 -3.08790333e-13  4.22452196e-11 -1.18183397e-10 -9.00380622e-16  8.36961654e-16  3.41032972e-05 -1.87141708e-06 -2.26975979e-08  9.37291324e-10]:10.846633976011939
[9.12546331e+10 4.62170515e+10]:[-9.02743931e-02 -2.17828725e-12 -3.11664016e-13  4.15595459e-11 -1.13979440e-10 -9.04338583e-16  8.36961654e-16  3.41030765e-05 -1.83610393e-06 -2.41191292e-08  9.46114275e-10]:10.86544480344139
[9.83912218e+10 6.05570955e+10]:[-9.03441923e-02 -2.09009864e-12 -3.07669796e-13  4.38070684e-11 -1.18183397e-10 -7.99475087e-16  8.36652398e-16  3.41032972e-05 -1.88319159e-06 -2.32294464e-08  9.41311786e-10]:10.93211780271187
[1.37578667e+11 5.30907852e+10]:[-9.09960404e-02 -2.17828725e-12 -3.11664016e-13  4.15595459e-11 -1.09113739e-10 -9.06069285e-16  8.39220991e-16  3.41030765e-05 -1.83610393e-06 -2.41191292e-08  9.41082537e-10]:11.002787046005162
[3.05850284e+10 1.50081943e+11]:[-9.03441923e-02 -2.17828725e-12 -3.11664016e-13  4.15595459e-11 -1.09113739e-10 -8.99184407e-16  8.73013562e-16  3.41032972e-05 -1.87141708e-06 -2.26975979e-08  9.41082537e-10]:11.022600239416505
[3.08908689e+10 1.54489090e+11]:[-9.03441923e-02 -2.14562796e-12 -3.08790333e-13  4.19040332e-11 -1.18183397e-10 -8.99184407e-16  8.30516572e-16  3.41032972e-05 -1.87141708e-06 -2.26975979e-08  9.41311786e-10]:11.033981902298397
[1.93549915e+11 1.25262395e+11]:[-8.96379309e-02 -2.02226004e-12 -3.07279944e-13  4.13277735e-11 -1.17489113e-10 -8.96773614e-16  8.32530243e-16  3.41395512e-05 -1.88721142e-06 -2.33054252e-08  9.39762052e-10]:11.235357710915661
[1.99551313e+11 1.24092688e+11]:[-9.05525190e-02 -2.09009864e-12 -3.07669796e-13  4.31174551e-11 -1.13333889e-10 -9.09050610e-16  8.36652398e-16  3.43797872e-05 -1.88319159e-06 -2.37329230e-08  9.44979408e-10]:11.241126101306788
Selected: [6 1]
&&&&&&&&&&&&&&&&&&&&&&&&
&&TOURNAMENT SELECTION&&
&&&&&&&&&&&&&&&&&&&&&&&&
parents:
[-9.03441923e-02 -2.17828725e-12 -3.11664016e-13  4.15595459e-11 -1.09113739e-10 -8.99184407e-16  8.73013562e-16  3.41032972e-05 -1.87141708e-06 -2.26975979e-08  9.41082537e-10]
[-9.02743931e-02 -2.08112892e-12 -3.12729514e-13  4.22452196e-11 -1.11339420e-10 -9.04338583e-16  8.36961654e-16  3.45747317e-05 -1.85514947e-06 -2.34755980e-08  9.37291324e-10]
children:
[-9.02743931e-02 -2.12391066e-12 -3.12729514e-13  4.15595459e-11 -1.09113739e-10 -9.04338583e-16  8.73013562e-16  3.56345101e-05 -1.87141708e-06 -2.26975979e-08  9.41082537e-10]
[-9.03441923e-02 -2.17828725e-12 -3.80947845e-13  4.22452196e-11 -2.00227131e-11 -8.99184407e-16  8.36961654e-16  3.41032972e-05 -1.85514947e-06 -1.69420908e-08  9.27200787e-10]
Population scores:
[6.39104483e+10 4.58689949e+10]:[-9.02743931e-02 -2.08112892e-12 -3.12729514e-13  4.22452196e-11 -1.11339420e-10 -9.04338583e-16  8.36961654e-16  3.45747317e-05 -1.85514947e-06 -2.34755980e-08  9.37291324e-10]:10.774346287834646
[3.05850284e+10 1.50081943e+11]:[-9.03441923e-02 -2.17828725e-12 -3.11664016e-13  4.15595459e-11 -1.09113739e-10 -8.99184407e-16  8.73013562e-16  3.41032972e-05 -1.87141708e-06 -2.26975979e-08  9.41082537e-10]:11.022600239416505
[1.20750877e+11 5.59146564e+11]:[-9.02743931e-02 -2.12391066e-12 -3.12729514e-13  4.15595459e-11 -1.09113739e-10 -9.04338583e-16  8.73013562e-16  3.56345101e-05 -1.87141708e-06 -2.26975979e-08  9.41082537e-10]:11.597545324616409
[5.77536371e+12 1.31433259e+13]:[-9.03441923e-02 -2.17828725e-12 -3.80947845e-13  4.22452196e-11 -2.00227131e-11 -8.99184407e-16  8.36961654e-16  3.41032972e-05 -1.85514947e-06 -1.69420908e-08  9.27200787e-10]:13.032363966546292
Selected for new population:
[-9.02743931e-02 -2.08112892e-12 -3.12729514e-13  4.22452196e-11 -1.11339420e-10 -9.04338583e-16  8.36961654e-16  3.45747317e-05 -1.85514947e-06 -2.34755980e-08  9.37291324e-10]
[-9.03441923e-02 -2.17828725e-12 -3.11664016e-13  4.15595459e-11 -1.09113739e-10 -8.99184407e-16  8.73013562e-16  3.41032972e-05 -1.87141708e-06 -2.26975979e-08  9.41082537e-10]
Selected: [8 2]
&&&&&&&&&&&&&&&&&&&&&&&&
&&TOURNAMENT SELECTION&&
&&&&&&&&&&&&&&&&&&&&&&&&
parents:
[-8.96379309e-02 -2.02226004e-12 -3.07279944e-13  4.13277735e-11 -1.17489113e-10 -8.96773614e-16  8.32530243e-16  3.41395512e-05 -1.88721142e-06 -2.33054252e-08  9.39762052e-10]
[-9.03441923e-02 -2.08112892e-12 -3.08790333e-13  4.22452196e-11 -1.18183397e-10 -9.00380622e-16  8.36961654e-16  3.41032972e-05 -1.87141708e-06 -2.26975979e-08  9.37291324e-10]
children:
[-8.96379309e-02 -2.02226004e-12 -3.07279944e-13  4.22452196e-11 -1.18183397e-10 -9.00380622e-16  8.19867051e-16  3.41032972e-05 -2.45141408e-06 -2.26975979e-08  9.37291324e-10]
[-9.03441923e-02 -2.08112892e-12 -3.08790333e-13  4.19095210e-11 -1.17489113e-10 -8.94420064e-16  8.24300919e-16  3.41395512e-05 -1.89634253e-06 -2.33054252e-08  9.46296753e-10]
Population scores:
[3.25074391e+10 8.99904706e+10]:[-9.03441923e-02 -2.08112892e-12 -3.08790333e-13  4.22452196e-11 -1.18183397e-10 -9.00380622e-16  8.36961654e-16  3.41032972e-05 -1.87141708e-06 -2.26975979e-08  9.37291324e-10]:10.846633976011939
[1.50169779e+11 9.16742308e+10]:[-9.03441923e-02 -2.08112892e-12 -3.08790333e-13  4.19095210e-11 -1.17489113e-10 -8.94420064e-16  8.24300919e-16  3.41395512e-05 -1.89634253e-06 -2.33054252e-08  9.46296753e-10]:11.114242004052034
[1.93549915e+11 1.25262395e+11]:[-8.96379309e-02 -2.02226004e-12 -3.07279944e-13  4.13277735e-11 -1.17489113e-10 -8.96773614e-16  8.32530243e-16  3.41395512e-05 -1.88721142e-06 -2.33054252e-08  9.39762052e-10]:11.235357710915661
[2.83154351e+13 5.09551764e+13]:[-8.96379309e-02 -2.02226004e-12 -3.07279944e-13  4.22452196e-11 -1.18183397e-10 -9.00380622e-16  8.19867051e-16  3.41032972e-05 -2.45141408e-06 -2.26975979e-08  9.37291324e-10]:13.65060689248276
Selected for new population:
[-9.03441923e-02 -2.08112892e-12 -3.08790333e-13  4.22452196e-11 -1.18183397e-10 -9.00380622e-16  8.36961654e-16  3.41032972e-05 -1.87141708e-06 -2.26975979e-08  9.37291324e-10]
[-9.03441923e-02 -2.08112892e-12 -3.08790333e-13  4.19095210e-11 -1.17489113e-10 -8.94420064e-16  8.24300919e-16  3.41395512e-05 -1.89634253e-06 -2.33054252e-08  9.46296753e-10]
Selected: [7 5]
&&&&&&&&&&&&&&&&&&&&&&&&
&&TOURNAMENT SELECTION&&
&&&&&&&&&&&&&&&&&&&&&&&&
parents:
[-9.03441923e-02 -2.14562796e-12 -3.08790333e-13  4.19040332e-11 -1.18183397e-10 -8.99184407e-16  8.30516572e-16  3.41032972e-05 -1.87141708e-06 -2.26975979e-08  9.41311786e-10]
[-9.09960404e-02 -2.17828725e-12 -3.11664016e-13  4.15595459e-11 -1.09113739e-10 -9.06069285e-16  8.39220991e-16  3.41030765e-05 -1.83610393e-06 -2.41191292e-08  9.41082537e-10]
children:
[-9.09960404e-02 -2.17828725e-12 -3.02513570e-13  4.19040332e-11 -1.18183397e-10 -9.06069285e-16  8.48135855e-16  3.41032972e-05 -1.87141708e-06 -2.41191292e-08  9.41082537e-10]
[-9.03441923e-02 -2.11191223e-12 -3.08790333e-13  4.15595459e-11 -1.09113739e-10 -8.99184407e-16  8.30516572e-16  3.41030765e-05 -1.83610393e-06 -2.26975979e-08  9.41311786e-10]
Population scores:
[1.37578667e+11 5.30907852e+10]:[-9.09960404e-02 -2.17828725e-12 -3.11664016e-13  4.15595459e-11 -1.09113739e-10 -9.06069285e-16  8.39220991e-16  3.41030765e-05 -1.83610393e-06 -2.41191292e-08  9.41082537e-10]:11.002787046005162
[3.08908689e+10 1.54489090e+11]:[-9.03441923e-02 -2.14562796e-12 -3.08790333e-13  4.19040332e-11 -1.18183397e-10 -8.99184407e-16  8.30516572e-16  3.41032972e-05 -1.87141708e-06 -2.26975979e-08  9.41311786e-10]:11.033981902298397
[4.03955662e+11 3.46758189e+11]:[-9.09960404e-02 -2.17828725e-12 -3.02513570e-13  4.19040332e-11 -1.18183397e-10 -9.06069285e-16  8.48135855e-16  3.41032972e-05 -1.87141708e-06 -2.41191292e-08  9.41082537e-10]:11.612818539965792
[1.58355543e+11 6.41806116e+11]:[-9.03441923e-02 -2.11191223e-12 -3.08790333e-13  4.15595459e-11 -1.09113739e-10 -8.99184407e-16  8.30516572e-16  3.41030765e-05 -1.83610393e-06 -2.26975979e-08  9.41311786e-10]:11.666762615028246
Selected for new population:
[-9.09960404e-02 -2.17828725e-12 -3.11664016e-13  4.15595459e-11 -1.09113739e-10 -9.06069285e-16  8.39220991e-16  3.41030765e-05 -1.83610393e-06 -2.41191292e-08  9.41082537e-10]
[-9.03441923e-02 -2.14562796e-12 -3.08790333e-13  4.19040332e-11 -1.18183397e-10 -8.99184407e-16  8.30516572e-16  3.41032972e-05 -1.87141708e-06 -2.26975979e-08  9.41311786e-10]
Selected: [5 4]
&&&&&&&&&&&&&&&&&&&&&&&&
&&TOURNAMENT SELECTION&&
&&&&&&&&&&&&&&&&&&&&&&&&
parents:
[-9.09960404e-02 -2.17828725e-12 -3.11664016e-13  4.15595459e-11 -1.09113739e-10 -9.06069285e-16  8.39220991e-16  3.41030765e-05 -1.83610393e-06 -2.41191292e-08  9.41082537e-10]
[-9.03441923e-02 -2.09009864e-12 -3.07669796e-13  4.38070684e-11 -1.18183397e-10 -7.99475087e-16  8.36652398e-16  3.41032972e-05 -1.88319159e-06 -2.32294464e-08  9.41311786e-10]
children:
[-9.09960404e-02 -2.62240027e-12 -3.08848821e-13  4.38070684e-11 -1.25994295e-10 -9.06069285e-16  8.36652398e-16  3.41032972e-05 -1.83610393e-06 -2.32294464e-08  9.41311786e-10]
[-9.03441923e-02 -2.09009864e-12 -3.11664016e-13  3.48810482e-11 -1.09113739e-10 -7.99475087e-16  8.39220991e-16  3.41030765e-05 -2.18739870e-06 -2.41191292e-08  9.41082537e-10]
Population scores:
[9.83912218e+10 6.05570955e+10]:[-9.03441923e-02 -2.09009864e-12 -3.07669796e-13  4.38070684e-11 -1.18183397e-10 -7.99475087e-16  8.36652398e-16  3.41032972e-05 -1.88319159e-06 -2.32294464e-08  9.41311786e-10]:10.93211780271187
[1.37578667e+11 5.30907852e+10]:[-9.09960404e-02 -2.17828725e-12 -3.11664016e-13  4.15595459e-11 -1.09113739e-10 -9.06069285e-16  8.39220991e-16  3.41030765e-05 -1.83610393e-06 -2.41191292e-08  9.41082537e-10]:11.002787046005162
[5.67130121e+10 2.42517285e+11]:[-9.09960404e-02 -2.62240027e-12 -3.08848821e-13  4.38070684e-11 -1.25994295e-10 -9.06069285e-16  8.36652398e-16  3.41032972e-05 -1.83610393e-06 -2.32294464e-08  9.41311786e-10]:11.240216853388779
[1.15638510e+13 2.02384671e+13]:[-9.03441923e-02 -2.09009864e-12 -3.11664016e-13  3.48810482e-11 -1.09113739e-10 -7.99475087e-16  8.39220991e-16  3.41030765e-05 -2.18739870e-06 -2.41191292e-08  9.41082537e-10]:13.25345930301373
Selected for new population:
[-9.03441923e-02 -2.09009864e-12 -3.07669796e-13  4.38070684e-11 -1.18183397e-10 -7.99475087e-16  8.36652398e-16  3.41032972e-05 -1.88319159e-06 -2.32294464e-08  9.41311786e-10]
[-9.09960404e-02 -2.17828725e-12 -3.11664016e-13  4.15595459e-11 -1.09113739e-10 -9.06069285e-16  8.39220991e-16  3.41030765e-05 -1.83610393e-06 -2.41191292e-08  9.41082537e-10]
Selected: [5 0]
&&&&&&&&&&&&&&&&&&&&&&&&
&&TOURNAMENT SELECTION&&
&&&&&&&&&&&&&&&&&&&&&&&&
parents:
[-9.09960404e-02 -2.17828725e-12 -3.11664016e-13  4.15595459e-11 -1.09113739e-10 -9.06069285e-16  8.39220991e-16  3.41030765e-05 -1.83610393e-06 -2.41191292e-08  9.41082537e-10]
[-8.92033901e-02 -2.02226004e-12 -3.12729514e-13  4.22452196e-11 -1.17489113e-10 -8.96773614e-16  8.36961654e-16  3.45747317e-05 -1.85514947e-06 -2.34755980e-08  9.37291324e-10]
children:
[-8.92033901e-02 -2.02226004e-12 -3.11664016e-13  4.22452196e-11 -1.17489113e-10 -8.94026201e-16  8.36961654e-16  3.51176445e-05 -1.84791626e-06 -2.34755980e-08  9.41082537e-10]
[-9.09960404e-02 -2.17828725e-12 -3.12729514e-13  4.15595459e-11 -1.09113739e-10 -9.06069285e-16  8.39220991e-16  3.41030765e-05 -1.85514947e-06 -2.41191292e-08  9.37291324e-10]
Population scores:
[6.25936357e+10 4.65026274e+10]:[-8.92033901e-02 -2.02226004e-12 -3.12729514e-13  4.22452196e-11 -1.17489113e-10 -8.96773614e-16  8.36961654e-16  3.45747317e-05 -1.85514947e-06 -2.34755980e-08  9.37291324e-10]:10.77230992685161
[1.37578667e+11 5.30907852e+10]:[-9.09960404e-02 -2.17828725e-12 -3.11664016e-13  4.15595459e-11 -1.09113739e-10 -9.06069285e-16  8.39220991e-16  3.41030765e-05 -1.83610393e-06 -2.41191292e-08  9.41082537e-10]:11.002787046005162
[4.43148423e+10 2.11249423e+11]:[-8.92033901e-02 -2.02226004e-12 -3.11664016e-13  4.22452196e-11 -1.17489113e-10 -8.94026201e-16  8.36961654e-16  3.51176445e-05 -1.84791626e-06 -2.34755980e-08  9.41082537e-10]:11.172915333362296
[3.33381462e+11 2.49288378e+11]:[-9.09960404e-02 -2.17828725e-12 -3.12729514e-13  4.15595459e-11 -1.09113739e-10 -9.06069285e-16  8.39220991e-16  3.41030765e-05 -1.85514947e-06 -2.41191292e-08  9.37291324e-10]:11.500049427080283
Selected for new population:
[-8.92033901e-02 -2.02226004e-12 -3.12729514e-13  4.22452196e-11 -1.17489113e-10 -8.96773614e-16  8.36961654e-16  3.45747317e-05 -1.85514947e-06 -2.34755980e-08  9.37291324e-10]
[-9.09960404e-02 -2.17828725e-12 -3.11664016e-13  4.15595459e-11 -1.09113739e-10 -9.06069285e-16  8.39220991e-16  3.41030765e-05 -1.83610393e-06 -2.41191292e-08  9.41082537e-10]
Population scores:
[6.25936357e+10 4.65026274e+10]:[-8.92033901e-02 -2.02226004e-12 -3.12729514e-13  4.22452196e-11 -1.17489113e-10 -8.96773614e-16  8.36961654e-16  3.45747317e-05 -1.85514947e-06 -2.34755980e-08  9.37291324e-10]:10.77230992685161
[6.39104483e+10 4.58689949e+10]:[-9.02743931e-02 -2.08112892e-12 -3.12729514e-13  4.22452196e-11 -1.11339420e-10 -9.04338583e-16  8.36961654e-16  3.45747317e-05 -1.85514947e-06 -2.34755980e-08  9.37291324e-10]:10.774346287834646
[3.25074391e+10 8.99904706e+10]:[-9.03441923e-02 -2.08112892e-12 -3.08790333e-13  4.22452196e-11 -1.18183397e-10 -9.00380622e-16  8.36961654e-16  3.41032972e-05 -1.87141708e-06 -2.26975979e-08  9.37291324e-10]:10.846633976011939
[9.12546331e+10 4.62170515e+10]:[-9.02743931e-02 -2.17828725e-12 -3.11664016e-13  4.15595459e-11 -1.13979440e-10 -9.04338583e-16  8.36961654e-16  3.41030765e-05 -1.83610393e-06 -2.41191292e-08  9.46114275e-10]:10.86544480344139
[9.83912218e+10 6.05570955e+10]:[-9.03441923e-02 -2.09009864e-12 -3.07669796e-13  4.38070684e-11 -1.18183397e-10 -7.99475087e-16  8.36652398e-16  3.41032972e-05 -1.88319159e-06 -2.32294464e-08  9.41311786e-10]:10.93211780271187
[1.37578667e+11 5.30907852e+10]:[-9.09960404e-02 -2.17828725e-12 -3.11664016e-13  4.15595459e-11 -1.09113739e-10 -9.06069285e-16  8.39220991e-16  3.41030765e-05 -1.83610393e-06 -2.41191292e-08  9.41082537e-10]:11.002787046005162
[3.05850284e+10 1.50081943e+11]:[-9.03441923e-02 -2.17828725e-12 -3.11664016e-13  4.15595459e-11 -1.09113739e-10 -8.99184407e-16  8.73013562e-16  3.41032972e-05 -1.87141708e-06 -2.26975979e-08  9.41082537e-10]:11.022600239416505
[3.08908689e+10 1.54489090e+11]:[-9.03441923e-02 -2.14562796e-12 -3.08790333e-13  4.19040332e-11 -1.18183397e-10 -8.99184407e-16  8.30516572e-16  3.41032972e-05 -1.87141708e-06 -2.26975979e-08  9.41311786e-10]:11.033981902298397
[1.50169779e+11 9.16742308e+10]:[-9.03441923e-02 -2.08112892e-12 -3.08790333e-13  4.19095210e-11 -1.17489113e-10 -8.94420064e-16  8.24300919e-16  3.41395512e-05 -1.89634253e-06 -2.33054252e-08  9.46296753e-10]:11.114242004052034
[1.93549915e+11 1.25262395e+11]:[-8.96379309e-02 -2.02226004e-12 -3.07279944e-13  4.13277735e-11 -1.17489113e-10 -8.96773614e-16  8.32530243e-16  3.41395512e-05 -1.88721142e-06 -2.33054252e-08  9.39762052e-10]:11.235357710915661
[1.99551313e+11 1.24092688e+11]:[-9.05525190e-02 -2.09009864e-12 -3.07669796e-13  4.31174551e-11 -1.13333889e-10 -9.09050610e-16  8.36652398e-16  3.43797872e-05 -1.88319159e-06 -2.37329230e-08  9.44979408e-10]:11.241126101306788
*******************************
***iteration: 2 Population is***
*******************************
Population scores:
[6.25936357e+10 4.65026274e+10]:[-8.92033901e-02 -2.02226004e-12 -3.12729514e-13  4.22452196e-11 -1.17489113e-10 -8.96773614e-16  8.36961654e-16  3.45747317e-05 -1.85514947e-06 -2.34755980e-08  9.37291324e-10]:10.77230992685161
[6.39104483e+10 4.58689949e+10]:[-9.02743931e-02 -2.08112892e-12 -3.12729514e-13  4.22452196e-11 -1.11339420e-10 -9.04338583e-16  8.36961654e-16  3.45747317e-05 -1.85514947e-06 -2.34755980e-08  9.37291324e-10]:10.774346287834646
[3.25074391e+10 8.99904706e+10]:[-9.03441923e-02 -2.08112892e-12 -3.08790333e-13  4.22452196e-11 -1.18183397e-10 -9.00380622e-16  8.36961654e-16  3.41032972e-05 -1.87141708e-06 -2.26975979e-08  9.37291324e-10]:10.846633976011939
[9.12546331e+10 4.62170515e+10]:[-9.02743931e-02 -2.17828725e-12 -3.11664016e-13  4.15595459e-11 -1.13979440e-10 -9.04338583e-16  8.36961654e-16  3.41030765e-05 -1.83610393e-06 -2.41191292e-08  9.46114275e-10]:10.86544480344139
[9.83912218e+10 6.05570955e+10]:[-9.03441923e-02 -2.09009864e-12 -3.07669796e-13  4.38070684e-11 -1.18183397e-10 -7.99475087e-16  8.36652398e-16  3.41032972e-05 -1.88319159e-06 -2.32294464e-08  9.41311786e-10]:10.93211780271187
[1.37578667e+11 5.30907852e+10]:[-9.09960404e-02 -2.17828725e-12 -3.11664016e-13  4.15595459e-11 -1.09113739e-10 -9.06069285e-16  8.39220991e-16  3.41030765e-05 -1.83610393e-06 -2.41191292e-08  9.41082537e-10]:11.002787046005162
[3.05850284e+10 1.50081943e+11]:[-9.03441923e-02 -2.17828725e-12 -3.11664016e-13  4.15595459e-11 -1.09113739e-10 -8.99184407e-16  8.73013562e-16  3.41032972e-05 -1.87141708e-06 -2.26975979e-08  9.41082537e-10]:11.022600239416505
[3.08908689e+10 1.54489090e+11]:[-9.03441923e-02 -2.14562796e-12 -3.08790333e-13  4.19040332e-11 -1.18183397e-10 -8.99184407e-16  8.30516572e-16  3.41032972e-05 -1.87141708e-06 -2.26975979e-08  9.41311786e-10]:11.033981902298397
[1.50169779e+11 9.16742308e+10]:[-9.03441923e-02 -2.08112892e-12 -3.08790333e-13  4.19095210e-11 -1.17489113e-10 -8.94420064e-16  8.24300919e-16  3.41395512e-05 -1.89634253e-06 -2.33054252e-08  9.46296753e-10]:11.114242004052034
[1.93549915e+11 1.25262395e+11]:[-8.96379309e-02 -2.02226004e-12 -3.07279944e-13  4.13277735e-11 -1.17489113e-10 -8.96773614e-16  8.32530243e-16  3.41395512e-05 -1.88721142e-06 -2.33054252e-08  9.39762052e-10]:11.235357710915661
Selected: [2 6]
&&&&&&&&&&&&&&&&&&&&&&&&
&&TOURNAMENT SELECTION&&
&&&&&&&&&&&&&&&&&&&&&&&&
parents:
[-9.03441923e-02 -2.08112892e-12 -3.08790333e-13  4.22452196e-11 -1.18183397e-10 -9.00380622e-16  8.36961654e-16  3.41032972e-05 -1.87141708e-06 -2.26975979e-08  9.37291324e-10]
[-9.03441923e-02 -2.17828725e-12 -3.11664016e-13  4.15595459e-11 -1.09113739e-10 -8.99184407e-16  8.73013562e-16  3.41032972e-05 -1.87141708e-06 -2.26975979e-08  9.41082537e-10]
children:
[-9.03441923e-02 -2.17828725e-12 -3.11664016e-13  4.15595459e-11 -1.24096040e-10 -8.99184407e-16  8.73013562e-16  3.41032972e-05 -2.32366950e-06 -2.26975979e-08  9.41082537e-10]
[-9.03441923e-02 -2.08112892e-12 -3.08790333e-13  4.22452196e-11 -1.09113739e-10 -9.00380622e-16  8.36961654e-16  3.41032972e-05 -1.95530342e-06 -2.26975979e-08  9.37291324e-10]
Population scores:
[3.25074391e+10 8.99904706e+10]:[-9.03441923e-02 -2.08112892e-12 -3.08790333e-13  4.22452196e-11 -1.18183397e-10 -9.00380622e-16  8.36961654e-16  3.41032972e-05 -1.87141708e-06 -2.26975979e-08  9.37291324e-10]:10.846633976011939
[3.05850284e+10 1.50081943e+11]:[-9.03441923e-02 -2.17828725e-12 -3.11664016e-13  4.15595459e-11 -1.09113739e-10 -8.99184407e-16  8.73013562e-16  3.41032972e-05 -1.87141708e-06 -2.26975979e-08  9.41082537e-10]:11.022600239416505
[6.86442332e+11 7.83796754e+11]:[-9.03441923e-02 -2.08112892e-12 -3.08790333e-13  4.22452196e-11 -1.09113739e-10 -9.00380622e-16  8.36961654e-16  3.41032972e-05 -1.95530342e-06 -2.26975979e-08  9.37291324e-10]:11.910357140087575
[1.66467451e+13 2.92874891e+13]:[-9.03441923e-02 -2.17828725e-12 -3.11664016e-13  4.15595459e-11 -1.24096040e-10 -8.99184407e-16  8.73013562e-16  3.41032972e-05 -2.32366950e-06 -2.26975979e-08  9.41082537e-10]:13.413230439072796
Selected for new population:
[-9.03441923e-02 -2.08112892e-12 -3.08790333e-13  4.22452196e-11 -1.18183397e-10 -9.00380622e-16  8.36961654e-16  3.41032972e-05 -1.87141708e-06 -2.26975979e-08  9.37291324e-10]
[-9.03441923e-02 -2.17828725e-12 -3.11664016e-13  4.15595459e-11 -1.09113739e-10 -8.99184407e-16  8.73013562e-16  3.41032972e-05 -1.87141708e-06 -2.26975979e-08  9.41082537e-10]
Selected: [2 3]
&&&&&&&&&&&&&&&&&&&&&&&&
&&TOURNAMENT SELECTION&&
&&&&&&&&&&&&&&&&&&&&&&&&
parents:
[-9.03441923e-02 -2.08112892e-12 -3.08790333e-13  4.22452196e-11 -1.18183397e-10 -9.00380622e-16  8.36961654e-16  3.41032972e-05 -1.87141708e-06 -2.26975979e-08  9.37291324e-10]
[-9.02743931e-02 -2.17828725e-12 -3.11664016e-13  4.15595459e-11 -1.13979440e-10 -9.04338583e-16  8.36961654e-16  3.41030765e-05 -1.83610393e-06 -2.41191292e-08  9.46114275e-10]
children:
[-9.73006630e-02 -2.17828725e-12 -3.08790333e-13  4.46543245e-11 -1.15955054e-10 -9.00380622e-16  8.36961654e-16  3.41030765e-05 -1.83561077e-06 -2.41191292e-08  9.38291370e-10]
[-9.03441923e-02 -2.08112892e-12 -3.11664016e-13  4.15595459e-11 -1.13979440e-10 -9.04338583e-16  8.36961654e-16  3.41032972e-05 -2.37821742e-06 -2.26975979e-08  9.37291324e-10]
Population scores:
[3.25074391e+10 8.99904706e+10]:[-9.03441923e-02 -2.08112892e-12 -3.08790333e-13  4.22452196e-11 -1.18183397e-10 -9.00380622e-16  8.36961654e-16  3.41032972e-05 -1.87141708e-06 -2.26975979e-08  9.37291324e-10]:10.846633976011939
[9.12546331e+10 4.62170515e+10]:[-9.02743931e-02 -2.17828725e-12 -3.11664016e-13  4.15595459e-11 -1.13979440e-10 -9.04338583e-16  8.36961654e-16  3.41030765e-05 -1.83610393e-06 -2.41191292e-08  9.46114275e-10]:10.86544480344139
[1.68148279e+11 7.24238438e+10]:[-9.73006630e-02 -2.17828725e-12 -3.08790333e-13  4.46543245e-11 -1.15955054e-10 -9.00380622e-16  8.36961654e-16  3.41030765e-05 -1.83561077e-06 -2.41191292e-08  9.38291370e-10]:11.105607066446998
[2.17023398e+13 3.86226927e+13]:[-9.03441923e-02 -2.08112892e-12 -3.11664016e-13  4.15595459e-11 -1.13979440e-10 -9.04338583e-16  8.36961654e-16  3.41032972e-05 -2.37821742e-06 -2.26975979e-08  9.37291324e-10]:13.531795395832042
Selected for new population:
[-9.03441923e-02 -2.08112892e-12 -3.08790333e-13  4.22452196e-11 -1.18183397e-10 -9.00380622e-16  8.36961654e-16  3.41032972e-05 -1.87141708e-06 -2.26975979e-08  9.37291324e-10]
[-9.02743931e-02 -2.17828725e-12 -3.11664016e-13  4.15595459e-11 -1.13979440e-10 -9.04338583e-16  8.36961654e-16  3.41030765e-05 -1.83610393e-06 -2.41191292e-08  9.46114275e-10]
Selected: [3 0]
&&&&&&&&&&&&&&&&&&&&&&&&
&&TOURNAMENT SELECTION&&
&&&&&&&&&&&&&&&&&&&&&&&&
parents:
[-9.02743931e-02 -2.17828725e-12 -3.11664016e-13  4.15595459e-11 -1.13979440e-10 -9.04338583e-16  8.36961654e-16  3.41030765e-05 -1.83610393e-06 -2.41191292e-08  9.46114275e-10]
[-8.92033901e-02 -2.02226004e-12 -3.12729514e-13  4.22452196e-11 -1.17489113e-10 -8.96773614e-16  8.36961654e-16  3.45747317e-05 -1.85514947e-06 -2.34755980e-08  9.37291324e-10]
children:
[-8.92033901e-02 -2.02226004e-12 -3.12729514e-13  4.22452196e-11 -1.17489113e-10 -9.04338583e-16  8.36961654e-16  3.41030765e-05 -1.83610393e-06 -2.41191292e-08  8.66810068e-10]
[-9.02743931e-02 -2.17828725e-12 -3.11664016e-13  4.22243996e-11 -1.13979440e-10 -8.96773614e-16  8.45693137e-16  3.45747317e-05 -1.85514947e-06 -2.34755980e-08  9.46114275e-10]
Population scores:
[6.25936357e+10 4.65026274e+10]:[-8.92033901e-02 -2.02226004e-12 -3.12729514e-13  4.22452196e-11 -1.17489113e-10 -8.96773614e-16  8.36961654e-16  3.45747317e-05 -1.85514947e-06 -2.34755980e-08  9.37291324e-10]:10.77230992685161
[9.12546331e+10 4.62170515e+10]:[-9.02743931e-02 -2.17828725e-12 -3.11664016e-13  4.15595459e-11 -1.13979440e-10 -9.04338583e-16  8.36961654e-16  3.41030765e-05 -1.83610393e-06 -2.41191292e-08  9.46114275e-10]:10.86544480344139
[4.03624017e+10 1.50089334e+11]:[-9.02743931e-02 -2.17828725e-12 -3.11664016e-13  4.22243996e-11 -1.13979440e-10 -8.96773614e-16  8.45693137e-16  3.45747317e-05 -1.85514947e-06 -2.34755980e-08  9.46114275e-10]:11.042318722317294
[3.48624718e+12 5.20928809e+12]:[-8.92033901e-02 -2.02226004e-12 -3.12729514e-13  4.22452196e-11 -1.17489113e-10 -9.04338583e-16  8.36961654e-16  3.41030765e-05 -1.83610393e-06 -2.41191292e-08  8.66810068e-10]:12.687412697926211
Selected for new population:
[-8.92033901e-02 -2.02226004e-12 -3.12729514e-13  4.22452196e-11 -1.17489113e-10 -8.96773614e-16  8.36961654e-16  3.45747317e-05 -1.85514947e-06 -2.34755980e-08  9.37291324e-10]
[-9.02743931e-02 -2.17828725e-12 -3.11664016e-13  4.15595459e-11 -1.13979440e-10 -9.04338583e-16  8.36961654e-16  3.41030765e-05 -1.83610393e-06 -2.41191292e-08  9.46114275e-10]
Selected: [2 4]
&&&&&&&&&&&&&&&&&&&&&&&&
&&TOURNAMENT SELECTION&&
&&&&&&&&&&&&&&&&&&&&&&&&
parents:
[-9.03441923e-02 -2.08112892e-12 -3.08790333e-13  4.22452196e-11 -1.18183397e-10 -9.00380622e-16  8.36961654e-16  3.41032972e-05 -1.87141708e-06 -2.26975979e-08  9.37291324e-10]
[-9.03441923e-02 -2.09009864e-12 -3.07669796e-13  4.38070684e-11 -1.18183397e-10 -7.99475087e-16  8.36652398e-16  3.41032972e-05 -1.88319159e-06 -2.32294464e-08  9.41311786e-10]
children:
[-9.03441923e-02 -2.08112892e-12 -3.07669796e-13  4.38070684e-11 -1.18183397e-10 -8.97385621e-16  8.36961654e-16  3.41032972e-05 -1.79181550e-06 -2.32294464e-08  9.35579780e-10]
[-9.03441923e-02 -2.09009864e-12 -3.08790333e-13  4.24003948e-11 -6.95302988e-11 -7.99475087e-16  8.36652398e-16  3.41032972e-05 -1.87141708e-06 -2.26975979e-08  9.37291324e-10]
Population scores:
[3.25074391e+10 8.99904706e+10]:[-9.03441923e-02 -2.08112892e-12 -3.08790333e-13  4.22452196e-11 -1.18183397e-10 -9.00380622e-16  8.36961654e-16  3.41032972e-05 -1.87141708e-06 -2.26975979e-08  9.37291324e-10]:10.846633976011939
[9.83912218e+10 6.05570955e+10]:[-9.03441923e-02 -2.09009864e-12 -3.07669796e-13  4.38070684e-11 -1.18183397e-10 -7.99475087e-16  8.36652398e-16  3.41032972e-05 -1.88319159e-06 -2.32294464e-08  9.41311786e-10]:10.93211780271187
[3.09134295e+10 1.18677830e+11]:[-9.03441923e-02 -2.09009864e-12 -3.08790333e-13  4.24003948e-11 -6.95302988e-11 -7.99475087e-16  8.36652398e-16  3.41032972e-05 -1.87141708e-06 -2.26975979e-08  9.37291324e-10]:10.937835787312181
[2.13795087e+11 7.49189712e+11]:[-9.03441923e-02 -2.08112892e-12 -3.07669796e-13  4.38070684e-11 -1.18183397e-10 -8.97385621e-16  8.36961654e-16  3.41032972e-05 -1.79181550e-06 -2.32294464e-08  9.35579780e-10]:11.745395996493963
Selected for new population:
[-9.03441923e-02 -2.08112892e-12 -3.08790333e-13  4.22452196e-11 -1.18183397e-10 -9.00380622e-16  8.36961654e-16  3.41032972e-05 -1.87141708e-06 -2.26975979e-08  9.37291324e-10]
[-9.03441923e-02 -2.09009864e-12 -3.07669796e-13  4.38070684e-11 -1.18183397e-10 -7.99475087e-16  8.36652398e-16  3.41032972e-05 -1.88319159e-06 -2.32294464e-08  9.41311786e-10]
Selected: [1 0]
&&&&&&&&&&&&&&&&&&&&&&&&
&&TOURNAMENT SELECTION&&
&&&&&&&&&&&&&&&&&&&&&&&&
parents:
[-9.02743931e-02 -2.08112892e-12 -3.12729514e-13  4.22452196e-11 -1.11339420e-10 -9.04338583e-16  8.36961654e-16  3.45747317e-05 -1.85514947e-06 -2.34755980e-08  9.37291324e-10]
[-8.92033901e-02 -2.02226004e-12 -3.12729514e-13  4.22452196e-11 -1.17489113e-10 -8.96773614e-16  8.36961654e-16  3.45747317e-05 -1.85514947e-06 -2.34755980e-08  9.37291324e-10]
children:
[-9.02743931e-02 -2.08112892e-12 -3.12729514e-13  4.22452196e-11 -1.17489113e-10 -9.13178177e-16  8.34502114e-16  3.45747317e-05 -1.85514947e-06 -2.34755980e-08  9.87949542e-10]
[-8.92033901e-02 -2.02226004e-12 -3.12729514e-13  4.22452196e-11 -1.11339420e-10 -9.04338583e-16  8.36961654e-16  3.45747317e-05 -1.85514947e-06 -2.34755980e-08  9.37291324e-10]
Population scores:
[6.25936357e+10 4.65026274e+10]:[-8.92033901e-02 -2.02226004e-12 -3.12729514e-13  4.22452196e-11 -1.17489113e-10 -8.96773614e-16  8.36961654e-16  3.45747317e-05 -1.85514947e-06 -2.34755980e-08  9.37291324e-10]:10.77230992685161
[6.39104483e+10 4.58689949e+10]:[-9.02743931e-02 -2.08112892e-12 -3.12729514e-13  4.22452196e-11 -1.11339420e-10 -9.04338583e-16  8.36961654e-16  3.45747317e-05 -1.85514947e-06 -2.34755980e-08  9.37291324e-10]:10.774346287834646
[6.39104483e+10 4.58689950e+10]:[-8.92033901e-02 -2.02226004e-12 -3.12729514e-13  4.22452196e-11 -1.11339420e-10 -9.04338583e-16  8.36961654e-16  3.45747317e-05 -1.85514947e-06 -2.34755980e-08  9.37291324e-10]:10.774346288464253
[8.80137415e+11 2.43292453e+12]:[-9.02743931e-02 -2.08112892e-12 -3.12729514e-13  4.22452196e-11 -1.17489113e-10 -9.13178177e-16  8.34502114e-16  3.45747317e-05 -1.85514947e-06 -2.34755980e-08  9.87949542e-10]:12.27871323787722
Selected for new population:
[-8.92033901e-02 -2.02226004e-12 -3.12729514e-13  4.22452196e-11 -1.17489113e-10 -8.96773614e-16  8.36961654e-16  3.45747317e-05 -1.85514947e-06 -2.34755980e-08  9.37291324e-10]
[-9.02743931e-02 -2.08112892e-12 -3.12729514e-13  4.22452196e-11 -1.11339420e-10 -9.04338583e-16  8.36961654e-16  3.45747317e-05 -1.85514947e-06 -2.34755980e-08  9.37291324e-10]
Population scores:
[6.25936357e+10 4.65026274e+10]:[-8.92033901e-02 -2.02226004e-12 -3.12729514e-13  4.22452196e-11 -1.17489113e-10 -8.96773614e-16  8.36961654e-16  3.45747317e-05 -1.85514947e-06 -2.34755980e-08  9.37291324e-10]:10.77230992685161
[6.39104483e+10 4.58689949e+10]:[-9.02743931e-02 -2.08112892e-12 -3.12729514e-13  4.22452196e-11 -1.11339420e-10 -9.04338583e-16  8.36961654e-16  3.45747317e-05 -1.85514947e-06 -2.34755980e-08  9.37291324e-10]:10.774346287834646
[3.25074391e+10 8.99904706e+10]:[-9.03441923e-02 -2.08112892e-12 -3.08790333e-13  4.22452196e-11 -1.18183397e-10 -9.00380622e-16  8.36961654e-16  3.41032972e-05 -1.87141708e-06 -2.26975979e-08  9.37291324e-10]:10.846633976011939
[9.12546331e+10 4.62170515e+10]:[-9.02743931e-02 -2.17828725e-12 -3.11664016e-13  4.15595459e-11 -1.13979440e-10 -9.04338583e-16  8.36961654e-16  3.41030765e-05 -1.83610393e-06 -2.41191292e-08  9.46114275e-10]:10.86544480344139
[9.83912218e+10 6.05570955e+10]:[-9.03441923e-02 -2.09009864e-12 -3.07669796e-13  4.38070684e-11 -1.18183397e-10 -7.99475087e-16  8.36652398e-16  3.41032972e-05 -1.88319159e-06 -2.32294464e-08  9.41311786e-10]:10.93211780271187
[1.37578667e+11 5.30907852e+10]:[-9.09960404e-02 -2.17828725e-12 -3.11664016e-13  4.15595459e-11 -1.09113739e-10 -9.06069285e-16  8.39220991e-16  3.41030765e-05 -1.83610393e-06 -2.41191292e-08  9.41082537e-10]:11.002787046005162
[3.05850284e+10 1.50081943e+11]:[-9.03441923e-02 -2.17828725e-12 -3.11664016e-13  4.15595459e-11 -1.09113739e-10 -8.99184407e-16  8.73013562e-16  3.41032972e-05 -1.87141708e-06 -2.26975979e-08  9.41082537e-10]:11.022600239416505
[3.08908689e+10 1.54489090e+11]:[-9.03441923e-02 -2.14562796e-12 -3.08790333e-13  4.19040332e-11 -1.18183397e-10 -8.99184407e-16  8.30516572e-16  3.41032972e-05 -1.87141708e-06 -2.26975979e-08  9.41311786e-10]:11.033981902298397
[1.50169779e+11 9.16742308e+10]:[-9.03441923e-02 -2.08112892e-12 -3.08790333e-13  4.19095210e-11 -1.17489113e-10 -8.94420064e-16  8.24300919e-16  3.41395512e-05 -1.89634253e-06 -2.33054252e-08  9.46296753e-10]:11.114242004052034
[1.93549915e+11 1.25262395e+11]:[-8.96379309e-02 -2.02226004e-12 -3.07279944e-13  4.13277735e-11 -1.17489113e-10 -8.96773614e-16  8.32530243e-16  3.41395512e-05 -1.88721142e-06 -2.33054252e-08  9.39762052e-10]:11.235357710915661
*******************************
***iteration: 3 Population is***
*******************************
Population scores:
[6.25936357e+10 4.65026274e+10]:[-8.92033901e-02 -2.02226004e-12 -3.12729514e-13  4.22452196e-11 -1.17489113e-10 -8.96773614e-16  8.36961654e-16  3.45747317e-05 -1.85514947e-06 -2.34755980e-08  9.37291324e-10]:10.77230992685161
[6.39104483e+10 4.58689949e+10]:[-9.02743931e-02 -2.08112892e-12 -3.12729514e-13  4.22452196e-11 -1.11339420e-10 -9.04338583e-16  8.36961654e-16  3.45747317e-05 -1.85514947e-06 -2.34755980e-08  9.37291324e-10]:10.774346287834646
[3.25074391e+10 8.99904706e+10]:[-9.03441923e-02 -2.08112892e-12 -3.08790333e-13  4.22452196e-11 -1.18183397e-10 -9.00380622e-16  8.36961654e-16  3.41032972e-05 -1.87141708e-06 -2.26975979e-08  9.37291324e-10]:10.846633976011939
[9.12546331e+10 4.62170515e+10]:[-9.02743931e-02 -2.17828725e-12 -3.11664016e-13  4.15595459e-11 -1.13979440e-10 -9.04338583e-16  8.36961654e-16  3.41030765e-05 -1.83610393e-06 -2.41191292e-08  9.46114275e-10]:10.86544480344139
[9.83912218e+10 6.05570955e+10]:[-9.03441923e-02 -2.09009864e-12 -3.07669796e-13  4.38070684e-11 -1.18183397e-10 -7.99475087e-16  8.36652398e-16  3.41032972e-05 -1.88319159e-06 -2.32294464e-08  9.41311786e-10]:10.93211780271187
[1.37578667e+11 5.30907852e+10]:[-9.09960404e-02 -2.17828725e-12 -3.11664016e-13  4.15595459e-11 -1.09113739e-10 -9.06069285e-16  8.39220991e-16  3.41030765e-05 -1.83610393e-06 -2.41191292e-08  9.41082537e-10]:11.002787046005162
[3.05850284e+10 1.50081943e+11]:[-9.03441923e-02 -2.17828725e-12 -3.11664016e-13  4.15595459e-11 -1.09113739e-10 -8.99184407e-16  8.73013562e-16  3.41032972e-05 -1.87141708e-06 -2.26975979e-08  9.41082537e-10]:11.022600239416505
[3.08908689e+10 1.54489090e+11]:[-9.03441923e-02 -2.14562796e-12 -3.08790333e-13  4.19040332e-11 -1.18183397e-10 -8.99184407e-16  8.30516572e-16  3.41032972e-05 -1.87141708e-06 -2.26975979e-08  9.41311786e-10]:11.033981902298397
[1.50169779e+11 9.16742308e+10]:[-9.03441923e-02 -2.08112892e-12 -3.08790333e-13  4.19095210e-11 -1.17489113e-10 -8.94420064e-16  8.24300919e-16  3.41395512e-05 -1.89634253e-06 -2.33054252e-08  9.46296753e-10]:11.114242004052034
[1.93549915e+11 1.25262395e+11]:[-8.96379309e-02 -2.02226004e-12 -3.07279944e-13  4.13277735e-11 -1.17489113e-10 -8.96773614e-16  8.32530243e-16  3.41395512e-05 -1.88721142e-06 -2.33054252e-08  9.39762052e-10]:11.235357710915661
Selected: [4 3]
&&&&&&&&&&&&&&&&&&&&&&&&
&&TOURNAMENT SELECTION&&
&&&&&&&&&&&&&&&&&&&&&&&&
parents:
[-9.03441923e-02 -2.09009864e-12 -3.07669796e-13  4.38070684e-11 -1.18183397e-10 -7.99475087e-16  8.36652398e-16  3.41032972e-05 -1.88319159e-06 -2.32294464e-08  9.41311786e-10]
[-9.02743931e-02 -2.17828725e-12 -3.11664016e-13  4.15595459e-11 -1.13979440e-10 -9.04338583e-16  8.36961654e-16  3.41030765e-05 -1.83610393e-06 -2.41191292e-08  9.46114275e-10]
children:
[-9.03441923e-02 -2.37793613e-12 -3.11664016e-13  4.15595459e-11 -8.63830981e-11 -7.99475087e-16  8.36961654e-16  3.41889884e-05 -1.83610393e-06 -2.32294464e-08  9.46114275e-10]
[-9.02743931e-02 -2.09009864e-12 -3.03356876e-13  4.35010022e-11 -1.13979440e-10 -9.04338583e-16  8.36652398e-16  3.41032972e-05 -1.88319159e-06 -1.95573071e-08  9.31775126e-10]
Population scores:
[9.12546331e+10 4.62170515e+10]:[-9.02743931e-02 -2.17828725e-12 -3.11664016e-13  4.15595459e-11 -1.13979440e-10 -9.04338583e-16  8.36961654e-16  3.41030765e-05 -1.83610393e-06 -2.41191292e-08  9.46114275e-10]:10.86544480344139
[9.83912218e+10 6.05570955e+10]:[-9.03441923e-02 -2.09009864e-12 -3.07669796e-13  4.38070684e-11 -1.18183397e-10 -7.99475087e-16  8.36652398e-16  3.41032972e-05 -1.88319159e-06 -2.32294464e-08  9.41311786e-10]:10.93211780271187
[1.29467580e+11 4.91611617e+11]:[-9.03441923e-02 -2.37793613e-12 -3.11664016e-13  4.15595459e-11 -8.63830981e-11 -7.99475087e-16  8.36961654e-16  3.41889884e-05 -1.83610393e-06 -2.32294464e-08  9.46114275e-10]:11.555941355298597
[1.22369939e+12 3.30789893e+12]:[-9.02743931e-02 -2.09009864e-12 -3.03356876e-13  4.35010022e-11 -1.13979440e-10 -9.04338583e-16  8.36652398e-16  3.41032972e-05 -1.88319159e-06 -1.95573071e-08  9.31775126e-10]:12.414403221837903
Selected for new population:
[-9.02743931e-02 -2.17828725e-12 -3.11664016e-13  4.15595459e-11 -1.13979440e-10 -9.04338583e-16  8.36961654e-16  3.41030765e-05 -1.83610393e-06 -2.41191292e-08  9.46114275e-10]
[-9.03441923e-02 -2.09009864e-12 -3.07669796e-13  4.38070684e-11 -1.18183397e-10 -7.99475087e-16  8.36652398e-16  3.41032972e-05 -1.88319159e-06 -2.32294464e-08  9.41311786e-10]
Selected: [3 1]
&&&&&&&&&&&&&&&&&&&&&&&&
&&TOURNAMENT SELECTION&&
&&&&&&&&&&&&&&&&&&&&&&&&
parents:
[-9.02743931e-02 -2.17828725e-12 -3.11664016e-13  4.15595459e-11 -1.13979440e-10 -9.04338583e-16  8.36961654e-16  3.41030765e-05 -1.83610393e-06 -2.41191292e-08  9.46114275e-10]
[-9.02743931e-02 -2.08112892e-12 -3.12729514e-13  4.22452196e-11 -1.11339420e-10 -9.04338583e-16  8.36961654e-16  3.45747317e-05 -1.85514947e-06 -2.34755980e-08  9.37291324e-10]
children:
[-9.02743931e-02 -2.08112892e-12 -3.11664016e-13  4.25300204e-11 -1.13979440e-10 -9.04338583e-16  8.36961654e-16  3.45747317e-05 -1.85514947e-06 -2.41191292e-08  9.37882114e-10]
[-9.02743931e-02 -2.17828725e-12 -3.12729514e-13  4.15595459e-11 -1.11339420e-10 -9.04338583e-16  8.36961654e-16  3.41030765e-05 -1.85752801e-06 -1.53489345e-08  9.29220263e-10]
Population scores:
[6.39104483e+10 4.58689949e+10]:[-9.02743931e-02 -2.08112892e-12 -3.12729514e-13  4.22452196e-11 -1.11339420e-10 -9.04338583e-16  8.36961654e-16  3.45747317e-05 -1.85514947e-06 -2.34755980e-08  9.37291324e-10]:10.774346287834646
[9.12546331e+10 4.62170515e+10]:[-9.02743931e-02 -2.17828725e-12 -3.11664016e-13  4.15595459e-11 -1.13979440e-10 -9.04338583e-16  8.36961654e-16  3.41030765e-05 -1.83610393e-06 -2.41191292e-08  9.46114275e-10]:10.86544480344139
[2.32000451e+11 1.38292871e+11]:[-9.02743931e-02 -2.08112892e-12 -3.11664016e-13  4.25300204e-11 -1.13979440e-10 -9.04338583e-16  8.36961654e-16  3.45747317e-05 -1.85514947e-06 -2.41191292e-08  9.37882114e-10]:11.298800583365068
[9.73409845e+12 2.13365544e+13]:[-9.02743931e-02 -2.17828725e-12 -3.12729514e-13  4.15595459e-11 -1.11339420e-10 -9.04338583e-16  8.36961654e-16  3.41030765e-05 -1.85752801e-06 -1.53489345e-08  9.29220263e-10]:13.247211525687804
Selected for new population:
[-9.02743931e-02 -2.08112892e-12 -3.12729514e-13  4.22452196e-11 -1.11339420e-10 -9.04338583e-16  8.36961654e-16  3.45747317e-05 -1.85514947e-06 -2.34755980e-08  9.37291324e-10]
[-9.02743931e-02 -2.17828725e-12 -3.11664016e-13  4.15595459e-11 -1.13979440e-10 -9.04338583e-16  8.36961654e-16  3.41030765e-05 -1.83610393e-06 -2.41191292e-08  9.46114275e-10]
Selected: [0 2]
&&&&&&&&&&&&&&&&&&&&&&&&
&&TOURNAMENT SELECTION&&
&&&&&&&&&&&&&&&&&&&&&&&&
parents:
[-8.92033901e-02 -2.02226004e-12 -3.12729514e-13  4.22452196e-11 -1.17489113e-10 -8.96773614e-16  8.36961654e-16  3.45747317e-05 -1.85514947e-06 -2.34755980e-08  9.37291324e-10]
[-9.03441923e-02 -2.08112892e-12 -3.08790333e-13  4.22452196e-11 -1.18183397e-10 -9.00380622e-16  8.36961654e-16  3.41032972e-05 -1.87141708e-06 -2.26975979e-08  9.37291324e-10]
children:
[-9.03441923e-02 -2.02226004e-12 -3.08790333e-13  4.22452196e-11 -1.18148440e-10 -9.00380622e-16  8.36961654e-16  3.41032972e-05 -1.87141708e-06 -2.11656105e-08  9.31867535e-10]
[-8.92033901e-02 -2.08112892e-12 -3.12729514e-13  4.22452196e-11 -1.17489113e-10 -8.96773614e-16  8.36961654e-16  3.45747317e-05 -1.64872671e-06 -2.34755980e-08  9.37291324e-10]
Population scores:
[6.25936357e+10 4.65026274e+10]:[-8.92033901e-02 -2.02226004e-12 -3.12729514e-13  4.22452196e-11 -1.17489113e-10 -8.96773614e-16  8.36961654e-16  3.45747317e-05 -1.85514947e-06 -2.34755980e-08  9.37291324e-10]:10.77230992685161
[3.25074391e+10 8.99904706e+10]:[-9.03441923e-02 -2.08112892e-12 -3.08790333e-13  4.22452196e-11 -1.18183397e-10 -9.00380622e-16  8.36961654e-16  3.41032972e-05 -1.87141708e-06 -2.26975979e-08  9.37291324e-10]:10.846633976011939
[2.72855312e+11 1.00882593e+12]:[-9.03441923e-02 -2.02226004e-12 -3.08790333e-13  4.22452196e-11 -1.18148440e-10 -9.00380622e-16  8.36961654e-16  3.41032972e-05 -1.87141708e-06 -2.11656105e-08  9.31867535e-10]:11.870241870345037
[3.03851403e+12 7.19965412e+12]:[-8.92033901e-02 -2.08112892e-12 -3.12729514e-13  4.22452196e-11 -1.17489113e-10 -8.96773614e-16  8.36961654e-16  3.45747317e-05 -1.64872671e-06 -2.34755980e-08  9.37291324e-10]:12.7663421561404
Selected for new population:
[-8.92033901e-02 -2.02226004e-12 -3.12729514e-13  4.22452196e-11 -1.17489113e-10 -8.96773614e-16  8.36961654e-16  3.45747317e-05 -1.85514947e-06 -2.34755980e-08  9.37291324e-10]
[-9.03441923e-02 -2.08112892e-12 -3.08790333e-13  4.22452196e-11 -1.18183397e-10 -9.00380622e-16  8.36961654e-16  3.41032972e-05 -1.87141708e-06 -2.26975979e-08  9.37291324e-10]
Selected: [2 0]
&&&&&&&&&&&&&&&&&&&&&&&&
&&TOURNAMENT SELECTION&&
&&&&&&&&&&&&&&&&&&&&&&&&
parents:
[-9.03441923e-02 -2.08112892e-12 -3.08790333e-13  4.22452196e-11 -1.18183397e-10 -9.00380622e-16  8.36961654e-16  3.41032972e-05 -1.87141708e-06 -2.26975979e-08  9.37291324e-10]
[-8.92033901e-02 -2.02226004e-12 -3.12729514e-13  4.22452196e-11 -1.17489113e-10 -8.96773614e-16  8.36961654e-16  3.45747317e-05 -1.85514947e-06 -2.34755980e-08  9.37291324e-10]
children:
[-8.92033901e-02 -2.08112892e-12 -3.12729514e-13  4.22452196e-11 -1.18183397e-10 -9.00380622e-16  8.36961654e-16  4.35791058e-05 -1.85514947e-06 -2.34755980e-08  9.37291324e-10]
[-9.41569628e-02 -2.02226004e-12 -3.08790333e-13  4.22452196e-11 -1.17489113e-10 -8.96773614e-16  8.36961654e-16  3.41032972e-05 -1.80792707e-06 -2.26975979e-08  9.37291324e-10]
Population scores:
[6.25936357e+10 4.65026274e+10]:[-8.92033901e-02 -2.02226004e-12 -3.12729514e-13  4.22452196e-11 -1.17489113e-10 -8.96773614e-16  8.36961654e-16  3.45747317e-05 -1.85514947e-06 -2.34755980e-08  9.37291324e-10]:10.77230992685161
[3.25074391e+10 8.99904706e+10]:[-9.03441923e-02 -2.08112892e-12 -3.08790333e-13  4.22452196e-11 -1.18183397e-10 -9.00380622e-16  8.36961654e-16  3.41032972e-05 -1.87141708e-06 -2.26975979e-08  9.37291324e-10]:10.846633976011939
[3.12290208e+11 1.06690750e+12]:[-9.41569628e-02 -2.02226004e-12 -3.08790333e-13  4.22452196e-11 -1.17489113e-10 -8.96773614e-16  8.36961654e-16  3.41032972e-05 -1.80792707e-06 -2.26975979e-08  9.37291324e-10]:11.901071045447893
[2.36637315e+12 5.97630170e+12]:[-8.92033901e-02 -2.08112892e-12 -3.12729514e-13  4.22452196e-11 -1.18183397e-10 -9.00380622e-16  8.36961654e-16  4.35791058e-05 -1.85514947e-06 -2.34755980e-08  9.37291324e-10]:12.67842437117666
Selected for new population:
[-8.92033901e-02 -2.02226004e-12 -3.12729514e-13  4.22452196e-11 -1.17489113e-10 -8.96773614e-16  8.36961654e-16  3.45747317e-05 -1.85514947e-06 -2.34755980e-08  9.37291324e-10]
[-9.03441923e-02 -2.08112892e-12 -3.08790333e-13  4.22452196e-11 -1.18183397e-10 -9.00380622e-16  8.36961654e-16  3.41032972e-05 -1.87141708e-06 -2.26975979e-08  9.37291324e-10]
Selected: [2 6]
&&&&&&&&&&&&&&&&&&&&&&&&
&&TOURNAMENT SELECTION&&
&&&&&&&&&&&&&&&&&&&&&&&&
parents:
[-9.03441923e-02 -2.08112892e-12 -3.08790333e-13  4.22452196e-11 -1.18183397e-10 -9.00380622e-16  8.36961654e-16  3.41032972e-05 -1.87141708e-06 -2.26975979e-08  9.37291324e-10]
[-9.03441923e-02 -2.17828725e-12 -3.11664016e-13  4.15595459e-11 -1.09113739e-10 -8.99184407e-16  8.73013562e-16  3.41032972e-05 -1.87141708e-06 -2.26975979e-08  9.41082537e-10]
children:
[-9.03441923e-02 -1.73363530e-12 -3.11664016e-13  4.15595459e-11 -1.24823965e-10 -8.87218046e-16  8.73013562e-16  3.36998955e-05 -1.87141708e-06 -2.27469163e-08  9.41082537e-10]
[-9.03441923e-02 -2.08112892e-12 -3.08790333e-13  4.22452196e-11 -1.18183397e-10 -9.00380622e-16  8.36961654e-16  3.41032972e-05 -1.87141708e-06 -2.26975979e-08  9.37291324e-10]
Population scores:
[3.65699464e+10 8.65494556e+10]:[-9.03441923e-02 -1.73363530e-12 -3.11664016e-13  4.15595459e-11 -1.24823965e-10 -8.87218046e-16  8.73013562e-16  3.36998955e-05 -1.87141708e-06 -2.27469163e-08  9.41082537e-10]:10.846427714109213
[3.25074391e+10 8.99904706e+10]:[-9.03441923e-02 -2.08112892e-12 -3.08790333e-13  4.22452196e-11 -1.18183397e-10 -9.00380622e-16  8.36961654e-16  3.41032972e-05 -1.87141708e-06 -2.26975979e-08  9.37291324e-10]:10.846633976011939
[3.25074391e+10 8.99904706e+10]:[-9.03441923e-02 -2.08112892e-12 -3.08790333e-13  4.22452196e-11 -1.18183397e-10 -9.00380622e-16  8.36961654e-16  3.41032972e-05 -1.87141708e-06 -2.26975979e-08  9.37291324e-10]:10.846633976011939
[3.05850284e+10 1.50081943e+11]:[-9.03441923e-02 -2.17828725e-12 -3.11664016e-13  4.15595459e-11 -1.09113739e-10 -8.99184407e-16  8.73013562e-16  3.41032972e-05 -1.87141708e-06 -2.26975979e-08  9.41082537e-10]:11.022600239416505
Selected for new population:
[-9.03441923e-02 -1.73363530e-12 -3.11664016e-13  4.15595459e-11 -1.24823965e-10 -8.87218046e-16  8.73013562e-16  3.36998955e-05 -1.87141708e-06 -2.27469163e-08  9.41082537e-10]
[-9.03441923e-02 -2.08112892e-12 -3.08790333e-13  4.22452196e-11 -1.18183397e-10 -9.00380622e-16  8.36961654e-16  3.41032972e-05 -1.87141708e-06 -2.26975979e-08  9.37291324e-10]
Population scores:
[6.25936357e+10 4.65026274e+10]:[-8.92033901e-02 -2.02226004e-12 -3.12729514e-13  4.22452196e-11 -1.17489113e-10 -8.96773614e-16  8.36961654e-16  3.45747317e-05 -1.85514947e-06 -2.34755980e-08  9.37291324e-10]:10.77230992685161
[6.39104483e+10 4.58689949e+10]:[-9.02743931e-02 -2.08112892e-12 -3.12729514e-13  4.22452196e-11 -1.11339420e-10 -9.04338583e-16  8.36961654e-16  3.45747317e-05 -1.85514947e-06 -2.34755980e-08  9.37291324e-10]:10.774346287834646
[3.65699464e+10 8.65494556e+10]:[-9.03441923e-02 -1.73363530e-12 -3.11664016e-13  4.15595459e-11 -1.24823965e-10 -8.87218046e-16  8.73013562e-16  3.36998955e-05 -1.87141708e-06 -2.27469163e-08  9.41082537e-10]:10.846427714109213
[3.25074391e+10 8.99904706e+10]:[-9.03441923e-02 -2.08112892e-12 -3.08790333e-13  4.22452196e-11 -1.18183397e-10 -9.00380622e-16  8.36961654e-16  3.41032972e-05 -1.87141708e-06 -2.26975979e-08  9.37291324e-10]:10.846633976011939
[9.12546331e+10 4.62170515e+10]:[-9.02743931e-02 -2.17828725e-12 -3.11664016e-13  4.15595459e-11 -1.13979440e-10 -9.04338583e-16  8.36961654e-16  3.41030765e-05 -1.83610393e-06 -2.41191292e-08  9.46114275e-10]:10.86544480344139
[9.83912218e+10 6.05570955e+10]:[-9.03441923e-02 -2.09009864e-12 -3.07669796e-13  4.38070684e-11 -1.18183397e-10 -7.99475087e-16  8.36652398e-16  3.41032972e-05 -1.88319159e-06 -2.32294464e-08  9.41311786e-10]:10.93211780271187
[1.37578667e+11 5.30907852e+10]:[-9.09960404e-02 -2.17828725e-12 -3.11664016e-13  4.15595459e-11 -1.09113739e-10 -9.06069285e-16  8.39220991e-16  3.41030765e-05 -1.83610393e-06 -2.41191292e-08  9.41082537e-10]:11.002787046005162
[3.05850284e+10 1.50081943e+11]:[-9.03441923e-02 -2.17828725e-12 -3.11664016e-13  4.15595459e-11 -1.09113739e-10 -8.99184407e-16  8.73013562e-16  3.41032972e-05 -1.87141708e-06 -2.26975979e-08  9.41082537e-10]:11.022600239416505
[3.08908689e+10 1.54489090e+11]:[-9.03441923e-02 -2.14562796e-12 -3.08790333e-13  4.19040332e-11 -1.18183397e-10 -8.99184407e-16  8.30516572e-16  3.41032972e-05 -1.87141708e-06 -2.26975979e-08  9.41311786e-10]:11.033981902298397
[1.50169779e+11 9.16742308e+10]:[-9.03441923e-02 -2.08112892e-12 -3.08790333e-13  4.19095210e-11 -1.17489113e-10 -8.94420064e-16  8.24300919e-16  3.41395512e-05 -1.89634253e-06 -2.33054252e-08  9.46296753e-10]:11.114242004052034
[1.93549915e+11 1.25262395e+11]:[-8.96379309e-02 -2.02226004e-12 -3.07279944e-13  4.13277735e-11 -1.17489113e-10 -8.96773614e-16  8.32530243e-16  3.41395512e-05 -1.88721142e-06 -2.33054252e-08  9.39762052e-10]:11.235357710915661
*******************************
***iteration: 4 Population is***
*******************************
Population scores:
[6.25936357e+10 4.65026274e+10]:[-8.92033901e-02 -2.02226004e-12 -3.12729514e-13  4.22452196e-11 -1.17489113e-10 -8.96773614e-16  8.36961654e-16  3.45747317e-05 -1.85514947e-06 -2.34755980e-08  9.37291324e-10]:10.77230992685161
[6.39104483e+10 4.58689949e+10]:[-9.02743931e-02 -2.08112892e-12 -3.12729514e-13  4.22452196e-11 -1.11339420e-10 -9.04338583e-16  8.36961654e-16  3.45747317e-05 -1.85514947e-06 -2.34755980e-08  9.37291324e-10]:10.774346287834646
[3.65699464e+10 8.65494556e+10]:[-9.03441923e-02 -1.73363530e-12 -3.11664016e-13  4.15595459e-11 -1.24823965e-10 -8.87218046e-16  8.73013562e-16  3.36998955e-05 -1.87141708e-06 -2.27469163e-08  9.41082537e-10]:10.846427714109213
[3.25074391e+10 8.99904706e+10]:[-9.03441923e-02 -2.08112892e-12 -3.08790333e-13  4.22452196e-11 -1.18183397e-10 -9.00380622e-16  8.36961654e-16  3.41032972e-05 -1.87141708e-06 -2.26975979e-08  9.37291324e-10]:10.846633976011939
[9.12546331e+10 4.62170515e+10]:[-9.02743931e-02 -2.17828725e-12 -3.11664016e-13  4.15595459e-11 -1.13979440e-10 -9.04338583e-16  8.36961654e-16  3.41030765e-05 -1.83610393e-06 -2.41191292e-08  9.46114275e-10]:10.86544480344139
[9.83912218e+10 6.05570955e+10]:[-9.03441923e-02 -2.09009864e-12 -3.07669796e-13  4.38070684e-11 -1.18183397e-10 -7.99475087e-16  8.36652398e-16  3.41032972e-05 -1.88319159e-06 -2.32294464e-08  9.41311786e-10]:10.93211780271187
[1.37578667e+11 5.30907852e+10]:[-9.09960404e-02 -2.17828725e-12 -3.11664016e-13  4.15595459e-11 -1.09113739e-10 -9.06069285e-16  8.39220991e-16  3.41030765e-05 -1.83610393e-06 -2.41191292e-08  9.41082537e-10]:11.002787046005162
[3.05850284e+10 1.50081943e+11]:[-9.03441923e-02 -2.17828725e-12 -3.11664016e-13  4.15595459e-11 -1.09113739e-10 -8.99184407e-16  8.73013562e-16  3.41032972e-05 -1.87141708e-06 -2.26975979e-08  9.41082537e-10]:11.022600239416505
[3.08908689e+10 1.54489090e+11]:[-9.03441923e-02 -2.14562796e-12 -3.08790333e-13  4.19040332e-11 -1.18183397e-10 -8.99184407e-16  8.30516572e-16  3.41032972e-05 -1.87141708e-06 -2.26975979e-08  9.41311786e-10]:11.033981902298397
[1.50169779e+11 9.16742308e+10]:[-9.03441923e-02 -2.08112892e-12 -3.08790333e-13  4.19095210e-11 -1.17489113e-10 -8.94420064e-16  8.24300919e-16  3.41395512e-05 -1.89634253e-06 -2.33054252e-08  9.46296753e-10]:11.114242004052034
Selected: [1 5]
&&&&&&&&&&&&&&&&&&&&&&&&
&&TOURNAMENT SELECTION&&
&&&&&&&&&&&&&&&&&&&&&&&&
parents:
[-9.02743931e-02 -2.08112892e-12 -3.12729514e-13  4.22452196e-11 -1.11339420e-10 -9.04338583e-16  8.36961654e-16  3.45747317e-05 -1.85514947e-06 -2.34755980e-08  9.37291324e-10]
[-9.03441923e-02 -2.09009864e-12 -3.07669796e-13  4.38070684e-11 -1.18183397e-10 -7.99475087e-16  8.36652398e-16  3.41032972e-05 -1.88319159e-06 -2.32294464e-08  9.41311786e-10]
children:
[-8.83111240e-02 -2.09009864e-12 -3.07669796e-13  4.38070684e-11 -1.18183397e-10 -7.99475087e-16  8.36652398e-16  3.41032972e-05 -1.85514947e-06 -2.29497438e-08  9.41311786e-10]
[-9.02743931e-02 -2.08112892e-12 -3.12729514e-13  4.22452196e-11 -1.11339420e-10 -9.04338583e-16  8.22651113e-16  3.45747317e-05 -1.88319159e-06 -2.32294464e-08  9.37291324e-10]
Population scores:
[6.39104483e+10 4.58689949e+10]:[-9.02743931e-02 -2.08112892e-12 -3.12729514e-13  4.22452196e-11 -1.11339420e-10 -9.04338583e-16  8.36961654e-16  3.45747317e-05 -1.85514947e-06 -2.34755980e-08  9.37291324e-10]:10.774346287834646
[9.83912218e+10 6.05570955e+10]:[-9.03441923e-02 -2.09009864e-12 -3.07669796e-13  4.38070684e-11 -1.18183397e-10 -7.99475087e-16  8.36652398e-16  3.41032972e-05 -1.88319159e-06 -2.32294464e-08  9.41311786e-10]:10.93211780271187
[1.25047588e+11 6.49372531e+10]:[-9.02743931e-02 -2.08112892e-12 -3.12729514e-13  4.22452196e-11 -1.11339420e-10 -9.04338583e-16  8.22651113e-16  3.45747317e-05 -1.88319159e-06 -2.32294464e-08  9.37291324e-10]:11.006406758982326
[5.14107360e+10 2.35990682e+11]:[-8.83111240e-02 -2.09009864e-12 -3.07669796e-13  4.38070684e-11 -1.18183397e-10 -7.99475087e-16  8.36652398e-16  3.41032972e-05 -1.85514947e-06 -2.29497438e-08  9.41311786e-10]:11.223495362339778
Selected for new population:
[-9.02743931e-02 -2.08112892e-12 -3.12729514e-13  4.22452196e-11 -1.11339420e-10 -9.04338583e-16  8.36961654e-16  3.45747317e-05 -1.85514947e-06 -2.34755980e-08  9.37291324e-10]
[-9.03441923e-02 -2.09009864e-12 -3.07669796e-13  4.38070684e-11 -1.18183397e-10 -7.99475087e-16  8.36652398e-16  3.41032972e-05 -1.88319159e-06 -2.32294464e-08  9.41311786e-10]
Selected: [0 6]
&&&&&&&&&&&&&&&&&&&&&&&&
&&TOURNAMENT SELECTION&&
&&&&&&&&&&&&&&&&&&&&&&&&
parents:
[-8.92033901e-02 -2.02226004e-12 -3.12729514e-13  4.22452196e-11 -1.17489113e-10 -8.96773614e-16  8.36961654e-16  3.45747317e-05 -1.85514947e-06 -2.34755980e-08  9.37291324e-10]
[-9.09960404e-02 -2.17828725e-12 -3.11664016e-13  4.15595459e-11 -1.09113739e-10 -9.06069285e-16  8.39220991e-16  3.41030765e-05 -1.83610393e-06 -2.41191292e-08  9.41082537e-10]
children:
[-9.09960404e-02 -2.17828725e-12 -3.12729514e-13  4.22452196e-11 -2.01583544e-10 -8.96773614e-16  8.39220991e-16  3.41030765e-05 -1.83610393e-06 -2.42220563e-08  8.41627544e-10]
[-9.90471661e-02 -2.65612523e-12 -3.48686124e-13  4.13215139e-11 -1.17489113e-10 -9.06069285e-16  8.36961654e-16  3.45747317e-05 -1.85514947e-06 -2.34755980e-08  9.45502959e-10]
Population scores:
[6.25936357e+10 4.65026274e+10]:[-8.92033901e-02 -2.02226004e-12 -3.12729514e-13  4.22452196e-11 -1.17489113e-10 -8.96773614e-16  8.36961654e-16  3.45747317e-05 -1.85514947e-06 -2.34755980e-08  9.37291324e-10]:10.77230992685161
[1.37578667e+11 5.30907852e+10]:[-9.09960404e-02 -2.17828725e-12 -3.11664016e-13  4.15595459e-11 -1.09113739e-10 -9.06069285e-16  8.39220991e-16  3.41030765e-05 -1.83610393e-06 -2.41191292e-08  9.41082537e-10]:11.002787046005162
[3.94533050e+10 1.35380163e+11]:[-9.90471661e-02 -2.65612523e-12 -3.48686124e-13  4.13215139e-11 -1.17489113e-10 -9.06069285e-16  8.36961654e-16  3.45747317e-05 -1.85514947e-06 -2.34755980e-08  9.45502959e-10]:11.004126759486685
[5.95528895e+12 9.46366061e+12]:[-9.09960404e-02 -2.17828725e-12 -3.12729514e-13  4.22452196e-11 -2.01583544e-10 -8.96773614e-16  8.39220991e-16  3.41030765e-05 -1.83610393e-06 -2.42220563e-08  8.41627544e-10]:12.937309262266806
Selected for new population:
[-8.92033901e-02 -2.02226004e-12 -3.12729514e-13  4.22452196e-11 -1.17489113e-10 -8.96773614e-16  8.36961654e-16  3.45747317e-05 -1.85514947e-06 -2.34755980e-08  9.37291324e-10]
[-9.09960404e-02 -2.17828725e-12 -3.11664016e-13  4.15595459e-11 -1.09113739e-10 -9.06069285e-16  8.39220991e-16  3.41030765e-05 -1.83610393e-06 -2.41191292e-08  9.41082537e-10]
Selected: [3 4]
&&&&&&&&&&&&&&&&&&&&&&&&
&&TOURNAMENT SELECTION&&
&&&&&&&&&&&&&&&&&&&&&&&&
parents:
[-9.03441923e-02 -2.08112892e-12 -3.08790333e-13  4.22452196e-11 -1.18183397e-10 -9.00380622e-16  8.36961654e-16  3.41032972e-05 -1.87141708e-06 -2.26975979e-08  9.37291324e-10]
[-9.02743931e-02 -2.17828725e-12 -3.11664016e-13  4.15595459e-11 -1.13979440e-10 -9.04338583e-16  8.36961654e-16  3.41030765e-05 -1.83610393e-06 -2.41191292e-08  9.46114275e-10]
children:
[-9.05948311e-02 -2.05636486e-12 -3.11664016e-13  4.22452196e-11 -1.04221234e-10 -9.04338583e-16  9.11049408e-16  3.41030765e-05 -1.83610393e-06 -2.51065846e-08  9.37291324e-10]
[-9.03441923e-02 -2.08112892e-12 -3.08790333e-13  4.15595459e-11 -1.18183397e-10 -9.00380622e-16  8.43639329e-16  3.41032972e-05 -1.87141708e-06 -2.26975979e-08  9.46114275e-10]
Population scores:
[3.25074391e+10 8.99904706e+10]:[-9.03441923e-02 -2.08112892e-12 -3.08790333e-13  4.22452196e-11 -1.18183397e-10 -9.00380622e-16  8.36961654e-16  3.41032972e-05 -1.87141708e-06 -2.26975979e-08  9.37291324e-10]:10.846633976011939
[9.12546331e+10 4.62170515e+10]:[-9.02743931e-02 -2.17828725e-12 -3.11664016e-13  4.15595459e-11 -1.13979440e-10 -9.04338583e-16  8.36961654e-16  3.41030765e-05 -1.83610393e-06 -2.41191292e-08  9.46114275e-10]:10.86544480344139
[4.80792363e+10 2.66927199e+11]:[-9.03441923e-02 -2.08112892e-12 -3.08790333e-13  4.15595459e-11 -1.18183397e-10 -9.00380622e-16  8.43639329e-16  3.41032972e-05 -1.87141708e-06 -2.26975979e-08  9.46114275e-10]:11.265280046918665
[7.03232736e+11 7.00729077e+11]:[-9.05948311e-02 -2.05636486e-12 -3.11664016e-13  4.22452196e-11 -1.04221234e-10 -9.04338583e-16  9.11049408e-16  3.41030765e-05 -1.83610393e-06 -2.51065846e-08  9.37291324e-10]:11.887647572665845
Selected for new population:
[-9.03441923e-02 -2.08112892e-12 -3.08790333e-13  4.22452196e-11 -1.18183397e-10 -9.00380622e-16  8.36961654e-16  3.41032972e-05 -1.87141708e-06 -2.26975979e-08  9.37291324e-10]
[-9.02743931e-02 -2.17828725e-12 -3.11664016e-13  4.15595459e-11 -1.13979440e-10 -9.04338583e-16  8.36961654e-16  3.41030765e-05 -1.83610393e-06 -2.41191292e-08  9.46114275e-10]
Selected: [7 2]
&&&&&&&&&&&&&&&&&&&&&&&&
&&TOURNAMENT SELECTION&&
&&&&&&&&&&&&&&&&&&&&&&&&
parents:
[-9.03441923e-02 -2.17828725e-12 -3.11664016e-13  4.15595459e-11 -1.09113739e-10 -8.99184407e-16  8.73013562e-16  3.41032972e-05 -1.87141708e-06 -2.26975979e-08  9.41082537e-10]
[-9.03441923e-02 -1.73363530e-12 -3.11664016e-13  4.15595459e-11 -1.24823965e-10 -8.87218046e-16  8.73013562e-16  3.36998955e-05 -1.87141708e-06 -2.27469163e-08  9.41082537e-10]
children:
[-9.03441923e-02 -2.17828725e-12 -3.11664016e-13  4.15595459e-11 -1.24823965e-10 -8.87218046e-16  8.73013562e-16  3.36998955e-05 -1.87141708e-06 -2.27469163e-08  9.41082537e-10]
[-9.03441923e-02 -1.75101892e-12 -3.11664016e-13  4.15595459e-11 -1.09113739e-10 -8.99184407e-16  8.78484400e-16  3.41032972e-05 -1.87141708e-06 -2.26975979e-08  9.25340886e-10]
Population scores:
[3.65699464e+10 8.65494556e+10]:[-9.03441923e-02 -1.73363530e-12 -3.11664016e-13  4.15595459e-11 -1.24823965e-10 -8.87218046e-16  8.73013562e-16  3.36998955e-05 -1.87141708e-06 -2.27469163e-08  9.41082537e-10]:10.846427714109213
[3.65699464e+10 8.65494556e+10]:[-9.03441923e-02 -2.17828725e-12 -3.11664016e-13  4.15595459e-11 -1.24823965e-10 -8.87218046e-16  8.73013562e-16  3.36998955e-05 -1.87141708e-06 -2.27469163e-08  9.41082537e-10]:10.846427714109213
[1.23683286e+11 6.33220406e+10]:[-9.03441923e-02 -1.75101892e-12 -3.11664016e-13  4.15595459e-11 -1.09113739e-10 -8.99184407e-16  8.78484400e-16  3.41032972e-05 -1.87141708e-06 -2.26975979e-08  9.25340886e-10]:10.999282244705933
[3.05850284e+10 1.50081943e+11]:[-9.03441923e-02 -2.17828725e-12 -3.11664016e-13  4.15595459e-11 -1.09113739e-10 -8.99184407e-16  8.73013562e-16  3.41032972e-05 -1.87141708e-06 -2.26975979e-08  9.41082537e-10]:11.022600239416505
Selected for new population:
[-9.03441923e-02 -1.73363530e-12 -3.11664016e-13  4.15595459e-11 -1.24823965e-10 -8.87218046e-16  8.73013562e-16  3.36998955e-05 -1.87141708e-06 -2.27469163e-08  9.41082537e-10]
[-9.03441923e-02 -2.17828725e-12 -3.11664016e-13  4.15595459e-11 -1.24823965e-10 -8.87218046e-16  8.73013562e-16  3.36998955e-05 -1.87141708e-06 -2.27469163e-08  9.41082537e-10]
Selected: [7 9]
&&&&&&&&&&&&&&&&&&&&&&&&
&&TOURNAMENT SELECTION&&
&&&&&&&&&&&&&&&&&&&&&&&&
parents:
[-9.03441923e-02 -2.17828725e-12 -3.11664016e-13  4.15595459e-11 -1.09113739e-10 -8.99184407e-16  8.73013562e-16  3.41032972e-05 -1.87141708e-06 -2.26975979e-08  9.41082537e-10]
[-9.03441923e-02 -2.08112892e-12 -3.08790333e-13  4.19095210e-11 -1.17489113e-10 -8.94420064e-16  8.24300919e-16  3.41395512e-05 -1.89634253e-06 -2.33054252e-08  9.46296753e-10]
children:
[-9.03441923e-02 -2.08112892e-12 -3.08790333e-13  4.15595459e-11 -1.17489113e-10 -8.94420064e-16  8.73013562e-16  3.49724539e-05 -1.34733195e-06 -2.33054252e-08  9.46296753e-10]
[-9.03441923e-02 -1.23558473e-12 -3.11664016e-13  4.40287166e-11 -1.06608813e-10 -8.99184407e-16  8.24300919e-16  3.43429047e-05 -2.34900973e-06 -2.26975979e-08  9.41082537e-10]
Population scores:
[3.05850284e+10 1.50081943e+11]:[-9.03441923e-02 -2.17828725e-12 -3.11664016e-13  4.15595459e-11 -1.09113739e-10 -8.99184407e-16  8.73013562e-16  3.41032972e-05 -1.87141708e-06 -2.26975979e-08  9.41082537e-10]:11.022600239416505
[1.50169779e+11 9.16742308e+10]:[-9.03441923e-02 -2.08112892e-12 -3.08790333e-13  4.19095210e-11 -1.17489113e-10 -8.94420064e-16  8.24300919e-16  3.41395512e-05 -1.89634253e-06 -2.33054252e-08  9.46296753e-10]:11.114242004052034
[1.82074374e+13 3.21362111e+13]:[-9.03441923e-02 -1.23558473e-12 -3.11664016e-13  4.40287166e-11 -1.06608813e-10 -8.99184407e-16  8.24300919e-16  3.43429047e-05 -2.34900973e-06 -2.26975979e-08  9.41082537e-10]:13.453095712204957
[2.31305478e+13 4.85116449e+13]:[-9.03441923e-02 -2.08112892e-12 -3.08790333e-13  4.15595459e-11 -1.17489113e-10 -8.94420064e-16  8.73013562e-16  3.49724539e-05 -1.34733195e-06 -2.33054252e-08  9.46296753e-10]:13.60929831413527
Selected for new population:
[-9.03441923e-02 -2.17828725e-12 -3.11664016e-13  4.15595459e-11 -1.09113739e-10 -8.99184407e-16  8.73013562e-16  3.41032972e-05 -1.87141708e-06 -2.26975979e-08  9.41082537e-10]
[-9.03441923e-02 -2.08112892e-12 -3.08790333e-13  4.19095210e-11 -1.17489113e-10 -8.94420064e-16  8.24300919e-16  3.41395512e-05 -1.89634253e-06 -2.33054252e-08  9.46296753e-10]
Population scores:
[6.25936357e+10 4.65026274e+10]:[-8.92033901e-02 -2.02226004e-12 -3.12729514e-13  4.22452196e-11 -1.17489113e-10 -8.96773614e-16  8.36961654e-16  3.45747317e-05 -1.85514947e-06 -2.34755980e-08  9.37291324e-10]:10.77230992685161
[6.39104483e+10 4.58689949e+10]:[-9.02743931e-02 -2.08112892e-12 -3.12729514e-13  4.22452196e-11 -1.11339420e-10 -9.04338583e-16  8.36961654e-16  3.45747317e-05 -1.85514947e-06 -2.34755980e-08  9.37291324e-10]:10.774346287834646
[3.65699464e+10 8.65494556e+10]:[-9.03441923e-02 -2.17828725e-12 -3.11664016e-13  4.15595459e-11 -1.24823965e-10 -8.87218046e-16  8.73013562e-16  3.36998955e-05 -1.87141708e-06 -2.27469163e-08  9.41082537e-10]:10.846427714109213
[3.65699464e+10 8.65494556e+10]:[-9.03441923e-02 -1.73363530e-12 -3.11664016e-13  4.15595459e-11 -1.24823965e-10 -8.87218046e-16  8.73013562e-16  3.36998955e-05 -1.87141708e-06 -2.27469163e-08  9.41082537e-10]:10.846427714109213
[3.25074391e+10 8.99904706e+10]:[-9.03441923e-02 -2.08112892e-12 -3.08790333e-13  4.22452196e-11 -1.18183397e-10 -9.00380622e-16  8.36961654e-16  3.41032972e-05 -1.87141708e-06 -2.26975979e-08  9.37291324e-10]:10.846633976011939
[9.12546331e+10 4.62170515e+10]:[-9.02743931e-02 -2.17828725e-12 -3.11664016e-13  4.15595459e-11 -1.13979440e-10 -9.04338583e-16  8.36961654e-16  3.41030765e-05 -1.83610393e-06 -2.41191292e-08  9.46114275e-10]:10.86544480344139
[9.83912218e+10 6.05570955e+10]:[-9.03441923e-02 -2.09009864e-12 -3.07669796e-13  4.38070684e-11 -1.18183397e-10 -7.99475087e-16  8.36652398e-16  3.41032972e-05 -1.88319159e-06 -2.32294464e-08  9.41311786e-10]:10.93211780271187
[1.37578667e+11 5.30907852e+10]:[-9.09960404e-02 -2.17828725e-12 -3.11664016e-13  4.15595459e-11 -1.09113739e-10 -9.06069285e-16  8.39220991e-16  3.41030765e-05 -1.83610393e-06 -2.41191292e-08  9.41082537e-10]:11.002787046005162
[3.05850284e+10 1.50081943e+11]:[-9.03441923e-02 -2.17828725e-12 -3.11664016e-13  4.15595459e-11 -1.09113739e-10 -8.99184407e-16  8.73013562e-16  3.41032972e-05 -1.87141708e-06 -2.26975979e-08  9.41082537e-10]:11.022600239416505
[3.08908689e+10 1.54489090e+11]:[-9.03441923e-02 -2.14562796e-12 -3.08790333e-13  4.19040332e-11 -1.18183397e-10 -8.99184407e-16  8.30516572e-16  3.41032972e-05 -1.87141708e-06 -2.26975979e-08  9.41311786e-10]:11.033981902298397
[1.50169779e+11 9.16742308e+10]:[-9.03441923e-02 -2.08112892e-12 -3.08790333e-13  4.19095210e-11 -1.17489113e-10 -8.94420064e-16  8.24300919e-16  3.41395512e-05 -1.89634253e-06 -2.33054252e-08  9.46296753e-10]:11.114242004052034
%%%%%%%%%%%%%%%%%%%%%%%%%
%%%final - population%%%%
%%%%%%%%%%%%%%%%%%%%%%%%%
[-8.92033901e-02 -2.02226004e-12 -3.12729514e-13  4.22452196e-11 -1.17489113e-10 -8.96773614e-16  8.36961654e-16  3.45747317e-05 -1.85514947e-06 -2.34755980e-08  9.37291324e-10]:[6.25936357e+10 4.65026274e+10]
[-9.02743931e-02 -2.08112892e-12 -3.12729514e-13  4.22452196e-11 -1.11339420e-10 -9.04338583e-16  8.36961654e-16  3.45747317e-05 -1.85514947e-06 -2.34755980e-08  9.37291324e-10]:[6.39104483e+10 4.58689949e+10]
[-9.03441923e-02 -2.17828725e-12 -3.11664016e-13  4.15595459e-11 -1.24823965e-10 -8.87218046e-16  8.73013562e-16  3.36998955e-05 -1.87141708e-06 -2.27469163e-08  9.41082537e-10]:[3.65699464e+10 8.65494556e+10]
[-9.03441923e-02 -1.73363530e-12 -3.11664016e-13  4.15595459e-11 -1.24823965e-10 -8.87218046e-16  8.73013562e-16  3.36998955e-05 -1.87141708e-06 -2.27469163e-08  9.41082537e-10]:[3.65699464e+10 8.65494556e+10]
[-9.03441923e-02 -2.08112892e-12 -3.08790333e-13  4.22452196e-11 -1.18183397e-10 -9.00380622e-16  8.36961654e-16  3.41032972e-05 -1.87141708e-06 -2.26975979e-08  9.37291324e-10]:[3.25074391e+10 8.99904706e+10]
[-9.02743931e-02 -2.17828725e-12 -3.11664016e-13  4.15595459e-11 -1.13979440e-10 -9.04338583e-16  8.36961654e-16  3.41030765e-05 -1.83610393e-06 -2.41191292e-08  9.46114275e-10]:[9.12546331e+10 4.62170515e+10]
[-9.03441923e-02 -2.09009864e-12 -3.07669796e-13  4.38070684e-11 -1.18183397e-10 -7.99475087e-16  8.36652398e-16  3.41032972e-05 -1.88319159e-06 -2.32294464e-08  9.41311786e-10]:[9.83912218e+10 6.05570955e+10]
[-9.09960404e-02 -2.17828725e-12 -3.11664016e-13  4.15595459e-11 -1.09113739e-10 -9.06069285e-16  8.39220991e-16  3.41030765e-05 -1.83610393e-06 -2.41191292e-08  9.41082537e-10]:[1.37578667e+11 5.30907852e+10]
[-9.03441923e-02 -2.17828725e-12 -3.11664016e-13  4.15595459e-11 -1.09113739e-10 -8.99184407e-16  8.73013562e-16  3.41032972e-05 -1.87141708e-06 -2.26975979e-08  9.41082537e-10]:[3.05850284e+10 1.50081943e+11]
[-9.03441923e-02 -2.14562796e-12 -3.08790333e-13  4.19040332e-11 -1.18183397e-10 -8.99184407e-16  8.30516572e-16  3.41032972e-05 -1.87141708e-06 -2.26975979e-08  9.41311786e-10]:[3.08908689e+10 1.54489090e+11]
