Generating Population from
[ 6.45139587e-02 -2.73326696e-12 -3.26837567e-13  5.20766755e-11 -1.93164851e-10 -2.09382325e-15  7.70826519e-16  3.18501722e-05 -2.24919555e-06 -1.24995898e-08  9.23465472e-10]
[0. 0. 0. 0. 0. 0. 0. 0. 0. 0. 0.]
*******************************
***iteration: 0 Population is***
*******************************
Population scores:
4:[8.84998543e+11 1.28740670e+11]:[ 6.45139587e-02 -2.73326696e-12 -3.26837567e-13  5.20766755e-11 -1.93164851e-10 -2.09382325e-15  7.70826519e-16  3.18501722e-05 -2.24919555e-06 -1.24995898e-08  9.23465472e-10]:11.485352798602923
8:[2.03128028e+12 3.62497922e+12]:[0. 0. 0. 0. 0. 0. 0. 0. 0. 0. 0.]:12.605438145987417
2:[4.69696321e+13 9.88665508e+13]:[ 7.13304956e-02 -2.59762398e-12 -3.49715871e-13  5.67931439e-11 -1.51460797e-10 -1.68519906e-15  7.96960784e-16  2.35358154e-05 -1.39760932e-06 -1.39702259e-08  9.93250222e-10]:14.034469937156011
1:[5.43610377e+13 1.15258454e+14]:[ 5.51790205e-02 -2.28689971e-12 -4.02347499e-13  4.97385556e-11 -1.78521782e-10 -1.79948584e-15  8.33210869e-16  2.80994015e-05 -1.58267750e-06 -1.12025727e-08  1.00382388e-09]:14.100820674772821
3:[5.87483201e+13 1.25746287e+14]:[ 5.55534510e-02 -1.86517105e-12 -2.81068276e-13  5.33796947e-11 -1.02497200e-10 -2.53192892e-15  7.46875100e-16  3.93002604e-05 -2.04040996e-06 -5.78602862e-09  1.01791520e-09]:14.13828990933308
6:[8.13444454e+38 8.27802801e+38]:[-0.00683365  0.0632772   0.01463976 -0.0946179  -0.01848921 -0.04710078 -0.08860648 -0.00204419 -0.00413258 -0.09246633 -0.09293848]:38.99585083722435
7:[2.28717167e+39 2.32749543e+39]:[ 0.0499183  -0.0853945  -0.09021899  0.07578456 -0.05338185  0.07898172 -0.01792913 -0.02326036  0.0912219   0.04882371  0.08384736]:39.44481424637986
5:[3.62270293e+39 3.68645313e+39]:[ 0.04492175  0.02183803 -0.02342153  0.04191434  0.05907552 -0.09940637 -0.07640429  0.06868669 -0.07575605  0.01831936  0.04022586]:39.6445364393845
Selected: [1 0]
***************
***CROSSOVER***
***************
Population scores:
4:[8.84998543e+11 1.28740670e+11]:[ 6.45139587e-02 -2.73326696e-12 -3.26837567e-13  5.20766755e-11 -1.93164851e-10 -2.09382325e-15  7.70826519e-16  3.18501722e-05 -2.24919555e-06 -1.24995898e-08  9.23465472e-10]:11.485352798602923
8:[2.03128028e+12 3.62497922e+12]:[0. 0. 0. 0. 0. 0. 0. 0. 0. 0. 0.]:12.605438145987417
&&&&&&&&&&&&&&&&&&&&&&&&
&&TOURNAMENT SELECTION&&
&&&&&&&&&&&&&&&&&&&&&&&&
parents:
[0. 0. 0. 0. 0. 0. 0. 0. 0. 0. 0.]
[ 6.45139587e-02 -2.73326696e-12 -3.26837567e-13  5.20766755e-11 -1.93164851e-10 -2.09382325e-15  7.70826519e-16  3.18501722e-05 -2.24919555e-06 -1.24995898e-08  9.23465472e-10]
children:
[ 2.62180086e-02 -2.76946662e-12 -1.92529770e-13  1.18589327e-11 -5.20756195e-12 -1.70146610e-15 -2.97284127e-17 -1.03891870e-06 -2.33306011e-06 -4.57346920e-09  8.70027178e-10]
[ 3.41156892e-02 -7.97457540e-13 -3.34715608e-13  4.99107984e-11 -7.26048853e-11  2.94287199e-17  5.64793702e-16  1.37354169e-05 -1.93532425e-06 -5.12025938e-09  2.60892782e-10]
Population scores:
4:[8.84998543e+11 1.28740670e+11]:[ 6.45139587e-02 -2.73326696e-12 -3.26837567e-13  5.20766755e-11 -1.93164851e-10 -2.09382325e-15  7.70826519e-16  3.18501722e-05 -2.24919555e-06 -1.24995898e-08  9.23465472e-10]:11.485352798602923
8:[2.03128028e+12 3.62497922e+12]:[0. 0. 0. 0. 0. 0. 0. 0. 0. 0. 0.]:12.605438145987417
9:[2.21260899e+13 4.01495709e+13]:[ 2.62180086e-02 -2.76946662e-12 -1.92529770e-13  1.18589327e-11 -5.20756195e-12 -1.70146610e-15 -2.97284127e-17 -1.03891870e-06 -2.33306011e-06 -4.57346920e-09  8.70027178e-10]:13.64908929534634
10:[1.13776924e+14 2.12614584e+14]:[ 3.41156892e-02 -7.97457540e-13 -3.34715608e-13  4.99107984e-11 -7.26048853e-11  2.94287199e-17  5.64793702e-16  1.37354169e-05 -1.93532425e-06 -5.12025938e-09  2.60892782e-10]:14.371751049131278
Selected for new population:
[ 6.45139587e-02 -2.73326696e-12 -3.26837567e-13  5.20766755e-11 -1.93164851e-10 -2.09382325e-15  7.70826519e-16  3.18501722e-05 -2.24919555e-06 -1.24995898e-08  9.23465472e-10]
[0. 0. 0. 0. 0. 0. 0. 0. 0. 0. 0.]
Selected: [1 0]
***************
***CROSSOVER***
***************
Population scores:
4:[8.84998543e+11 1.28740670e+11]:[ 6.45139587e-02 -2.73326696e-12 -3.26837567e-13  5.20766755e-11 -1.93164851e-10 -2.09382325e-15  7.70826519e-16  3.18501722e-05 -2.24919555e-06 -1.24995898e-08  9.23465472e-10]:11.485352798602923
8:[2.03128028e+12 3.62497922e+12]:[0. 0. 0. 0. 0. 0. 0. 0. 0. 0. 0.]:12.605438145987417
&&&&&&&&&&&&&&&&&&&&&&&&
&&TOURNAMENT SELECTION&&
&&&&&&&&&&&&&&&&&&&&&&&&
parents:
[0. 0. 0. 0. 0. 0. 0. 0. 0. 0. 0.]
[ 6.45139587e-02 -2.73326696e-12 -3.26837567e-13  5.20766755e-11 -1.93164851e-10 -2.09382325e-15  7.70826519e-16  3.18501722e-05 -2.24919555e-06 -1.24995898e-08  9.23465472e-10]
children:
[ 6.65967150e-02 -1.88896999e-12 -2.07233752e-13  1.29681444e-11 -2.05636425e-10 -1.31372720e-15  5.50714805e-16  1.70301417e-05 -1.10184175e-06 -6.56783189e-09  1.91438377e-10]
[ 3.40576769e-02 -3.12026027e-13 -1.61391159e-13  4.35351622e-11 -1.69255617e-10 -1.40622066e-15  2.98225862e-17  2.04839158e-06 -7.31582101e-07 -1.16247803e-08  9.54302556e-10]
Population scores:
4:[8.84998543e+11 1.28740670e+11]:[ 6.45139587e-02 -2.73326696e-12 -3.26837567e-13  5.20766755e-11 -1.93164851e-10 -2.09382325e-15  7.70826519e-16  3.18501722e-05 -2.24919555e-06 -1.24995898e-08  9.23465472e-10]:11.485352798602923
8:[2.03128028e+12 3.62497922e+12]:[0. 0. 0. 0. 0. 0. 0. 0. 0. 0. 0.]:12.605438145987417
11:[2.88395920e+13 4.70265581e+13]:[ 6.65967150e-02 -1.88896999e-12 -2.07233752e-13  1.29681444e-11 -2.05636425e-10 -1.31372720e-15  5.50714805e-16  1.70301417e-05 -1.10184175e-06 -6.56783189e-09  1.91438377e-10]:13.722588487636383
12:[8.84574713e+13 1.72719682e+14]:[ 3.40576769e-02 -3.12026027e-13 -1.61391159e-13  4.35351622e-11 -1.69255617e-10 -1.40622066e-15  2.98225862e-17  2.04839158e-06 -7.31582101e-07 -1.16247803e-08  9.54302556e-10]:14.279692436326538
Selected for new population:
[ 6.45139587e-02 -2.73326696e-12 -3.26837567e-13  5.20766755e-11 -1.93164851e-10 -2.09382325e-15  7.70826519e-16  3.18501722e-05 -2.24919555e-06 -1.24995898e-08  9.23465472e-10]
[0. 0. 0. 0. 0. 0. 0. 0. 0. 0. 0.]
Selected: [1 0]
***************
***CROSSOVER***
***************
Population scores:
4:[8.84998543e+11 1.28740670e+11]:[ 6.45139587e-02 -2.73326696e-12 -3.26837567e-13  5.20766755e-11 -1.93164851e-10 -2.09382325e-15  7.70826519e-16  3.18501722e-05 -2.24919555e-06 -1.24995898e-08  9.23465472e-10]:11.485352798602923
8:[2.03128028e+12 3.62497922e+12]:[0. 0. 0. 0. 0. 0. 0. 0. 0. 0. 0.]:12.605438145987417
&&&&&&&&&&&&&&&&&&&&&&&&
&&TOURNAMENT SELECTION&&
&&&&&&&&&&&&&&&&&&&&&&&&
parents:
[0. 0. 0. 0. 0. 0. 0. 0. 0. 0. 0.]
[ 6.45139587e-02 -2.73326696e-12 -3.26837567e-13  5.20766755e-11 -1.93164851e-10 -2.09382325e-15  7.70826519e-16  3.18501722e-05 -2.24919555e-06 -1.24995898e-08  9.23465472e-10]
children:
[ 6.59836325e-02 -6.26377073e-13  2.51168607e-14  4.51287995e-11 -1.56281704e-10  1.02892103e-16  8.07872605e-16 -1.50266255e-06 -2.20828776e-06 -2.41435131e-10  5.74767034e-10]
[ 6.93838135e-02 -1.88822927e-12 -2.95626431e-14  4.26595356e-11 -6.30451177e-11 -1.77533325e-15  4.85722854e-17  8.97394543e-06 -1.74063541e-06 -3.46236681e-09  5.38395522e-10]
Population scores:
4:[8.84998543e+11 1.28740670e+11]:[ 6.45139587e-02 -2.73326696e-12 -3.26837567e-13  5.20766755e-11 -1.93164851e-10 -2.09382325e-15  7.70826519e-16  3.18501722e-05 -2.24919555e-06 -1.24995898e-08  9.23465472e-10]:11.485352798602923
8:[2.03128028e+12 3.62497922e+12]:[0. 0. 0. 0. 0. 0. 0. 0. 0. 0. 0.]:12.605438145987417
14:[1.70287416e+13 2.72853109e+13]:[ 6.93838135e-02 -1.88822927e-12 -2.95626431e-14  4.26595356e-11 -6.30451177e-11 -1.77533325e-15  4.85722854e-17  8.97394543e-06 -1.74063541e-06 -3.46236681e-09  5.38395522e-10]:13.487011877373485
13:[5.05097684e+13 9.78754824e+13]:[ 6.59836325e-02 -6.26377073e-13  2.51168607e-14  4.51287995e-11 -1.56281704e-10  1.02892103e-16  8.07872605e-16 -1.50266255e-06 -2.20828776e-06 -2.41435131e-10  5.74767034e-10]:14.03333301096
Selected for new population:
[ 6.45139587e-02 -2.73326696e-12 -3.26837567e-13  5.20766755e-11 -1.93164851e-10 -2.09382325e-15  7.70826519e-16  3.18501722e-05 -2.24919555e-06 -1.24995898e-08  9.23465472e-10]
[0. 0. 0. 0. 0. 0. 0. 0. 0. 0. 0.]
Selected: [1 0]
***************
***CROSSOVER***
***************
Population scores:
4:[8.84998543e+11 1.28740670e+11]:[ 6.45139587e-02 -2.73326696e-12 -3.26837567e-13  5.20766755e-11 -1.93164851e-10 -2.09382325e-15  7.70826519e-16  3.18501722e-05 -2.24919555e-06 -1.24995898e-08  9.23465472e-10]:11.485352798602923
8:[2.03128028e+12 3.62497922e+12]:[0. 0. 0. 0. 0. 0. 0. 0. 0. 0. 0.]:12.605438145987417
&&&&&&&&&&&&&&&&&&&&&&&&
&&TOURNAMENT SELECTION&&
&&&&&&&&&&&&&&&&&&&&&&&&
parents:
[0. 0. 0. 0. 0. 0. 0. 0. 0. 0. 0.]
[ 6.45139587e-02 -2.73326696e-12 -3.26837567e-13  5.20766755e-11 -1.93164851e-10 -2.09382325e-15  7.70826519e-16  3.18501722e-05 -2.24919555e-06 -1.24995898e-08  9.23465472e-10]
children:
[ 1.61028213e-02 -1.23002935e-12 -1.04706615e-13  3.98918009e-11 -6.81822593e-11 -5.74531182e-17  5.68242550e-16  1.51578987e-05 -8.63992160e-07 -5.90605141e-09  5.06543650e-10]
[-6.02594826e-03 -1.35112718e-12 -1.22342584e-13  1.00596232e-11 -8.61029979e-11 -4.85347167e-16  7.12350384e-16  8.32992685e-06 -5.55582275e-07 -5.07714337e-09  7.92264748e-10]
Population scores:
4:[8.84998543e+11 1.28740670e+11]:[ 6.45139587e-02 -2.73326696e-12 -3.26837567e-13  5.20766755e-11 -1.93164851e-10 -2.09382325e-15  7.70826519e-16  3.18501722e-05 -2.24919555e-06 -1.24995898e-08  9.23465472e-10]:11.485352798602923
8:[2.03128028e+12 3.62497922e+12]:[0. 0. 0. 0. 0. 0. 0. 0. 0. 0. 0.]:12.605438145987417
15:[1.74030051e+13 3.61597525e+13]:[ 1.61028213e-02 -1.23002935e-12 -1.04706615e-13  3.98918009e-11 -6.81822593e-11 -5.74531182e-17  5.68242550e-16  1.51578987e-05 -8.63992160e-07 -5.90605141e-09  5.06543650e-10]:13.598137518709972
16:[1.42516988e+14 2.80600148e+14]:[-6.02594826e-03 -1.35112718e-12 -1.22342584e-13  1.00596232e-11 -8.61029979e-11 -4.85347167e-16  7.12350384e-16  8.32992685e-06 -5.55582275e-07 -5.07714337e-09  7.92264748e-10]:14.490103986227927
Selected for new population:
[ 6.45139587e-02 -2.73326696e-12 -3.26837567e-13  5.20766755e-11 -1.93164851e-10 -2.09382325e-15  7.70826519e-16  3.18501722e-05 -2.24919555e-06 -1.24995898e-08  9.23465472e-10]
[0. 0. 0. 0. 0. 0. 0. 0. 0. 0. 0.]
Population scores:
4:[8.84998543e+11 1.28740670e+11]:[ 6.45139587e-02 -2.73326696e-12 -3.26837567e-13  5.20766755e-11 -1.93164851e-10 -2.09382325e-15  7.70826519e-16  3.18501722e-05 -2.24919555e-06 -1.24995898e-08  9.23465472e-10]:11.485352798602923
8:[2.03128028e+12 3.62497922e+12]:[0. 0. 0. 0. 0. 0. 0. 0. 0. 0. 0.]:12.605438145987417
2:[4.69696321e+13 9.88665508e+13]:[ 7.13304956e-02 -2.59762398e-12 -3.49715871e-13  5.67931439e-11 -1.51460797e-10 -1.68519906e-15  7.96960784e-16  2.35358154e-05 -1.39760932e-06 -1.39702259e-08  9.93250222e-10]:14.034469937156011
1:[5.43610377e+13 1.15258454e+14]:[ 5.51790205e-02 -2.28689971e-12 -4.02347499e-13  4.97385556e-11 -1.78521782e-10 -1.79948584e-15  8.33210869e-16  2.80994015e-05 -1.58267750e-06 -1.12025727e-08  1.00382388e-09]:14.100820674772821
3:[5.87483201e+13 1.25746287e+14]:[ 5.55534510e-02 -1.86517105e-12 -2.81068276e-13  5.33796947e-11 -1.02497200e-10 -2.53192892e-15  7.46875100e-16  3.93002604e-05 -2.04040996e-06 -5.78602862e-09  1.01791520e-09]:14.13828990933308
6:[8.13444454e+38 8.27802801e+38]:[-0.00683365  0.0632772   0.01463976 -0.0946179  -0.01848921 -0.04710078 -0.08860648 -0.00204419 -0.00413258 -0.09246633 -0.09293848]:38.99585083722435
7:[2.28717167e+39 2.32749543e+39]:[ 0.0499183  -0.0853945  -0.09021899  0.07578456 -0.05338185  0.07898172 -0.01792913 -0.02326036  0.0912219   0.04882371  0.08384736]:39.44481424637986
5:[3.62270293e+39 3.68645313e+39]:[ 0.04492175  0.02183803 -0.02342153  0.04191434  0.05907552 -0.09940637 -0.07640429  0.06868669 -0.07575605  0.01831936  0.04022586]:39.6445364393845
*******************************
***iteration: 1 Population is***
*******************************
Population scores:
4:[8.84998543e+11 1.28740670e+11]:[ 6.45139587e-02 -2.73326696e-12 -3.26837567e-13  5.20766755e-11 -1.93164851e-10 -2.09382325e-15  7.70826519e-16  3.18501722e-05 -2.24919555e-06 -1.24995898e-08  9.23465472e-10]:11.485352798602923
8:[2.03128028e+12 3.62497922e+12]:[0. 0. 0. 0. 0. 0. 0. 0. 0. 0. 0.]:12.605438145987417
2:[4.69696321e+13 9.88665508e+13]:[ 7.13304956e-02 -2.59762398e-12 -3.49715871e-13  5.67931439e-11 -1.51460797e-10 -1.68519906e-15  7.96960784e-16  2.35358154e-05 -1.39760932e-06 -1.39702259e-08  9.93250222e-10]:14.034469937156011
1:[5.43610377e+13 1.15258454e+14]:[ 5.51790205e-02 -2.28689971e-12 -4.02347499e-13  4.97385556e-11 -1.78521782e-10 -1.79948584e-15  8.33210869e-16  2.80994015e-05 -1.58267750e-06 -1.12025727e-08  1.00382388e-09]:14.100820674772821
3:[5.87483201e+13 1.25746287e+14]:[ 5.55534510e-02 -1.86517105e-12 -2.81068276e-13  5.33796947e-11 -1.02497200e-10 -2.53192892e-15  7.46875100e-16  3.93002604e-05 -2.04040996e-06 -5.78602862e-09  1.01791520e-09]:14.13828990933308
6:[8.13444454e+38 8.27802801e+38]:[-0.00683365  0.0632772   0.01463976 -0.0946179  -0.01848921 -0.04710078 -0.08860648 -0.00204419 -0.00413258 -0.09246633 -0.09293848]:38.99585083722435
7:[2.28717167e+39 2.32749543e+39]:[ 0.0499183  -0.0853945  -0.09021899  0.07578456 -0.05338185  0.07898172 -0.01792913 -0.02326036  0.0912219   0.04882371  0.08384736]:39.44481424637986
5:[3.62270293e+39 3.68645313e+39]:[ 0.04492175  0.02183803 -0.02342153  0.04191434  0.05907552 -0.09940637 -0.07640429  0.06868669 -0.07575605  0.01831936  0.04022586]:39.6445364393845
Selected: [1 0]
***************
***CROSSOVER***
***************
Population scores:
4:[8.84998543e+11 1.28740670e+11]:[ 6.45139587e-02 -2.73326696e-12 -3.26837567e-13  5.20766755e-11 -1.93164851e-10 -2.09382325e-15  7.70826519e-16  3.18501722e-05 -2.24919555e-06 -1.24995898e-08  9.23465472e-10]:11.485352798602923
8:[2.03128028e+12 3.62497922e+12]:[0. 0. 0. 0. 0. 0. 0. 0. 0. 0. 0.]:12.605438145987417
&&&&&&&&&&&&&&&&&&&&&&&&
&&TOURNAMENT SELECTION&&
&&&&&&&&&&&&&&&&&&&&&&&&
parents:
[0. 0. 0. 0. 0. 0. 0. 0. 0. 0. 0.]
[ 6.45139587e-02 -2.73326696e-12 -3.26837567e-13  5.20766755e-11 -1.93164851e-10 -2.09382325e-15  7.70826519e-16  3.18501722e-05 -2.24919555e-06 -1.24995898e-08  9.23465472e-10]
children:
[ 5.37951767e-02 -3.34419341e-13 -2.93124559e-13  3.65710865e-11 -5.26881942e-11 -1.16343079e-15  1.11708541e-16  3.27815263e-05 -1.07103113e-06 -1.27042938e-08  1.40612722e-12]
[ 2.78288365e-02 -8.14236903e-13 -1.91682874e-13  2.30247234e-11 -6.99687016e-11 -1.67977125e-15  1.26730168e-16  2.93719208e-05 -6.19253383e-07 -1.11072831e-08 -2.33937525e-11]
Population scores:
4:[8.84998543e+11 1.28740670e+11]:[ 6.45139587e-02 -2.73326696e-12 -3.26837567e-13  5.20766755e-11 -1.93164851e-10 -2.09382325e-15  7.70826519e-16  3.18501722e-05 -2.24919555e-06 -1.24995898e-08  9.23465472e-10]:11.485352798602923
8:[2.03128028e+12 3.62497922e+12]:[0. 0. 0. 0. 0. 0. 0. 0. 0. 0. 0.]:12.605438145987417
18:[3.09869381e+13 4.75427191e+13]:[ 2.78288365e-02 -8.14236903e-13 -1.91682874e-13  2.30247234e-11 -6.99687016e-11 -1.67977125e-15  1.26730168e-16  2.93719208e-05 -6.19253383e-07 -1.11072831e-08 -2.33937525e-11]:13.730298524341475
17:[7.83287022e+13 1.33698347e+14]:[ 5.37951767e-02 -3.34419341e-13 -2.93124559e-13  3.65710865e-11 -5.26881942e-11 -1.16343079e-15  1.11708541e-16  3.27815263e-05 -1.07103113e-06 -1.27042938e-08  1.40612722e-12]:14.174246191075879
Selected for new population:
[ 6.45139587e-02 -2.73326696e-12 -3.26837567e-13  5.20766755e-11 -1.93164851e-10 -2.09382325e-15  7.70826519e-16  3.18501722e-05 -2.24919555e-06 -1.24995898e-08  9.23465472e-10]
[0. 0. 0. 0. 0. 0. 0. 0. 0. 0. 0.]
Selected: [1 0]
***************
***CROSSOVER***
***************
Population scores:
4:[8.84998543e+11 1.28740670e+11]:[ 6.45139587e-02 -2.73326696e-12 -3.26837567e-13  5.20766755e-11 -1.93164851e-10 -2.09382325e-15  7.70826519e-16  3.18501722e-05 -2.24919555e-06 -1.24995898e-08  9.23465472e-10]:11.485352798602923
8:[2.03128028e+12 3.62497922e+12]:[0. 0. 0. 0. 0. 0. 0. 0. 0. 0. 0.]:12.605438145987417
&&&&&&&&&&&&&&&&&&&&&&&&
&&TOURNAMENT SELECTION&&
&&&&&&&&&&&&&&&&&&&&&&&&
parents:
[0. 0. 0. 0. 0. 0. 0. 0. 0. 0. 0.]
[ 6.45139587e-02 -2.73326696e-12 -3.26837567e-13  5.20766755e-11 -1.93164851e-10 -2.09382325e-15  7.70826519e-16  3.18501722e-05 -2.24919555e-06 -1.24995898e-08  9.23465472e-10]
children:
[ 5.19621831e-02 -1.46180048e-12 -2.48682630e-13  1.07451136e-11 -1.81557897e-10 -1.82015021e-15 -6.56550845e-17  1.63594919e-05 -5.81898239e-07  2.88312114e-10  1.18221809e-10]
[ 6.08689428e-02 -1.19161332e-12 -2.26037529e-13  4.49966364e-11 -1.94345793e-10 -1.80684360e-16 -6.11469104e-17  4.60738340e-06 -1.17173901e-07 -1.00702566e-08  4.11061382e-10]
Population scores:
4:[8.84998543e+11 1.28740670e+11]:[ 6.45139587e-02 -2.73326696e-12 -3.26837567e-13  5.20766755e-11 -1.93164851e-10 -2.09382325e-15  7.70826519e-16  3.18501722e-05 -2.24919555e-06 -1.24995898e-08  9.23465472e-10]:11.485352798602923
19:[1.13419075e+12 3.25460576e+12]:[ 5.19621831e-02 -1.46180048e-12 -2.48682630e-13  1.07451136e-11 -1.81557897e-10 -1.82015021e-15 -6.56550845e-17  1.63594919e-05 -5.81898239e-07  2.88312114e-10  1.18221809e-10]:12.541759402494788
8:[2.03128028e+12 3.62497922e+12]:[0. 0. 0. 0. 0. 0. 0. 0. 0. 0. 0.]:12.605438145987417
20:[2.81376974e+13 5.31977091e+13]:[ 6.08689428e-02 -1.19161332e-12 -2.26037529e-13  4.49966364e-11 -1.94345793e-10 -1.80684360e-16 -6.11469104e-17  4.60738340e-06 -1.17173901e-07 -1.00702566e-08  4.11061382e-10]:13.769563771421879
Selected for new population:
[ 6.45139587e-02 -2.73326696e-12 -3.26837567e-13  5.20766755e-11 -1.93164851e-10 -2.09382325e-15  7.70826519e-16  3.18501722e-05 -2.24919555e-06 -1.24995898e-08  9.23465472e-10]
[ 5.19621831e-02 -1.46180048e-12 -2.48682630e-13  1.07451136e-11 -1.81557897e-10 -1.82015021e-15 -6.56550845e-17  1.63594919e-05 -5.81898239e-07  2.88312114e-10  1.18221809e-10]
Selected: [1 0]
***************
***CROSSOVER***
***************
Population scores:
4:[8.84998543e+11 1.28740670e+11]:[ 6.45139587e-02 -2.73326696e-12 -3.26837567e-13  5.20766755e-11 -1.93164851e-10 -2.09382325e-15  7.70826519e-16  3.18501722e-05 -2.24919555e-06 -1.24995898e-08  9.23465472e-10]:11.485352798602923
8:[2.03128028e+12 3.62497922e+12]:[0. 0. 0. 0. 0. 0. 0. 0. 0. 0. 0.]:12.605438145987417
&&&&&&&&&&&&&&&&&&&&&&&&
&&TOURNAMENT SELECTION&&
&&&&&&&&&&&&&&&&&&&&&&&&
parents:
[0. 0. 0. 0. 0. 0. 0. 0. 0. 0. 0.]
[ 6.45139587e-02 -2.73326696e-12 -3.26837567e-13  5.20766755e-11 -1.93164851e-10 -2.09382325e-15  7.70826519e-16  3.18501722e-05 -2.24919555e-06 -1.24995898e-08  9.23465472e-10]
children:
[ 1.46774467e-02 -2.44027161e-12 -1.16938702e-13  4.30864334e-11 -3.04140982e-11 -1.82362926e-15  7.71622562e-16  2.33618147e-05 -1.75631546e-06 -2.77082527e-09  9.33571392e-10]
[ 4.98967406e-02 -2.76097159e-12 -2.24388321e-13  4.45942774e-11  1.63299550e-11 -8.70952249e-16  5.89693963e-16  1.92122265e-05 -1.61036120e-06 -1.09317309e-08  9.02736013e-10]
Population scores:
4:[8.84998543e+11 1.28740670e+11]:[ 6.45139587e-02 -2.73326696e-12 -3.26837567e-13  5.20766755e-11 -1.93164851e-10 -2.09382325e-15  7.70826519e-16  3.18501722e-05 -2.24919555e-06 -1.24995898e-08  9.23465472e-10]:11.485352798602923
8:[2.03128028e+12 3.62497922e+12]:[0. 0. 0. 0. 0. 0. 0. 0. 0. 0. 0.]:12.605438145987417
22:[1.57037370e+13 3.31548267e+13]:[ 4.98967406e-02 -2.76097159e-12 -2.24388321e-13  4.45942774e-11  1.63299550e-11 -8.70952249e-16  5.89693963e-16  1.92122265e-05 -1.61036120e-06 -1.09317309e-08  9.02736013e-10]:13.559853669857102
21:[5.06329171e+13 1.07141411e+14]:[ 1.46774467e-02 -2.44027161e-12 -1.16938702e-13  4.30864334e-11 -3.04140982e-11 -1.82362926e-15  7.71622562e-16  2.33618147e-05 -1.75631546e-06 -2.77082527e-09  9.33571392e-10]:14.069179495951351
Selected for new population:
[ 6.45139587e-02 -2.73326696e-12 -3.26837567e-13  5.20766755e-11 -1.93164851e-10 -2.09382325e-15  7.70826519e-16  3.18501722e-05 -2.24919555e-06 -1.24995898e-08  9.23465472e-10]
[0. 0. 0. 0. 0. 0. 0. 0. 0. 0. 0.]
Selected: [1 0]
***************
***CROSSOVER***
***************
Population scores:
4:[8.84998543e+11 1.28740670e+11]:[ 6.45139587e-02 -2.73326696e-12 -3.26837567e-13  5.20766755e-11 -1.93164851e-10 -2.09382325e-15  7.70826519e-16  3.18501722e-05 -2.24919555e-06 -1.24995898e-08  9.23465472e-10]:11.485352798602923
8:[2.03128028e+12 3.62497922e+12]:[0. 0. 0. 0. 0. 0. 0. 0. 0. 0. 0.]:12.605438145987417
&&&&&&&&&&&&&&&&&&&&&&&&
&&TOURNAMENT SELECTION&&
&&&&&&&&&&&&&&&&&&&&&&&&
parents:
[0. 0. 0. 0. 0. 0. 0. 0. 0. 0. 0.]
[ 6.45139587e-02 -2.73326696e-12 -3.26837567e-13  5.20766755e-11 -1.93164851e-10 -2.09382325e-15  7.70826519e-16  3.18501722e-05 -2.24919555e-06 -1.24995898e-08  9.23465472e-10]
children:
[ 5.89137952e-03 -1.99598343e-12 -2.16190344e-13  3.46796246e-11 -3.93945536e-11 -1.82005446e-15  5.84911679e-17  1.27644458e-05 -2.42446989e-06 -1.05645254e-08  9.95144580e-10]
[-5.63715081e-03 -1.41287180e-12 -1.16987891e-13  2.76539546e-11  1.40959184e-11 -9.73508533e-16  4.82307627e-16  2.56773311e-06 -1.37953819e-06 -8.85137822e-09  1.24843200e-10]
Population scores:
4:[8.84998543e+11 1.28740670e+11]:[ 6.45139587e-02 -2.73326696e-12 -3.26837567e-13  5.20766755e-11 -1.93164851e-10 -2.09382325e-15  7.70826519e-16  3.18501722e-05 -2.24919555e-06 -1.24995898e-08  9.23465472e-10]:11.485352798602923
8:[2.03128028e+12 3.62497922e+12]:[0. 0. 0. 0. 0. 0. 0. 0. 0. 0. 0.]:12.605438145987417
23:[9.02188747e+12 1.52932436e+13]:[ 5.89137952e-03 -1.99598343e-12 -2.16190344e-13  3.46796246e-11 -3.93945536e-11 -1.82005446e-15  5.84911679e-17  1.27644458e-05 -2.42446989e-06 -1.05645254e-08  9.95144580e-10]:13.232935687630611
24:[1.61968694e+14 2.98989163e+14]:[-5.63715081e-03 -1.41287180e-12 -1.16987891e-13  2.76539546e-11  1.40959184e-11 -9.73508533e-16  4.82307627e-16  2.56773311e-06 -1.37953819e-06 -8.85137822e-09  1.24843200e-10]:14.520330096358851
Selected for new population:
[ 6.45139587e-02 -2.73326696e-12 -3.26837567e-13  5.20766755e-11 -1.93164851e-10 -2.09382325e-15  7.70826519e-16  3.18501722e-05 -2.24919555e-06 -1.24995898e-08  9.23465472e-10]
[0. 0. 0. 0. 0. 0. 0. 0. 0. 0. 0.]
Population scores:
4:[8.84998543e+11 1.28740670e+11]:[ 6.45139587e-02 -2.73326696e-12 -3.26837567e-13  5.20766755e-11 -1.93164851e-10 -2.09382325e-15  7.70826519e-16  3.18501722e-05 -2.24919555e-06 -1.24995898e-08  9.23465472e-10]:11.485352798602923
19:[1.13419075e+12 3.25460576e+12]:[ 5.19621831e-02 -1.46180048e-12 -2.48682630e-13  1.07451136e-11 -1.81557897e-10 -1.82015021e-15 -6.56550845e-17  1.63594919e-05 -5.81898239e-07  2.88312114e-10  1.18221809e-10]:12.541759402494788
8:[2.03128028e+12 3.62497922e+12]:[0. 0. 0. 0. 0. 0. 0. 0. 0. 0. 0.]:12.605438145987417
2:[4.69696321e+13 9.88665508e+13]:[ 7.13304956e-02 -2.59762398e-12 -3.49715871e-13  5.67931439e-11 -1.51460797e-10 -1.68519906e-15  7.96960784e-16  2.35358154e-05 -1.39760932e-06 -1.39702259e-08  9.93250222e-10]:14.034469937156011
1:[5.43610377e+13 1.15258454e+14]:[ 5.51790205e-02 -2.28689971e-12 -4.02347499e-13  4.97385556e-11 -1.78521782e-10 -1.79948584e-15  8.33210869e-16  2.80994015e-05 -1.58267750e-06 -1.12025727e-08  1.00382388e-09]:14.100820674772821
3:[5.87483201e+13 1.25746287e+14]:[ 5.55534510e-02 -1.86517105e-12 -2.81068276e-13  5.33796947e-11 -1.02497200e-10 -2.53192892e-15  7.46875100e-16  3.93002604e-05 -2.04040996e-06 -5.78602862e-09  1.01791520e-09]:14.13828990933308
6:[8.13444454e+38 8.27802801e+38]:[-0.00683365  0.0632772   0.01463976 -0.0946179  -0.01848921 -0.04710078 -0.08860648 -0.00204419 -0.00413258 -0.09246633 -0.09293848]:38.99585083722435
7:[2.28717167e+39 2.32749543e+39]:[ 0.0499183  -0.0853945  -0.09021899  0.07578456 -0.05338185  0.07898172 -0.01792913 -0.02326036  0.0912219   0.04882371  0.08384736]:39.44481424637986
5:[3.62270293e+39 3.68645313e+39]:[ 0.04492175  0.02183803 -0.02342153  0.04191434  0.05907552 -0.09940637 -0.07640429  0.06868669 -0.07575605  0.01831936  0.04022586]:39.6445364393845
*******************************
***iteration: 2 Population is***
*******************************
Population scores:
4:[8.84998543e+11 1.28740670e+11]:[ 6.45139587e-02 -2.73326696e-12 -3.26837567e-13  5.20766755e-11 -1.93164851e-10 -2.09382325e-15  7.70826519e-16  3.18501722e-05 -2.24919555e-06 -1.24995898e-08  9.23465472e-10]:11.485352798602923
19:[1.13419075e+12 3.25460576e+12]:[ 5.19621831e-02 -1.46180048e-12 -2.48682630e-13  1.07451136e-11 -1.81557897e-10 -1.82015021e-15 -6.56550845e-17  1.63594919e-05 -5.81898239e-07  2.88312114e-10  1.18221809e-10]:12.541759402494788
8:[2.03128028e+12 3.62497922e+12]:[0. 0. 0. 0. 0. 0. 0. 0. 0. 0. 0.]:12.605438145987417
2:[4.69696321e+13 9.88665508e+13]:[ 7.13304956e-02 -2.59762398e-12 -3.49715871e-13  5.67931439e-11 -1.51460797e-10 -1.68519906e-15  7.96960784e-16  2.35358154e-05 -1.39760932e-06 -1.39702259e-08  9.93250222e-10]:14.034469937156011
1:[5.43610377e+13 1.15258454e+14]:[ 5.51790205e-02 -2.28689971e-12 -4.02347499e-13  4.97385556e-11 -1.78521782e-10 -1.79948584e-15  8.33210869e-16  2.80994015e-05 -1.58267750e-06 -1.12025727e-08  1.00382388e-09]:14.100820674772821
3:[5.87483201e+13 1.25746287e+14]:[ 5.55534510e-02 -1.86517105e-12 -2.81068276e-13  5.33796947e-11 -1.02497200e-10 -2.53192892e-15  7.46875100e-16  3.93002604e-05 -2.04040996e-06 -5.78602862e-09  1.01791520e-09]:14.13828990933308
6:[8.13444454e+38 8.27802801e+38]:[-0.00683365  0.0632772   0.01463976 -0.0946179  -0.01848921 -0.04710078 -0.08860648 -0.00204419 -0.00413258 -0.09246633 -0.09293848]:38.99585083722435
7:[2.28717167e+39 2.32749543e+39]:[ 0.0499183  -0.0853945  -0.09021899  0.07578456 -0.05338185  0.07898172 -0.01792913 -0.02326036  0.0912219   0.04882371  0.08384736]:39.44481424637986
Selected: [2 0]
***************
***CROSSOVER***
***************
Population scores:
4:[8.84998543e+11 1.28740670e+11]:[ 6.45139587e-02 -2.73326696e-12 -3.26837567e-13  5.20766755e-11 -1.93164851e-10 -2.09382325e-15  7.70826519e-16  3.18501722e-05 -2.24919555e-06 -1.24995898e-08  9.23465472e-10]:11.485352798602923
8:[2.03128028e+12 3.62497922e+12]:[0. 0. 0. 0. 0. 0. 0. 0. 0. 0. 0.]:12.605438145987417
&&&&&&&&&&&&&&&&&&&&&&&&
&&TOURNAMENT SELECTION&&
&&&&&&&&&&&&&&&&&&&&&&&&
parents:
[0. 0. 0. 0. 0. 0. 0. 0. 0. 0. 0.]
[ 6.45139587e-02 -2.73326696e-12 -3.26837567e-13  5.20766755e-11 -1.93164851e-10 -2.09382325e-15  7.70826519e-16  3.18501722e-05 -2.24919555e-06 -1.24995898e-08  9.23465472e-10]
children:
[ 1.54225539e-02 -1.96319832e-12 -7.41390187e-14  2.30946126e-11 -9.85224516e-11 -2.24955830e-15  2.81779624e-16 -7.32722394e-08 -1.79189484e-06 -1.25173611e-08  9.54404204e-11]
[ 6.62056908e-02 -3.21579934e-13 -2.02541072e-16  3.30029078e-11 -1.03595854e-10 -2.09497999e-15  1.04797185e-16  9.50358304e-06 -2.09434953e-06 -8.67488119e-09  8.43493808e-10]
Population scores:
4:[8.84998543e+11 1.28740670e+11]:[ 6.45139587e-02 -2.73326696e-12 -3.26837567e-13  5.20766755e-11 -1.93164851e-10 -2.09382325e-15  7.70826519e-16  3.18501722e-05 -2.24919555e-06 -1.24995898e-08  9.23465472e-10]:11.485352798602923
8:[2.03128028e+12 3.62497922e+12]:[0. 0. 0. 0. 0. 0. 0. 0. 0. 0. 0.]:12.605438145987417
26:[9.95534355e+12 1.59493698e+13]:[ 6.62056908e-02 -3.21579934e-13 -2.02541072e-16  3.30029078e-11 -1.03595854e-10 -2.09497999e-15  1.04797185e-16  9.50358304e-06 -2.09434953e-06 -8.67488119e-09  8.43493808e-10]:13.253833053008435
25:[3.94227605e+14 7.27979378e+14]:[ 1.54225539e-02 -1.96319832e-12 -7.41390187e-14  2.30946126e-11 -9.85224516e-11 -2.24955830e-15  2.81779624e-16 -7.32722394e-08 -1.79189484e-06 -1.25173611e-08  9.54404204e-11]:14.90677929213409
Selected for new population:
[ 6.45139587e-02 -2.73326696e-12 -3.26837567e-13  5.20766755e-11 -1.93164851e-10 -2.09382325e-15  7.70826519e-16  3.18501722e-05 -2.24919555e-06 -1.24995898e-08  9.23465472e-10]
[0. 0. 0. 0. 0. 0. 0. 0. 0. 0. 0.]
Selected: [2 0]
***************
***CROSSOVER***
***************
Population scores:
4:[8.84998543e+11 1.28740670e+11]:[ 6.45139587e-02 -2.73326696e-12 -3.26837567e-13  5.20766755e-11 -1.93164851e-10 -2.09382325e-15  7.70826519e-16  3.18501722e-05 -2.24919555e-06 -1.24995898e-08  9.23465472e-10]:11.485352798602923
8:[2.03128028e+12 3.62497922e+12]:[0. 0. 0. 0. 0. 0. 0. 0. 0. 0. 0.]:12.605438145987417
&&&&&&&&&&&&&&&&&&&&&&&&
&&TOURNAMENT SELECTION&&
&&&&&&&&&&&&&&&&&&&&&&&&
parents:
[0. 0. 0. 0. 0. 0. 0. 0. 0. 0. 0.]
[ 6.45139587e-02 -2.73326696e-12 -3.26837567e-13  5.20766755e-11 -1.93164851e-10 -2.09382325e-15  7.70826519e-16  3.18501722e-05 -2.24919555e-06 -1.24995898e-08  9.23465472e-10]
children:
[ 2.35404816e-02 -1.12100391e-12 -2.98740711e-13  1.35707388e-11 -1.50905754e-10  1.33653916e-16  3.97010045e-17  8.63282398e-06 -2.40146012e-06 -1.13889978e-08  8.24591173e-10]
[ 1.52669217e-02 -1.73404852e-12 -2.13417585e-13  1.23709973e-11 -1.92418862e-10 -8.43786767e-17  8.17551687e-16  2.18863891e-05 -8.72068552e-08 -2.83773841e-09  1.30396681e-10]
Population scores:
4:[8.84998543e+11 1.28740670e+11]:[ 6.45139587e-02 -2.73326696e-12 -3.26837567e-13  5.20766755e-11 -1.93164851e-10 -2.09382325e-15  7.70826519e-16  3.18501722e-05 -2.24919555e-06 -1.24995898e-08  9.23465472e-10]:11.485352798602923
8:[2.03128028e+12 3.62497922e+12]:[0. 0. 0. 0. 0. 0. 0. 0. 0. 0. 0.]:12.605438145987417
28:[3.34458266e+13 7.24707749e+13]:[ 1.52669217e-02 -1.73404852e-12 -2.13417585e-13  1.23709973e-11 -1.92418862e-10 -8.43786767e-17  8.17551687e-16  2.18863891e-05 -8.72068552e-08 -2.83773841e-09  1.30396681e-10]:13.898505457559954
27:[4.21502556e+13 8.33752775e+13]:[ 2.35404816e-02 -1.12100391e-12 -2.98740711e-13  1.35707388e-11 -1.50905754e-10  1.33653916e-16  3.97010045e-17  8.63282398e-06 -2.40146012e-06 -1.13889978e-08  8.24591173e-10]:13.962867889580577
Selected for new population:
[ 6.45139587e-02 -2.73326696e-12 -3.26837567e-13  5.20766755e-11 -1.93164851e-10 -2.09382325e-15  7.70826519e-16  3.18501722e-05 -2.24919555e-06 -1.24995898e-08  9.23465472e-10]
[0. 0. 0. 0. 0. 0. 0. 0. 0. 0. 0.]
Selected: [2 0]
***************
***CROSSOVER***
***************
Population scores:
4:[8.84998543e+11 1.28740670e+11]:[ 6.45139587e-02 -2.73326696e-12 -3.26837567e-13  5.20766755e-11 -1.93164851e-10 -2.09382325e-15  7.70826519e-16  3.18501722e-05 -2.24919555e-06 -1.24995898e-08  9.23465472e-10]:11.485352798602923
8:[2.03128028e+12 3.62497922e+12]:[0. 0. 0. 0. 0. 0. 0. 0. 0. 0. 0.]:12.605438145987417
&&&&&&&&&&&&&&&&&&&&&&&&
&&TOURNAMENT SELECTION&&
&&&&&&&&&&&&&&&&&&&&&&&&
parents:
[0. 0. 0. 0. 0. 0. 0. 0. 0. 0. 0.]
[ 6.45139587e-02 -2.73326696e-12 -3.26837567e-13  5.20766755e-11 -1.93164851e-10 -2.09382325e-15  7.70826519e-16  3.18501722e-05 -2.24919555e-06 -1.24995898e-08  9.23465472e-10]
children:
[ 2.49649819e-02 -1.19603227e-12 -2.09183874e-13  4.75630443e-11 -1.06102470e-10 -1.69490629e-15  3.80514853e-16  6.60924926e-06 -8.79732705e-07 -1.30215310e-08  1.00708133e-09]
[ 4.34135730e-02 -1.00057259e-12 -3.51878256e-13 -3.08666003e-12  1.64712797e-11 -6.13662575e-16  2.37625958e-16  3.26440101e-05  1.25715004e-07 -1.35765463e-09  1.30112364e-10]
Population scores:
4:[8.84998543e+11 1.28740670e+11]:[ 6.45139587e-02 -2.73326696e-12 -3.26837567e-13  5.20766755e-11 -1.93164851e-10 -2.09382325e-15  7.70826519e-16  3.18501722e-05 -2.24919555e-06 -1.24995898e-08  9.23465472e-10]:11.485352798602923
8:[2.03128028e+12 3.62497922e+12]:[0. 0. 0. 0. 0. 0. 0. 0. 0. 0. 0.]:12.605438145987417
29:[8.52883865e+13 1.69283975e+14]:[ 2.49649819e-02 -1.19603227e-12 -2.09183874e-13  4.75630443e-11 -1.06102470e-10 -1.69490629e-15  3.80514853e-16  6.60924926e-06 -8.79732705e-07 -1.30215310e-08  1.00708133e-09]:14.270309942256329
30:[1.00861287e+14 2.14796597e+14]:[ 4.34135730e-02 -1.00057259e-12 -3.51878256e-13 -3.08666003e-12  1.64712797e-11 -6.13662575e-16  2.37625958e-16  3.26440101e-05  1.25715004e-07 -1.35765463e-09  1.30112364e-10]:14.37101029907095
Selected for new population:
[ 6.45139587e-02 -2.73326696e-12 -3.26837567e-13  5.20766755e-11 -1.93164851e-10 -2.09382325e-15  7.70826519e-16  3.18501722e-05 -2.24919555e-06 -1.24995898e-08  9.23465472e-10]
[0. 0. 0. 0. 0. 0. 0. 0. 0. 0. 0.]
Selected: [2 0]
***************
***CROSSOVER***
***************
Population scores:
4:[8.84998543e+11 1.28740670e+11]:[ 6.45139587e-02 -2.73326696e-12 -3.26837567e-13  5.20766755e-11 -1.93164851e-10 -2.09382325e-15  7.70826519e-16  3.18501722e-05 -2.24919555e-06 -1.24995898e-08  9.23465472e-10]:11.485352798602923
8:[2.03128028e+12 3.62497922e+12]:[0. 0. 0. 0. 0. 0. 0. 0. 0. 0. 0.]:12.605438145987417
&&&&&&&&&&&&&&&&&&&&&&&&
&&TOURNAMENT SELECTION&&
&&&&&&&&&&&&&&&&&&&&&&&&
parents:
[0. 0. 0. 0. 0. 0. 0. 0. 0. 0. 0.]
[ 6.45139587e-02 -2.73326696e-12 -3.26837567e-13  5.20766755e-11 -1.93164851e-10 -2.09382325e-15  7.70826519e-16  3.18501722e-05 -2.24919555e-06 -1.24995898e-08  9.23465472e-10]
children:
[ 7.65246534e-03 -1.46891943e-12 -1.53242733e-13  5.99305194e-12 -1.24305373e-10 -7.50419053e-16  1.19425254e-16  3.16089073e-05 -1.56975953e-06 -1.08505416e-08  3.51030025e-10]
[ 1.87255751e-02 -5.98931128e-13 -3.26997145e-13  2.39484402e-11 -1.98814640e-10 -7.53848505e-16  2.21890536e-16  3.19726439e-05 -4.79302113e-07 -8.97964274e-09  1.12529404e-10]
Population scores:
4:[8.84998543e+11 1.28740670e+11]:[ 6.45139587e-02 -2.73326696e-12 -3.26837567e-13  5.20766755e-11 -1.93164851e-10 -2.09382325e-15  7.70826519e-16  3.18501722e-05 -2.24919555e-06 -1.24995898e-08  9.23465472e-10]:11.485352798602923
8:[2.03128028e+12 3.62497922e+12]:[0. 0. 0. 0. 0. 0. 0. 0. 0. 0. 0.]:12.605438145987417
32:[1.33640959e+12 4.09638967e+12]:[ 1.87255751e-02 -5.98931128e-13 -3.26997145e-13  2.39484402e-11 -1.98814640e-10 -7.53848505e-16  2.21890536e-16  3.19726439e-05 -4.79302113e-07 -8.97964274e-09  1.12529404e-10]:12.639852057534874
31:[2.62477822e+13 4.27921407e+13]:[ 7.65246534e-03 -1.46891943e-12 -1.53242733e-13  5.99305194e-12 -1.24305373e-10 -7.50419053e-16  1.19425254e-16  3.16089073e-05 -1.56975953e-06 -1.08505416e-08  3.51030025e-10]:13.681618340880176
Selected for new population:
[ 6.45139587e-02 -2.73326696e-12 -3.26837567e-13  5.20766755e-11 -1.93164851e-10 -2.09382325e-15  7.70826519e-16  3.18501722e-05 -2.24919555e-06 -1.24995898e-08  9.23465472e-10]
[0. 0. 0. 0. 0. 0. 0. 0. 0. 0. 0.]
Population scores:
4:[8.84998543e+11 1.28740670e+11]:[ 6.45139587e-02 -2.73326696e-12 -3.26837567e-13  5.20766755e-11 -1.93164851e-10 -2.09382325e-15  7.70826519e-16  3.18501722e-05 -2.24919555e-06 -1.24995898e-08  9.23465472e-10]:11.485352798602923
19:[1.13419075e+12 3.25460576e+12]:[ 5.19621831e-02 -1.46180048e-12 -2.48682630e-13  1.07451136e-11 -1.81557897e-10 -1.82015021e-15 -6.56550845e-17  1.63594919e-05 -5.81898239e-07  2.88312114e-10  1.18221809e-10]:12.541759402494788
8:[2.03128028e+12 3.62497922e+12]:[0. 0. 0. 0. 0. 0. 0. 0. 0. 0. 0.]:12.605438145987417
2:[4.69696321e+13 9.88665508e+13]:[ 7.13304956e-02 -2.59762398e-12 -3.49715871e-13  5.67931439e-11 -1.51460797e-10 -1.68519906e-15  7.96960784e-16  2.35358154e-05 -1.39760932e-06 -1.39702259e-08  9.93250222e-10]:14.034469937156011
1:[5.43610377e+13 1.15258454e+14]:[ 5.51790205e-02 -2.28689971e-12 -4.02347499e-13  4.97385556e-11 -1.78521782e-10 -1.79948584e-15  8.33210869e-16  2.80994015e-05 -1.58267750e-06 -1.12025727e-08  1.00382388e-09]:14.100820674772821
3:[5.87483201e+13 1.25746287e+14]:[ 5.55534510e-02 -1.86517105e-12 -2.81068276e-13  5.33796947e-11 -1.02497200e-10 -2.53192892e-15  7.46875100e-16  3.93002604e-05 -2.04040996e-06 -5.78602862e-09  1.01791520e-09]:14.13828990933308
6:[8.13444454e+38 8.27802801e+38]:[-0.00683365  0.0632772   0.01463976 -0.0946179  -0.01848921 -0.04710078 -0.08860648 -0.00204419 -0.00413258 -0.09246633 -0.09293848]:38.99585083722435
7:[2.28717167e+39 2.32749543e+39]:[ 0.0499183  -0.0853945  -0.09021899  0.07578456 -0.05338185  0.07898172 -0.01792913 -0.02326036  0.0912219   0.04882371  0.08384736]:39.44481424637986
*******************************
***iteration: 3 Population is***
*******************************
Population scores:
4:[8.84998543e+11 1.28740670e+11]:[ 6.45139587e-02 -2.73326696e-12 -3.26837567e-13  5.20766755e-11 -1.93164851e-10 -2.09382325e-15  7.70826519e-16  3.18501722e-05 -2.24919555e-06 -1.24995898e-08  9.23465472e-10]:11.485352798602923
19:[1.13419075e+12 3.25460576e+12]:[ 5.19621831e-02 -1.46180048e-12 -2.48682630e-13  1.07451136e-11 -1.81557897e-10 -1.82015021e-15 -6.56550845e-17  1.63594919e-05 -5.81898239e-07  2.88312114e-10  1.18221809e-10]:12.541759402494788
8:[2.03128028e+12 3.62497922e+12]:[0. 0. 0. 0. 0. 0. 0. 0. 0. 0. 0.]:12.605438145987417
2:[4.69696321e+13 9.88665508e+13]:[ 7.13304956e-02 -2.59762398e-12 -3.49715871e-13  5.67931439e-11 -1.51460797e-10 -1.68519906e-15  7.96960784e-16  2.35358154e-05 -1.39760932e-06 -1.39702259e-08  9.93250222e-10]:14.034469937156011
1:[5.43610377e+13 1.15258454e+14]:[ 5.51790205e-02 -2.28689971e-12 -4.02347499e-13  4.97385556e-11 -1.78521782e-10 -1.79948584e-15  8.33210869e-16  2.80994015e-05 -1.58267750e-06 -1.12025727e-08  1.00382388e-09]:14.100820674772821
3:[5.87483201e+13 1.25746287e+14]:[ 5.55534510e-02 -1.86517105e-12 -2.81068276e-13  5.33796947e-11 -1.02497200e-10 -2.53192892e-15  7.46875100e-16  3.93002604e-05 -2.04040996e-06 -5.78602862e-09  1.01791520e-09]:14.13828990933308
6:[8.13444454e+38 8.27802801e+38]:[-0.00683365  0.0632772   0.01463976 -0.0946179  -0.01848921 -0.04710078 -0.08860648 -0.00204419 -0.00413258 -0.09246633 -0.09293848]:38.99585083722435
7:[2.28717167e+39 2.32749543e+39]:[ 0.0499183  -0.0853945  -0.09021899  0.07578456 -0.05338185  0.07898172 -0.01792913 -0.02326036  0.0912219   0.04882371  0.08384736]:39.44481424637986
Selected: [2 0]
***************
***CROSSOVER***
***************
Population scores:
4:[8.84998543e+11 1.28740670e+11]:[ 6.45139587e-02 -2.73326696e-12 -3.26837567e-13  5.20766755e-11 -1.93164851e-10 -2.09382325e-15  7.70826519e-16  3.18501722e-05 -2.24919555e-06 -1.24995898e-08  9.23465472e-10]:11.485352798602923
8:[2.03128028e+12 3.62497922e+12]:[0. 0. 0. 0. 0. 0. 0. 0. 0. 0. 0.]:12.605438145987417
&&&&&&&&&&&&&&&&&&&&&&&&
&&TOURNAMENT SELECTION&&
&&&&&&&&&&&&&&&&&&&&&&&&
parents:
[0. 0. 0. 0. 0. 0. 0. 0. 0. 0. 0.]
[ 6.45139587e-02 -2.73326696e-12 -3.26837567e-13  5.20766755e-11 -1.93164851e-10 -2.09382325e-15  7.70826519e-16  3.18501722e-05 -2.24919555e-06 -1.24995898e-08  9.23465472e-10]
children:
[ 3.24070917e-02 -2.81745789e-12 -1.75800626e-13  3.21394896e-11 -1.97682431e-10 -1.36263385e-16  4.27365253e-16  2.66202429e-05 -2.38295188e-06 -4.92442832e-09  4.66686542e-10]
[ 6.67688012e-03 -5.26076341e-13 -9.51752896e-14  3.25772958e-11  4.74759864e-12 -1.38774449e-15  5.68636638e-16  3.27234324e-05 -5.30768287e-07 -4.46039680e-09  7.82276600e-11]
Population scores:
4:[8.84998543e+11 1.28740670e+11]:[ 6.45139587e-02 -2.73326696e-12 -3.26837567e-13  5.20766755e-11 -1.93164851e-10 -2.09382325e-15  7.70826519e-16  3.18501722e-05 -2.24919555e-06 -1.24995898e-08  9.23465472e-10]:11.485352798602923
8:[2.03128028e+12 3.62497922e+12]:[0. 0. 0. 0. 0. 0. 0. 0. 0. 0. 0.]:12.605438145987417
34:[3.01583909e+12 8.39107507e+12]:[ 6.67688012e-03 -5.26076341e-13 -9.51752896e-14  3.25772958e-11  4.74759864e-12 -1.38774449e-15  5.68636638e-16  3.27234324e-05 -5.30768287e-07 -4.46039680e-09  7.82276600e-11]:12.953964611674781
33:[6.56782410e+13 1.16517356e+14]:[ 3.24070917e-02 -2.81745789e-12 -1.75800626e-13  3.21394896e-11 -1.97682431e-10 -1.36263385e-16  4.27365253e-16  2.66202429e-05 -2.38295188e-06 -4.92442832e-09  4.66686542e-10]:14.112782584851866
Selected for new population:
[ 6.45139587e-02 -2.73326696e-12 -3.26837567e-13  5.20766755e-11 -1.93164851e-10 -2.09382325e-15  7.70826519e-16  3.18501722e-05 -2.24919555e-06 -1.24995898e-08  9.23465472e-10]
[0. 0. 0. 0. 0. 0. 0. 0. 0. 0. 0.]
Selected: [1 0]
***************
***CROSSOVER***
***************
Population scores:
4:[8.84998543e+11 1.28740670e+11]:[ 6.45139587e-02 -2.73326696e-12 -3.26837567e-13  5.20766755e-11 -1.93164851e-10 -2.09382325e-15  7.70826519e-16  3.18501722e-05 -2.24919555e-06 -1.24995898e-08  9.23465472e-10]:11.485352798602923
19:[1.13419075e+12 3.25460576e+12]:[ 5.19621831e-02 -1.46180048e-12 -2.48682630e-13  1.07451136e-11 -1.81557897e-10 -1.82015021e-15 -6.56550845e-17  1.63594919e-05 -5.81898239e-07  2.88312114e-10  1.18221809e-10]:12.541759402494788
&&&&&&&&&&&&&&&&&&&&&&&&
&&TOURNAMENT SELECTION&&
&&&&&&&&&&&&&&&&&&&&&&&&
parents:
[ 5.19621831e-02 -1.46180048e-12 -2.48682630e-13  1.07451136e-11 -1.81557897e-10 -1.82015021e-15 -6.56550845e-17  1.63594919e-05 -5.81898239e-07  2.88312114e-10  1.18221809e-10]
[ 6.45139587e-02 -2.73326696e-12 -3.26837567e-13  5.20766755e-11 -1.93164851e-10 -2.09382325e-15  7.70826519e-16  3.18501722e-05 -2.24919555e-06 -1.24995898e-08  9.23465472e-10]
children:
[ 6.16461096e-02 -1.47478497e-12 -3.27994135e-13  5.08197157e-11 -1.93334064e-10 -1.95537490e-15  7.05138742e-16  2.66660778e-05 -1.71264255e-06 -5.40221718e-09  3.77122611e-11]
[ 6.53269220e-02 -2.56014903e-12 -2.71961619e-13  2.27461873e-11 -1.80909581e-10 -1.92918797e-15 -3.30731473e-17  2.43865643e-05 -2.00647790e-06 -1.26599198e-08  9.35731744e-10]
Population scores:
4:[8.84998543e+11 1.28740670e+11]:[ 6.45139587e-02 -2.73326696e-12 -3.26837567e-13  5.20766755e-11 -1.93164851e-10 -2.09382325e-15  7.70826519e-16  3.18501722e-05 -2.24919555e-06 -1.24995898e-08  9.23465472e-10]:11.485352798602923
36:[5.97409780e+11 2.23177541e+12]:[ 6.53269220e-02 -2.56014903e-12 -2.71961619e-13  2.27461873e-11 -1.80909581e-10 -1.92918797e-15 -3.30731473e-17  2.43865643e-05 -2.00647790e-06 -1.26599198e-08  9.35731744e-10]:12.37130016826259
19:[1.13419075e+12 3.25460576e+12]:[ 5.19621831e-02 -1.46180048e-12 -2.48682630e-13  1.07451136e-11 -1.81557897e-10 -1.82015021e-15 -6.56550845e-17  1.63594919e-05 -5.81898239e-07  2.88312114e-10  1.18221809e-10]:12.541759402494788
35:[1.51153630e+14 2.61462104e+14]:[ 6.16461096e-02 -1.47478497e-12 -3.27994135e-13  5.08197157e-11 -1.93334064e-10 -1.95537490e-15  7.05138742e-16  2.66660778e-05 -1.71264255e-06 -5.40221718e-09  3.77122611e-11]:14.464925754354123
Selected for new population:
[ 6.45139587e-02 -2.73326696e-12 -3.26837567e-13  5.20766755e-11 -1.93164851e-10 -2.09382325e-15  7.70826519e-16  3.18501722e-05 -2.24919555e-06 -1.24995898e-08  9.23465472e-10]
[ 6.53269220e-02 -2.56014903e-12 -2.71961619e-13  2.27461873e-11 -1.80909581e-10 -1.92918797e-15 -3.30731473e-17  2.43865643e-05 -2.00647790e-06 -1.26599198e-08  9.35731744e-10]
Selected: [1 0]
***************
***CROSSOVER***
***************
Population scores:
4:[8.84998543e+11 1.28740670e+11]:[ 6.45139587e-02 -2.73326696e-12 -3.26837567e-13  5.20766755e-11 -1.93164851e-10 -2.09382325e-15  7.70826519e-16  3.18501722e-05 -2.24919555e-06 -1.24995898e-08  9.23465472e-10]:11.485352798602923
19:[1.13419075e+12 3.25460576e+12]:[ 5.19621831e-02 -1.46180048e-12 -2.48682630e-13  1.07451136e-11 -1.81557897e-10 -1.82015021e-15 -6.56550845e-17  1.63594919e-05 -5.81898239e-07  2.88312114e-10  1.18221809e-10]:12.541759402494788
&&&&&&&&&&&&&&&&&&&&&&&&
&&TOURNAMENT SELECTION&&
&&&&&&&&&&&&&&&&&&&&&&&&
parents:
[ 5.19621831e-02 -1.46180048e-12 -2.48682630e-13  1.07451136e-11 -1.81557897e-10 -1.82015021e-15 -6.56550845e-17  1.63594919e-05 -5.81898239e-07  2.88312114e-10  1.18221809e-10]
[ 6.45139587e-02 -2.73326696e-12 -3.26837567e-13  5.20766755e-11 -1.93164851e-10 -2.09382325e-15  7.70826519e-16  3.18501722e-05 -2.24919555e-06 -1.24995898e-08  9.23465472e-10]
children:
[ 5.24147384e-02 -1.74736660e-12 -2.79925070e-13  3.39675447e-11 -1.81576055e-10 -1.81910210e-15  2.22992022e-16  2.08712939e-05 -2.30120789e-06 -9.01989687e-09  5.59949627e-11]
[ 5.79128164e-02 -2.35638951e-12 -2.43731432e-13  2.22132402e-11 -1.92690522e-10 -1.93403811e-15 -6.97600446e-17  2.68870413e-05 -6.45815678e-07 -4.71619691e-09  8.31102608e-10]
Population scores:
4:[8.84998543e+11 1.28740670e+11]:[ 6.45139587e-02 -2.73326696e-12 -3.26837567e-13  5.20766755e-11 -1.93164851e-10 -2.09382325e-15  7.70826519e-16  3.18501722e-05 -2.24919555e-06 -1.24995898e-08  9.23465472e-10]:11.485352798602923
19:[1.13419075e+12 3.25460576e+12]:[ 5.19621831e-02 -1.46180048e-12 -2.48682630e-13  1.07451136e-11 -1.81557897e-10 -1.82015021e-15 -6.56550845e-17  1.63594919e-05 -5.81898239e-07  2.88312114e-10  1.18221809e-10]:12.541759402494788
38:[2.16037797e+14 4.44532270e+14]:[ 5.79128164e-02 -2.35638951e-12 -2.43731432e-13  2.22132402e-11 -1.92690522e-10 -1.93403811e-15 -6.97600446e-17  2.68870413e-05 -6.45815678e-07 -4.71619691e-09  8.31102608e-10]:14.688188221680228
37:[3.89695501e+14 7.13031579e+14]:[ 5.24147384e-02 -1.74736660e-12 -2.79925070e-13  3.39675447e-11 -1.81576055e-10 -1.81910210e-15  2.22992022e-16  2.08712939e-05 -2.30120789e-06 -9.01989687e-09  5.59949627e-11]:14.898160384582052
Selected for new population:
[ 6.45139587e-02 -2.73326696e-12 -3.26837567e-13  5.20766755e-11 -1.93164851e-10 -2.09382325e-15  7.70826519e-16  3.18501722e-05 -2.24919555e-06 -1.24995898e-08  9.23465472e-10]
[ 5.19621831e-02 -1.46180048e-12 -2.48682630e-13  1.07451136e-11 -1.81557897e-10 -1.82015021e-15 -6.56550845e-17  1.63594919e-05 -5.81898239e-07  2.88312114e-10  1.18221809e-10]
Selected: [1 0]
***************
***CROSSOVER***
***************
Population scores:
4:[8.84998543e+11 1.28740670e+11]:[ 6.45139587e-02 -2.73326696e-12 -3.26837567e-13  5.20766755e-11 -1.93164851e-10 -2.09382325e-15  7.70826519e-16  3.18501722e-05 -2.24919555e-06 -1.24995898e-08  9.23465472e-10]:11.485352798602923
19:[1.13419075e+12 3.25460576e+12]:[ 5.19621831e-02 -1.46180048e-12 -2.48682630e-13  1.07451136e-11 -1.81557897e-10 -1.82015021e-15 -6.56550845e-17  1.63594919e-05 -5.81898239e-07  2.88312114e-10  1.18221809e-10]:12.541759402494788
&&&&&&&&&&&&&&&&&&&&&&&&
&&TOURNAMENT SELECTION&&
&&&&&&&&&&&&&&&&&&&&&&&&
parents:
[ 5.19621831e-02 -1.46180048e-12 -2.48682630e-13  1.07451136e-11 -1.81557897e-10 -1.82015021e-15 -6.56550845e-17  1.63594919e-05 -5.81898239e-07  2.88312114e-10  1.18221809e-10]
[ 6.45139587e-02 -2.73326696e-12 -3.26837567e-13  5.20766755e-11 -1.93164851e-10 -2.09382325e-15  7.70826519e-16  3.18501722e-05 -2.24919555e-06 -1.24995898e-08  9.23465472e-10]
children:
[ 5.39678292e-02 -2.84296184e-12 -3.17088920e-13  3.12310692e-11 -1.91889425e-10 -1.82934652e-15  5.84004579e-16  2.89064655e-05 -9.71313265e-07 -4.85524908e-09  7.17461006e-11]
[ 5.10332176e-02 -1.37881505e-12 -3.18206713e-13  6.76072341e-12 -1.81482704e-10 -2.05539988e-15 -1.74901650e-17  1.59562522e-05 -7.90510939e-07 -9.68738983e-09  5.42411565e-10]
Population scores:
4:[8.84998543e+11 1.28740670e+11]:[ 6.45139587e-02 -2.73326696e-12 -3.26837567e-13  5.20766755e-11 -1.93164851e-10 -2.09382325e-15  7.70826519e-16  3.18501722e-05 -2.24919555e-06 -1.24995898e-08  9.23465472e-10]:11.485352798602923
19:[1.13419075e+12 3.25460576e+12]:[ 5.19621831e-02 -1.46180048e-12 -2.48682630e-13  1.07451136e-11 -1.81557897e-10 -1.82015021e-15 -6.56550845e-17  1.63594919e-05 -5.81898239e-07  2.88312114e-10  1.18221809e-10]:12.541759402494788
40:[9.80404466e+12 2.38304413e+13]:[ 5.10332176e-02 -1.37881505e-12 -3.18206713e-13  6.76072341e-12 -1.81482704e-10 -2.05539988e-15 -1.74901650e-17  1.59562522e-05 -7.90510939e-07 -9.68738983e-09  5.42411565e-10]:13.411472394992533
39:[1.81071945e+13 2.46342131e+13]:[ 5.39678292e-02 -2.84296184e-12 -3.17088920e-13  3.12310692e-11 -1.91889425e-10 -1.82934652e-15  5.84004579e-16  2.89064655e-05 -9.71313265e-07 -4.85524908e-09  7.17461006e-11]:13.451105332893714
Selected for new population:
[ 6.45139587e-02 -2.73326696e-12 -3.26837567e-13  5.20766755e-11 -1.93164851e-10 -2.09382325e-15  7.70826519e-16  3.18501722e-05 -2.24919555e-06 -1.24995898e-08  9.23465472e-10]
[ 5.19621831e-02 -1.46180048e-12 -2.48682630e-13  1.07451136e-11 -1.81557897e-10 -1.82015021e-15 -6.56550845e-17  1.63594919e-05 -5.81898239e-07  2.88312114e-10  1.18221809e-10]
Population scores:
4:[8.84998543e+11 1.28740670e+11]:[ 6.45139587e-02 -2.73326696e-12 -3.26837567e-13  5.20766755e-11 -1.93164851e-10 -2.09382325e-15  7.70826519e-16  3.18501722e-05 -2.24919555e-06 -1.24995898e-08  9.23465472e-10]:11.485352798602923
36:[5.97409780e+11 2.23177541e+12]:[ 6.53269220e-02 -2.56014903e-12 -2.71961619e-13  2.27461873e-11 -1.80909581e-10 -1.92918797e-15 -3.30731473e-17  2.43865643e-05 -2.00647790e-06 -1.26599198e-08  9.35731744e-10]:12.37130016826259
19:[1.13419075e+12 3.25460576e+12]:[ 5.19621831e-02 -1.46180048e-12 -2.48682630e-13  1.07451136e-11 -1.81557897e-10 -1.82015021e-15 -6.56550845e-17  1.63594919e-05 -5.81898239e-07  2.88312114e-10  1.18221809e-10]:12.541759402494788
8:[2.03128028e+12 3.62497922e+12]:[0. 0. 0. 0. 0. 0. 0. 0. 0. 0. 0.]:12.605438145987417
2:[4.69696321e+13 9.88665508e+13]:[ 7.13304956e-02 -2.59762398e-12 -3.49715871e-13  5.67931439e-11 -1.51460797e-10 -1.68519906e-15  7.96960784e-16  2.35358154e-05 -1.39760932e-06 -1.39702259e-08  9.93250222e-10]:14.034469937156011
1:[5.43610377e+13 1.15258454e+14]:[ 5.51790205e-02 -2.28689971e-12 -4.02347499e-13  4.97385556e-11 -1.78521782e-10 -1.79948584e-15  8.33210869e-16  2.80994015e-05 -1.58267750e-06 -1.12025727e-08  1.00382388e-09]:14.100820674772821
3:[5.87483201e+13 1.25746287e+14]:[ 5.55534510e-02 -1.86517105e-12 -2.81068276e-13  5.33796947e-11 -1.02497200e-10 -2.53192892e-15  7.46875100e-16  3.93002604e-05 -2.04040996e-06 -5.78602862e-09  1.01791520e-09]:14.13828990933308
6:[8.13444454e+38 8.27802801e+38]:[-0.00683365  0.0632772   0.01463976 -0.0946179  -0.01848921 -0.04710078 -0.08860648 -0.00204419 -0.00413258 -0.09246633 -0.09293848]:38.99585083722435
7:[2.28717167e+39 2.32749543e+39]:[ 0.0499183  -0.0853945  -0.09021899  0.07578456 -0.05338185  0.07898172 -0.01792913 -0.02326036  0.0912219   0.04882371  0.08384736]:39.44481424637986
*******************************
***iteration: 4 Population is***
*******************************
Population scores:
4:[8.84998543e+11 1.28740670e+11]:[ 6.45139587e-02 -2.73326696e-12 -3.26837567e-13  5.20766755e-11 -1.93164851e-10 -2.09382325e-15  7.70826519e-16  3.18501722e-05 -2.24919555e-06 -1.24995898e-08  9.23465472e-10]:11.485352798602923
36:[5.97409780e+11 2.23177541e+12]:[ 6.53269220e-02 -2.56014903e-12 -2.71961619e-13  2.27461873e-11 -1.80909581e-10 -1.92918797e-15 -3.30731473e-17  2.43865643e-05 -2.00647790e-06 -1.26599198e-08  9.35731744e-10]:12.37130016826259
19:[1.13419075e+12 3.25460576e+12]:[ 5.19621831e-02 -1.46180048e-12 -2.48682630e-13  1.07451136e-11 -1.81557897e-10 -1.82015021e-15 -6.56550845e-17  1.63594919e-05 -5.81898239e-07  2.88312114e-10  1.18221809e-10]:12.541759402494788
8:[2.03128028e+12 3.62497922e+12]:[0. 0. 0. 0. 0. 0. 0. 0. 0. 0. 0.]:12.605438145987417
2:[4.69696321e+13 9.88665508e+13]:[ 7.13304956e-02 -2.59762398e-12 -3.49715871e-13  5.67931439e-11 -1.51460797e-10 -1.68519906e-15  7.96960784e-16  2.35358154e-05 -1.39760932e-06 -1.39702259e-08  9.93250222e-10]:14.034469937156011
1:[5.43610377e+13 1.15258454e+14]:[ 5.51790205e-02 -2.28689971e-12 -4.02347499e-13  4.97385556e-11 -1.78521782e-10 -1.79948584e-15  8.33210869e-16  2.80994015e-05 -1.58267750e-06 -1.12025727e-08  1.00382388e-09]:14.100820674772821
3:[5.87483201e+13 1.25746287e+14]:[ 5.55534510e-02 -1.86517105e-12 -2.81068276e-13  5.33796947e-11 -1.02497200e-10 -2.53192892e-15  7.46875100e-16  3.93002604e-05 -2.04040996e-06 -5.78602862e-09  1.01791520e-09]:14.13828990933308
6:[8.13444454e+38 8.27802801e+38]:[-0.00683365  0.0632772   0.01463976 -0.0946179  -0.01848921 -0.04710078 -0.08860648 -0.00204419 -0.00413258 -0.09246633 -0.09293848]:38.99585083722435
Selected: [3 0]
***************
***CROSSOVER***
***************
Population scores:
4:[8.84998543e+11 1.28740670e+11]:[ 6.45139587e-02 -2.73326696e-12 -3.26837567e-13  5.20766755e-11 -1.93164851e-10 -2.09382325e-15  7.70826519e-16  3.18501722e-05 -2.24919555e-06 -1.24995898e-08  9.23465472e-10]:11.485352798602923
8:[2.03128028e+12 3.62497922e+12]:[0. 0. 0. 0. 0. 0. 0. 0. 0. 0. 0.]:12.605438145987417
&&&&&&&&&&&&&&&&&&&&&&&&
&&TOURNAMENT SELECTION&&
&&&&&&&&&&&&&&&&&&&&&&&&
parents:
[0. 0. 0. 0. 0. 0. 0. 0. 0. 0. 0.]
[ 6.45139587e-02 -2.73326696e-12 -3.26837567e-13  5.20766755e-11 -1.93164851e-10 -2.09382325e-15  7.70826519e-16  3.18501722e-05 -2.24919555e-06 -1.24995898e-08  9.23465472e-10]
children:
[ 7.01321206e-02 -2.89842587e-12  1.26181691e-14 -3.84853648e-12 -1.28396478e-11 -3.60890520e-16  8.43491309e-16  6.75972674e-06 -1.31550116e-07  2.85547001e-10  5.16348389e-10]
[ 1.06423784e-02 -2.60572382e-12 -3.13175241e-13  1.20843550e-11 -1.98415024e-10 -1.41072843e-15 -2.43162708e-17  1.47485727e-05 -1.38790979e-06 -2.95995051e-09  9.63265107e-10]
Population scores:
4:[8.84998543e+11 1.28740670e+11]:[ 6.45139587e-02 -2.73326696e-12 -3.26837567e-13  5.20766755e-11 -1.93164851e-10 -2.09382325e-15  7.70826519e-16  3.18501722e-05 -2.24919555e-06 -1.24995898e-08  9.23465472e-10]:11.485352798602923
8:[2.03128028e+12 3.62497922e+12]:[0. 0. 0. 0. 0. 0. 0. 0. 0. 0. 0.]:12.605438145987417
42:[9.22346519e+13 1.88165803e+14]:[ 1.06423784e-02 -2.60572382e-12 -3.13175241e-13  1.20843550e-11 -1.98415024e-10 -1.41072843e-15 -2.43162708e-17  1.47485727e-05 -1.38790979e-06 -2.95995051e-09  9.63265107e-10]:14.315157084266287
41:[1.44043674e+14 2.87376751e+14]:[ 7.01321206e-02 -2.89842587e-12  1.26181691e-14 -3.84853648e-12 -1.28396478e-11 -3.60890520e-16  8.43491309e-16  6.75972674e-06 -1.31550116e-07  2.85547001e-10  5.16348389e-10]:14.499941930160313
Selected for new population:
[ 6.45139587e-02 -2.73326696e-12 -3.26837567e-13  5.20766755e-11 -1.93164851e-10 -2.09382325e-15  7.70826519e-16  3.18501722e-05 -2.24919555e-06 -1.24995898e-08  9.23465472e-10]
[0. 0. 0. 0. 0. 0. 0. 0. 0. 0. 0.]
Selected: [1 0]
***************
***CROSSOVER***
***************
Population scores:
4:[8.84998543e+11 1.28740670e+11]:[ 6.45139587e-02 -2.73326696e-12 -3.26837567e-13  5.20766755e-11 -1.93164851e-10 -2.09382325e-15  7.70826519e-16  3.18501722e-05 -2.24919555e-06 -1.24995898e-08  9.23465472e-10]:11.485352798602923
36:[5.97409780e+11 2.23177541e+12]:[ 6.53269220e-02 -2.56014903e-12 -2.71961619e-13  2.27461873e-11 -1.80909581e-10 -1.92918797e-15 -3.30731473e-17  2.43865643e-05 -2.00647790e-06 -1.26599198e-08  9.35731744e-10]:12.37130016826259
&&&&&&&&&&&&&&&&&&&&&&&&
&&TOURNAMENT SELECTION&&
&&&&&&&&&&&&&&&&&&&&&&&&
parents:
[ 6.53269220e-02 -2.56014903e-12 -2.71961619e-13  2.27461873e-11 -1.80909581e-10 -1.92918797e-15 -3.30731473e-17  2.43865643e-05 -2.00647790e-06 -1.26599198e-08  9.35731744e-10]
[ 6.45139587e-02 -2.73326696e-12 -3.26837567e-13  5.20766755e-11 -1.93164851e-10 -2.09382325e-15  7.70826519e-16  3.18501722e-05 -2.24919555e-06 -1.24995898e-08  9.23465472e-10]
children:
[ 6.50379886e-02 -2.71653828e-12 -2.80119847e-13  2.18532600e-11 -1.81351565e-10 -1.92069682e-15  7.50165302e-16  2.61485723e-05 -2.07332501e-06 -1.24861520e-08  9.25854150e-10]
[ 6.47234721e-02 -2.59944220e-12 -3.16644980e-13  5.46177218e-11 -1.93481734e-10 -1.94043597e-15  8.46491369e-16  3.10557978e-05 -2.12559036e-06 -1.25499025e-08  9.26795449e-10]
Population scores:
4:[8.84998543e+11 1.28740670e+11]:[ 6.45139587e-02 -2.73326696e-12 -3.26837567e-13  5.20766755e-11 -1.93164851e-10 -2.09382325e-15  7.70826519e-16  3.18501722e-05 -2.24919555e-06 -1.24995898e-08  9.23465472e-10]:11.485352798602923
43:[3.00440409e+11 9.18955634e+11]:[ 6.50379886e-02 -2.71653828e-12 -2.80119847e-13  2.18532600e-11 -1.81351565e-10 -1.92069682e-15  7.50165302e-16  2.61485723e-05 -2.07332501e-06 -1.24861520e-08  9.25854150e-10]:11.990802083940482
36:[5.97409780e+11 2.23177541e+12]:[ 6.53269220e-02 -2.56014903e-12 -2.71961619e-13  2.27461873e-11 -1.80909581e-10 -1.92918797e-15 -3.30731473e-17  2.43865643e-05 -2.00647790e-06 -1.26599198e-08  9.35731744e-10]:12.37130016826259
44:[9.98163099e+11 2.34603384e+12]:[ 6.47234721e-02 -2.59944220e-12 -3.16644980e-13  5.46177218e-11 -1.93481734e-10 -1.94043597e-15  8.46491369e-16  3.10557978e-05 -2.12559036e-06 -1.25499025e-08  9.26795449e-10]:12.405801500202475
Selected for new population:
[ 6.45139587e-02 -2.73326696e-12 -3.26837567e-13  5.20766755e-11 -1.93164851e-10 -2.09382325e-15  7.70826519e-16  3.18501722e-05 -2.24919555e-06 -1.24995898e-08  9.23465472e-10]
[ 6.50379886e-02 -2.71653828e-12 -2.80119847e-13  2.18532600e-11 -1.81351565e-10 -1.92069682e-15  7.50165302e-16  2.61485723e-05 -2.07332501e-06 -1.24861520e-08  9.25854150e-10]
Selected: [1 0]
***************
***CROSSOVER***
***************
Population scores:
4:[8.84998543e+11 1.28740670e+11]:[ 6.45139587e-02 -2.73326696e-12 -3.26837567e-13  5.20766755e-11 -1.93164851e-10 -2.09382325e-15  7.70826519e-16  3.18501722e-05 -2.24919555e-06 -1.24995898e-08  9.23465472e-10]:11.485352798602923
36:[5.97409780e+11 2.23177541e+12]:[ 6.53269220e-02 -2.56014903e-12 -2.71961619e-13  2.27461873e-11 -1.80909581e-10 -1.92918797e-15 -3.30731473e-17  2.43865643e-05 -2.00647790e-06 -1.26599198e-08  9.35731744e-10]:12.37130016826259
&&&&&&&&&&&&&&&&&&&&&&&&
&&TOURNAMENT SELECTION&&
&&&&&&&&&&&&&&&&&&&&&&&&
parents:
[ 6.53269220e-02 -2.56014903e-12 -2.71961619e-13  2.27461873e-11 -1.80909581e-10 -1.92918797e-15 -3.30731473e-17  2.43865643e-05 -2.00647790e-06 -1.26599198e-08  9.35731744e-10]
[ 6.45139587e-02 -2.73326696e-12 -3.26837567e-13  5.20766755e-11 -1.93164851e-10 -2.09382325e-15  7.70826519e-16  3.18501722e-05 -2.24919555e-06 -1.24995898e-08  9.23465472e-10]
children:
[ 6.46783658e-02 -2.57875212e-12 -2.92005421e-13  2.90487944e-11 -1.82422900e-10 -2.03894461e-15  1.54595112e-16  3.18994048e-05 -2.27167172e-06 -1.26065077e-08  9.23727591e-10]
[ 6.49843502e-02 -2.62249481e-12 -3.01231320e-13  3.83646825e-11 -1.79971865e-10 -1.97911349e-15  6.76589453e-16  2.60202847e-05 -2.20344995e-06 -1.25443329e-08  9.31392560e-10]
Population scores:
4:[8.84998543e+11 1.28740670e+11]:[ 6.45139587e-02 -2.73326696e-12 -3.26837567e-13  5.20766755e-11 -1.93164851e-10 -2.09382325e-15  7.70826519e-16  3.18501722e-05 -2.24919555e-06 -1.24995898e-08  9.23465472e-10]:11.485352798602923
45:[1.11105974e+12 2.21338018e+11]:[ 6.46783658e-02 -2.57875212e-12 -2.92005421e-13  2.90487944e-11 -1.82422900e-10 -2.03894461e-15  1.54595112e-16  3.18994048e-05 -2.27167172e-06 -1.26065077e-08  9.23727591e-10]:11.646942549878922
46:[1.02350604e+12 6.52692568e+11]:[ 6.49843502e-02 -2.62249481e-12 -3.01231320e-13  3.83646825e-11 -1.79971865e-10 -1.97911349e-15  6.76589453e-16  2.60202847e-05 -2.20344995e-06 -1.25443329e-08  9.31392560e-10]:11.933180326992053
36:[5.97409780e+11 2.23177541e+12]:[ 6.53269220e-02 -2.56014903e-12 -2.71961619e-13  2.27461873e-11 -1.80909581e-10 -1.92918797e-15 -3.30731473e-17  2.43865643e-05 -2.00647790e-06 -1.26599198e-08  9.35731744e-10]:12.37130016826259
Selected for new population:
[ 6.45139587e-02 -2.73326696e-12 -3.26837567e-13  5.20766755e-11 -1.93164851e-10 -2.09382325e-15  7.70826519e-16  3.18501722e-05 -2.24919555e-06 -1.24995898e-08  9.23465472e-10]
[ 6.46783658e-02 -2.57875212e-12 -2.92005421e-13  2.90487944e-11 -1.82422900e-10 -2.03894461e-15  1.54595112e-16  3.18994048e-05 -2.27167172e-06 -1.26065077e-08  9.23727591e-10]
Selected: [1 0]
***************
***CROSSOVER***
***************
Population scores:
4:[8.84998543e+11 1.28740670e+11]:[ 6.45139587e-02 -2.73326696e-12 -3.26837567e-13  5.20766755e-11 -1.93164851e-10 -2.09382325e-15  7.70826519e-16  3.18501722e-05 -2.24919555e-06 -1.24995898e-08  9.23465472e-10]:11.485352798602923
36:[5.97409780e+11 2.23177541e+12]:[ 6.53269220e-02 -2.56014903e-12 -2.71961619e-13  2.27461873e-11 -1.80909581e-10 -1.92918797e-15 -3.30731473e-17  2.43865643e-05 -2.00647790e-06 -1.26599198e-08  9.35731744e-10]:12.37130016826259
&&&&&&&&&&&&&&&&&&&&&&&&
&&TOURNAMENT SELECTION&&
&&&&&&&&&&&&&&&&&&&&&&&&
parents:
[ 6.53269220e-02 -2.56014903e-12 -2.71961619e-13  2.27461873e-11 -1.80909581e-10 -1.92918797e-15 -3.30731473e-17  2.43865643e-05 -2.00647790e-06 -1.26599198e-08  9.35731744e-10]
[ 6.45139587e-02 -2.73326696e-12 -3.26837567e-13  5.20766755e-11 -1.93164851e-10 -2.09382325e-15  7.70826519e-16  3.18501722e-05 -2.24919555e-06 -1.24995898e-08  9.23465472e-10]
children:
[ 6.49171475e-02 -2.62200111e-12 -3.10330889e-13  3.32920466e-11 -1.93221506e-10 -2.10755741e-15  6.01594880e-16  2.68044676e-05 -2.10045431e-06 -1.25811344e-08  9.26655782e-10]
[ 6.45504050e-02 -2.59973754e-12 -3.28287960e-13  2.11317235e-11 -1.83770495e-10 -2.05335160e-15  4.30378014e-16  3.23273586e-05 -2.12149948e-06 -1.25584559e-08  9.32550054e-10]
Population scores:
4:[8.84998543e+11 1.28740670e+11]:[ 6.45139587e-02 -2.73326696e-12 -3.26837567e-13  5.20766755e-11 -1.93164851e-10 -2.09382325e-15  7.70826519e-16  3.18501722e-05 -2.24919555e-06 -1.24995898e-08  9.23465472e-10]:11.485352798602923
47:[2.65600113e+11 4.79151483e+11]:[ 6.49171475e-02 -2.62200111e-12 -3.10330889e-13  3.32920466e-11 -1.93221506e-10 -2.10755741e-15  6.01594880e-16  2.68044676e-05 -2.10045431e-06 -1.25811344e-08  9.26655782e-10]:11.726133217445216
36:[5.97409780e+11 2.23177541e+12]:[ 6.53269220e-02 -2.56014903e-12 -2.71961619e-13  2.27461873e-11 -1.80909581e-10 -1.92918797e-15 -3.30731473e-17  2.43865643e-05 -2.00647790e-06 -1.26599198e-08  9.35731744e-10]:12.37130016826259
48:[1.64055154e+12 4.05222224e+12]:[ 6.45504050e-02 -2.59973754e-12 -3.28287960e-13  2.11317235e-11 -1.83770495e-10 -2.05335160e-15  4.30378014e-16  3.23273586e-05 -2.12149948e-06 -1.25584559e-08  9.32550054e-10]:12.64150708278475
Selected for new population:
[ 6.45139587e-02 -2.73326696e-12 -3.26837567e-13  5.20766755e-11 -1.93164851e-10 -2.09382325e-15  7.70826519e-16  3.18501722e-05 -2.24919555e-06 -1.24995898e-08  9.23465472e-10]
[ 6.49171475e-02 -2.62200111e-12 -3.10330889e-13  3.32920466e-11 -1.93221506e-10 -2.10755741e-15  6.01594880e-16  2.68044676e-05 -2.10045431e-06 -1.25811344e-08  9.26655782e-10]
Population scores:
4:[8.84998543e+11 1.28740670e+11]:[ 6.45139587e-02 -2.73326696e-12 -3.26837567e-13  5.20766755e-11 -1.93164851e-10 -2.09382325e-15  7.70826519e-16  3.18501722e-05 -2.24919555e-06 -1.24995898e-08  9.23465472e-10]:11.485352798602923
45:[1.11105974e+12 2.21338018e+11]:[ 6.46783658e-02 -2.57875212e-12 -2.92005421e-13  2.90487944e-11 -1.82422900e-10 -2.03894461e-15  1.54595112e-16  3.18994048e-05 -2.27167172e-06 -1.26065077e-08  9.23727591e-10]:11.646942549878922
47:[2.65600113e+11 4.79151483e+11]:[ 6.49171475e-02 -2.62200111e-12 -3.10330889e-13  3.32920466e-11 -1.93221506e-10 -2.10755741e-15  6.01594880e-16  2.68044676e-05 -2.10045431e-06 -1.25811344e-08  9.26655782e-10]:11.726133217445216
43:[3.00440409e+11 9.18955634e+11]:[ 6.50379886e-02 -2.71653828e-12 -2.80119847e-13  2.18532600e-11 -1.81351565e-10 -1.92069682e-15  7.50165302e-16  2.61485723e-05 -2.07332501e-06 -1.24861520e-08  9.25854150e-10]:11.990802083940482
36:[5.97409780e+11 2.23177541e+12]:[ 6.53269220e-02 -2.56014903e-12 -2.71961619e-13  2.27461873e-11 -1.80909581e-10 -1.92918797e-15 -3.30731473e-17  2.43865643e-05 -2.00647790e-06 -1.26599198e-08  9.35731744e-10]:12.37130016826259
19:[1.13419075e+12 3.25460576e+12]:[ 5.19621831e-02 -1.46180048e-12 -2.48682630e-13  1.07451136e-11 -1.81557897e-10 -1.82015021e-15 -6.56550845e-17  1.63594919e-05 -5.81898239e-07  2.88312114e-10  1.18221809e-10]:12.541759402494788
8:[2.03128028e+12 3.62497922e+12]:[0. 0. 0. 0. 0. 0. 0. 0. 0. 0. 0.]:12.605438145987417
2:[4.69696321e+13 9.88665508e+13]:[ 7.13304956e-02 -2.59762398e-12 -3.49715871e-13  5.67931439e-11 -1.51460797e-10 -1.68519906e-15  7.96960784e-16  2.35358154e-05 -1.39760932e-06 -1.39702259e-08  9.93250222e-10]:14.034469937156011
1:[5.43610377e+13 1.15258454e+14]:[ 5.51790205e-02 -2.28689971e-12 -4.02347499e-13  4.97385556e-11 -1.78521782e-10 -1.79948584e-15  8.33210869e-16  2.80994015e-05 -1.58267750e-06 -1.12025727e-08  1.00382388e-09]:14.100820674772821
3:[5.87483201e+13 1.25746287e+14]:[ 5.55534510e-02 -1.86517105e-12 -2.81068276e-13  5.33796947e-11 -1.02497200e-10 -2.53192892e-15  7.46875100e-16  3.93002604e-05 -2.04040996e-06 -5.78602862e-09  1.01791520e-09]:14.13828990933308
6:[8.13444454e+38 8.27802801e+38]:[-0.00683365  0.0632772   0.01463976 -0.0946179  -0.01848921 -0.04710078 -0.08860648 -0.00204419 -0.00413258 -0.09246633 -0.09293848]:38.99585083722435
%%%%%%%%%%%%%%%%%%%%%%%%%
%%%final - population%%%%
%%%%%%%%%%%%%%%%%%%%%%%%%
4:[ 6.45139587e-02 -2.73326696e-12 -3.26837567e-13  5.20766755e-11 -1.93164851e-10 -2.09382325e-15  7.70826519e-16  3.18501722e-05 -2.24919555e-06 -1.24995898e-08  9.23465472e-10]:[8.84998543e+11 1.28740670e+11]
45:[ 6.46783658e-02 -2.57875212e-12 -2.92005421e-13  2.90487944e-11 -1.82422900e-10 -2.03894461e-15  1.54595112e-16  3.18994048e-05 -2.27167172e-06 -1.26065077e-08  9.23727591e-10]:[1.11105974e+12 2.21338018e+11]
47:[ 6.49171475e-02 -2.62200111e-12 -3.10330889e-13  3.32920466e-11 -1.93221506e-10 -2.10755741e-15  6.01594880e-16  2.68044676e-05 -2.10045431e-06 -1.25811344e-08  9.26655782e-10]:[2.65600113e+11 4.79151483e+11]
43:[ 6.50379886e-02 -2.71653828e-12 -2.80119847e-13  2.18532600e-11 -1.81351565e-10 -1.92069682e-15  7.50165302e-16  2.61485723e-05 -2.07332501e-06 -1.24861520e-08  9.25854150e-10]:[3.00440409e+11 9.18955634e+11]
36:[ 6.53269220e-02 -2.56014903e-12 -2.71961619e-13  2.27461873e-11 -1.80909581e-10 -1.92918797e-15 -3.30731473e-17  2.43865643e-05 -2.00647790e-06 -1.26599198e-08  9.35731744e-10]:[5.97409780e+11 2.23177541e+12]
19:[ 5.19621831e-02 -1.46180048e-12 -2.48682630e-13  1.07451136e-11 -1.81557897e-10 -1.82015021e-15 -6.56550845e-17  1.63594919e-05 -5.81898239e-07  2.88312114e-10  1.18221809e-10]:[1.13419075e+12 3.25460576e+12]
8:[0. 0. 0. 0. 0. 0. 0. 0. 0. 0. 0.]:[2.03128028e+12 3.62497922e+12]
2:[ 7.13304956e-02 -2.59762398e-12 -3.49715871e-13  5.67931439e-11 -1.51460797e-10 -1.68519906e-15  7.96960784e-16  2.35358154e-05 -1.39760932e-06 -1.39702259e-08  9.93250222e-10]:[4.69696321e+13 9.88665508e+13]
