Generating Population from
[ 5.74364843e-02 -2.75358909e-12 -4.39439898e-13  3.54566964e-11 -1.18553218e-10 -1.58030604e-15  8.41811506e-16  3.18072727e-05 -2.14001173e-06 -1.30930188e-08  8.75713826e-10]
[ 4.66780489e-02 -2.69032026e-12 -4.66648737e-13  5.07585325e-11 -2.03617388e-10 -1.47765832e-15  8.16263145e-16  3.49418259e-05 -2.14160601e-06 -1.27650081e-08  8.44644796e-10]
*******************************
***iteration: 0 Population is***
*******************************
Population scores:
664:[7.48661451e+11 9.75603925e+10]:[ 5.74364843e-02 -2.75358909e-12 -4.39439898e-13  3.54566964e-11 -1.18553218e-10 -1.58030604e-15  8.41811506e-16  3.18072727e-05 -2.14001173e-06 -1.30930188e-08  8.75713826e-10]:11.598817824716189
733:[9.89670460e+11 6.57745331e+10]:[ 4.66780489e-02 -2.69032026e-12 -4.66648737e-13  5.07585325e-11 -2.03617388e-10 -1.47765832e-15  8.16263145e-16  3.49418259e-05 -2.14160601e-06 -1.27650081e-08  8.44644796e-10]:11.6643059886052
876:[1.05726620e+14 1.97096536e+14]:[ 6.19899560e-02 -1.95639802e-12 -4.59991486e-13  0.00000000e+00 -4.93265258e-11  0.00000000e+00  0.00000000e+00  0.00000000e+00 -1.24708111e-06  0.00000000e+00  0.00000000e+00]:14.379100896448167
877:[4.91980444e+14 9.80392802e+14]:[ 4.50704296e-02 -1.98379046e-12 -5.52177537e-13  4.71932567e-11 -2.53912375e-10 -1.05589032e-15  8.62293117e-16  2.78697933e-05  0.00000000e+00 -5.72657564e-09  8.97604478e-10]:15.070844712154026
Selected: [1 0]
***************
***CROSSOVER***
***************
parents:
[ 4.66780489e-02 -2.69032026e-12 -4.66648737e-13  5.07585325e-11 -2.03617388e-10 -1.47765832e-15  8.16263145e-16  3.49418259e-05 -2.14160601e-06 -1.27650081e-08  8.44644796e-10]
[ 5.74364843e-02 -2.75358909e-12 -4.39439898e-13  3.54566964e-11 -1.18553218e-10 -1.58030604e-15  8.41811506e-16  3.18072727e-05 -2.14001173e-06 -1.30930188e-08  8.75713826e-10]
children:
[ 5.00213267e-02 -2.69287914e-12 -4.47880931e-13  3.89352910e-11 -1.67989109e-10 -1.52779397e-15  8.38669734e-16  3.48422043e-05 -2.14149362e-06 -1.29682170e-08  8.42884980e-10]
[ 5.79256712e-02 -2.73603720e-12 -4.58284180e-13  4.81962716e-11 -1.13500882e-10 -1.54573187e-15  8.34688883e-16  3.23346165e-05 -2.14033219e-06 -1.29598341e-08  8.66012602e-10]
[ 5.44816471e-02 -2.69250214e-12 -4.38205233e-13  4.51943828e-11 -1.49822691e-10 -1.57841036e-15  8.30732077e-16  3.46207323e-05 -2.14051436e-06 -1.30658252e-08  8.72018492e-10]
Population scores:
664:1737036558573.4634:[ 5.74364843e-02 -2.75358909e-12 -4.39439898e-13  3.54566964e-11 -1.18553218e-10 -1.58030604e-15  8.41811506e-16  3.18072727e-05 -2.14001173e-06 -1.30930188e-08  8.75713826e-10]:12.239808958930483
None:1821251243882.425:[ 5.79256712e-02 -2.73603720e-12 -4.58284180e-13  4.81962716e-11 -1.13500882e-10 -1.54573187e-15  8.34688883e-16  3.23346165e-05 -2.14033219e-06 -1.29598341e-08  8.66012602e-10]:12.260369861393606
None:2175123009929.228:[ 5.44816471e-02 -2.69250214e-12 -4.38205233e-13  4.51943828e-11 -1.49822691e-10 -1.57841036e-15  8.30732077e-16  3.46207323e-05 -2.14051436e-06 -1.30658252e-08  8.72018492e-10]:12.337483822680472
None:3257815532868.369:[ 5.00213267e-02 -2.69287914e-12 -4.47880931e-13  3.89352910e-11 -1.67989109e-10 -1.52779397e-15  8.38669734e-16  3.48422043e-05 -2.14149362e-06 -1.29682170e-08  8.42884980e-10]:12.512926489633191
733:3435258539859.5464:[ 4.66780489e-02 -2.69032026e-12 -4.66648737e-13  5.07585325e-11 -2.03617388e-10 -1.47765832e-15  8.16263145e-16  3.49418259e-05 -2.14160601e-06 -1.27650081e-08  8.44644796e-10]:12.535959427919302
8:6308950768138.254:[0. 0. 0. 0. 0. 0. 0. 0. 0. 0. 0.]:12.799957138404666
876:72220809251595.86:[ 6.19899560e-02 -1.95639802e-12 -4.59991486e-13  0.00000000e+00 -4.93265258e-11  0.00000000e+00  0.00000000e+00  0.00000000e+00 -1.24708111e-06  0.00000000e+00  0.00000000e+00]:13.858662350492546
877:280579064565145.34:[ 4.50704296e-02 -1.98379046e-12 -5.52177537e-13  4.71932567e-11 -2.53912375e-10 -1.05589032e-15  8.62293117e-16  2.78697933e-05  0.00000000e+00 -5.72657564e-09  8.97604478e-10]:14.448055262975197
Population scores:
664:[7.48661451e+11 9.75603925e+10]:[ 5.74364843e-02 -2.75358909e-12 -4.39439898e-13  3.54566964e-11 -1.18553218e-10 -1.58030604e-15  8.41811506e-16  3.18072727e-05 -2.14001173e-06 -1.30930188e-08  8.75713826e-10]:11.598817824716189
878:[8.41643161e+11 1.06815123e+11]:[ 5.79256712e-02 -2.73603720e-12 -4.58284180e-13  4.81962716e-11 -1.13500882e-10 -1.54573187e-15  8.34688883e-16  3.23346165e-05 -2.14033219e-06 -1.29598341e-08  8.66012602e-10]:11.646866583922117
880:[1.09815501e+12 1.07856626e+11]:[ 5.00213267e-02 -2.69287914e-12 -4.47880931e-13  3.89352910e-11 -1.67989109e-10 -1.52779397e-15  8.38669734e-16  3.48422043e-05 -2.14149362e-06 -1.29682170e-08  8.42884980e-10]:11.738081502739531
879:[7.85193405e+11 3.45460450e+11]:[ 5.44816471e-02 -2.69250214e-12 -4.38205233e-13  4.51943828e-11 -1.49822691e-10 -1.57841036e-15  8.30732077e-16  3.46207323e-05 -2.14051436e-06 -1.30658252e-08  8.72018492e-10]:11.81923969947632
%%%%%%%%%%%%%%%%%%%%%%%%%
%%%final - population%%%%
%%%%%%%%%%%%%%%%%%%%%%%%%
664:[7.48661451e+11 9.75603925e+10]:[ 5.74364843e-02 -2.75358909e-12 -4.39439898e-13  3.54566964e-11 -1.18553218e-10 -1.58030604e-15  8.41811506e-16  3.18072727e-05 -2.14001173e-06 -1.30930188e-08  8.75713826e-10]
878:[8.41643161e+11 1.06815123e+11]:[ 5.79256712e-02 -2.73603720e-12 -4.58284180e-13  4.81962716e-11 -1.13500882e-10 -1.54573187e-15  8.34688883e-16  3.23346165e-05 -2.14033219e-06 -1.29598341e-08  8.66012602e-10]
880:[1.09815501e+12 1.07856626e+11]:[ 5.00213267e-02 -2.69287914e-12 -4.47880931e-13  3.89352910e-11 -1.67989109e-10 -1.52779397e-15  8.38669734e-16  3.48422043e-05 -2.14149362e-06 -1.29682170e-08  8.42884980e-10]
879:[7.85193405e+11 3.45460450e+11]:[ 5.44816471e-02 -2.69250214e-12 -4.38205233e-13  4.51943828e-11 -1.49822691e-10 -1.57841036e-15  8.30732077e-16  3.46207323e-05 -2.14051436e-06 -1.30658252e-08  8.72018492e-10]
