Generating Population from
[ 5.74364843e-02 -2.75358909e-12 -4.39439898e-13  3.54566964e-11 -1.18553218e-10 -1.58030604e-15  8.41811506e-16  3.18072727e-05 -2.14001173e-06 -1.30930188e-08  8.75713826e-10]
[ 4.66780489e-02 -2.69032026e-12 -4.66648737e-13  5.07585325e-11 -2.03617388e-10 -1.47765832e-15  8.16263145e-16  3.49418259e-05 -2.14160601e-06 -1.27650081e-08  8.44644796e-10]
*******************************
***iteration: 0 Population is***
*******************************
Population scores:
664:[7.48661451e+11 9.75603925e+10]:[ 5.74364843e-02 -2.75358909e-12 -4.39439898e-13  3.54566964e-11 -1.18553218e-10 -1.58030604e-15  8.41811506e-16  3.18072727e-05 -2.14001173e-06 -1.30930188e-08  8.75713826e-10]:11.598817824716189
733:[9.89670460e+11 6.57745331e+10]:[ 4.66780489e-02 -2.69032026e-12 -4.66648737e-13  5.07585325e-11 -2.03617388e-10 -1.47765832e-15  8.16263145e-16  3.49418259e-05 -2.14160601e-06 -1.27650081e-08  8.44644796e-10]:11.6643059886052
881:[3.95406259e+11 9.79613320e+11]:[ 6.58328803e-02 -2.66598049e-12  0.00000000e+00  0.00000000e+00 -2.08121261e-10 -1.16138629e-15  0.00000000e+00  0.00000000e+00 -2.12329139e-06  0.00000000e+00  8.67631885e-10]:12.056056701212615
882:[1.68198427e+13 2.18455283e+13]:[ 5.12274307e-02  0.00000000e+00  0.00000000e+00  0.00000000e+00 -1.88935360e-10 -1.96227325e-15  0.00000000e+00  3.01767166e-05  0.00000000e+00 -2.11551842e-08  0.00000000e+00]:13.455962913921734
Selected: [1 0]
***************
***CROSSOVER***
***************
parents:
[ 4.66780489e-02 -2.69032026e-12 -4.66648737e-13  5.07585325e-11 -2.03617388e-10 -1.47765832e-15  8.16263145e-16  3.49418259e-05 -2.14160601e-06 -1.27650081e-08  8.44644796e-10]
[ 5.74364843e-02 -2.75358909e-12 -4.39439898e-13  3.54566964e-11 -1.18553218e-10 -1.58030604e-15  8.41811506e-16  3.18072727e-05 -2.14001173e-06 -1.30930188e-08  8.75713826e-10]
children:
[ 5.63618682e-02 -2.73056673e-12 -4.62099371e-13  4.70944247e-11 -1.88517364e-10 -1.56284008e-15  8.24461466e-16  3.21357770e-05 -2.14005462e-06 -1.30072473e-08  8.43306994e-10]
[ 4.79547270e-02 -2.75009512e-12 -4.59463222e-13  5.19248266e-11 -1.92991879e-10 -1.57546275e-15  8.42789467e-16  3.34077072e-05 -2.14092099e-06 -1.28539372e-08  8.64040616e-10]
[ 4.98643091e-02 -2.74020060e-12 -4.59314947e-13  5.04201080e-11 -2.02542030e-10 -1.47287524e-15  8.36459353e-16  3.21751691e-05 -2.14054603e-06 -1.28915014e-08  8.41790595e-10]
@@@@@@@@@@@@@@@@@@@@@@@@@
@@@merging population@@@@
@@@@@@@@@@@@@@@@@@@@@@@@@
Population scores:
881:820829647204.68:[ 6.58328803e-02 -2.66598049e-12  0.00000000e+00  0.00000000e+00 -2.08121261e-10 -1.16138629e-15  0.00000000e+00  0.00000000e+00 -2.12329139e-06  0.00000000e+00  8.67631885e-10]:11.914253034152816
664:1737036558573.4634:[ 5.74364843e-02 -2.75358909e-12 -4.39439898e-13  3.54566964e-11 -1.18553218e-10 -1.58030604e-15  8.41811506e-16  3.18072727e-05 -2.14001173e-06 -1.30930188e-08  8.75713826e-10]:12.239808958930483
None:2115390632371.0046:[ 4.79547270e-02 -2.75009512e-12 -4.59463222e-13  5.19248266e-11 -1.92991879e-10 -1.57546275e-15  8.42789467e-16  3.34077072e-05 -2.14092099e-06 -1.28539372e-08  8.64040616e-10]:12.325390576826099
None:2120491647112.8677:[ 5.63618682e-02 -2.73056673e-12 -4.62099371e-13  4.70944247e-11 -1.88517364e-10 -1.56284008e-15  8.24461466e-16  3.21357770e-05 -2.14005462e-06 -1.30072473e-08  8.43306994e-10]:12.326436566057726
None:2243642623415.9126:[ 4.98643091e-02 -2.74020060e-12 -4.59314947e-13  5.04201080e-11 -2.02542030e-10 -1.47287524e-15  8.36459353e-16  3.21751691e-05 -2.14054603e-06 -1.28915014e-08  8.41790595e-10]:12.350953681889493
733:3435258539859.5464:[ 4.66780489e-02 -2.69032026e-12 -4.66648737e-13  5.07585325e-11 -2.03617388e-10 -1.47765832e-15  8.16263145e-16  3.49418259e-05 -2.14160601e-06 -1.27650081e-08  8.44644796e-10]:12.535959427919302
8:6308950768138.254:[0. 0. 0. 0. 0. 0. 0. 0. 0. 0. 0.]:12.799957138404666
882:28966910901870.824:[ 5.12274307e-02  0.00000000e+00  0.00000000e+00  0.00000000e+00 -1.88935360e-10 -1.96227325e-15  0.00000000e+00  3.01767166e-05  0.00000000e+00 -2.11551842e-08  0.00000000e+00]:13.461902183508784
Population scores:
664:[7.48661451e+11 9.75603925e+10]:[ 5.74364843e-02 -2.75358909e-12 -4.39439898e-13  3.54566964e-11 -1.18553218e-10 -1.58030604e-15  8.41811506e-16  3.18072727e-05 -2.14001173e-06 -1.30930188e-08  8.75713826e-10]:11.598817824716189
883:[8.03556251e+11 8.39546017e+10]:[ 4.79547270e-02 -2.75009512e-12 -4.59463222e-13  5.19248266e-11 -1.92991879e-10 -1.57546275e-15  8.42789467e-16  3.34077072e-05 -2.14092099e-06 -1.28539372e-08  8.64040616e-10]:11.6078592139598
881:[3.95406259e+11 9.79613320e+11]:[ 6.58328803e-02 -2.66598049e-12  0.00000000e+00  0.00000000e+00 -2.08121261e-10 -1.16138629e-15  0.00000000e+00  0.00000000e+00 -2.12329139e-06  0.00000000e+00  8.67631885e-10]:12.056056701212615
884:[1.64911110e+12 9.28299936e+11]:[ 5.63618682e-02 -2.73056673e-12 -4.62099371e-13  4.70944247e-11 -1.88517364e-10 -1.56284008e-15  8.24461466e-16  3.21357770e-05 -2.14005462e-06 -1.30072473e-08  8.43306994e-10]:12.200835285549331
%%%%%%%%%%%%%%%%%%%%%%%%%
%%%final - population%%%%
%%%%%%%%%%%%%%%%%%%%%%%%%
664:[7.48661451e+11 9.75603925e+10]:[ 5.74364843e-02 -2.75358909e-12 -4.39439898e-13  3.54566964e-11 -1.18553218e-10 -1.58030604e-15  8.41811506e-16  3.18072727e-05 -2.14001173e-06 -1.30930188e-08  8.75713826e-10]
883:[8.03556251e+11 8.39546017e+10]:[ 4.79547270e-02 -2.75009512e-12 -4.59463222e-13  5.19248266e-11 -1.92991879e-10 -1.57546275e-15  8.42789467e-16  3.34077072e-05 -2.14092099e-06 -1.28539372e-08  8.64040616e-10]
881:[3.95406259e+11 9.79613320e+11]:[ 6.58328803e-02 -2.66598049e-12  0.00000000e+00  0.00000000e+00 -2.08121261e-10 -1.16138629e-15  0.00000000e+00  0.00000000e+00 -2.12329139e-06  0.00000000e+00  8.67631885e-10]
884:[1.64911110e+12 9.28299936e+11]:[ 5.63618682e-02 -2.73056673e-12 -4.62099371e-13  4.70944247e-11 -1.88517364e-10 -1.56284008e-15  8.24461466e-16  3.21357770e-05 -2.14005462e-06 -1.30072473e-08  8.43306994e-10]
