Generating Population from
[ 5.74364843e-02 -2.75358909e-12 -4.39439898e-13  3.54566964e-11 -1.18553218e-10 -1.58030604e-15  8.41811506e-16  3.18072727e-05 -2.14001173e-06 -1.30930188e-08  8.75713826e-10]
[ 4.66780489e-02 -2.69032026e-12 -4.66648737e-13  5.07585325e-11 -2.03617388e-10 -1.47765832e-15  8.16263145e-16  3.49418259e-05 -2.14160601e-06 -1.27650081e-08  8.44644796e-10]
[ 6.58328803e-02 -2.66598049e-12  0.00000000e+00  0.00000000e+00 -2.08121261e-10 -1.16138629e-15  0.00000000e+00  0.00000000e+00 -2.12329139e-06  0.00000000e+00  8.67631885e-10]
*******************************
***iteration: 0 Population is***
*******************************
Population scores:
664:[7.48661451e+11 9.75603925e+10]:[ 5.74364843e-02 -2.75358909e-12 -4.39439898e-13  3.54566964e-11 -1.18553218e-10 -1.58030604e-15  8.41811506e-16  3.18072727e-05 -2.14001173e-06 -1.30930188e-08  8.75713826e-10]:11.598817824716189
733:[9.89670460e+11 6.57745331e+10]:[ 4.66780489e-02 -2.69032026e-12 -4.66648737e-13  5.07585325e-11 -2.03617388e-10 -1.47765832e-15  8.16263145e-16  3.49418259e-05 -2.14160601e-06 -1.27650081e-08  8.44644796e-10]:11.6643059886052
881:[3.95406259e+11 9.79613320e+11]:[ 6.58328803e-02 -2.66598049e-12  0.00000000e+00  0.00000000e+00 -2.08121261e-10 -1.16138629e-15  0.00000000e+00  0.00000000e+00 -2.12329139e-06  0.00000000e+00  8.67631885e-10]:12.056056701212615
885:[3.67174020e+13 8.05452071e+13]:[0.00000000e+00 0.00000000e+00 0.00000000e+00 0.00000000e+00 0.00000000e+00 0.00000000e+00 0.00000000e+00 2.70956314e-05 0.00000000e+00 0.00000000e+00 0.00000000e+00]:13.978783670867195
886:[2.50254753e+14 4.73594882e+14]:[ 4.57046553e-02  0.00000000e+00 -4.38322771e-13  4.18770703e-11  0.00000000e+00  0.00000000e+00  0.00000000e+00  0.00000000e+00 -1.85798375e-06  0.00000000e+00  0.00000000e+00]:14.758682414707893
887:[3.43041794e+18 6.70771133e+18]:[ 5.58347917e-02 -2.32481376e-12 -1.02458343e-02  0.00000000e+00 -2.94494377e-10 -4.40705093e-16 -3.15616599e-02  9.79377610e-03  0.00000000e+00  0.00000000e+00  0.00000000e+00]:18.907404830293896
Selected: [0 1]
***************
***CROSSOVER***
***************
parents:
[ 5.74364843e-02 -2.75358909e-12 -4.39439898e-13  3.54566964e-11 -1.18553218e-10 -1.58030604e-15  8.41811506e-16  3.18072727e-05 -2.14001173e-06 -1.30930188e-08  8.75713826e-10]
[ 4.66780489e-02 -2.69032026e-12 -4.66648737e-13  5.07585325e-11 -2.03617388e-10 -1.47765832e-15  8.16263145e-16  3.49418259e-05 -2.14160601e-06 -1.27650081e-08  8.44644796e-10]
children:
[ 5.33176153e-02 -2.71042194e-12 -4.39987328e-13  4.64459428e-11 -1.74714999e-10 -1.50099458e-15  8.26393996e-16  3.30784431e-05 -2.14088409e-06 -1.28196519e-08  8.61366662e-10]
[ 4.96638212e-02 -2.70441243e-12 -4.62130472e-13  3.57794408e-11 -1.57957770e-10 -1.58366798e-15  8.38351432e-16  3.24136100e-05 -2.14148570e-06 -1.28680659e-08  8.78436222e-10]
[ 5.77807489e-02 -2.73689974e-12 -4.56913309e-13  4.30246349e-11 -1.17638019e-10 -1.55569523e-15  8.33154083e-16  3.41195889e-05 -2.13990255e-06 -1.28550835e-08  8.59805444e-10]
Selected: [1 0]
***************
***CROSSOVER***
***************
parents:
[ 4.66780489e-02 -2.69032026e-12 -4.66648737e-13  5.07585325e-11 -2.03617388e-10 -1.47765832e-15  8.16263145e-16  3.49418259e-05 -2.14160601e-06 -1.27650081e-08  8.44644796e-10]
[ 5.74364843e-02 -2.75358909e-12 -4.39439898e-13  3.54566964e-11 -1.18553218e-10 -1.58030604e-15  8.41811506e-16  3.18072727e-05 -2.14001173e-06 -1.30930188e-08  8.75713826e-10]
children:
[ 4.85898364e-02 -2.75361598e-12 -4.56379273e-13  3.73537864e-11 -1.26125957e-10 -1.54862092e-15  8.31529392e-16  3.37795379e-05 -2.14041075e-06 -1.31256424e-08  8.63972007e-10]
[ 4.77018896e-02 -2.71986668e-12 -4.47487951e-13  5.05373673e-11 -1.76584229e-10 -1.55111723e-15  8.16183022e-16  3.30739148e-05 -2.14099681e-06 -1.28912546e-08  8.74489220e-10]
[ 5.44516659e-02 -2.70096787e-12 -4.48852383e-13  5.05687140e-11 -1.29277825e-10 -1.48888236e-15  8.42355712e-16  3.48082863e-05 -2.14130863e-06 -1.30627181e-08  8.51776474e-10]
@@@@@@@@@@@@@@@@@@@@@@@@@
@@@merging population@@@@
@@@@@@@@@@@@@@@@@@@@@@@@@
Population scores:
881:820829647204.68:[ 6.58328803e-02 -2.66598049e-12  0.00000000e+00  0.00000000e+00 -2.08121261e-10 -1.16138629e-15  0.00000000e+00  0.00000000e+00 -2.12329139e-06  0.00000000e+00  8.67631885e-10]:11.914253034152816
664:1737036558573.4634:[ 5.74364843e-02 -2.75358909e-12 -4.39439898e-13  3.54566964e-11 -1.18553218e-10 -1.58030604e-15  8.41811506e-16  3.18072727e-05 -2.14001173e-06 -1.30930188e-08  8.75713826e-10]:12.239808958930483
None:1783660671203.351:[ 4.96638212e-02 -2.70441243e-12 -4.62130472e-13  3.57794408e-11 -1.57957770e-10 -1.58366798e-15  8.38351432e-16  3.24136100e-05 -2.14148570e-06 -1.28680659e-08  8.78436222e-10]:12.251312236452119
None:1882461863387.8398:[ 4.77018896e-02 -2.71986668e-12 -4.47487951e-13  5.05373673e-11 -1.76584229e-10 -1.55111723e-15  8.16183022e-16  3.30739148e-05 -2.14099681e-06 -1.28912546e-08  8.74489220e-10]:12.274726186632106
None:2085160328182.2168:[ 4.85898364e-02 -2.75361598e-12 -4.56379273e-13  3.73537864e-11 -1.26125957e-10 -1.54862092e-15  8.31529392e-16  3.37795379e-05 -2.14041075e-06 -1.31256424e-08  8.63972007e-10]:12.31913945353896
None:2097287007983.0742:[ 5.33176153e-02 -2.71042194e-12 -4.39987328e-13  4.64459428e-11 -1.74714999e-10 -1.50099458e-15  8.26393996e-16  3.30784431e-05 -2.14088409e-06 -1.28196519e-08  8.61366662e-10]:12.321657866542688
None:2415153363235.8955:[ 5.77807489e-02 -2.73689974e-12 -4.56913309e-13  4.30246349e-11 -1.17638019e-10 -1.55569523e-15  8.33154083e-16  3.41195889e-05 -2.13990255e-06 -1.28550835e-08  8.59805444e-10]:12.382944713842113
None:2802105155956.5747:[ 5.44516659e-02 -2.70096787e-12 -4.48852383e-13  5.05687140e-11 -1.29277825e-10 -1.48888236e-15  8.42355712e-16  3.48082863e-05 -2.14130863e-06 -1.30627181e-08  8.51776474e-10]:12.447484429234821
733:3435258539859.5464:[ 4.66780489e-02 -2.69032026e-12 -4.66648737e-13  5.07585325e-11 -2.03617388e-10 -1.47765832e-15  8.16263145e-16  3.49418259e-05 -2.14160601e-06 -1.27650081e-08  8.44644796e-10]:12.535959427919302
885:7400566668015.758:[0.00000000e+00 0.00000000e+00 0.00000000e+00 0.00000000e+00 0.00000000e+00 0.00000000e+00 0.00000000e+00 2.70956314e-05 0.00000000e+00 0.00000000e+00 0.00000000e+00]:12.869264975321515
886:189926100244862.47:[ 4.57046553e-02  0.00000000e+00 -4.38322771e-13  4.18770703e-11  0.00000000e+00  0.00000000e+00  0.00000000e+00  0.00000000e+00 -1.85798375e-06  0.00000000e+00  0.00000000e+00]:14.27858465095832
887:3.3007928201769016e+18:[ 5.58347917e-02 -2.32481376e-12 -1.02458343e-02  0.00000000e+00 -2.94494377e-10 -4.40705093e-16 -3.15616599e-02  9.79377610e-03  0.00000000e+00  0.00000000e+00  0.00000000e+00]:18.518618265960832
Population scores:
664:[7.48661451e+11 9.75603925e+10]:[ 5.74364843e-02 -2.75358909e-12 -4.39439898e-13  3.54566964e-11 -1.18553218e-10 -1.58030604e-15  8.41811506e-16  3.18072727e-05 -2.14001173e-06 -1.30930188e-08  8.75713826e-10]:11.598817824716189
888:[6.63749152e+11 1.35533176e+11]:[ 4.96638212e-02 -2.70441243e-12 -4.62130472e-13  3.57794408e-11 -1.57957770e-10 -1.58366798e-15  8.38351432e-16  3.24136100e-05 -2.14148570e-06 -1.28680659e-08  8.78436222e-10]:11.603179934295547
891:[8.23198030e+11 7.21265807e+10]:[ 5.33176153e-02 -2.71042194e-12 -4.39987328e-13  4.64459428e-11 -1.74714999e-10 -1.50099458e-15  8.26393996e-16  3.30784431e-05 -2.14088409e-06 -1.28196519e-08  8.61366662e-10]:11.60358363552975
890:[8.18355453e+11 7.44824900e+10]:[ 4.85898364e-02 -2.75361598e-12 -4.56379273e-13  3.73537864e-11 -1.26125957e-10 -1.54862092e-15  8.31529392e-16  3.37795379e-05 -2.14041075e-06 -1.31256424e-08  8.63972007e-10]:11.604036597795314
889:[6.98374553e+11 1.67180926e+11]:[ 4.77018896e-02 -2.71986668e-12 -4.47487951e-13  5.05373673e-11 -1.76584229e-10 -1.55111723e-15  8.16183022e-16  3.30739148e-05 -2.14099681e-06 -1.28912546e-08  8.74489220e-10]:11.649851368428967
881:[3.95406259e+11 9.79613320e+11]:[ 6.58328803e-02 -2.66598049e-12  0.00000000e+00  0.00000000e+00 -2.08121261e-10 -1.16138629e-15  0.00000000e+00  0.00000000e+00 -2.12329139e-06  0.00000000e+00  8.67631885e-10]:12.056056701212615
%%%%%%%%%%%%%%%%%%%%%%%%%
%%%final - population%%%%
%%%%%%%%%%%%%%%%%%%%%%%%%
664:[7.48661451e+11 9.75603925e+10]:[ 5.74364843e-02 -2.75358909e-12 -4.39439898e-13  3.54566964e-11 -1.18553218e-10 -1.58030604e-15  8.41811506e-16  3.18072727e-05 -2.14001173e-06 -1.30930188e-08  8.75713826e-10]
888:[6.63749152e+11 1.35533176e+11]:[ 4.96638212e-02 -2.70441243e-12 -4.62130472e-13  3.57794408e-11 -1.57957770e-10 -1.58366798e-15  8.38351432e-16  3.24136100e-05 -2.14148570e-06 -1.28680659e-08  8.78436222e-10]
891:[8.23198030e+11 7.21265807e+10]:[ 5.33176153e-02 -2.71042194e-12 -4.39987328e-13  4.64459428e-11 -1.74714999e-10 -1.50099458e-15  8.26393996e-16  3.30784431e-05 -2.14088409e-06 -1.28196519e-08  8.61366662e-10]
890:[8.18355453e+11 7.44824900e+10]:[ 4.85898364e-02 -2.75361598e-12 -4.56379273e-13  3.73537864e-11 -1.26125957e-10 -1.54862092e-15  8.31529392e-16  3.37795379e-05 -2.14041075e-06 -1.31256424e-08  8.63972007e-10]
889:[6.98374553e+11 1.67180926e+11]:[ 4.77018896e-02 -2.71986668e-12 -4.47487951e-13  5.05373673e-11 -1.76584229e-10 -1.55111723e-15  8.16183022e-16  3.30739148e-05 -2.14099681e-06 -1.28912546e-08  8.74489220e-10]
881:[3.95406259e+11 9.79613320e+11]:[ 6.58328803e-02 -2.66598049e-12  0.00000000e+00  0.00000000e+00 -2.08121261e-10 -1.16138629e-15  0.00000000e+00  0.00000000e+00 -2.12329139e-06  0.00000000e+00  8.67631885e-10]
