Generating Population from
[ 5.74364843e-02 -2.75358909e-12 -4.39439898e-13  3.54566964e-11 -1.18553218e-10 -1.58030604e-15  8.41811506e-16  3.18072727e-05 -2.14001173e-06 -1.30930188e-08  8.75713826e-10]
[ 4.66780489e-02 -2.69032026e-12 -4.66648737e-13  5.07585325e-11 -2.03617388e-10 -1.47765832e-15  8.16263145e-16  3.49418259e-05 -2.14160601e-06 -1.27650081e-08  8.44644796e-10]
[ 6.58328803e-02 -2.66598049e-12  0.00000000e+00  0.00000000e+00 -2.08121261e-10 -1.16138629e-15  0.00000000e+00  0.00000000e+00 -2.12329139e-06  0.00000000e+00  8.67631885e-10]
*******************************
***iteration: 0 Population is***
*******************************
Population scores:
664:[7.48661451e+11 9.75603925e+10]:[ 5.74364843e-02 -2.75358909e-12 -4.39439898e-13  3.54566964e-11 -1.18553218e-10 -1.58030604e-15  8.41811506e-16  3.18072727e-05 -2.14001173e-06 -1.30930188e-08  8.75713826e-10]:11.598817824716189
733:[9.89670460e+11 6.57745331e+10]:[ 4.66780489e-02 -2.69032026e-12 -4.66648737e-13  5.07585325e-11 -2.03617388e-10 -1.47765832e-15  8.16263145e-16  3.49418259e-05 -2.14160601e-06 -1.27650081e-08  8.44644796e-10]:11.6643059886052
897:[2.66691151e+11 9.44506185e+11]:[ 6.58328803e-02 -2.66598049e-12  0.00000000e+00  0.00000000e+00 -2.08121261e-10 -1.16138629e-15  0.00000000e+00  0.00000000e+00 -2.13207661e-06  0.00000000e+00  8.88770632e-10]:12.021678182146038
896:[3.95346018e+11 9.79507683e+11]:[ 5.72824537e-02 -2.66598049e-12  6.23881374e-02  0.00000000e+00 -2.08121261e-10 -1.16138629e-15  0.00000000e+00  0.00000000e+00 -2.12329139e-06  0.00000000e+00  8.67631885e-10]:12.056007178492413
881:[3.95406259e+11 9.79613320e+11]:[ 6.58328803e-02 -2.66598049e-12  0.00000000e+00  0.00000000e+00 -2.08121261e-10 -1.16138629e-15  0.00000000e+00  0.00000000e+00 -2.12329139e-06  0.00000000e+00  8.67631885e-10]:12.056056701212615
892:[2.06041876e+12 2.19700234e+12]:[ 5.05446974e-02 -2.75358909e-12 -4.39439898e-13  3.54566964e-11 -1.67447991e-10 -1.53484947e-15  8.41811506e-16  2.67051779e-05 -2.14001173e-06 -1.30930188e-08  8.75713826e-10]:12.480175140944834
895:[2.39887690e+12 3.10867059e+12]:[ 4.66780489e-02 -2.69032026e-12 -4.66648737e-13  4.94040627e-11 -1.43430841e-10 -6.52358317e-16  8.16263145e-16  3.98018109e-05 -2.14160601e-06 -1.27650081e-08  8.44644796e-10]:12.609404574651583
894:[3.18620957e+12 6.24967313e+12]:[ 3.79140861e-02 -1.70803271e-12 -4.57500930e-13  4.87109165e-11 -1.94190049e-10 -1.95746355e-15  8.16263145e-16  2.78572436e-05 -2.14160601e-06 -5.24700225e-09  8.44644796e-10]:12.876457846352633
893:[6.06423172e+13 1.09593226e+14]:[ 5.74364843e-02 -2.72485176e-12 -4.39439898e-13  3.54566964e-11 -1.33236229e-10 -1.58030604e-15  9.37493575e-16  2.60395705e-05 -2.51316516e-06 -1.98338875e-08  8.75713826e-10]:14.126618872945972
Selected: [1 0]
***************
***CROSSOVER***
***************
parents:
[ 4.66780489e-02 -2.69032026e-12 -4.66648737e-13  5.07585325e-11 -2.03617388e-10 -1.47765832e-15  8.16263145e-16  3.49418259e-05 -2.14160601e-06 -1.27650081e-08  8.44644796e-10]
[ 5.74364843e-02 -2.75358909e-12 -4.39439898e-13  3.54566964e-11 -1.18553218e-10 -1.58030604e-15  8.41811506e-16  3.18072727e-05 -2.14001173e-06 -1.30930188e-08  8.75713826e-10]
children:
[ 5.35897832e-02 -2.73823890e-12 -4.38750308e-13  4.51315630e-11 -1.58414821e-10 -1.46750640e-15  8.36607545e-16  3.20836789e-05 -2.14145430e-06 -1.28121779e-08  8.52068137e-10]
[ 4.60726443e-02 -2.71377740e-12 -4.38269939e-13  4.87645827e-11 -1.67251887e-10 -1.54350355e-15  8.34819718e-16  3.49326150e-05 -2.14042472e-06 -1.30985918e-08  8.55156167e-10]
[ 5.59416625e-02 -2.70909600e-12 -4.49205414e-13  3.85762763e-11 -1.82390616e-10 -1.50770242e-15  8.16828287e-16  3.29965826e-05 -2.14159211e-06 -1.30609781e-08  8.58377898e-10]
Selected: [1 0]
***************
***CROSSOVER***
***************
parents:
[ 4.66780489e-02 -2.69032026e-12 -4.66648737e-13  5.07585325e-11 -2.03617388e-10 -1.47765832e-15  8.16263145e-16  3.49418259e-05 -2.14160601e-06 -1.27650081e-08  8.44644796e-10]
[ 5.74364843e-02 -2.75358909e-12 -4.39439898e-13  3.54566964e-11 -1.18553218e-10 -1.58030604e-15  8.41811506e-16  3.18072727e-05 -2.14001173e-06 -1.30930188e-08  8.75713826e-10]
children:
[ 5.69632845e-02 -2.68474001e-12 -4.50283663e-13  4.25807858e-11 -1.61632767e-10 -1.47048070e-15  8.38833326e-16  3.25445483e-05 -2.14005210e-06 -1.28473855e-08  8.63050027e-10]
[ 4.67997460e-02 -2.71428839e-12 -4.51828609e-13  3.80578499e-11 -1.71445833e-10 -1.56090960e-15  8.24454933e-16  3.16477715e-05 -2.14126951e-06 -1.30561374e-08  8.48900387e-10]
[ 4.77020495e-02 -2.69037950e-12 -4.58783678e-13  5.05723234e-11 -1.81555970e-10 -1.48888636e-15  8.36093717e-16  3.28346096e-05 -2.14113026e-06 -1.30716194e-08  8.73593382e-10]
Selected: [0 1]
***************
***CROSSOVER***
***************
parents:
[ 5.74364843e-02 -2.75358909e-12 -4.39439898e-13  3.54566964e-11 -1.18553218e-10 -1.58030604e-15  8.41811506e-16  3.18072727e-05 -2.14001173e-06 -1.30930188e-08  8.75713826e-10]
[ 4.66780489e-02 -2.69032026e-12 -4.66648737e-13  5.07585325e-11 -2.03617388e-10 -1.47765832e-15  8.16263145e-16  3.49418259e-05 -2.14160601e-06 -1.27650081e-08  8.44644796e-10]
children:
[ 5.53105234e-02 -2.74852404e-12 -4.62861595e-13  3.41599963e-11 -1.44671135e-10 -1.57710758e-15  8.22933129e-16  3.35321889e-05 -2.14133285e-06 -1.28933865e-08  8.48266396e-10]
[ 4.77331311e-02 -2.71471926e-12 -4.37939386e-13  4.33712171e-11 -2.06655705e-10 -1.54155893e-15  8.40633096e-16  3.33485853e-05 -2.14034629e-06 -1.29162218e-08  8.47089275e-10]
[ 5.26313107e-02 -2.74349444e-12 -4.62140065e-13  4.34213375e-11 -1.65550903e-10 -1.55996853e-15  8.16194305e-16  3.41331978e-05 -2.14072496e-06 -1.27489966e-08  8.57274873e-10]
@@@@@@@@@@@@@@@@@@@@@@@@@
@@@merging population@@@@
@@@@@@@@@@@@@@@@@@@@@@@@@
Population scores:
881:820829647204.68:[ 6.58328803e-02 -2.66598049e-12  0.00000000e+00  0.00000000e+00 -2.08121261e-10 -1.16138629e-15  0.00000000e+00  0.00000000e+00 -2.12329139e-06  0.00000000e+00  8.67631885e-10]:11.914253034152816
896:820853849948.8372:[ 5.72824537e-02 -2.66598049e-12  6.23881374e-02  0.00000000e+00 -2.08121261e-10 -1.16138629e-15  0.00000000e+00  0.00000000e+00 -2.12329139e-06  0.00000000e+00  8.67631885e-10]:11.914265839444765
897:1343164708948.985:[ 6.58328803e-02 -2.66598049e-12  0.00000000e+00  0.00000000e+00 -2.08121261e-10 -1.16138629e-15  0.00000000e+00  0.00000000e+00 -2.13207661e-06  0.00000000e+00  8.88770632e-10]:12.128129272386941
664:1737036558573.4634:[ 5.74364843e-02 -2.75358909e-12 -4.39439898e-13  3.54566964e-11 -1.18553218e-10 -1.58030604e-15  8.41811506e-16  3.18072727e-05 -2.14001173e-06 -1.30930188e-08  8.75713826e-10]:12.239808958930483
None:1820417158520.1426:[ 4.77020495e-02 -2.69037950e-12 -4.58783678e-13  5.05723234e-11 -1.81555970e-10 -1.48888636e-15  8.36093717e-16  3.28346096e-05 -2.14113026e-06 -1.30716194e-08  8.73593382e-10]:12.260170920338803
None:1877841448695.9363:[ 4.67997460e-02 -2.71428839e-12 -4.51828609e-13  3.80578499e-11 -1.71445833e-10 -1.56090960e-15  8.24454933e-16  3.16477715e-05 -2.14126951e-06 -1.30561374e-08  8.48900387e-10]:12.273658920803731
None:1923667348900.5579:[ 5.69632845e-02 -2.68474001e-12 -4.50283663e-13  4.25807858e-11 -1.61632767e-10 -1.47048070e-15  8.38833326e-16  3.25445483e-05 -2.14005210e-06 -1.28473855e-08  8.63050027e-10]:12.284129973612755
None:2030627532027.7075:[ 5.35897832e-02 -2.73823890e-12 -4.38750308e-13  4.51315630e-11 -1.58414821e-10 -1.46750640e-15  8.36607545e-16  3.20836789e-05 -2.14145430e-06 -1.28121779e-08  8.52068137e-10]:12.307630270219363
None:2033099324608.0923:[ 5.59416625e-02 -2.70909600e-12 -4.49205414e-13  3.85762763e-11 -1.82390616e-10 -1.50770242e-15  8.16828287e-16  3.29965826e-05 -2.14159211e-06 -1.30609781e-08  8.58377898e-10]:12.308158596087873
893:2255933393476.608:[ 5.74364843e-02 -2.72485176e-12 -4.39439898e-13  3.54566964e-11 -1.33236229e-10 -1.58030604e-15  9.37493575e-16  2.60395705e-05 -2.51316516e-06 -1.98338875e-08  8.75713826e-10]:12.3533262729387
None:2479606930880.933:[ 4.77331311e-02 -2.71471926e-12 -4.37939386e-13  4.33712171e-11 -2.06655705e-10 -1.54155893e-15  8.40633096e-16  3.33485853e-05 -2.14034629e-06 -1.29162218e-08  8.47089275e-10]:12.394382841600788
892:2480922006005.756:[ 5.05446974e-02 -2.75358909e-12 -4.39439898e-13  3.54566964e-11 -1.67447991e-10 -1.53484947e-15  8.41811506e-16  2.67051779e-05 -2.14001173e-06 -1.30930188e-08  8.75713826e-10]:12.39461311135252
None:2543193136626.5054:[ 5.53105234e-02 -2.74852404e-12 -4.62861595e-13  3.41599963e-11 -1.44671135e-10 -1.57710758e-15  8.22933129e-16  3.35321889e-05 -2.14133285e-06 -1.28933865e-08  8.48266396e-10]:12.405379342867844
None:2578124198170.5835:[ 5.26313107e-02 -2.74349444e-12 -4.62140065e-13  4.34213375e-11 -1.65550903e-10 -1.55996853e-15  8.16194305e-16  3.41331978e-05 -2.14072496e-06 -1.27489966e-08  8.57274873e-10]:12.411303835158932
None:2693236766090.236:[ 4.60726443e-02 -2.71377740e-12 -4.38269939e-13  4.87645827e-11 -1.67251887e-10 -1.54350355e-15  8.34819718e-16  3.49326150e-05 -2.14042472e-06 -1.30985918e-08  8.55156167e-10]:12.430274534505667
733:3435258539859.5464:[ 4.66780489e-02 -2.69032026e-12 -4.66648737e-13  5.07585325e-11 -2.03617388e-10 -1.47765832e-15  8.16263145e-16  3.49418259e-05 -2.14160601e-06 -1.27650081e-08  8.44644796e-10]:12.535959427919302
895:6779621421516.58:[ 4.66780489e-02 -2.69032026e-12 -4.66648737e-13  4.94040627e-11 -1.43430841e-10 -6.52358317e-16  8.16263145e-16  3.98018109e-05 -2.14160601e-06 -1.27650081e-08  8.44644796e-10]:12.831205443256925
894:10599892878156.469:[ 3.79140861e-02 -1.70803271e-12 -4.57500930e-13  4.87109165e-11 -1.94190049e-10 -1.95746355e-15  8.16263145e-16  2.78572436e-05 -2.14160601e-06 -5.24700225e-09  8.44644796e-10]:13.025301476334525
*******************************
***iteration: 1 Population is***
*******************************
Population scores:
898:[7.00093104e+11 9.25540869e+10]:[ 4.77020495e-02 -2.69037950e-12 -4.58783678e-13  5.05723234e-11 -1.81555970e-10 -1.48888636e-15  8.36093717e-16  3.28346096e-05 -2.14113026e-06 -1.30716194e-08  8.73593382e-10]:11.571232742878589
664:[7.48661451e+11 9.75603925e+10]:[ 5.74364843e-02 -2.75358909e-12 -4.39439898e-13  3.54566964e-11 -1.18553218e-10 -1.58030604e-15  8.41811506e-16  3.18072727e-05 -2.14001173e-06 -1.30930188e-08  8.75713826e-10]:11.598817824716189
900:[8.14297438e+11 8.14102321e+10]:[ 5.69632845e-02 -2.68474001e-12 -4.50283663e-13  4.25807858e-11 -1.61632767e-10 -1.47048070e-15  8.38833326e-16  3.25445483e-05 -2.14005210e-06 -1.28473855e-08  8.63050027e-10]:11.609732259603161
902:[9.63302919e+11 1.49227381e+11]:[ 5.59416625e-02 -2.70909600e-12 -4.49205414e-13  3.85762763e-11 -1.82390616e-10 -1.50770242e-15  8.16828287e-16  3.29965826e-05 -2.14159211e-06 -1.30609781e-08  8.58377898e-10]:11.72798715467443
901:[1.14312747e+12 3.52264984e+11]:[ 5.35897832e-02 -2.73823890e-12 -4.38750308e-13  4.51315630e-11 -1.58414821e-10 -1.46750640e-15  8.36607545e-16  3.20836789e-05 -2.14145430e-06 -1.28121779e-08  8.52068137e-10]:11.908225421956042
897:[2.66691151e+11 9.44506185e+11]:[ 6.58328803e-02 -2.66598049e-12  0.00000000e+00  0.00000000e+00 -2.08121261e-10 -1.16138629e-15  0.00000000e+00  0.00000000e+00 -2.13207661e-06  0.00000000e+00  8.88770632e-10]:12.021678182146038
896:[3.95346018e+11 9.79507683e+11]:[ 5.72824537e-02 -2.66598049e-12  6.23881374e-02  0.00000000e+00 -2.08121261e-10 -1.16138629e-15  0.00000000e+00  0.00000000e+00 -2.12329139e-06  0.00000000e+00  8.67631885e-10]:12.056007178492413
881:[3.95406259e+11 9.79613320e+11]:[ 6.58328803e-02 -2.66598049e-12  0.00000000e+00  0.00000000e+00 -2.08121261e-10 -1.16138629e-15  0.00000000e+00  0.00000000e+00 -2.12329139e-06  0.00000000e+00  8.67631885e-10]:12.056056701212615
899:[1.60797569e+12 9.46933960e+11]:[ 4.67997460e-02 -2.71428839e-12 -4.51828609e-13  3.80578499e-11 -1.71445833e-10 -1.56090960e-15  8.24454933e-16  3.16477715e-05 -2.14126951e-06 -1.30561374e-08  8.48900387e-10]:12.201431057103852
Selected: [2 6]
***************
***CROSSOVER***
***************
parents:
[ 5.69632845e-02 -2.68474001e-12 -4.50283663e-13  4.25807858e-11 -1.61632767e-10 -1.47048070e-15  8.38833326e-16  3.25445483e-05 -2.14005210e-06 -1.28473855e-08  8.63050027e-10]
[ 5.72824537e-02 -2.66598049e-12  6.23881374e-02  0.00000000e+00 -2.08121261e-10 -1.16138629e-15  0.00000000e+00  0.00000000e+00 -2.12329139e-06  0.00000000e+00  8.67631885e-10]
children:
[ 5.72170432e-02 -2.66873918e-12 -5.04184753e-03 -1.02726405e-12 -1.82255794e-10 -1.19972194e-15  7.09581915e-16  1.48688248e-05 -2.12763475e-06 -1.39128403e-08  8.65083252e-10]
[ 5.70248056e-02 -2.67147261e-12  5.01410687e-02  1.35536005e-12 -1.97638345e-10 -1.20417997e-15 -7.48973285e-17  2.37780676e-05 -2.12971728e-06 -5.03503857e-09  8.65481519e-10]
[ 5.69359266e-02 -2.67583331e-12  3.66890236e-02  3.43807321e-11 -1.66347896e-10 -1.32137355e-15  3.55986521e-16  8.92785455e-06 -2.12191919e-06 -7.90358311e-09  8.63663438e-10]
Selected: [3 0]
***************
***CROSSOVER***
***************
parents:
[ 5.59416625e-02 -2.70909600e-12 -4.49205414e-13  3.85762763e-11 -1.82390616e-10 -1.50770242e-15  8.16828287e-16  3.29965826e-05 -2.14159211e-06 -1.30609781e-08  8.58377898e-10]
[ 4.77020495e-02 -2.69037950e-12 -4.58783678e-13  5.05723234e-11 -1.81555970e-10 -1.48888636e-15  8.36093717e-16  3.28346096e-05 -2.14113026e-06 -1.30716194e-08  8.73593382e-10]
children:
[ 5.04853189e-02 -2.70528645e-12 -4.51412972e-13  4.80055960e-11 -1.82296250e-10 -1.48822279e-15  8.26913133e-16  3.29927005e-05 -2.14142709e-06 -1.30656038e-08  8.63764990e-10]
[ 4.77952912e-02 -2.70956193e-12 -4.52314042e-13  5.06772997e-11 -1.82302201e-10 -1.50405121e-15  8.34921961e-16  3.29487671e-05 -2.14149466e-06 -1.30704213e-08  8.73439048e-10]
[ 4.74490818e-02 -2.68940573e-12 -4.48649458e-13  4.63716720e-11 -1.82177197e-10 -1.50452075e-15  8.15005688e-16  3.29624273e-05 -2.14141506e-06 -1.30682668e-08  8.60429789e-10]
Selected: [1 2]
***************
***CROSSOVER***
***************
parents:
[ 5.74364843e-02 -2.75358909e-12 -4.39439898e-13  3.54566964e-11 -1.18553218e-10 -1.58030604e-15  8.41811506e-16  3.18072727e-05 -2.14001173e-06 -1.30930188e-08  8.75713826e-10]
[ 5.69632845e-02 -2.68474001e-12 -4.50283663e-13  4.25807858e-11 -1.61632767e-10 -1.47048070e-15  8.38833326e-16  3.25445483e-05 -2.14005210e-06 -1.28473855e-08  8.63050027e-10]
children:
[ 5.72960852e-02 -2.73401949e-12 -4.46698331e-13  4.20507715e-11 -1.45617631e-10 -1.54038602e-15  8.39353397e-16  3.18001172e-05 -2.14003508e-06 -1.30448524e-08  8.74684703e-10]
[ 5.72078049e-02 -2.67914966e-12 -4.47250284e-13  3.89184148e-11 -1.63472914e-10 -1.58156415e-15  8.40555710e-16  3.26167514e-05 -2.14004779e-06 -1.28709979e-08  8.75635447e-10]
[ 5.71977092e-02 -2.69970874e-12 -4.50944638e-13  4.16292496e-11 -1.45445718e-10 -1.47780963e-15  8.38573675e-16  3.20718480e-05 -2.14000809e-06 -1.29166041e-08  8.64746147e-10]
@@@@@@@@@@@@@@@@@@@@@@@@@
@@@merging population@@@@
@@@@@@@@@@@@@@@@@@@@@@@@@
Population scores:
881:820829647204.68:[ 6.58328803e-02 -2.66598049e-12  0.00000000e+00  0.00000000e+00 -2.08121261e-10 -1.16138629e-15  0.00000000e+00  0.00000000e+00 -2.12329139e-06  0.00000000e+00  8.67631885e-10]:11.914253034152816
896:820853849948.8372:[ 5.72824537e-02 -2.66598049e-12  6.23881374e-02  0.00000000e+00 -2.08121261e-10 -1.16138629e-15  0.00000000e+00  0.00000000e+00 -2.12329139e-06  0.00000000e+00  8.67631885e-10]:11.914265839444765
897:1343164708948.985:[ 6.58328803e-02 -2.66598049e-12  0.00000000e+00  0.00000000e+00 -2.08121261e-10 -1.16138629e-15  0.00000000e+00  0.00000000e+00 -2.13207661e-06  0.00000000e+00  8.88770632e-10]:12.128129272386941
None:1731592255694.4995:[ 5.72960852e-02 -2.73401949e-12 -4.46698331e-13  4.20507715e-11 -1.45617631e-10 -1.54038602e-15  8.39353397e-16  3.18001172e-05 -2.14003508e-06 -1.30448524e-08  8.74684703e-10]:12.238445634823803
664:1737036558573.4634:[ 5.74364843e-02 -2.75358909e-12 -4.39439898e-13  3.54566964e-11 -1.18553218e-10 -1.58030604e-15  8.41811506e-16  3.18072727e-05 -2.14001173e-06 -1.30930188e-08  8.75713826e-10]:12.239808958930483
None:1799483132170.2598:[ 5.71977092e-02 -2.69970874e-12 -4.50944638e-13  4.16292496e-11 -1.45445718e-10 -1.47780963e-15  8.38573675e-16  3.20718480e-05 -2.14000809e-06 -1.29166041e-08  8.64746147e-10]:12.255147780058277
None:1809362624522.0742:[ 5.72078049e-02 -2.67914966e-12 -4.47250284e-13  3.89184148e-11 -1.63472914e-10 -1.58156415e-15  8.40555710e-16  3.26167514e-05 -2.14004779e-06 -1.28709979e-08  8.75635447e-10]:12.25752561497843
898:1820417158520.1426:[ 4.77020495e-02 -2.69037950e-12 -4.58783678e-13  5.05723234e-11 -1.81555970e-10 -1.48888636e-15  8.36093717e-16  3.28346096e-05 -2.14113026e-06 -1.30716194e-08  8.73593382e-10]:12.260170920338803
None:1837830951231.7844:[ 4.77952912e-02 -2.70956193e-12 -4.52314042e-13  5.06772997e-11 -1.82302201e-10 -1.50405121e-15  8.34921961e-16  3.29487671e-05 -2.14149466e-06 -1.30704213e-08  8.73439048e-10]:12.264305561280967
899:1877841448695.9363:[ 4.67997460e-02 -2.71428839e-12 -4.51828609e-13  3.80578499e-11 -1.71445833e-10 -1.56090960e-15  8.24454933e-16  3.16477715e-05 -2.14126951e-06 -1.30561374e-08  8.48900387e-10]:12.273658920803731
900:1923667348900.5579:[ 5.69632845e-02 -2.68474001e-12 -4.50283663e-13  4.25807858e-11 -1.61632767e-10 -1.47048070e-15  8.38833326e-16  3.25445483e-05 -2.14005210e-06 -1.28473855e-08  8.63050027e-10]:12.284129973612755
None:1943377755944.0007:[ 5.04853189e-02 -2.70528645e-12 -4.51412972e-13  4.80055960e-11 -1.82296250e-10 -1.48822279e-15  8.26913133e-16  3.29927005e-05 -2.14142709e-06 -1.30656038e-08  8.63764990e-10]:12.288557227453168
None:1985540482643.2417:[ 4.74490818e-02 -2.68940573e-12 -4.48649458e-13  4.63716720e-11 -1.82177197e-10 -1.50452075e-15  8.15005688e-16  3.29624273e-05 -2.14141506e-06 -1.30682668e-08  8.60429789e-10]:12.297878746201887
901:2030627532027.7075:[ 5.35897832e-02 -2.73823890e-12 -4.38750308e-13  4.51315630e-11 -1.58414821e-10 -1.46750640e-15  8.36607545e-16  3.20836789e-05 -2.14145430e-06 -1.28121779e-08  8.52068137e-10]:12.307630270219363
902:2033099324608.0923:[ 5.59416625e-02 -2.70909600e-12 -4.49205414e-13  3.85762763e-11 -1.82390616e-10 -1.50770242e-15  8.16828287e-16  3.29965826e-05 -2.14159211e-06 -1.30609781e-08  8.58377898e-10]:12.308158596087873
None:4738762652176.471:[ 5.70248056e-02 -2.67147261e-12  5.01410687e-02  1.35536005e-12 -1.97638345e-10 -1.20417997e-15 -7.48973285e-17  2.37780676e-05 -2.12971728e-06 -5.03503857e-09  8.65481519e-10]:12.675664956972996
None:5115863258654.599:[ 5.69359266e-02 -2.67583331e-12  3.66890236e-02  3.43807321e-11 -1.66347896e-10 -1.32137355e-15  3.55986521e-16  8.92785455e-06 -2.12191919e-06 -7.90358311e-09  8.63663438e-10]:12.708918927752393
None:12665822359866.965:[ 5.72170432e-02 -2.66873918e-12 -5.04184753e-03 -1.02726405e-12 -1.82255794e-10 -1.19972194e-15  7.09581915e-16  1.48688248e-05 -2.12763475e-06 -1.39128403e-08  8.65083252e-10]:13.102633392686204
*******************************
***iteration: 2 Population is***
*******************************
Population scores:
898:[7.00093104e+11 9.25540869e+10]:[ 4.77020495e-02 -2.69037950e-12 -4.58783678e-13  5.05723234e-11 -1.81555970e-10 -1.48888636e-15  8.36093717e-16  3.28346096e-05 -2.14113026e-06 -1.30716194e-08  8.73593382e-10]:11.571232742878589
906:[7.06031950e+11 9.64018983e+10]:[ 4.77952912e-02 -2.70956193e-12 -4.52314042e-13  5.06772997e-11 -1.82302201e-10 -1.50405121e-15  8.34921961e-16  3.29487671e-05 -2.14149466e-06 -1.30704213e-08  8.73439048e-10]:11.578426798690012
903:[7.38208209e+11 9.18744267e+10]:[ 5.72960852e-02 -2.73401949e-12 -4.46698331e-13  4.20507715e-11 -1.45617631e-10 -1.54038602e-15  8.39353397e-16  3.18001172e-05 -2.14003508e-06 -1.30448524e-08  8.74684703e-10]:11.58788791285945
664:[7.48661451e+11 9.75603925e+10]:[ 5.74364843e-02 -2.75358909e-12 -4.39439898e-13  3.54566964e-11 -1.18553218e-10 -1.58030604e-15  8.41811506e-16  3.18072727e-05 -2.14001173e-06 -1.30930188e-08  8.75713826e-10]:11.598817824716189
905:[6.82810411e+11 1.29032548e+11]:[ 5.72078049e-02 -2.67914966e-12 -4.47250284e-13  3.89184148e-11 -1.63472914e-10 -1.58156415e-15  8.40555710e-16  3.26167514e-05 -2.14004779e-06 -1.28709979e-08  8.75635447e-10]:11.604395322077767
904:[8.44076613e+11 1.20390924e+11]:[ 5.71977092e-02 -2.69970874e-12 -4.50944638e-13  4.16292496e-11 -1.45445718e-10 -1.47780963e-15  8.38573675e-16  3.20718480e-05 -2.14000809e-06 -1.29166041e-08  8.64746147e-10]:11.660885930780948
897:[2.66691151e+11 9.44506185e+11]:[ 6.58328803e-02 -2.66598049e-12  0.00000000e+00  0.00000000e+00 -2.08121261e-10 -1.16138629e-15  0.00000000e+00  0.00000000e+00 -2.13207661e-06  0.00000000e+00  8.88770632e-10]:12.021678182146038
896:[3.95346018e+11 9.79507683e+11]:[ 5.72824537e-02 -2.66598049e-12  6.23881374e-02  0.00000000e+00 -2.08121261e-10 -1.16138629e-15  0.00000000e+00  0.00000000e+00 -2.12329139e-06  0.00000000e+00  8.67631885e-10]:12.056007178492413
881:[3.95406259e+11 9.79613320e+11]:[ 6.58328803e-02 -2.66598049e-12  0.00000000e+00  0.00000000e+00 -2.08121261e-10 -1.16138629e-15  0.00000000e+00  0.00000000e+00 -2.12329139e-06  0.00000000e+00  8.67631885e-10]:12.056056701212615
Selected: [0 3]
***************
***CROSSOVER***
***************
parents:
[ 4.77020495e-02 -2.69037950e-12 -4.58783678e-13  5.05723234e-11 -1.81555970e-10 -1.48888636e-15  8.36093717e-16  3.28346096e-05 -2.14113026e-06 -1.30716194e-08  8.73593382e-10]
[ 5.74364843e-02 -2.75358909e-12 -4.39439898e-13  3.54566964e-11 -1.18553218e-10 -1.58030604e-15  8.41811506e-16  3.18072727e-05 -2.14001173e-06 -1.30930188e-08  8.75713826e-10]
children:
[ 5.40038159e-02 -2.71214494e-12 -4.40371935e-13  4.37805587e-11 -1.39619373e-10 -1.58157506e-15  8.40095963e-16  3.27588885e-05 -2.14045306e-06 -1.30731984e-08  8.75285705e-10]
[ 5.06045403e-02 -2.70907499e-12 -4.56381373e-13  4.37041175e-11 -1.14743936e-10 -1.50447301e-15  8.36134569e-16  3.19987113e-05 -2.14112304e-06 -1.30814766e-08  8.75903074e-10]
[ 5.45483098e-02 -2.71955777e-12 -4.51198215e-13  4.23149875e-11 -1.71148508e-10 -1.57837032e-15  8.39096228e-16  3.22514182e-05 -2.14072593e-06 -1.30821593e-08  8.75911555e-10]
Selected: [1 4]
***************
***CROSSOVER***
***************
parents:
[ 4.77952912e-02 -2.70956193e-12 -4.52314042e-13  5.06772997e-11 -1.82302201e-10 -1.50405121e-15  8.34921961e-16  3.29487671e-05 -2.14149466e-06 -1.30704213e-08  8.73439048e-10]
[ 5.72078049e-02 -2.67914966e-12 -4.47250284e-13  3.89184148e-11 -1.63472914e-10 -1.58156415e-15  8.40555710e-16  3.26167514e-05 -2.14004779e-06 -1.28709979e-08  8.75635447e-10]
children:
[ 4.72758825e-02 -2.70197302e-12 -4.50052514e-13  4.78405912e-11 -1.73946127e-10 -1.56290760e-15  8.34776785e-16  3.27297191e-05 -2.14099404e-06 -1.30250332e-08  8.74616287e-10]
[ 5.74713874e-02 -2.68020896e-12 -4.47408466e-13  4.56165786e-11 -1.63196570e-10 -1.52631513e-15  8.34580783e-16  3.26800403e-05 -2.14155361e-06 -1.29991347e-08  8.75849852e-10]
[ 5.76949472e-02 -2.68467995e-12 -4.47457449e-13  4.08549716e-11 -1.71049270e-10 -1.55263802e-15  8.39045243e-16  3.28270951e-05 -2.14101139e-06 -1.30040164e-08  8.75215810e-10]
Selected: [7 5]
***************
***CROSSOVER***
***************
parents:
[ 5.72824537e-02 -2.66598049e-12  6.23881374e-02  0.00000000e+00 -2.08121261e-10 -1.16138629e-15  0.00000000e+00  0.00000000e+00 -2.12329139e-06  0.00000000e+00  8.67631885e-10]
[ 5.71977092e-02 -2.69970874e-12 -4.50944638e-13  4.16292496e-11 -1.45445718e-10 -1.47780963e-15  8.38573675e-16  3.20718480e-05 -2.14000809e-06 -1.29166041e-08  8.64746147e-10]
children:
[ 5.72625525e-02 -2.68730236e-12  5.58534159e-02  3.31684450e-11 -1.66457507e-10 -1.32798453e-15  4.70373545e-16  1.54726209e-05 -2.12227597e-06 -1.29574162e-08  8.66410139e-10]
[ 5.72586957e-02 -2.68450471e-12  3.03836828e-02  3.79676151e-12 -1.87107271e-10 -1.45757807e-15  5.87977689e-16 -2.62287327e-06 -2.13171190e-06 -6.43663652e-09  8.66484236e-10]
[ 5.72000441e-02 -2.68652668e-12  2.42151143e-02  3.13002786e-11 -1.58572725e-10 -1.28296764e-15  2.08102250e-16  2.40455501e-05 -2.12335900e-06 -5.79533756e-09  8.66561736e-10]
@@@@@@@@@@@@@@@@@@@@@@@@@
@@@merging population@@@@
@@@@@@@@@@@@@@@@@@@@@@@@@
Population scores:
881:820829647204.68:[ 6.58328803e-02 -2.66598049e-12  0.00000000e+00  0.00000000e+00 -2.08121261e-10 -1.16138629e-15  0.00000000e+00  0.00000000e+00 -2.12329139e-06  0.00000000e+00  8.67631885e-10]:11.914253034152816
896:820853849948.8372:[ 5.72824537e-02 -2.66598049e-12  6.23881374e-02  0.00000000e+00 -2.08121261e-10 -1.16138629e-15  0.00000000e+00  0.00000000e+00 -2.12329139e-06  0.00000000e+00  8.67631885e-10]:11.914265839444765
897:1343164708948.985:[ 6.58328803e-02 -2.66598049e-12  0.00000000e+00  0.00000000e+00 -2.08121261e-10 -1.16138629e-15  0.00000000e+00  0.00000000e+00 -2.13207661e-06  0.00000000e+00  8.88770632e-10]:12.128129272386941
903:1731592255694.4995:[ 5.72960852e-02 -2.73401949e-12 -4.46698331e-13  4.20507715e-11 -1.45617631e-10 -1.54038602e-15  8.39353397e-16  3.18001172e-05 -2.14003508e-06 -1.30448524e-08  8.74684703e-10]:12.238445634823803
664:1737036558573.4634:[ 5.74364843e-02 -2.75358909e-12 -4.39439898e-13  3.54566964e-11 -1.18553218e-10 -1.58030604e-15  8.41811506e-16  3.18072727e-05 -2.14001173e-06 -1.30930188e-08  8.75713826e-10]:12.239808958930483
None:1745337171536.603:[ 5.06045403e-02 -2.70907499e-12 -4.56381373e-13  4.37041175e-11 -1.14743936e-10 -1.50447301e-15  8.36134569e-16  3.19987113e-05 -2.14112304e-06 -1.30814766e-08  8.75903074e-10]:12.241879338225138
None:1758848678269.3447:[ 5.45483098e-02 -2.71955777e-12 -4.51198215e-13  4.23149875e-11 -1.71148508e-10 -1.57837032e-15  8.39096228e-16  3.22514182e-05 -2.14072593e-06 -1.30821593e-08  8.75911555e-10]:12.245228476740262
904:1799483132170.2598:[ 5.71977092e-02 -2.69970874e-12 -4.50944638e-13  4.16292496e-11 -1.45445718e-10 -1.47780963e-15  8.38573675e-16  3.20718480e-05 -2.14000809e-06 -1.29166041e-08  8.64746147e-10]:12.255147780058277
None:1801800821352.4243:[ 5.40038159e-02 -2.71214494e-12 -4.40371935e-13  4.37805587e-11 -1.39619373e-10 -1.58157506e-15  8.40095963e-16  3.27588885e-05 -2.14045306e-06 -1.30731984e-08  8.75285705e-10]:12.255706780556176
None:1804213995900.0059:[ 5.74713874e-02 -2.68020896e-12 -4.47408466e-13  4.56165786e-11 -1.63196570e-10 -1.52631513e-15  8.34580783e-16  3.26800403e-05 -2.14155361e-06 -1.29991347e-08  8.75849852e-10]:12.25628804746685
None:1809244763397.6772:[ 4.72758825e-02 -2.70197302e-12 -4.50052514e-13  4.78405912e-11 -1.73946127e-10 -1.56290760e-15  8.34776785e-16  3.27297191e-05 -2.14099404e-06 -1.30250332e-08  8.74616287e-10]:12.257497324296137
905:1809362624522.0742:[ 5.72078049e-02 -2.67914966e-12 -4.47250284e-13  3.89184148e-11 -1.63472914e-10 -1.58156415e-15  8.40555710e-16  3.26167514e-05 -2.14004779e-06 -1.28709979e-08  8.75635447e-10]:12.25752561497843
898:1820417158520.1426:[ 4.77020495e-02 -2.69037950e-12 -4.58783678e-13  5.05723234e-11 -1.81555970e-10 -1.48888636e-15  8.36093717e-16  3.28346096e-05 -2.14113026e-06 -1.30716194e-08  8.73593382e-10]:12.260170920338803
None:1820998676637.6094:[ 5.76949472e-02 -2.68467995e-12 -4.47457449e-13  4.08549716e-11 -1.71049270e-10 -1.55263802e-15  8.39045243e-16  3.28270951e-05 -2.14101139e-06 -1.30040164e-08  8.75215810e-10]:12.260309630183063
906:1837830951231.7844:[ 4.77952912e-02 -2.70956193e-12 -4.52314042e-13  5.06772997e-11 -1.82302201e-10 -1.50405121e-15  8.34921961e-16  3.29487671e-05 -2.14149466e-06 -1.30704213e-08  8.73439048e-10]:12.264305561280967
None:3615442725096.8975:[ 5.72000441e-02 -2.68652668e-12  2.42151143e-02  3.13002786e-11 -1.58572725e-10 -1.28296764e-15  2.08102250e-16  2.40455501e-05 -2.12335900e-06 -5.79533756e-09  8.66561736e-10]:12.55816148594419
None:9933720786464.871:[ 5.72625525e-02 -2.68730236e-12  5.58534159e-02  3.31684450e-11 -1.66457507e-10 -1.32798453e-15  4.70373545e-16  1.54726209e-05 -2.12227597e-06 -1.29574162e-08  8.66410139e-10]:12.997111948833984
None:13364360400093.7:[ 5.72586957e-02 -2.68450471e-12  3.03836828e-02  3.79676151e-12 -1.87107271e-10 -1.45757807e-15  5.87977689e-16 -2.62287327e-06 -2.13171190e-06 -6.43663652e-09  8.66484236e-10]:13.125948178853365
*******************************
***iteration: 3 Population is***
*******************************
Population scores:
907:[7.05610955e+11 8.04740326e+10]:[ 5.06045403e-02 -2.70907499e-12 -4.56381373e-13  4.37041175e-11 -1.14743936e-10 -1.50447301e-15  8.36134569e-16  3.19987113e-05 -2.14112304e-06 -1.30814766e-08  8.75903074e-10]:11.559569604478312
908:[7.16085848e+11 8.07050175e+10]:[ 5.45483098e-02 -2.71955777e-12 -4.51198215e-13  4.23149875e-11 -1.71148508e-10 -1.57837032e-15  8.39096228e-16  3.22514182e-05 -2.14072593e-06 -1.30821593e-08  8.75911555e-10]:11.564830942462466
909:[7.03339972e+11 9.35426012e+10]:[ 5.40038159e-02 -2.71214494e-12 -4.40371935e-13  4.37805587e-11 -1.39619373e-10 -1.58157506e-15  8.40095963e-16  3.27588885e-05 -2.14045306e-06 -1.30731984e-08  8.75285705e-10]:11.573890637883176
903:[7.38208209e+11 9.18744267e+10]:[ 5.72960852e-02 -2.73401949e-12 -4.46698331e-13  4.20507715e-11 -1.45617631e-10 -1.54038602e-15  8.39353397e-16  3.18001172e-05 -2.14003508e-06 -1.30448524e-08  8.74684703e-10]:11.58788791285945
664:[7.48661451e+11 9.75603925e+10]:[ 5.74364843e-02 -2.75358909e-12 -4.39439898e-13  3.54566964e-11 -1.18553218e-10 -1.58030604e-15  8.41811506e-16  3.18072727e-05 -2.14001173e-06 -1.30930188e-08  8.75713826e-10]:11.598817824716189
904:[8.44076613e+11 1.20390924e+11]:[ 5.71977092e-02 -2.69970874e-12 -4.50944638e-13  4.16292496e-11 -1.45445718e-10 -1.47780963e-15  8.38573675e-16  3.20718480e-05 -2.14000809e-06 -1.29166041e-08  8.64746147e-10]:11.660885930780948
897:[2.66691151e+11 9.44506185e+11]:[ 6.58328803e-02 -2.66598049e-12  0.00000000e+00  0.00000000e+00 -2.08121261e-10 -1.16138629e-15  0.00000000e+00  0.00000000e+00 -2.13207661e-06  0.00000000e+00  8.88770632e-10]:12.021678182146038
896:[3.95346018e+11 9.79507683e+11]:[ 5.72824537e-02 -2.66598049e-12  6.23881374e-02  0.00000000e+00 -2.08121261e-10 -1.16138629e-15  0.00000000e+00  0.00000000e+00 -2.12329139e-06  0.00000000e+00  8.67631885e-10]:12.056007178492413
881:[3.95406259e+11 9.79613320e+11]:[ 6.58328803e-02 -2.66598049e-12  0.00000000e+00  0.00000000e+00 -2.08121261e-10 -1.16138629e-15  0.00000000e+00  0.00000000e+00 -2.12329139e-06  0.00000000e+00  8.67631885e-10]:12.056056701212615
Selected: [4 1]
***************
***CROSSOVER***
***************
parents:
[ 5.74364843e-02 -2.75358909e-12 -4.39439898e-13  3.54566964e-11 -1.18553218e-10 -1.58030604e-15  8.41811506e-16  3.18072727e-05 -2.14001173e-06 -1.30930188e-08  8.75713826e-10]
[ 5.45483098e-02 -2.71955777e-12 -4.51198215e-13  4.23149875e-11 -1.71148508e-10 -1.57837032e-15  8.39096228e-16  3.22514182e-05 -2.14072593e-06 -1.30821593e-08  8.75911555e-10]
children:
[ 5.57999947e-02 -2.74944947e-12 -4.41378277e-13  3.93015527e-11 -1.16520667e-10 -1.57975890e-15  8.41581809e-16  3.18671842e-05 -2.14000296e-06 -1.30834120e-08  8.75895096e-10]
[ 5.74897827e-02 -2.72648555e-12 -4.48326934e-13  3.60213470e-11 -1.15628545e-10 -1.57936169e-15  8.41942003e-16  3.20419749e-05 -2.14072531e-06 -1.30903398e-08  8.75854380e-10]
[ 5.52448835e-02 -2.74970055e-12 -4.48076589e-13  4.07822845e-11 -1.69792698e-10 -1.57838164e-15  8.41105084e-16  3.19529963e-05 -2.14041043e-06 -1.30926132e-08  8.75721230e-10]
Selected: [5 3]
***************
***CROSSOVER***
***************
parents:
[ 5.71977092e-02 -2.69970874e-12 -4.50944638e-13  4.16292496e-11 -1.45445718e-10 -1.47780963e-15  8.38573675e-16  3.20718480e-05 -2.14000809e-06 -1.29166041e-08  8.64746147e-10]
[ 5.72960852e-02 -2.73401949e-12 -4.46698331e-13  4.20507715e-11 -1.45617631e-10 -1.54038602e-15  8.39353397e-16  3.18001172e-05 -2.14003508e-06 -1.30448524e-08  8.74684703e-10]
children:
[ 5.72922494e-02 -2.71688831e-12 -4.46409201e-13  4.19021836e-11 -1.45446725e-10 -1.52501356e-15  8.38716260e-16  3.17894972e-05 -2.14002292e-06 -1.29112451e-08  8.74264749e-10]
[ 5.72583134e-02 -2.71004511e-12 -4.49246917e-13  4.19184704e-11 -1.45465508e-10 -1.53763148e-15  8.38987719e-16  3.20238819e-05 -2.14003031e-06 -1.29706111e-08  8.71822339e-10]
[ 5.72926780e-02 -2.73062226e-12 -4.50145872e-13  4.20121477e-11 -1.45615454e-10 -1.48569864e-15  8.38580771e-16  3.20348852e-05 -2.14001572e-06 -1.30022235e-08  8.64030523e-10]
Selected: [5 3]
***************
***CROSSOVER***
***************
parents:
[ 5.71977092e-02 -2.69970874e-12 -4.50944638e-13  4.16292496e-11 -1.45445718e-10 -1.47780963e-15  8.38573675e-16  3.20718480e-05 -2.14000809e-06 -1.29166041e-08  8.64746147e-10]
[ 5.72960852e-02 -2.73401949e-12 -4.46698331e-13  4.20507715e-11 -1.45617631e-10 -1.54038602e-15  8.39353397e-16  3.18001172e-05 -2.14003508e-06 -1.30448524e-08  8.74684703e-10]
children:
[ 5.72603185e-02 -2.70008783e-12 -4.49514025e-13  4.20808883e-11 -1.45478460e-10 -1.53280405e-15  8.38710156e-16  3.19649037e-05 -2.14000784e-06 -1.30122733e-08  8.68064435e-10]
[ 5.72818104e-02 -2.72439889e-12 -4.49831134e-13  4.18228906e-11 -1.45527692e-10 -1.48052130e-15  8.39097945e-16  3.18621826e-05 -2.14000545e-06 -1.29177515e-08  8.68766175e-10]
[ 5.72865492e-02 -2.70431468e-12 -4.46309663e-13  4.18544015e-11 -1.45490849e-10 -1.53992457e-15  8.39089698e-16  3.20062285e-05 -2.14001905e-06 -1.29816584e-08  8.66878740e-10]
@@@@@@@@@@@@@@@@@@@@@@@@@
@@@merging population@@@@
@@@@@@@@@@@@@@@@@@@@@@@@@
Population scores:
881:820829647204.68:[ 6.58328803e-02 -2.66598049e-12  0.00000000e+00  0.00000000e+00 -2.08121261e-10 -1.16138629e-15  0.00000000e+00  0.00000000e+00 -2.12329139e-06  0.00000000e+00  8.67631885e-10]:11.914253034152816
896:820853849948.8372:[ 5.72824537e-02 -2.66598049e-12  6.23881374e-02  0.00000000e+00 -2.08121261e-10 -1.16138629e-15  0.00000000e+00  0.00000000e+00 -2.12329139e-06  0.00000000e+00  8.67631885e-10]:11.914265839444765
897:1343164708948.985:[ 6.58328803e-02 -2.66598049e-12  0.00000000e+00  0.00000000e+00 -2.08121261e-10 -1.16138629e-15  0.00000000e+00  0.00000000e+00 -2.13207661e-06  0.00000000e+00  8.88770632e-10]:12.128129272386941
None:1731409602067.6997:[ 5.72922494e-02 -2.71688831e-12 -4.46409201e-13  4.19021836e-11 -1.45446725e-10 -1.52501356e-15  8.38716260e-16  3.17894972e-05 -2.14002292e-06 -1.29112451e-08  8.74264749e-10]:12.238399821702384
903:1731592255694.4995:[ 5.72960852e-02 -2.73401949e-12 -4.46698331e-13  4.20507715e-11 -1.45617631e-10 -1.54038602e-15  8.39353397e-16  3.18001172e-05 -2.14003508e-06 -1.30448524e-08  8.74684703e-10]:12.238445634823803
664:1737036558573.4634:[ 5.74364843e-02 -2.75358909e-12 -4.39439898e-13  3.54566964e-11 -1.18553218e-10 -1.58030604e-15  8.41811506e-16  3.18072727e-05 -2.14001173e-06 -1.30930188e-08  8.75713826e-10]:12.239808958930483
None:1739300336374.5103:[ 5.57999947e-02 -2.74944947e-12 -4.41378277e-13  3.93015527e-11 -1.16520667e-10 -1.57975890e-15  8.41581809e-16  3.18671842e-05 -2.14000296e-06 -1.30834120e-08  8.75895096e-10]:12.240374580949252
None:1742427703560.5652:[ 5.52448835e-02 -2.74970055e-12 -4.48076589e-13  4.07822845e-11 -1.69792698e-10 -1.57838164e-15  8.41105084e-16  3.19529963e-05 -2.14041043e-06 -1.30926132e-08  8.75721230e-10]:12.24115476748966
907:1745337171536.603:[ 5.06045403e-02 -2.70907499e-12 -4.56381373e-13  4.37041175e-11 -1.14743936e-10 -1.50447301e-15  8.36134569e-16  3.19987113e-05 -2.14112304e-06 -1.30814766e-08  8.75903074e-10]:12.241879338225138
None:1746829093288.9048:[ 5.72818104e-02 -2.72439889e-12 -4.49831134e-13  4.18228906e-11 -1.45527692e-10 -1.48052130e-15  8.39097945e-16  3.18621826e-05 -2.14000545e-06 -1.29177515e-08  8.68766175e-10]:12.242250416446929
None:1747000888906.482:[ 5.74897827e-02 -2.72648555e-12 -4.48326934e-13  3.60213470e-11 -1.15628545e-10 -1.57936169e-15  8.41942003e-16  3.20419749e-05 -2.14072531e-06 -1.30903398e-08  8.75854380e-10]:12.242293125960082
None:1748260154828.855:[ 5.72583134e-02 -2.71004511e-12 -4.49246917e-13  4.19184704e-11 -1.45465508e-10 -1.53763148e-15  8.38987719e-16  3.20238819e-05 -2.14003031e-06 -1.29706111e-08  8.71822339e-10]:12.242606059533943
None:1748840916886.0466:[ 5.72603185e-02 -2.70008783e-12 -4.49514025e-13  4.20808883e-11 -1.45478460e-10 -1.53280405e-15  8.38710156e-16  3.19649037e-05 -2.14000784e-06 -1.30122733e-08  8.68064435e-10]:12.24275030572751
908:1758848678269.3447:[ 5.45483098e-02 -2.71955777e-12 -4.51198215e-13  4.23149875e-11 -1.71148508e-10 -1.57837032e-15  8.39096228e-16  3.22514182e-05 -2.14072593e-06 -1.30821593e-08  8.75911555e-10]:12.245228476740262
None:1763360902425.0044:[ 5.72865492e-02 -2.70431468e-12 -4.46309663e-13  4.18544015e-11 -1.45490849e-10 -1.53992457e-15  8.39089698e-16  3.20062285e-05 -2.14001905e-06 -1.29816584e-08  8.66878740e-10]:12.246341207302738
None:1781659305595.8809:[ 5.72926780e-02 -2.73062226e-12 -4.50145872e-13  4.20121477e-11 -1.45615454e-10 -1.48569864e-15  8.38580771e-16  3.20348852e-05 -2.14001572e-06 -1.30022235e-08  8.64030523e-10]:12.250824660505755
904:1799483132170.2598:[ 5.71977092e-02 -2.69970874e-12 -4.50944638e-13  4.16292496e-11 -1.45445718e-10 -1.47780963e-15  8.38573675e-16  3.20718480e-05 -2.14000809e-06 -1.29166041e-08  8.64746147e-10]:12.255147780058277
909:1801800821352.4243:[ 5.40038159e-02 -2.71214494e-12 -4.40371935e-13  4.37805587e-11 -1.39619373e-10 -1.58157506e-15  8.40095963e-16  3.27588885e-05 -2.14045306e-06 -1.30731984e-08  8.75285705e-10]:12.255706780556176
*******************************
***iteration: 4 Population is***
*******************************
Population scores:
907:[7.05610955e+11 8.04740326e+10]:[ 5.06045403e-02 -2.70907499e-12 -4.56381373e-13  4.37041175e-11 -1.14743936e-10 -1.50447301e-15  8.36134569e-16  3.19987113e-05 -2.14112304e-06 -1.30814766e-08  8.75903074e-10]:11.559569604478312
910:[7.10088799e+11 8.16050516e+10]:[ 5.72922494e-02 -2.71688831e-12 -4.46409201e-13  4.19021836e-11 -1.45446725e-10 -1.52501356e-15  8.38716260e-16  3.17894972e-05 -2.14002292e-06 -1.29112451e-08  8.74264749e-10]:11.563054378715789
912:[7.38863028e+11 8.95593877e+10]:[ 5.52448835e-02 -2.74970055e-12 -4.48076589e-13  4.07822845e-11 -1.69792698e-10 -1.57838164e-15  8.41105084e-16  3.19529963e-05 -2.14041043e-06 -1.30926132e-08  8.75721230e-10]:11.585578704836694
911:[7.37473105e+11 9.13800448e+10]:[ 5.57999947e-02 -2.74944947e-12 -4.41378277e-13  3.93015527e-11 -1.16520667e-10 -1.57975890e-15  8.41581809e-16  3.18671842e-05 -2.14000296e-06 -1.30834120e-08  8.75895096e-10]:11.587002596216534
903:[7.38208209e+11 9.18744267e+10]:[ 5.72960852e-02 -2.73401949e-12 -4.46698331e-13  4.20507715e-11 -1.45617631e-10 -1.54038602e-15  8.39353397e-16  3.18001172e-05 -2.14003508e-06 -1.30448524e-08  8.74684703e-10]:11.58788791285945
664:[7.48661451e+11 9.75603925e+10]:[ 5.74364843e-02 -2.75358909e-12 -4.39439898e-13  3.54566964e-11 -1.18553218e-10 -1.58030604e-15  8.41811506e-16  3.18072727e-05 -2.14001173e-06 -1.30930188e-08  8.75713826e-10]:11.598817824716189
897:[2.66691151e+11 9.44506185e+11]:[ 6.58328803e-02 -2.66598049e-12  0.00000000e+00  0.00000000e+00 -2.08121261e-10 -1.16138629e-15  0.00000000e+00  0.00000000e+00 -2.13207661e-06  0.00000000e+00  8.88770632e-10]:12.021678182146038
896:[3.95346018e+11 9.79507683e+11]:[ 5.72824537e-02 -2.66598049e-12  6.23881374e-02  0.00000000e+00 -2.08121261e-10 -1.16138629e-15  0.00000000e+00  0.00000000e+00 -2.12329139e-06  0.00000000e+00  8.67631885e-10]:12.056007178492413
881:[3.95406259e+11 9.79613320e+11]:[ 6.58328803e-02 -2.66598049e-12  0.00000000e+00  0.00000000e+00 -2.08121261e-10 -1.16138629e-15  0.00000000e+00  0.00000000e+00 -2.12329139e-06  0.00000000e+00  8.67631885e-10]:12.056056701212615
Selected: [0 2]
***************
***CROSSOVER***
***************
parents:
[ 5.06045403e-02 -2.70907499e-12 -4.56381373e-13  4.37041175e-11 -1.14743936e-10 -1.50447301e-15  8.36134569e-16  3.19987113e-05 -2.14112304e-06 -1.30814766e-08  8.75903074e-10]
[ 5.52448835e-02 -2.74970055e-12 -4.48076589e-13  4.07822845e-11 -1.69792698e-10 -1.57838164e-15  8.41105084e-16  3.19529963e-05 -2.14041043e-06 -1.30926132e-08  8.75721230e-10]
children:
[ 5.15318347e-02 -2.75314153e-12 -4.49075395e-13  4.32439214e-11 -1.23401669e-10 -1.50825862e-15  8.37833981e-16  3.19667605e-05 -2.14035293e-06 -1.30898266e-08  8.75847739e-10]
[ 5.47658610e-02 -2.73931612e-12 -4.48883136e-13  4.38045862e-11 -1.44142653e-10 -1.56933560e-15  8.39441197e-16  3.19686739e-05 -2.14086655e-06 -1.30881205e-08  8.75774461e-10]
[ 5.33704237e-02 -2.71508767e-12 -4.49676709e-13  4.10411108e-11 -1.41495982e-10 -1.50429069e-15  8.40894239e-16  3.19721654e-05 -2.14096645e-06 -1.30824952e-08  8.75752305e-10]
Selected: [0 3]
***************
***CROSSOVER***
***************
parents:
[ 5.06045403e-02 -2.70907499e-12 -4.56381373e-13  4.37041175e-11 -1.14743936e-10 -1.50447301e-15  8.36134569e-16  3.19987113e-05 -2.14112304e-06 -1.30814766e-08  8.75903074e-10]
[ 5.57999947e-02 -2.74944947e-12 -4.41378277e-13  3.93015527e-11 -1.16520667e-10 -1.57975890e-15  8.41581809e-16  3.18671842e-05 -2.14000296e-06 -1.30834120e-08  8.75895096e-10]
children:
[ 5.56946237e-02 -2.73601600e-12 -4.48886891e-13  3.98199260e-11 -1.14650092e-10 -1.57629657e-15  8.36048397e-16  3.19183133e-05 -2.14100543e-06 -1.30817338e-08  8.75903656e-10]
[ 5.36064406e-02 -2.74843840e-12 -4.53003521e-13  4.03916371e-11 -1.15099235e-10 -1.51164663e-15  8.36583225e-16  3.19081731e-05 -2.14011134e-06 -1.30827458e-08  8.75898559e-10]
[ 5.44435543e-02 -2.75028551e-12 -4.40444050e-13  3.90961654e-11 -1.15522611e-10 -1.52356362e-15  8.41949873e-16  3.19208989e-05 -2.14106190e-06 -1.30831119e-08  8.75896288e-10]
Selected: [3 1]
***************
***CROSSOVER***
***************
parents:
[ 5.57999947e-02 -2.74944947e-12 -4.41378277e-13  3.93015527e-11 -1.16520667e-10 -1.57975890e-15  8.41581809e-16  3.18671842e-05 -2.14000296e-06 -1.30834120e-08  8.75895096e-10]
[ 5.72922494e-02 -2.71688831e-12 -4.46409201e-13  4.19021836e-11 -1.45446725e-10 -1.52501356e-15  8.38716260e-16  3.17894972e-05 -2.14002292e-06 -1.29112451e-08  8.74264749e-10]
children:
[ 5.66124975e-02 -2.75141455e-12 -4.46188405e-13  4.08141252e-11 -1.44612096e-10 -1.55034014e-15  8.41243682e-16  3.18321851e-05 -2.14001547e-06 -1.29526611e-08  8.74363568e-10]
[ 5.73527046e-02 -2.75145247e-12 -4.46442602e-13  4.20747006e-11 -1.44780236e-10 -1.56538467e-15  8.40176389e-16  3.17958593e-05 -2.14001592e-06 -1.30288829e-08  8.74670791e-10]
[ 5.63360884e-02 -2.73870136e-12 -4.44759721e-13  4.07363500e-11 -1.44450300e-10 -1.57599774e-15  8.41016876e-16  3.17939884e-05 -2.14000757e-06 -1.30378399e-08  8.74659600e-10]
@@@@@@@@@@@@@@@@@@@@@@@@@
@@@merging population@@@@
@@@@@@@@@@@@@@@@@@@@@@@@@
Population scores:
881:820829647204.68:[ 6.58328803e-02 -2.66598049e-12  0.00000000e+00  0.00000000e+00 -2.08121261e-10 -1.16138629e-15  0.00000000e+00  0.00000000e+00 -2.12329139e-06  0.00000000e+00  8.67631885e-10]:11.914253034152816
896:820853849948.8372:[ 5.72824537e-02 -2.66598049e-12  6.23881374e-02  0.00000000e+00 -2.08121261e-10 -1.16138629e-15  0.00000000e+00  0.00000000e+00 -2.12329139e-06  0.00000000e+00  8.67631885e-10]:11.914265839444765
897:1343164708948.985:[ 6.58328803e-02 -2.66598049e-12  0.00000000e+00  0.00000000e+00 -2.08121261e-10 -1.16138629e-15  0.00000000e+00  0.00000000e+00 -2.13207661e-06  0.00000000e+00  8.88770632e-10]:12.128129272386941
None:1731118727644.7622:[ 5.63360884e-02 -2.73870136e-12 -4.44759721e-13  4.07363500e-11 -1.44450300e-10 -1.57599774e-15  8.41016876e-16  3.17939884e-05 -2.14000757e-06 -1.30378399e-08  8.74659600e-10]:12.238326854699617
None:1731123674280.5012:[ 5.73527046e-02 -2.75145247e-12 -4.46442602e-13  4.20747006e-11 -1.44780236e-10 -1.56538467e-15  8.40176389e-16  3.17958593e-05 -2.14001592e-06 -1.30288829e-08  8.74670791e-10]:12.238328095685288
910:1731409602067.6997:[ 5.72922494e-02 -2.71688831e-12 -4.46409201e-13  4.19021836e-11 -1.45446725e-10 -1.52501356e-15  8.38716260e-16  3.17894972e-05 -2.14002292e-06 -1.29112451e-08  8.74264749e-10]:12.238399821702384
903:1731592255694.4995:[ 5.72960852e-02 -2.73401949e-12 -4.46698331e-13  4.20507715e-11 -1.45617631e-10 -1.54038602e-15  8.39353397e-16  3.18001172e-05 -2.14003508e-06 -1.30448524e-08  8.74684703e-10]:12.238445634823803
None:1733044286230.2712:[ 5.66124975e-02 -2.75141455e-12 -4.46188405e-13  4.08141252e-11 -1.44612096e-10 -1.55034014e-15  8.41243682e-16  3.18321851e-05 -2.14001547e-06 -1.29526611e-08  8.74363568e-10]:12.238809660821063
664:1737036558573.4634:[ 5.74364843e-02 -2.75358909e-12 -4.39439898e-13  3.54566964e-11 -1.18553218e-10 -1.58030604e-15  8.41811506e-16  3.18072727e-05 -2.14001173e-06 -1.30930188e-08  8.75713826e-10]:12.239808958930483
911:1739300336374.5103:[ 5.57999947e-02 -2.74944947e-12 -4.41378277e-13  3.93015527e-11 -1.16520667e-10 -1.57975890e-15  8.41581809e-16  3.18671842e-05 -2.14000296e-06 -1.30834120e-08  8.75895096e-10]:12.240374580949252
None:1740811695572.9414:[ 5.36064406e-02 -2.74843840e-12 -4.53003521e-13  4.03916371e-11 -1.15099235e-10 -1.51164663e-15  8.36583225e-16  3.19081731e-05 -2.14011134e-06 -1.30827458e-08  8.75898559e-10]:12.240751795817792
None:1741680474539.2012:[ 5.56946237e-02 -2.73601600e-12 -4.48886891e-13  3.98199260e-11 -1.14650092e-10 -1.57629657e-15  8.36048397e-16  3.19183133e-05 -2.14100543e-06 -1.30817338e-08  8.75903656e-10]:12.240968483121273
None:1741831579280.056:[ 5.44435543e-02 -2.75028551e-12 -4.40444050e-13  3.90961654e-11 -1.15522611e-10 -1.52356362e-15  8.41949873e-16  3.19208989e-05 -2.14106190e-06 -1.30831119e-08  8.75896288e-10]:12.241006160014116
912:1742427703560.5652:[ 5.52448835e-02 -2.74970055e-12 -4.48076589e-13  4.07822845e-11 -1.69792698e-10 -1.57838164e-15  8.41105084e-16  3.19529963e-05 -2.14041043e-06 -1.30926132e-08  8.75721230e-10]:12.24115476748966
None:1743296515214.4565:[ 5.15318347e-02 -2.75314153e-12 -4.49075395e-13  4.32439214e-11 -1.23401669e-10 -1.50825862e-15  8.37833981e-16  3.19667605e-05 -2.14035293e-06 -1.30898266e-08  8.75847739e-10]:12.241371262020625
None:1743488414277.9011:[ 5.47658610e-02 -2.73931612e-12 -4.48883136e-13  4.38045862e-11 -1.44142653e-10 -1.56933560e-15  8.39441197e-16  3.19686739e-05 -2.14086655e-06 -1.30881205e-08  8.75774461e-10]:12.241419065774574
None:1743581983815.0417:[ 5.33704237e-02 -2.71508767e-12 -4.49676709e-13  4.10411108e-11 -1.41495982e-10 -1.50429069e-15  8.40894239e-16  3.19721654e-05 -2.14096645e-06 -1.30824952e-08  8.75752305e-10]:12.241442372865642
907:1745337171536.603:[ 5.06045403e-02 -2.70907499e-12 -4.56381373e-13  4.37041175e-11 -1.14743936e-10 -1.50447301e-15  8.36134569e-16  3.19987113e-05 -2.14112304e-06 -1.30814766e-08  8.75903074e-10]:12.241879338225138
Population scores:
910:[7.10088799e+11 8.16050516e+10]:[ 5.72922494e-02 -2.71688831e-12 -4.46409201e-13  4.19021836e-11 -1.45446725e-10 -1.52501356e-15  8.38716260e-16  3.17894972e-05 -2.14002292e-06 -1.29112451e-08  8.74264749e-10]:11.563054378715789
915:[7.24198007e+11 8.41969533e+10]:[ 5.66124975e-02 -2.75141455e-12 -4.46188405e-13  4.08141252e-11 -1.44612096e-10 -1.55034014e-15  8.41243682e-16  3.18321851e-05 -2.14001547e-06 -1.29526611e-08  8.74363568e-10]:11.572727768846883
903:[7.38208209e+11 9.18744267e+10]:[ 5.72960852e-02 -2.73401949e-12 -4.46698331e-13  4.20507715e-11 -1.45617631e-10 -1.54038602e-15  8.39353397e-16  3.18001172e-05 -2.14003508e-06 -1.30448524e-08  8.74684703e-10]:11.58788791285945
914:[7.45842207e+11 9.38137435e+10]:[ 5.73527046e-02 -2.75145247e-12 -4.46442602e-13  4.20747006e-11 -1.44780236e-10 -1.56538467e-15  8.40176389e-16  3.17958593e-05 -2.14001592e-06 -1.30288829e-08  8.74670791e-10]:11.593452913020608
664:[7.48661451e+11 9.75603925e+10]:[ 5.74364843e-02 -2.75358909e-12 -4.39439898e-13  3.54566964e-11 -1.18553218e-10 -1.58030604e-15  8.41811506e-16  3.18072727e-05 -2.14001173e-06 -1.30930188e-08  8.75713826e-10]:11.598817824716189
913:[7.53321819e+11 9.69203458e+10]:[ 5.63360884e-02 -2.73870136e-12 -4.44759721e-13  4.07363500e-11 -1.44450300e-10 -1.57599774e-15  8.41016876e-16  3.17939884e-05 -2.14000757e-06 -1.30378399e-08  8.74659600e-10]:11.600154773868168
897:[2.66691151e+11 9.44506185e+11]:[ 6.58328803e-02 -2.66598049e-12  0.00000000e+00  0.00000000e+00 -2.08121261e-10 -1.16138629e-15  0.00000000e+00  0.00000000e+00 -2.13207661e-06  0.00000000e+00  8.88770632e-10]:12.021678182146038
896:[3.95346018e+11 9.79507683e+11]:[ 5.72824537e-02 -2.66598049e-12  6.23881374e-02  0.00000000e+00 -2.08121261e-10 -1.16138629e-15  0.00000000e+00  0.00000000e+00 -2.12329139e-06  0.00000000e+00  8.67631885e-10]:12.056007178492413
881:[3.95406259e+11 9.79613320e+11]:[ 6.58328803e-02 -2.66598049e-12  0.00000000e+00  0.00000000e+00 -2.08121261e-10 -1.16138629e-15  0.00000000e+00  0.00000000e+00 -2.12329139e-06  0.00000000e+00  8.67631885e-10]:12.056056701212615
%%%%%%%%%%%%%%%%%%%%%%%%%
%%%final - population%%%%
%%%%%%%%%%%%%%%%%%%%%%%%%
910:[7.10088799e+11 8.16050516e+10]:[ 5.72922494e-02 -2.71688831e-12 -4.46409201e-13  4.19021836e-11 -1.45446725e-10 -1.52501356e-15  8.38716260e-16  3.17894972e-05 -2.14002292e-06 -1.29112451e-08  8.74264749e-10]
915:[7.24198007e+11 8.41969533e+10]:[ 5.66124975e-02 -2.75141455e-12 -4.46188405e-13  4.08141252e-11 -1.44612096e-10 -1.55034014e-15  8.41243682e-16  3.18321851e-05 -2.14001547e-06 -1.29526611e-08  8.74363568e-10]
903:[7.38208209e+11 9.18744267e+10]:[ 5.72960852e-02 -2.73401949e-12 -4.46698331e-13  4.20507715e-11 -1.45617631e-10 -1.54038602e-15  8.39353397e-16  3.18001172e-05 -2.14003508e-06 -1.30448524e-08  8.74684703e-10]
914:[7.45842207e+11 9.38137435e+10]:[ 5.73527046e-02 -2.75145247e-12 -4.46442602e-13  4.20747006e-11 -1.44780236e-10 -1.56538467e-15  8.40176389e-16  3.17958593e-05 -2.14001592e-06 -1.30288829e-08  8.74670791e-10]
664:[7.48661451e+11 9.75603925e+10]:[ 5.74364843e-02 -2.75358909e-12 -4.39439898e-13  3.54566964e-11 -1.18553218e-10 -1.58030604e-15  8.41811506e-16  3.18072727e-05 -2.14001173e-06 -1.30930188e-08  8.75713826e-10]
913:[7.53321819e+11 9.69203458e+10]:[ 5.63360884e-02 -2.73870136e-12 -4.44759721e-13  4.07363500e-11 -1.44450300e-10 -1.57599774e-15  8.41016876e-16  3.17939884e-05 -2.14000757e-06 -1.30378399e-08  8.74659600e-10]
897:[2.66691151e+11 9.44506185e+11]:[ 6.58328803e-02 -2.66598049e-12  0.00000000e+00  0.00000000e+00 -2.08121261e-10 -1.16138629e-15  0.00000000e+00  0.00000000e+00 -2.13207661e-06  0.00000000e+00  8.88770632e-10]
896:[3.95346018e+11 9.79507683e+11]:[ 5.72824537e-02 -2.66598049e-12  6.23881374e-02  0.00000000e+00 -2.08121261e-10 -1.16138629e-15  0.00000000e+00  0.00000000e+00 -2.12329139e-06  0.00000000e+00  8.67631885e-10]
881:[3.95406259e+11 9.79613320e+11]:[ 6.58328803e-02 -2.66598049e-12  0.00000000e+00  0.00000000e+00 -2.08121261e-10 -1.16138629e-15  0.00000000e+00  0.00000000e+00 -2.12329139e-06  0.00000000e+00  8.67631885e-10]
