Generating Population from
[ 6.58328803e-02 -2.66598049e-12  0.00000000e+00  0.00000000e+00 -2.08121261e-10 -1.16138629e-15  0.00000000e+00  0.00000000e+00 -2.13207661e-06  0.00000000e+00  8.88770632e-10]
[ 6.58328803e-02 -2.66598049e-12  0.00000000e+00  0.00000000e+00 -2.08121261e-10 -1.16138629e-15  0.00000000e+00  0.00000000e+00 -2.12329139e-06  0.00000000e+00  8.67631885e-10]
*******************************
***iteration: 0 Population is***
*******************************
Population scores:
897:[2.66691151e+11 9.44506185e+11]:[ 6.58328803e-02 -2.66598049e-12  0.00000000e+00  0.00000000e+00 -2.08121261e-10 -1.16138629e-15  0.00000000e+00  0.00000000e+00 -2.13207661e-06  0.00000000e+00  8.88770632e-10]:12.021678182146038
881:[3.95406259e+11 9.79613320e+11]:[ 6.58328803e-02 -2.66598049e-12  0.00000000e+00  0.00000000e+00 -2.08121261e-10 -1.16138629e-15  0.00000000e+00  0.00000000e+00 -2.12329139e-06  0.00000000e+00  8.67631885e-10]:12.056056701212615
919:[3.95502226e+11 9.79781603e+11]:[ 7.35806557e-02 -2.66598049e-12 -9.93682455e-02  0.00000000e+00 -1.22466173e-10 -1.16138629e-15  0.00000000e+00  0.00000000e+00 -2.12329139e-06  0.00000000e+00  8.67631885e-10]:12.05613558086626
916:[1.18382467e+27 2.26948887e+27]:[ 6.63821163e-02 -2.66598049e-12 -7.48405988e-02  0.00000000e+00 -2.08121261e-10 -1.16138629e-15  0.00000000e+00  0.00000000e+00 -2.14442118e-06  7.83456857e-02  8.24315930e-10]:27.438228773878794
918:[1.67534666e+27 3.21180966e+27]:[ 6.58328803e-02 -2.68061831e-12  0.00000000e+00  0.00000000e+00 -2.73205748e-10 -1.12983965e-15  3.51045813e-04 -9.85689771e-02 -2.12329139e-06 -9.31594706e-02  8.78363353e-10]:27.589049749336557
917:[1.72887354e+27 3.31441929e+27]:[ 6.90252237e-02 -2.66598049e-12  0.00000000e+00  0.00000000e+00 -3.03663410e-10 -1.16138629e-15 -1.05146493e-02  7.98791026e-02 -2.13207661e-06  9.46446515e-02  8.88770632e-10]:27.60270755243576
Selected: [1 2]
***************
***CROSSOVER***
***************
parents:
[ 6.58328803e-02 -2.66598049e-12  0.00000000e+00  0.00000000e+00 -2.08121261e-10 -1.16138629e-15  0.00000000e+00  0.00000000e+00 -2.12329139e-06  0.00000000e+00  8.67631885e-10]
[ 7.35806557e-02 -2.66598049e-12 -9.93682455e-02  0.00000000e+00 -1.22466173e-10 -1.16138629e-15  0.00000000e+00  0.00000000e+00 -2.12329139e-06  0.00000000e+00  8.67631885e-10]
children:
[ 7.10213818e-02 -2.66598049e-12 -3.70550663e-02  0.00000000e+00 -1.88062321e-10 -1.16138629e-15  0.00000000e+00  0.00000000e+00 -2.12329139e-06  0.00000000e+00  8.67631885e-10]
[ 6.70613848e-02 -2.66598049e-12 -6.42943841e-02  0.00000000e+00 -2.12988444e-10 -1.16138629e-15  0.00000000e+00  0.00000000e+00 -2.12329139e-06  0.00000000e+00  8.67631885e-10]
[ 6.99695626e-02 -2.66598049e-12 -4.60452423e-02  0.00000000e+00 -1.27015325e-10 -1.16138629e-15  0.00000000e+00  0.00000000e+00 -2.12329139e-06  0.00000000e+00  8.67631885e-10]
Selected: [1 2]
***************
***CROSSOVER***
***************
parents:
[ 6.58328803e-02 -2.66598049e-12  0.00000000e+00  0.00000000e+00 -2.08121261e-10 -1.16138629e-15  0.00000000e+00  0.00000000e+00 -2.12329139e-06  0.00000000e+00  8.67631885e-10]
[ 7.35806557e-02 -2.66598049e-12 -9.93682455e-02  0.00000000e+00 -1.22466173e-10 -1.16138629e-15  0.00000000e+00  0.00000000e+00 -2.12329139e-06  0.00000000e+00  8.67631885e-10]
children:
[ 6.59054877e-02 -2.66598049e-12 -6.10851730e-02  0.00000000e+00 -1.75204537e-10 -1.16138629e-15  0.00000000e+00  0.00000000e+00 -2.12329139e-06  0.00000000e+00  8.67631885e-10]
[ 6.96702880e-02 -2.66598049e-12 -7.11583637e-02  0.00000000e+00 -1.58740163e-10 -1.16138629e-15  0.00000000e+00  0.00000000e+00 -2.12329139e-06  0.00000000e+00  8.67631885e-10]
[ 6.59166730e-02 -2.66598049e-12 -9.90903047e-02  0.00000000e+00 -1.21220113e-10 -1.16138629e-15  0.00000000e+00  0.00000000e+00 -2.12329139e-06  0.00000000e+00  8.67631885e-10]
@@@@@@@@@@@@@@@@@@@@@@@@@
@@@merging population@@@@
@@@@@@@@@@@@@@@@@@@@@@@@@
Population scores:
919:820791116066.7777:[ 7.35806557e-02 -2.66598049e-12 -9.93682455e-02  0.00000000e+00 -1.22466173e-10 -1.16138629e-15  0.00000000e+00  0.00000000e+00 -2.12329139e-06  0.00000000e+00  8.67631885e-10]:11.914232647153638
None:820791223505.2937:[ 6.59166730e-02 -2.66598049e-12 -9.90903047e-02  0.00000000e+00 -1.21220113e-10 -1.16138629e-15  0.00000000e+00  0.00000000e+00 -2.12329139e-06  0.00000000e+00  8.67631885e-10]:11.914232704001172
None:820802052462.06:[ 6.96702880e-02 -2.66598049e-12 -7.11583637e-02  0.00000000e+00 -1.58740163e-10 -1.16138629e-15  0.00000000e+00  0.00000000e+00 -2.12329139e-06  0.00000000e+00  8.67631885e-10]:11.91423843374707
None:820804713625.4087:[ 6.70613848e-02 -2.66598049e-12 -6.42943841e-02  0.00000000e+00 -2.12988444e-10 -1.16138629e-15  0.00000000e+00  0.00000000e+00 -2.12329139e-06  0.00000000e+00  8.67631885e-10]:11.914239841792627
None:820805957957.6404:[ 6.59054877e-02 -2.66598049e-12 -6.10851730e-02  0.00000000e+00 -1.75204537e-10 -1.16138629e-15  0.00000000e+00  0.00000000e+00 -2.12329139e-06  0.00000000e+00  8.67631885e-10]:11.914240500178481
None:820811790020.6848:[ 6.99695626e-02 -2.66598049e-12 -4.60452423e-02  0.00000000e+00 -1.27015325e-10 -1.16138629e-15  0.00000000e+00  0.00000000e+00 -2.12329139e-06  0.00000000e+00  8.67631885e-10]:11.91424358595506
None:820815276222.5175:[ 7.10213818e-02 -2.66598049e-12 -3.70550663e-02  0.00000000e+00 -1.88062321e-10 -1.16138629e-15  0.00000000e+00  0.00000000e+00 -2.12329139e-06  0.00000000e+00  8.67631885e-10]:11.91424543051312
881:820829647204.68:[ 6.58328803e-02 -2.66598049e-12  0.00000000e+00  0.00000000e+00 -2.08121261e-10 -1.16138629e-15  0.00000000e+00  0.00000000e+00 -2.12329139e-06  0.00000000e+00  8.67631885e-10]:11.914253034152816
897:1343164708948.985:[ 6.58328803e-02 -2.66598049e-12  0.00000000e+00  0.00000000e+00 -2.08121261e-10 -1.16138629e-15  0.00000000e+00  0.00000000e+00 -2.13207661e-06  0.00000000e+00  8.88770632e-10]:12.128129272386941
916:1.0193653287792548e+27:[ 6.63821163e-02 -2.66598049e-12 -7.48405988e-02  0.00000000e+00 -2.08121261e-10 -1.16138629e-15  0.00000000e+00  0.00000000e+00 -2.14442118e-06  7.83456857e-02  8.24315930e-10]:27.008329858038326
918:1.442680176643702e+27:[ 6.58328803e-02 -2.68061831e-12  0.00000000e+00  0.00000000e+00 -2.73205748e-10 -1.12983965e-15  3.51045813e-04 -9.85689771e-02 -2.12329139e-06 -9.31594706e-02  8.78363353e-10]:27.159170064348125
917:1.4887573940335537e+27:[ 6.90252237e-02 -2.66598049e-12  0.00000000e+00  0.00000000e+00 -3.03663410e-10 -1.16138629e-15 -1.05146493e-02  7.98791026e-02 -2.13207661e-06  9.46446515e-02  8.88770632e-10]:27.17282393145473
*******************************
***iteration: 1 Population is***
*******************************
Population scores:
924:[3.95450725e+11 9.79691294e+11]:[ 6.99695626e-02 -2.66598049e-12 -4.60452423e-02  0.00000000e+00 -1.27015325e-10 -1.16138629e-15  0.00000000e+00  0.00000000e+00 -2.12329139e-06  0.00000000e+00  8.67631885e-10]:12.056093252127697
923:[3.95465253e+11 9.79716770e+11]:[ 6.59054877e-02 -2.66598049e-12 -6.10851730e-02  0.00000000e+00 -1.75204537e-10 -1.16138629e-15  0.00000000e+00  0.00000000e+00 -2.12329139e-06  0.00000000e+00  8.67631885e-10]:12.056105193503514
922:[3.95468352e+11 9.79722205e+11]:[ 6.70613848e-02 -2.66598049e-12 -6.42943841e-02  0.00000000e+00 -2.12988444e-10 -1.16138629e-15  0.00000000e+00  0.00000000e+00 -2.12329139e-06  0.00000000e+00  8.67631885e-10]:12.056107740650068
921:[3.95474980e+11 9.79733827e+11]:[ 6.96702880e-02 -2.66598049e-12 -7.11583637e-02  0.00000000e+00 -1.58740163e-10 -1.16138629e-15  0.00000000e+00  0.00000000e+00 -2.12329139e-06  0.00000000e+00  8.67631885e-10]:12.056113188332086
920:[3.95501962e+11 9.79781140e+11]:[ 6.59166730e-02 -2.66598049e-12 -9.90903047e-02  0.00000000e+00 -1.21220113e-10 -1.16138629e-15  0.00000000e+00  0.00000000e+00 -2.12329139e-06  0.00000000e+00  8.67631885e-10]:12.056135363764454
919:[3.95502226e+11 9.79781603e+11]:[ 7.35806557e-02 -2.66598049e-12 -9.93682455e-02  0.00000000e+00 -1.22466173e-10 -1.16138629e-15  0.00000000e+00  0.00000000e+00 -2.12329139e-06  0.00000000e+00  8.67631885e-10]:12.05613558086626
Selected: [3 2]
***************
***CROSSOVER***
***************
parents:
[ 6.96702880e-02 -2.66598049e-12 -7.11583637e-02  0.00000000e+00 -1.58740163e-10 -1.16138629e-15  0.00000000e+00  0.00000000e+00 -2.12329139e-06  0.00000000e+00  8.67631885e-10]
[ 6.70613848e-02 -2.66598049e-12 -6.42943841e-02  0.00000000e+00 -2.12988444e-10 -1.16138629e-15  0.00000000e+00  0.00000000e+00 -2.12329139e-06  0.00000000e+00  8.67631885e-10]
children:
[ 6.84476990e-02 -2.66598049e-12 -7.06391972e-02  0.00000000e+00 -2.12914638e-10 -1.16138629e-15  0.00000000e+00  0.00000000e+00 -2.12329139e-06  0.00000000e+00  8.67631885e-10]
[ 6.83106821e-02 -2.66598049e-12 -6.59607521e-02  0.00000000e+00 -1.73538642e-10 -1.16138629e-15  0.00000000e+00  0.00000000e+00 -2.12329139e-06  0.00000000e+00  8.67631885e-10]
[ 6.84652611e-02 -2.66598049e-12 -6.56051663e-02  0.00000000e+00 -1.78431559e-10 -1.16138629e-15  0.00000000e+00  0.00000000e+00 -2.12329139e-06  0.00000000e+00  8.67631885e-10]
Selected: [4 5]
***************
***CROSSOVER***
***************
parents:
[ 6.59166730e-02 -2.66598049e-12 -9.90903047e-02  0.00000000e+00 -1.21220113e-10 -1.16138629e-15  0.00000000e+00  0.00000000e+00 -2.12329139e-06  0.00000000e+00  8.67631885e-10]
[ 7.35806557e-02 -2.66598049e-12 -9.93682455e-02  0.00000000e+00 -1.22466173e-10 -1.16138629e-15  0.00000000e+00  0.00000000e+00 -2.12329139e-06  0.00000000e+00  8.67631885e-10]
children:
[ 6.70223861e-02 -2.66598049e-12 -9.91670525e-02  0.00000000e+00 -1.21253062e-10 -1.16138629e-15  0.00000000e+00  0.00000000e+00 -2.12329139e-06  0.00000000e+00  8.67631885e-10]
[ 6.76300977e-02 -2.66598049e-12 -9.92148632e-02  0.00000000e+00 -1.22416197e-10 -1.16138629e-15  0.00000000e+00  0.00000000e+00 -2.12329139e-06  0.00000000e+00  8.67631885e-10]
[ 6.91522893e-02 -2.66598049e-12 -9.91573886e-02  0.00000000e+00 -1.21363614e-10 -1.16138629e-15  0.00000000e+00  0.00000000e+00 -2.12329139e-06  0.00000000e+00  8.67631885e-10]
@@@@@@@@@@@@@@@@@@@@@@@@@
@@@merging population@@@@
@@@@@@@@@@@@@@@@@@@@@@@@@
Population scores:
919:820791116066.7777:[ 7.35806557e-02 -2.66598049e-12 -9.93682455e-02  0.00000000e+00 -1.22466173e-10 -1.16138629e-15  0.00000000e+00  0.00000000e+00 -2.12329139e-06  0.00000000e+00  8.67631885e-10]:11.914232647153638
None:820791175286.8094:[ 6.76300977e-02 -2.66598049e-12 -9.92148632e-02  0.00000000e+00 -1.22416197e-10 -1.16138629e-15  0.00000000e+00  0.00000000e+00 -2.12329139e-06  0.00000000e+00  8.67631885e-10]:11.914232678487958
None:820791193797.995:[ 6.70223861e-02 -2.66598049e-12 -9.91670525e-02  0.00000000e+00 -1.21253062e-10 -1.16138629e-15  0.00000000e+00  0.00000000e+00 -2.12329139e-06  0.00000000e+00  8.67631885e-10]:11.914232688282539
None:820791197629.8901:[ 6.91522893e-02 -2.66598049e-12 -9.91573886e-02  0.00000000e+00 -1.21363614e-10 -1.16138629e-15  0.00000000e+00  0.00000000e+00 -2.12329139e-06  0.00000000e+00  8.67631885e-10]:11.91423269031006
920:820791223505.2937:[ 6.59166730e-02 -2.66598049e-12 -9.90903047e-02  0.00000000e+00 -1.21220113e-10 -1.16138629e-15  0.00000000e+00  0.00000000e+00 -2.12329139e-06  0.00000000e+00  8.67631885e-10]:11.914232704001172
921:820802052462.06:[ 6.96702880e-02 -2.66598049e-12 -7.11583637e-02  0.00000000e+00 -1.58740163e-10 -1.16138629e-15  0.00000000e+00  0.00000000e+00 -2.12329139e-06  0.00000000e+00  8.67631885e-10]:11.91423843374707
None:820802253631.5856:[ 6.84476990e-02 -2.66598049e-12 -7.06391972e-02  0.00000000e+00 -2.12914638e-10 -1.16138629e-15  0.00000000e+00  0.00000000e+00 -2.12329139e-06  0.00000000e+00  8.67631885e-10]:11.914238540187842
None:820804067624.981:[ 6.83106821e-02 -2.66598049e-12 -6.59607521e-02  0.00000000e+00 -1.73538642e-10 -1.16138629e-15  0.00000000e+00  0.00000000e+00 -2.12329139e-06  0.00000000e+00  8.67631885e-10]:11.914239499988387
None:820804205495.9563:[ 6.84652611e-02 -2.66598049e-12 -6.56051663e-02  0.00000000e+00 -1.78431559e-10 -1.16138629e-15  0.00000000e+00  0.00000000e+00 -2.12329139e-06  0.00000000e+00  8.67631885e-10]:11.914239572937099
922:820804713625.4087:[ 6.70613848e-02 -2.66598049e-12 -6.42943841e-02  0.00000000e+00 -2.12988444e-10 -1.16138629e-15  0.00000000e+00  0.00000000e+00 -2.12329139e-06  0.00000000e+00  8.67631885e-10]:11.914239841792627
923:820805957957.6404:[ 6.59054877e-02 -2.66598049e-12 -6.10851730e-02  0.00000000e+00 -1.75204537e-10 -1.16138629e-15  0.00000000e+00  0.00000000e+00 -2.12329139e-06  0.00000000e+00  8.67631885e-10]:11.914240500178481
924:820811790020.6848:[ 6.99695626e-02 -2.66598049e-12 -4.60452423e-02  0.00000000e+00 -1.27015325e-10 -1.16138629e-15  0.00000000e+00  0.00000000e+00 -2.12329139e-06  0.00000000e+00  8.67631885e-10]:11.91424358595506
*******************************
***iteration: 2 Population is***
*******************************
Population scores:
921:[3.95474980e+11 9.79733827e+11]:[ 6.96702880e-02 -2.66598049e-12 -7.11583637e-02  0.00000000e+00 -1.58740163e-10 -1.16138629e-15  0.00000000e+00  0.00000000e+00 -2.12329139e-06  0.00000000e+00  8.67631885e-10]:12.056113188332086
920:[3.95501962e+11 9.79781140e+11]:[ 6.59166730e-02 -2.66598049e-12 -9.90903047e-02  0.00000000e+00 -1.21220113e-10 -1.16138629e-15  0.00000000e+00  0.00000000e+00 -2.12329139e-06  0.00000000e+00  8.67631885e-10]:12.056135363764454
927:[3.95502025e+11 9.79781250e+11]:[ 6.91522893e-02 -2.66598049e-12 -9.91573886e-02  0.00000000e+00 -1.21363614e-10 -1.16138629e-15  0.00000000e+00  0.00000000e+00 -2.12329139e-06  0.00000000e+00  8.67631885e-10]:12.056135415523325
926:[3.95502035e+11 9.79781269e+11]:[ 6.70223861e-02 -2.66598049e-12 -9.91670525e-02  0.00000000e+00 -1.21253062e-10 -1.16138629e-15  0.00000000e+00  0.00000000e+00 -2.12329139e-06  0.00000000e+00  8.67631885e-10]:12.056135424179539
925:[3.95502081e+11 9.79781349e+11]:[ 6.76300977e-02 -2.66598049e-12 -9.92148632e-02  0.00000000e+00 -1.22416197e-10 -1.16138629e-15  0.00000000e+00  0.00000000e+00 -2.12329139e-06  0.00000000e+00  8.67631885e-10]:12.056135461854701
919:[3.95502226e+11 9.79781603e+11]:[ 7.35806557e-02 -2.66598049e-12 -9.93682455e-02  0.00000000e+00 -1.22466173e-10 -1.16138629e-15  0.00000000e+00  0.00000000e+00 -2.12329139e-06  0.00000000e+00  8.67631885e-10]:12.05613558086626
Selected: [1 3]
***************
***CROSSOVER***
***************
parents:
[ 6.59166730e-02 -2.66598049e-12 -9.90903047e-02  0.00000000e+00 -1.21220113e-10 -1.16138629e-15  0.00000000e+00  0.00000000e+00 -2.12329139e-06  0.00000000e+00  8.67631885e-10]
[ 6.70223861e-02 -2.66598049e-12 -9.91670525e-02  0.00000000e+00 -1.21253062e-10 -1.16138629e-15  0.00000000e+00  0.00000000e+00 -2.12329139e-06  0.00000000e+00  8.67631885e-10]
children:
[ 6.67559629e-02 -2.66598049e-12 -9.91516250e-02  0.00000000e+00 -1.21246536e-10 -1.16138629e-15  0.00000000e+00  0.00000000e+00 -2.12329139e-06  0.00000000e+00  8.67631885e-10]
[ 6.68972287e-02 -2.66598049e-12 -9.91215194e-02  0.00000000e+00 -1.21219392e-10 -1.16138629e-15  0.00000000e+00  0.00000000e+00 -2.12329139e-06  0.00000000e+00  8.67631885e-10]
[ 6.69920100e-02 -2.66598049e-12 -9.90975420e-02  0.00000000e+00 -1.21239717e-10 -1.16138629e-15  0.00000000e+00  0.00000000e+00 -2.12329139e-06  0.00000000e+00  8.67631885e-10]
Selected: [2 1]
***************
***CROSSOVER***
***************
parents:
[ 6.91522893e-02 -2.66598049e-12 -9.91573886e-02  0.00000000e+00 -1.21363614e-10 -1.16138629e-15  0.00000000e+00  0.00000000e+00 -2.12329139e-06  0.00000000e+00  8.67631885e-10]
[ 6.59166730e-02 -2.66598049e-12 -9.90903047e-02  0.00000000e+00 -1.21220113e-10 -1.16138629e-15  0.00000000e+00  0.00000000e+00 -2.12329139e-06  0.00000000e+00  8.67631885e-10]
children:
[ 6.85057985e-02 -2.66598049e-12 -9.91128330e-02  0.00000000e+00 -1.21266652e-10 -1.16138629e-15  0.00000000e+00  0.00000000e+00 -2.12329139e-06  0.00000000e+00  8.67631885e-10]
[ 6.71104169e-02 -2.66598049e-12 -9.91036172e-02  0.00000000e+00 -1.21325583e-10 -1.16138629e-15  0.00000000e+00  0.00000000e+00 -2.12329139e-06  0.00000000e+00  8.67631885e-10]
[ 6.90984830e-02 -2.66598049e-12 -9.91585439e-02  0.00000000e+00 -1.21317841e-10 -1.16138629e-15  0.00000000e+00  0.00000000e+00 -2.12329139e-06  0.00000000e+00  8.67631885e-10]
@@@@@@@@@@@@@@@@@@@@@@@@@
@@@merging population@@@@
@@@@@@@@@@@@@@@@@@@@@@@@@
Population scores:
919:820791116066.7777:[ 7.35806557e-02 -2.66598049e-12 -9.93682455e-02  0.00000000e+00 -1.22466173e-10 -1.16138629e-15  0.00000000e+00  0.00000000e+00 -2.12329139e-06  0.00000000e+00  8.67631885e-10]:11.914232647153638
925:820791175286.8094:[ 6.76300977e-02 -2.66598049e-12 -9.92148632e-02  0.00000000e+00 -1.22416197e-10 -1.16138629e-15  0.00000000e+00  0.00000000e+00 -2.12329139e-06  0.00000000e+00  8.67631885e-10]:11.914232678487958
926:820791193797.995:[ 6.70223861e-02 -2.66598049e-12 -9.91670525e-02  0.00000000e+00 -1.21253062e-10 -1.16138629e-15  0.00000000e+00  0.00000000e+00 -2.12329139e-06  0.00000000e+00  8.67631885e-10]:11.914232688282539
None:820791197179.9397:[ 6.90984830e-02 -2.66598049e-12 -9.91585439e-02  0.00000000e+00 -1.21317841e-10 -1.16138629e-15  0.00000000e+00  0.00000000e+00 -2.12329139e-06  0.00000000e+00  8.67631885e-10]:11.914232690071984
927:820791197629.8901:[ 6.91522893e-02 -2.66598049e-12 -9.91573886e-02  0.00000000e+00 -1.21363614e-10 -1.16138629e-15  0.00000000e+00  0.00000000e+00 -2.12329139e-06  0.00000000e+00  8.67631885e-10]:11.91423269031006
None:820791199767.8683:[ 6.67559629e-02 -2.66598049e-12 -9.91516250e-02  0.00000000e+00 -1.21246536e-10 -1.16138629e-15  0.00000000e+00  0.00000000e+00 -2.12329139e-06  0.00000000e+00  8.67631885e-10]:11.9142326914413
None:820791211444.2063:[ 6.68972287e-02 -2.66598049e-12 -9.91215194e-02  0.00000000e+00 -1.21219392e-10 -1.16138629e-15  0.00000000e+00  0.00000000e+00 -2.12329139e-06  0.00000000e+00  8.67631885e-10]:11.914232697619447
None:820791214876.2567:[ 6.85057985e-02 -2.66598049e-12 -9.91128330e-02  0.00000000e+00 -1.21266652e-10 -1.16138629e-15  0.00000000e+00  0.00000000e+00 -2.12329139e-06  0.00000000e+00  8.67631885e-10]:11.914232699435404
None:820791218392.539:[ 6.71104169e-02 -2.66598049e-12 -9.91036172e-02  0.00000000e+00 -1.21325583e-10 -1.16138629e-15  0.00000000e+00  0.00000000e+00 -2.12329139e-06  0.00000000e+00  8.67631885e-10]:11.914232701295928
None:820791220742.9769:[ 6.69920100e-02 -2.66598049e-12 -9.90975420e-02  0.00000000e+00 -1.21239717e-10 -1.16138629e-15  0.00000000e+00  0.00000000e+00 -2.12329139e-06  0.00000000e+00  8.67631885e-10]:11.914232702539584
920:820791223505.2937:[ 6.59166730e-02 -2.66598049e-12 -9.90903047e-02  0.00000000e+00 -1.21220113e-10 -1.16138629e-15  0.00000000e+00  0.00000000e+00 -2.12329139e-06  0.00000000e+00  8.67631885e-10]:11.914232704001172
921:820802052462.06:[ 6.96702880e-02 -2.66598049e-12 -7.11583637e-02  0.00000000e+00 -1.58740163e-10 -1.16138629e-15  0.00000000e+00  0.00000000e+00 -2.12329139e-06  0.00000000e+00  8.67631885e-10]:11.91423843374707
Population scores:
929:[3.95502020e+11 9.79781243e+11]:[ 6.67559629e-02 -2.66598049e-12 -9.91516250e-02  0.00000000e+00 -1.21246536e-10 -1.16138629e-15  0.00000000e+00  0.00000000e+00 -2.12329139e-06  0.00000000e+00  8.67631885e-10]:12.056135412055534
927:[3.95502025e+11 9.79781250e+11]:[ 6.91522893e-02 -2.66598049e-12 -9.91573886e-02  0.00000000e+00 -1.21363614e-10 -1.16138629e-15  0.00000000e+00  0.00000000e+00 -2.12329139e-06  0.00000000e+00  8.67631885e-10]:12.056135415523325
928:[3.95502026e+11 9.79781252e+11]:[ 6.90984830e-02 -2.66598049e-12 -9.91585439e-02  0.00000000e+00 -1.21317841e-10 -1.16138629e-15  0.00000000e+00  0.00000000e+00 -2.12329139e-06  0.00000000e+00  8.67631885e-10]:12.05613541646524
926:[3.95502035e+11 9.79781269e+11]:[ 6.70223861e-02 -2.66598049e-12 -9.91670525e-02  0.00000000e+00 -1.21253062e-10 -1.16138629e-15  0.00000000e+00  0.00000000e+00 -2.12329139e-06  0.00000000e+00  8.67631885e-10]:12.056135424179539
925:[3.95502081e+11 9.79781349e+11]:[ 6.76300977e-02 -2.66598049e-12 -9.92148632e-02  0.00000000e+00 -1.22416197e-10 -1.16138629e-15  0.00000000e+00  0.00000000e+00 -2.12329139e-06  0.00000000e+00  8.67631885e-10]:12.056135461854701
919:[3.95502226e+11 9.79781603e+11]:[ 7.35806557e-02 -2.66598049e-12 -9.93682455e-02  0.00000000e+00 -1.22466173e-10 -1.16138629e-15  0.00000000e+00  0.00000000e+00 -2.12329139e-06  0.00000000e+00  8.67631885e-10]:12.05613558086626
%%%%%%%%%%%%%%%%%%%%%%%%%
%%%final - population%%%%
%%%%%%%%%%%%%%%%%%%%%%%%%
929:[3.95502020e+11 9.79781243e+11]:[ 6.67559629e-02 -2.66598049e-12 -9.91516250e-02  0.00000000e+00 -1.21246536e-10 -1.16138629e-15  0.00000000e+00  0.00000000e+00 -2.12329139e-06  0.00000000e+00  8.67631885e-10]
927:[3.95502025e+11 9.79781250e+11]:[ 6.91522893e-02 -2.66598049e-12 -9.91573886e-02  0.00000000e+00 -1.21363614e-10 -1.16138629e-15  0.00000000e+00  0.00000000e+00 -2.12329139e-06  0.00000000e+00  8.67631885e-10]
928:[3.95502026e+11 9.79781252e+11]:[ 6.90984830e-02 -2.66598049e-12 -9.91585439e-02  0.00000000e+00 -1.21317841e-10 -1.16138629e-15  0.00000000e+00  0.00000000e+00 -2.12329139e-06  0.00000000e+00  8.67631885e-10]
926:[3.95502035e+11 9.79781269e+11]:[ 6.70223861e-02 -2.66598049e-12 -9.91670525e-02  0.00000000e+00 -1.21253062e-10 -1.16138629e-15  0.00000000e+00  0.00000000e+00 -2.12329139e-06  0.00000000e+00  8.67631885e-10]
925:[3.95502081e+11 9.79781349e+11]:[ 6.76300977e-02 -2.66598049e-12 -9.92148632e-02  0.00000000e+00 -1.22416197e-10 -1.16138629e-15  0.00000000e+00  0.00000000e+00 -2.12329139e-06  0.00000000e+00  8.67631885e-10]
919:[3.95502226e+11 9.79781603e+11]:[ 7.35806557e-02 -2.66598049e-12 -9.93682455e-02  0.00000000e+00 -1.22466173e-10 -1.16138629e-15  0.00000000e+00  0.00000000e+00 -2.12329139e-06  0.00000000e+00  8.67631885e-10]
