Generating Population from
[ 6.58328803e-02 -2.66598049e-12  0.00000000e+00  0.00000000e+00 -2.08121261e-10 -1.16138629e-15  0.00000000e+00  0.00000000e+00 -2.13207661e-06  0.00000000e+00  8.88770632e-10]
[ 6.58328803e-02 -2.66598049e-12  0.00000000e+00  0.00000000e+00 -2.08121261e-10 -1.16138629e-15  0.00000000e+00  0.00000000e+00 -2.12329139e-06  0.00000000e+00  8.67631885e-10]
*******************************
***iteration: 0 Population is***
*******************************
Population scores:
897:[2.66691151e+11 9.44506185e+11]:[ 6.58328803e-02 -2.66598049e-12  0.00000000e+00  0.00000000e+00 -2.08121261e-10 -1.16138629e-15  0.00000000e+00  0.00000000e+00 -2.13207661e-06  0.00000000e+00  8.88770632e-10]:11.975204806108179
881:[3.95406259e+11 9.79613320e+11]:[ 6.58328803e-02 -2.66598049e-12  0.00000000e+00  0.00000000e+00 -2.08121261e-10 -1.16138629e-15  0.00000000e+00  0.00000000e+00 -2.12329139e-06  0.00000000e+00  8.67631885e-10]:11.9910546816598
931:[1.59158348e+18 3.10996612e+18]:[ 6.58328803e-02 -1.72206568e-12  0.00000000e+00 -4.06414492e-02 -2.29872039e-10 -3.76666290e-16  0.00000000e+00  6.67265808e-03 -2.13207661e-06  0.00000000e+00  8.72177704e-10]:18.49275565849556
932:[2.87339146e+18 5.61793142e+18]:[ 6.58328803e-02 -2.66598049e-12  8.40710193e-02  0.00000000e+00 -2.08121261e-10 -1.16138629e-15  0.00000000e+00  8.93657031e-03 -1.20261268e-06  0.00000000e+00  7.70560823e-10]:18.74957643318746
930:[2.17165633e+20 4.24387208e+20]:[ 7.30546148e-02 -2.66598049e-12  2.40578993e-02  0.00000000e+00 -2.17367143e-10 -1.16138629e-15  7.70403669e-02  7.79729529e-02 -2.72830856e-06  0.00000000e+00  9.19692471e-10]:20.627762284681893
933:[1.19125054e+26 2.28372477e+26]:[ 5.86992246e-02 -3.55623384e-12  0.00000000e+00  0.00000000e+00 -2.27623846e-10 -4.51429744e-16  0.00000000e+00  0.00000000e+00 -1.31907785e-06 -2.48526770e-02  8.20333261e-10]:26.358643762971973
Selected: [0 1]
***************
***CROSSOVER***
***************
&&&&&&&&&&&&&&&&&&&&&&&&
&&TOURNAMENT SELECTION&&
&&&&&&&&&&&&&&&&&&&&&&&&
parents:
[ 6.58328803e-02 -2.66598049e-12  0.00000000e+00  0.00000000e+00 -2.08121261e-10 -1.16138629e-15  0.00000000e+00  0.00000000e+00 -2.13207661e-06  0.00000000e+00  8.88770632e-10]
[ 6.58328803e-02 -2.66598049e-12  0.00000000e+00  0.00000000e+00 -2.08121261e-10 -1.16138629e-15  0.00000000e+00  0.00000000e+00 -2.12329139e-06  0.00000000e+00  8.67631885e-10]
children:
[ 6.11470228e-02 -2.60279016e-12  0.00000000e+00 -2.26612140e-02 -1.73162075e-10 -1.21845827e-15 -5.01255524e-02  3.37543850e-03 -2.20800266e-06 -4.53715757e-02  8.74861397e-10]
[ 7.14247297e-02 -2.66598049e-12  0.00000000e+00 -8.19093959e-03 -2.12020766e-10 -1.16138629e-15  2.18040756e-02 -1.23539296e-02 -1.28513472e-06  6.41463716e-02  8.69512599e-10]
[ 6.57585454e-02 -1.87906250e-12  0.00000000e+00 -3.43230387e-02 -2.08121261e-10 -1.24516355e-15  7.63983426e-02 -1.29839213e-02 -2.12984106e-06 -8.25114114e-03  8.79052617e-10]
Population scores:
897:[2.66691151e+11 9.44506185e+11]:[ 6.58328803e-02 -2.66598049e-12  0.00000000e+00  0.00000000e+00 -2.08121261e-10 -1.16138629e-15  0.00000000e+00  0.00000000e+00 -2.13207661e-06  0.00000000e+00  8.88770632e-10]:11.975204806108179
881:[3.95406259e+11 9.79613320e+11]:[ 6.58328803e-02 -2.66598049e-12  0.00000000e+00  0.00000000e+00 -2.08121261e-10 -1.16138629e-15  0.00000000e+00  0.00000000e+00 -2.12329139e-06  0.00000000e+00  8.67631885e-10]:11.9910546816598
936:[1.31483227e+25 2.52067941e+25]:[ 6.57585454e-02 -1.87906250e-12  0.00000000e+00 -3.43230387e-02 -2.08121261e-10 -1.24516355e-15  7.63983426e-02 -1.29839213e-02 -2.12984106e-06 -8.25114114e-03  8.79052617e-10]:25.40151761361623
934:[3.97006252e+26 7.61092950e+26]:[ 6.11470228e-02 -2.60279016e-12  0.00000000e+00 -2.26612140e-02 -1.73162075e-10 -1.21845827e-15 -5.01255524e-02  3.37543850e-03 -2.20800266e-06 -4.53715757e-02  8.74861397e-10]:26.881437699248103
935:[7.93469125e+26 1.52114250e+27]:[ 7.14247297e-02 -2.66598049e-12  0.00000000e+00 -8.19093959e-03 -2.12020766e-10 -1.16138629e-15  2.18040756e-02 -1.23539296e-02 -1.28513472e-06  6.41463716e-02  8.69512599e-10]:27.182169901895218
Selected for new population:
[ 6.58328803e-02 -2.66598049e-12  0.00000000e+00  0.00000000e+00 -2.08121261e-10 -1.16138629e-15  0.00000000e+00  0.00000000e+00 -2.13207661e-06  0.00000000e+00  8.88770632e-10]
[ 6.58328803e-02 -2.66598049e-12  0.00000000e+00  0.00000000e+00 -2.08121261e-10 -1.16138629e-15  0.00000000e+00  0.00000000e+00 -2.12329139e-06  0.00000000e+00  8.67631885e-10]
[ 6.57585454e-02 -1.87906250e-12  0.00000000e+00 -3.43230387e-02 -2.08121261e-10 -1.24516355e-15  7.63983426e-02 -1.29839213e-02 -2.12984106e-06 -8.25114114e-03  8.79052617e-10]
Selected: [0 1]
***************
***CROSSOVER***
***************
&&&&&&&&&&&&&&&&&&&&&&&&
&&TOURNAMENT SELECTION&&
&&&&&&&&&&&&&&&&&&&&&&&&
parents:
[ 6.58328803e-02 -2.66598049e-12  0.00000000e+00  0.00000000e+00 -2.08121261e-10 -1.16138629e-15  0.00000000e+00  0.00000000e+00 -2.13207661e-06  0.00000000e+00  8.88770632e-10]
[ 6.58328803e-02 -2.66598049e-12  0.00000000e+00  0.00000000e+00 -2.08121261e-10 -1.16138629e-15  0.00000000e+00  0.00000000e+00 -2.12329139e-06  0.00000000e+00  8.67631885e-10]
children:
[ 6.94400360e-02 -2.76327043e-12  0.00000000e+00 -6.49330632e-02 -2.08121261e-10 -1.48870854e-15  7.32615351e-02  8.26865608e-02 -2.12309848e-06  0.00000000e+00  8.72537578e-10]
[ 6.58328803e-02 -2.33614469e-12 -6.43518641e-02 -1.17906181e-03 -2.12389731e-10 -1.16138629e-15 -4.86039592e-02  9.21952506e-02 -2.12551243e-06 -5.52250449e-02  9.48079225e-10]
[ 6.65471184e-02 -2.14883599e-12  0.00000000e+00  0.00000000e+00 -2.08121261e-10 -1.14919966e-15 -2.68770015e-02  7.29145819e-02 -2.12758605e-06 -1.23600102e-02  8.75672853e-10]
Population scores:
897:[2.66691151e+11 9.44506185e+11]:[ 6.58328803e-02 -2.66598049e-12  0.00000000e+00  0.00000000e+00 -2.08121261e-10 -1.16138629e-15  0.00000000e+00  0.00000000e+00 -2.13207661e-06  0.00000000e+00  8.88770632e-10]:11.975204806108179
881:[3.95406259e+11 9.79613320e+11]:[ 6.58328803e-02 -2.66598049e-12  0.00000000e+00  0.00000000e+00 -2.08121261e-10 -1.16138629e-15  0.00000000e+00  0.00000000e+00 -2.12329139e-06  0.00000000e+00  8.67631885e-10]:11.9910546816598
937:[2.44351387e+20 4.77532104e+20]:[ 6.94400360e-02 -2.76327043e-12  0.00000000e+00 -6.49330632e-02 -2.08121261e-10 -1.48870854e-15  7.32615351e-02  8.26865608e-02 -2.12309848e-06  0.00000000e+00  8.72537578e-10]:20.679002574167285
939:[2.93155646e+25 5.61971161e+25]:[ 6.65471184e-02 -2.14883599e-12  0.00000000e+00  0.00000000e+00 -2.08121261e-10 -1.14919966e-15 -2.68770015e-02  7.29145819e-02 -2.12758605e-06 -1.23600102e-02  8.75672853e-10]:25.74971402939634
938:[5.87365275e+26 1.12600911e+27]:[ 6.58328803e-02 -2.33614469e-12 -6.43518641e-02 -1.17906181e-03 -2.12389731e-10 -1.16138629e-15 -4.86039592e-02  9.21952506e-02 -2.12551243e-06 -5.52250449e-02  9.48079225e-10]:27.051541903963265
Selected for new population:
[ 6.58328803e-02 -2.66598049e-12  0.00000000e+00  0.00000000e+00 -2.08121261e-10 -1.16138629e-15  0.00000000e+00  0.00000000e+00 -2.13207661e-06  0.00000000e+00  8.88770632e-10]
[ 6.58328803e-02 -2.66598049e-12  0.00000000e+00  0.00000000e+00 -2.08121261e-10 -1.16138629e-15  0.00000000e+00  0.00000000e+00 -2.12329139e-06  0.00000000e+00  8.67631885e-10]
[ 6.94400360e-02 -2.76327043e-12  0.00000000e+00 -6.49330632e-02 -2.08121261e-10 -1.48870854e-15  7.32615351e-02  8.26865608e-02 -2.12309848e-06  0.00000000e+00  8.72537578e-10]
@@@@@@@@@@@@@@@@@@@@@@@@@
@@@merging population@@@@
@@@@@@@@@@@@@@@@@@@@@@@@@
Population scores:
897:[2.66691151e+11 9.44506185e+11]:[ 6.58328803e-02 -2.66598049e-12  0.00000000e+00  0.00000000e+00 -2.08121261e-10 -1.16138629e-15  0.00000000e+00  0.00000000e+00 -2.13207661e-06  0.00000000e+00  8.88770632e-10]:11.975204806108179
881:[3.95406259e+11 9.79613320e+11]:[ 6.58328803e-02 -2.66598049e-12  0.00000000e+00  0.00000000e+00 -2.08121261e-10 -1.16138629e-15  0.00000000e+00  0.00000000e+00 -2.12329139e-06  0.00000000e+00  8.67631885e-10]:11.9910546816598
931:[1.59158348e+18 3.10996612e+18]:[ 6.58328803e-02 -1.72206568e-12  0.00000000e+00 -4.06414492e-02 -2.29872039e-10 -3.76666290e-16  0.00000000e+00  6.67265808e-03 -2.13207661e-06  0.00000000e+00  8.72177704e-10]:18.49275565849556
932:[2.87339146e+18 5.61793142e+18]:[ 6.58328803e-02 -2.66598049e-12  8.40710193e-02  0.00000000e+00 -2.08121261e-10 -1.16138629e-15  0.00000000e+00  8.93657031e-03 -1.20261268e-06  0.00000000e+00  7.70560823e-10]:18.74957643318746
930:[2.17165633e+20 4.24387208e+20]:[ 7.30546148e-02 -2.66598049e-12  2.40578993e-02  0.00000000e+00 -2.17367143e-10 -1.16138629e-15  7.70403669e-02  7.79729529e-02 -2.72830856e-06  0.00000000e+00  9.19692471e-10]:20.627762284681893
937:[2.44351387e+20 4.77532104e+20]:[ 6.94400360e-02 -2.76327043e-12  0.00000000e+00 -6.49330632e-02 -2.08121261e-10 -1.48870854e-15  7.32615351e-02  8.26865608e-02 -2.12309848e-06  0.00000000e+00  8.72537578e-10]:20.679002574167285
936:[1.31483227e+25 2.52067941e+25]:[ 6.57585454e-02 -1.87906250e-12  0.00000000e+00 -3.43230387e-02 -2.08121261e-10 -1.24516355e-15  7.63983426e-02 -1.29839213e-02 -2.12984106e-06 -8.25114114e-03  8.79052617e-10]:25.40151761361623
939:[2.93155646e+25 5.61971161e+25]:[ 6.65471184e-02 -2.14883599e-12  0.00000000e+00  0.00000000e+00 -2.08121261e-10 -1.14919966e-15 -2.68770015e-02  7.29145819e-02 -2.12758605e-06 -1.23600102e-02  8.75672853e-10]:25.74971402939634
933:[1.19125054e+26 2.28372477e+26]:[ 5.86992246e-02 -3.55623384e-12  0.00000000e+00  0.00000000e+00 -2.27623846e-10 -4.51429744e-16  0.00000000e+00  0.00000000e+00 -1.31907785e-06 -2.48526770e-02  8.20333261e-10]:26.358643762971973
934:[3.97006252e+26 7.61092950e+26]:[ 6.11470228e-02 -2.60279016e-12  0.00000000e+00 -2.26612140e-02 -1.73162075e-10 -1.21845827e-15 -5.01255524e-02  3.37543850e-03 -2.20800266e-06 -4.53715757e-02  8.74861397e-10]:26.881437699248103
938:[5.87365275e+26 1.12600911e+27]:[ 6.58328803e-02 -2.33614469e-12 -6.43518641e-02 -1.17906181e-03 -2.12389731e-10 -1.16138629e-15 -4.86039592e-02  9.21952506e-02 -2.12551243e-06 -5.52250449e-02  9.48079225e-10]:27.051541903963265
935:[7.93469125e+26 1.52114250e+27]:[ 7.14247297e-02 -2.66598049e-12  0.00000000e+00 -8.19093959e-03 -2.12020766e-10 -1.16138629e-15  2.18040756e-02 -1.23539296e-02 -1.28513472e-06  6.41463716e-02  8.69512599e-10]:27.182169901895218
*******************************
***iteration: 1 Population is***
*******************************
Population scores:
897:[2.66691151e+11 9.44506185e+11]:[ 6.58328803e-02 -2.66598049e-12  0.00000000e+00  0.00000000e+00 -2.08121261e-10 -1.16138629e-15  0.00000000e+00  0.00000000e+00 -2.13207661e-06  0.00000000e+00  8.88770632e-10]:11.975204806108179
881:[3.95406259e+11 9.79613320e+11]:[ 6.58328803e-02 -2.66598049e-12  0.00000000e+00  0.00000000e+00 -2.08121261e-10 -1.16138629e-15  0.00000000e+00  0.00000000e+00 -2.12329139e-06  0.00000000e+00  8.67631885e-10]:11.9910546816598
931:[1.59158348e+18 3.10996612e+18]:[ 6.58328803e-02 -1.72206568e-12  0.00000000e+00 -4.06414492e-02 -2.29872039e-10 -3.76666290e-16  0.00000000e+00  6.67265808e-03 -2.13207661e-06  0.00000000e+00  8.72177704e-10]:18.49275565849556
932:[2.87339146e+18 5.61793142e+18]:[ 6.58328803e-02 -2.66598049e-12  8.40710193e-02  0.00000000e+00 -2.08121261e-10 -1.16138629e-15  0.00000000e+00  8.93657031e-03 -1.20261268e-06  0.00000000e+00  7.70560823e-10]:18.74957643318746
930:[2.17165633e+20 4.24387208e+20]:[ 7.30546148e-02 -2.66598049e-12  2.40578993e-02  0.00000000e+00 -2.17367143e-10 -1.16138629e-15  7.70403669e-02  7.79729529e-02 -2.72830856e-06  0.00000000e+00  9.19692471e-10]:20.627762284681893
937:[2.44351387e+20 4.77532104e+20]:[ 6.94400360e-02 -2.76327043e-12  0.00000000e+00 -6.49330632e-02 -2.08121261e-10 -1.48870854e-15  7.32615351e-02  8.26865608e-02 -2.12309848e-06  0.00000000e+00  8.72537578e-10]:20.679002574167285
Selected: [1 0]
***************
***CROSSOVER***
***************
&&&&&&&&&&&&&&&&&&&&&&&&
&&TOURNAMENT SELECTION&&
&&&&&&&&&&&&&&&&&&&&&&&&
parents:
[ 6.58328803e-02 -2.66598049e-12  0.00000000e+00  0.00000000e+00 -2.08121261e-10 -1.16138629e-15  0.00000000e+00  0.00000000e+00 -2.12329139e-06  0.00000000e+00  8.67631885e-10]
[ 6.58328803e-02 -2.66598049e-12  0.00000000e+00  0.00000000e+00 -2.08121261e-10 -1.16138629e-15  0.00000000e+00  0.00000000e+00 -2.13207661e-06  0.00000000e+00  8.88770632e-10]
children:
[ 6.58328803e-02 -2.66598049e-12  0.00000000e+00 -1.24580005e-02 -2.53077480e-10 -9.70756305e-16  2.62492179e-02 -7.65826324e-02 -2.67831020e-06 -6.51328850e-02  8.76321672e-10]
[ 6.59054243e-02 -3.15736713e-12  4.20767629e-02 -4.21093517e-03 -2.08121261e-10 -1.16138629e-15  0.00000000e+00 -2.74545203e-02 -2.61605245e-06  0.00000000e+00  8.68467678e-10]
[ 6.48846870e-02 -2.66598049e-12  8.76201098e-02 -6.42217713e-03 -2.14904973e-10 -5.57708790e-16  0.00000000e+00  0.00000000e+00 -2.06590830e-06 -3.77809626e-02  8.76606526e-10]
Population scores:
897:[2.66691151e+11 9.44506185e+11]:[ 6.58328803e-02 -2.66598049e-12  0.00000000e+00  0.00000000e+00 -2.08121261e-10 -1.16138629e-15  0.00000000e+00  0.00000000e+00 -2.13207661e-06  0.00000000e+00  8.88770632e-10]:11.975204806108179
881:[3.95406259e+11 9.79613320e+11]:[ 6.58328803e-02 -2.66598049e-12  0.00000000e+00  0.00000000e+00 -2.08121261e-10 -1.16138629e-15  0.00000000e+00  0.00000000e+00 -2.12329139e-06  0.00000000e+00  8.67631885e-10]:11.9910546816598
941:[2.69872065e+19 5.27435617e+19]:[ 6.59054243e-02 -3.15736713e-12  4.20767629e-02 -4.21093517e-03 -2.08121261e-10 -1.16138629e-15  0.00000000e+00 -2.74545203e-02 -2.61605245e-06  0.00000000e+00  8.68467678e-10]:19.722169453420403
942:[2.75298124e+26 5.27769052e+26]:[ 6.48846870e-02 -2.66598049e-12  8.76201098e-02 -6.42217713e-03 -2.14904973e-10 -5.57708790e-16  0.00000000e+00  0.00000000e+00 -2.06590830e-06 -3.77809626e-02  8.76606526e-10]:26.72244391974205
940:[8.19021306e+26 1.57014882e+27]:[ 6.58328803e-02 -2.66598049e-12  0.00000000e+00 -1.24580005e-02 -2.53077480e-10 -9.70756305e-16  2.62492179e-02 -7.65826324e-02 -2.67831020e-06 -6.51328850e-02  8.76321672e-10]:27.195940815959876
Selected for new population:
[ 6.58328803e-02 -2.66598049e-12  0.00000000e+00  0.00000000e+00 -2.08121261e-10 -1.16138629e-15  0.00000000e+00  0.00000000e+00 -2.13207661e-06  0.00000000e+00  8.88770632e-10]
[ 6.58328803e-02 -2.66598049e-12  0.00000000e+00  0.00000000e+00 -2.08121261e-10 -1.16138629e-15  0.00000000e+00  0.00000000e+00 -2.12329139e-06  0.00000000e+00  8.67631885e-10]
[ 6.59054243e-02 -3.15736713e-12  4.20767629e-02 -4.21093517e-03 -2.08121261e-10 -1.16138629e-15  0.00000000e+00 -2.74545203e-02 -2.61605245e-06  0.00000000e+00  8.68467678e-10]
Selected: [0 1]
***************
***CROSSOVER***
***************
&&&&&&&&&&&&&&&&&&&&&&&&
&&TOURNAMENT SELECTION&&
&&&&&&&&&&&&&&&&&&&&&&&&
parents:
[ 6.58328803e-02 -2.66598049e-12  0.00000000e+00  0.00000000e+00 -2.08121261e-10 -1.16138629e-15  0.00000000e+00  0.00000000e+00 -2.13207661e-06  0.00000000e+00  8.88770632e-10]
[ 6.58328803e-02 -2.66598049e-12  0.00000000e+00  0.00000000e+00 -2.08121261e-10 -1.16138629e-15  0.00000000e+00  0.00000000e+00 -2.12329139e-06  0.00000000e+00  8.67631885e-10]
children:
[ 6.32712081e-02 -2.66598049e-12  0.00000000e+00  5.77367920e-02 -2.66792918e-10 -1.16138629e-15  6.53471919e-02 -3.15248010e-02 -2.99313542e-06  0.00000000e+00  9.16282297e-10]
[ 7.03668516e-02 -2.66598049e-12  0.00000000e+00  0.00000000e+00 -2.08121261e-10 -1.16138629e-15  0.00000000e+00  0.00000000e+00 -2.13057241e-06  0.00000000e+00  8.87884611e-10]
[ 6.58444586e-02 -3.11191887e-12  0.00000000e+00  0.00000000e+00 -2.08121261e-10 -1.07293169e-15  3.78043633e-02  7.49821586e-02 -2.38013385e-06 -1.65723018e-02  8.38681244e-10]
Population scores:
944:[2.65544779e+11 9.39122194e+11]:[ 7.03668516e-02 -2.66598049e-12  0.00000000e+00  0.00000000e+00 -2.08121261e-10 -1.16138629e-15  0.00000000e+00  0.00000000e+00 -2.13057241e-06  0.00000000e+00  8.87884611e-10]:11.972722104070353
897:[2.66691151e+11 9.44506185e+11]:[ 6.58328803e-02 -2.66598049e-12  0.00000000e+00  0.00000000e+00 -2.08121261e-10 -1.16138629e-15  0.00000000e+00  0.00000000e+00 -2.13207661e-06  0.00000000e+00  8.88770632e-10]:11.975204806108179
881:[3.95406259e+11 9.79613320e+11]:[ 6.58328803e-02 -2.66598049e-12  0.00000000e+00  0.00000000e+00 -2.08121261e-10 -1.16138629e-15  0.00000000e+00  0.00000000e+00 -2.12329139e-06  0.00000000e+00  8.67631885e-10]:11.9910546816598
943:[3.56013968e+19 6.95817698e+19]:[ 6.32712081e-02 -2.66598049e-12  0.00000000e+00  5.77367920e-02 -2.66792918e-10 -1.16138629e-15  6.53471919e-02 -3.15248010e-02 -2.99313542e-06  0.00000000e+00  9.16282297e-10]:19.842495470723225
945:[5.27641557e+25 1.01148766e+26]:[ 6.58444586e-02 -3.11191887e-12  0.00000000e+00  0.00000000e+00 -2.08121261e-10 -1.07293169e-15  3.78043633e-02  7.49821586e-02 -2.38013385e-06 -1.65723018e-02  8.38681244e-10]:26.004960588214598
Selected for new population:
[ 7.03668516e-02 -2.66598049e-12  0.00000000e+00  0.00000000e+00 -2.08121261e-10 -1.16138629e-15  0.00000000e+00  0.00000000e+00 -2.13057241e-06  0.00000000e+00  8.87884611e-10]
[ 6.58328803e-02 -2.66598049e-12  0.00000000e+00  0.00000000e+00 -2.08121261e-10 -1.16138629e-15  0.00000000e+00  0.00000000e+00 -2.13207661e-06  0.00000000e+00  8.88770632e-10]
[ 6.58328803e-02 -2.66598049e-12  0.00000000e+00  0.00000000e+00 -2.08121261e-10 -1.16138629e-15  0.00000000e+00  0.00000000e+00 -2.12329139e-06  0.00000000e+00  8.67631885e-10]
@@@@@@@@@@@@@@@@@@@@@@@@@
@@@merging population@@@@
@@@@@@@@@@@@@@@@@@@@@@@@@
Population scores:
944:[2.65544779e+11 9.39122194e+11]:[ 7.03668516e-02 -2.66598049e-12  0.00000000e+00  0.00000000e+00 -2.08121261e-10 -1.16138629e-15  0.00000000e+00  0.00000000e+00 -2.13057241e-06  0.00000000e+00  8.87884611e-10]:11.972722104070353
897:[2.66691151e+11 9.44506185e+11]:[ 6.58328803e-02 -2.66598049e-12  0.00000000e+00  0.00000000e+00 -2.08121261e-10 -1.16138629e-15  0.00000000e+00  0.00000000e+00 -2.13207661e-06  0.00000000e+00  8.88770632e-10]:11.975204806108179
881:[3.95406259e+11 9.79613320e+11]:[ 6.58328803e-02 -2.66598049e-12  0.00000000e+00  0.00000000e+00 -2.08121261e-10 -1.16138629e-15  0.00000000e+00  0.00000000e+00 -2.12329139e-06  0.00000000e+00  8.67631885e-10]:11.9910546816598
931:[1.59158348e+18 3.10996612e+18]:[ 6.58328803e-02 -1.72206568e-12  0.00000000e+00 -4.06414492e-02 -2.29872039e-10 -3.76666290e-16  0.00000000e+00  6.67265808e-03 -2.13207661e-06  0.00000000e+00  8.72177704e-10]:18.49275565849556
932:[2.87339146e+18 5.61793142e+18]:[ 6.58328803e-02 -2.66598049e-12  8.40710193e-02  0.00000000e+00 -2.08121261e-10 -1.16138629e-15  0.00000000e+00  8.93657031e-03 -1.20261268e-06  0.00000000e+00  7.70560823e-10]:18.74957643318746
941:[2.69872065e+19 5.27435617e+19]:[ 6.59054243e-02 -3.15736713e-12  4.20767629e-02 -4.21093517e-03 -2.08121261e-10 -1.16138629e-15  0.00000000e+00 -2.74545203e-02 -2.61605245e-06  0.00000000e+00  8.68467678e-10]:19.722169453420403
943:[3.56013968e+19 6.95817698e+19]:[ 6.32712081e-02 -2.66598049e-12  0.00000000e+00  5.77367920e-02 -2.66792918e-10 -1.16138629e-15  6.53471919e-02 -3.15248010e-02 -2.99313542e-06  0.00000000e+00  9.16282297e-10]:19.842495470723225
930:[2.17165633e+20 4.24387208e+20]:[ 7.30546148e-02 -2.66598049e-12  2.40578993e-02  0.00000000e+00 -2.17367143e-10 -1.16138629e-15  7.70403669e-02  7.79729529e-02 -2.72830856e-06  0.00000000e+00  9.19692471e-10]:20.627762284681893
937:[2.44351387e+20 4.77532104e+20]:[ 6.94400360e-02 -2.76327043e-12  0.00000000e+00 -6.49330632e-02 -2.08121261e-10 -1.48870854e-15  7.32615351e-02  8.26865608e-02 -2.12309848e-06  0.00000000e+00  8.72537578e-10]:20.679002574167285
945:[5.27641557e+25 1.01148766e+26]:[ 6.58444586e-02 -3.11191887e-12  0.00000000e+00  0.00000000e+00 -2.08121261e-10 -1.07293169e-15  3.78043633e-02  7.49821586e-02 -2.38013385e-06 -1.65723018e-02  8.38681244e-10]:26.004960588214598
942:[2.75298124e+26 5.27769052e+26]:[ 6.48846870e-02 -2.66598049e-12  8.76201098e-02 -6.42217713e-03 -2.14904973e-10 -5.57708790e-16  0.00000000e+00  0.00000000e+00 -2.06590830e-06 -3.77809626e-02  8.76606526e-10]:26.72244391974205
940:[8.19021306e+26 1.57014882e+27]:[ 6.58328803e-02 -2.66598049e-12  0.00000000e+00 -1.24580005e-02 -2.53077480e-10 -9.70756305e-16  2.62492179e-02 -7.65826324e-02 -2.67831020e-06 -6.51328850e-02  8.76321672e-10]:27.195940815959876
*******************************
***iteration: 2 Population is***
*******************************
Population scores:
944:[2.65544779e+11 9.39122194e+11]:[ 7.03668516e-02 -2.66598049e-12  0.00000000e+00  0.00000000e+00 -2.08121261e-10 -1.16138629e-15  0.00000000e+00  0.00000000e+00 -2.13057241e-06  0.00000000e+00  8.87884611e-10]:11.972722104070353
897:[2.66691151e+11 9.44506185e+11]:[ 6.58328803e-02 -2.66598049e-12  0.00000000e+00  0.00000000e+00 -2.08121261e-10 -1.16138629e-15  0.00000000e+00  0.00000000e+00 -2.13207661e-06  0.00000000e+00  8.88770632e-10]:11.975204806108179
881:[3.95406259e+11 9.79613320e+11]:[ 6.58328803e-02 -2.66598049e-12  0.00000000e+00  0.00000000e+00 -2.08121261e-10 -1.16138629e-15  0.00000000e+00  0.00000000e+00 -2.12329139e-06  0.00000000e+00  8.67631885e-10]:11.9910546816598
931:[1.59158348e+18 3.10996612e+18]:[ 6.58328803e-02 -1.72206568e-12  0.00000000e+00 -4.06414492e-02 -2.29872039e-10 -3.76666290e-16  0.00000000e+00  6.67265808e-03 -2.13207661e-06  0.00000000e+00  8.72177704e-10]:18.49275565849556
932:[2.87339146e+18 5.61793142e+18]:[ 6.58328803e-02 -2.66598049e-12  8.40710193e-02  0.00000000e+00 -2.08121261e-10 -1.16138629e-15  0.00000000e+00  8.93657031e-03 -1.20261268e-06  0.00000000e+00  7.70560823e-10]:18.74957643318746
941:[2.69872065e+19 5.27435617e+19]:[ 6.59054243e-02 -3.15736713e-12  4.20767629e-02 -4.21093517e-03 -2.08121261e-10 -1.16138629e-15  0.00000000e+00 -2.74545203e-02 -2.61605245e-06  0.00000000e+00  8.68467678e-10]:19.722169453420403
Selected: [1 0]
***************
***CROSSOVER***
***************
&&&&&&&&&&&&&&&&&&&&&&&&
&&TOURNAMENT SELECTION&&
&&&&&&&&&&&&&&&&&&&&&&&&
parents:
[ 6.58328803e-02 -2.66598049e-12  0.00000000e+00  0.00000000e+00 -2.08121261e-10 -1.16138629e-15  0.00000000e+00  0.00000000e+00 -2.13207661e-06  0.00000000e+00  8.88770632e-10]
[ 7.03668516e-02 -2.66598049e-12  0.00000000e+00  0.00000000e+00 -2.08121261e-10 -1.16138629e-15  0.00000000e+00  0.00000000e+00 -2.13057241e-06  0.00000000e+00  8.87884611e-10]
children:
[ 6.70836323e-02 -2.66598049e-12 -7.83467422e-02  0.00000000e+00 -2.08121261e-10 -1.16138629e-15  4.40849464e-02  2.27697327e-02 -3.09533314e-06  0.00000000e+00  8.88150986e-10]
[ 6.79844770e-02 -2.66598049e-12  1.74545606e-02  0.00000000e+00 -2.08473775e-10 -1.38283442e-15 -1.81548817e-02 -1.05050941e-02 -2.13051184e-06  0.00000000e+00  9.58817663e-10]
[ 6.56691922e-02 -2.85452592e-12 -6.54406293e-02  0.00000000e+00 -2.08121261e-10 -1.16138629e-15  4.86672513e-02 -9.95139583e-02 -2.13146296e-06  0.00000000e+00  8.73768608e-10]
Population scores:
944:[2.65544779e+11 9.39122194e+11]:[ 7.03668516e-02 -2.66598049e-12  0.00000000e+00  0.00000000e+00 -2.08121261e-10 -1.16138629e-15  0.00000000e+00  0.00000000e+00 -2.13057241e-06  0.00000000e+00  8.87884611e-10]:11.972722104070353
897:[2.66691151e+11 9.44506185e+11]:[ 6.58328803e-02 -2.66598049e-12  0.00000000e+00  0.00000000e+00 -2.08121261e-10 -1.16138629e-15  0.00000000e+00  0.00000000e+00 -2.13207661e-06  0.00000000e+00  8.88770632e-10]:11.975204806108179
947:[3.93887813e+18 7.69685457e+18]:[ 6.79844770e-02 -2.66598049e-12  1.74545606e-02  0.00000000e+00 -2.08473775e-10 -1.38283442e-15 -1.81548817e-02 -1.05050941e-02 -2.13051184e-06  0.00000000e+00  9.58817663e-10]:18.886313280936655
946:[1.84590267e+19 3.60676420e+19]:[ 6.70836323e-02 -2.66598049e-12 -7.83467422e-02  0.00000000e+00 -2.08121261e-10 -1.16138629e-15  4.40849464e-02  2.27697327e-02 -3.09533314e-06  0.00000000e+00  8.88150986e-10]:19.55711775064195
948:[3.53954853e+20 6.91718339e+20]:[ 6.56691922e-02 -2.85452592e-12 -6.54406293e-02  0.00000000e+00 -2.08121261e-10 -1.16138629e-15  4.86672513e-02 -9.95139583e-02 -2.13146296e-06  0.00000000e+00  8.73768608e-10]:20.83992928980337
Selected for new population:
[ 7.03668516e-02 -2.66598049e-12  0.00000000e+00  0.00000000e+00 -2.08121261e-10 -1.16138629e-15  0.00000000e+00  0.00000000e+00 -2.13057241e-06  0.00000000e+00  8.87884611e-10]
[ 6.58328803e-02 -2.66598049e-12  0.00000000e+00  0.00000000e+00 -2.08121261e-10 -1.16138629e-15  0.00000000e+00  0.00000000e+00 -2.13207661e-06  0.00000000e+00  8.88770632e-10]
[ 6.79844770e-02 -2.66598049e-12  1.74545606e-02  0.00000000e+00 -2.08473775e-10 -1.38283442e-15 -1.81548817e-02 -1.05050941e-02 -2.13051184e-06  0.00000000e+00  9.58817663e-10]
Selected: [1 0]
***************
***CROSSOVER***
***************
&&&&&&&&&&&&&&&&&&&&&&&&
&&TOURNAMENT SELECTION&&
&&&&&&&&&&&&&&&&&&&&&&&&
parents:
[ 6.58328803e-02 -2.66598049e-12  0.00000000e+00  0.00000000e+00 -2.08121261e-10 -1.16138629e-15  0.00000000e+00  0.00000000e+00 -2.13207661e-06  0.00000000e+00  8.88770632e-10]
[ 7.03668516e-02 -2.66598049e-12  0.00000000e+00  0.00000000e+00 -2.08121261e-10 -1.16138629e-15  0.00000000e+00  0.00000000e+00 -2.13057241e-06  0.00000000e+00  8.87884611e-10]
children:
[ 6.65637064e-02 -2.66598049e-12  5.92418590e-02  0.00000000e+00 -2.08121261e-10 -1.27032564e-15  0.00000000e+00  3.46042490e-02 -2.13119285e-06  0.00000000e+00  8.86888667e-10]
[ 7.05899994e-02 -2.66598049e-12  6.92777013e-02 -3.30796465e-02 -1.57794681e-10 -4.23756111e-16 -6.64937311e-02 -8.93073781e-02 -2.13043026e-06 -2.96727947e-02  9.57473759e-10]
[ 6.99467157e-02 -2.25192047e-12 -7.40568033e-02 -2.51468643e-02 -2.09147877e-10 -1.54459397e-15  9.76124424e-02  0.00000000e+00 -2.13122985e-06  0.00000000e+00  9.53233978e-10]
Population scores:
944:[2.65544779e+11 9.39122194e+11]:[ 7.03668516e-02 -2.66598049e-12  0.00000000e+00  0.00000000e+00 -2.08121261e-10 -1.16138629e-15  0.00000000e+00  0.00000000e+00 -2.13057241e-06  0.00000000e+00  8.87884611e-10]:11.972722104070353
897:[2.66691151e+11 9.44506185e+11]:[ 6.58328803e-02 -2.66598049e-12  0.00000000e+00  0.00000000e+00 -2.08121261e-10 -1.16138629e-15  0.00000000e+00  0.00000000e+00 -2.13207661e-06  0.00000000e+00  8.88770632e-10]:11.975204806108179
951:[1.56295145e+12 4.38186175e+12]:[ 6.99467157e-02 -2.25192047e-12 -7.40568033e-02 -2.51468643e-02 -2.09147877e-10 -1.54459397e-15  9.76124424e-02  0.00000000e+00 -2.13122985e-06  0.00000000e+00  9.53233978e-10]:12.641658670750745
949:[4.27974634e+19 8.36389043e+19]:[ 6.65637064e-02 -2.66598049e-12  5.92418590e-02  0.00000000e+00 -2.08121261e-10 -1.27032564e-15  0.00000000e+00  3.46042490e-02 -2.13119285e-06  0.00000000e+00  8.86888667e-10]:19.922408334973085
950:[1.70252165e+26 3.26396847e+26]:[ 7.05899994e-02 -2.66598049e-12  6.92777013e-02 -3.30796465e-02 -1.57794681e-10 -4.23756111e-16 -6.64937311e-02 -8.93073781e-02 -2.13043026e-06 -2.96727947e-02  9.57473759e-10]:26.51374595458968
Selected for new population:
[ 7.03668516e-02 -2.66598049e-12  0.00000000e+00  0.00000000e+00 -2.08121261e-10 -1.16138629e-15  0.00000000e+00  0.00000000e+00 -2.13057241e-06  0.00000000e+00  8.87884611e-10]
[ 6.58328803e-02 -2.66598049e-12  0.00000000e+00  0.00000000e+00 -2.08121261e-10 -1.16138629e-15  0.00000000e+00  0.00000000e+00 -2.13207661e-06  0.00000000e+00  8.88770632e-10]
[ 6.99467157e-02 -2.25192047e-12 -7.40568033e-02 -2.51468643e-02 -2.09147877e-10 -1.54459397e-15  9.76124424e-02  0.00000000e+00 -2.13122985e-06  0.00000000e+00  9.53233978e-10]
@@@@@@@@@@@@@@@@@@@@@@@@@
@@@merging population@@@@
@@@@@@@@@@@@@@@@@@@@@@@@@
Population scores:
944:[2.65544779e+11 9.39122194e+11]:[ 7.03668516e-02 -2.66598049e-12  0.00000000e+00  0.00000000e+00 -2.08121261e-10 -1.16138629e-15  0.00000000e+00  0.00000000e+00 -2.13057241e-06  0.00000000e+00  8.87884611e-10]:11.972722104070353
897:[2.66691151e+11 9.44506185e+11]:[ 6.58328803e-02 -2.66598049e-12  0.00000000e+00  0.00000000e+00 -2.08121261e-10 -1.16138629e-15  0.00000000e+00  0.00000000e+00 -2.13207661e-06  0.00000000e+00  8.88770632e-10]:11.975204806108179
881:[3.95406259e+11 9.79613320e+11]:[ 6.58328803e-02 -2.66598049e-12  0.00000000e+00  0.00000000e+00 -2.08121261e-10 -1.16138629e-15  0.00000000e+00  0.00000000e+00 -2.12329139e-06  0.00000000e+00  8.67631885e-10]:11.9910546816598
951:[1.56295145e+12 4.38186175e+12]:[ 6.99467157e-02 -2.25192047e-12 -7.40568033e-02 -2.51468643e-02 -2.09147877e-10 -1.54459397e-15  9.76124424e-02  0.00000000e+00 -2.13122985e-06  0.00000000e+00  9.53233978e-10]:12.641658670750745
931:[1.59158348e+18 3.10996612e+18]:[ 6.58328803e-02 -1.72206568e-12  0.00000000e+00 -4.06414492e-02 -2.29872039e-10 -3.76666290e-16  0.00000000e+00  6.67265808e-03 -2.13207661e-06  0.00000000e+00  8.72177704e-10]:18.49275565849556
932:[2.87339146e+18 5.61793142e+18]:[ 6.58328803e-02 -2.66598049e-12  8.40710193e-02  0.00000000e+00 -2.08121261e-10 -1.16138629e-15  0.00000000e+00  8.93657031e-03 -1.20261268e-06  0.00000000e+00  7.70560823e-10]:18.74957643318746
947:[3.93887813e+18 7.69685457e+18]:[ 6.79844770e-02 -2.66598049e-12  1.74545606e-02  0.00000000e+00 -2.08473775e-10 -1.38283442e-15 -1.81548817e-02 -1.05050941e-02 -2.13051184e-06  0.00000000e+00  9.58817663e-10]:18.886313280936655
946:[1.84590267e+19 3.60676420e+19]:[ 6.70836323e-02 -2.66598049e-12 -7.83467422e-02  0.00000000e+00 -2.08121261e-10 -1.16138629e-15  4.40849464e-02  2.27697327e-02 -3.09533314e-06  0.00000000e+00  8.88150986e-10]:19.55711775064195
941:[2.69872065e+19 5.27435617e+19]:[ 6.59054243e-02 -3.15736713e-12  4.20767629e-02 -4.21093517e-03 -2.08121261e-10 -1.16138629e-15  0.00000000e+00 -2.74545203e-02 -2.61605245e-06  0.00000000e+00  8.68467678e-10]:19.722169453420403
949:[4.27974634e+19 8.36389043e+19]:[ 6.65637064e-02 -2.66598049e-12  5.92418590e-02  0.00000000e+00 -2.08121261e-10 -1.27032564e-15  0.00000000e+00  3.46042490e-02 -2.13119285e-06  0.00000000e+00  8.86888667e-10]:19.922408334973085
948:[3.53954853e+20 6.91718339e+20]:[ 6.56691922e-02 -2.85452592e-12 -6.54406293e-02  0.00000000e+00 -2.08121261e-10 -1.16138629e-15  4.86672513e-02 -9.95139583e-02 -2.13146296e-06  0.00000000e+00  8.73768608e-10]:20.83992928980337
950:[1.70252165e+26 3.26396847e+26]:[ 7.05899994e-02 -2.66598049e-12  6.92777013e-02 -3.30796465e-02 -1.57794681e-10 -4.23756111e-16 -6.64937311e-02 -8.93073781e-02 -2.13043026e-06 -2.96727947e-02  9.57473759e-10]:26.51374595458968
Population scores:
944:[2.65544779e+11 9.39122194e+11]:[ 7.03668516e-02 -2.66598049e-12  0.00000000e+00  0.00000000e+00 -2.08121261e-10 -1.16138629e-15  0.00000000e+00  0.00000000e+00 -2.13057241e-06  0.00000000e+00  8.87884611e-10]:11.972722104070353
897:[2.66691151e+11 9.44506185e+11]:[ 6.58328803e-02 -2.66598049e-12  0.00000000e+00  0.00000000e+00 -2.08121261e-10 -1.16138629e-15  0.00000000e+00  0.00000000e+00 -2.13207661e-06  0.00000000e+00  8.88770632e-10]:11.975204806108179
881:[3.95406259e+11 9.79613320e+11]:[ 6.58328803e-02 -2.66598049e-12  0.00000000e+00  0.00000000e+00 -2.08121261e-10 -1.16138629e-15  0.00000000e+00  0.00000000e+00 -2.12329139e-06  0.00000000e+00  8.67631885e-10]:11.9910546816598
951:[1.56295145e+12 4.38186175e+12]:[ 6.99467157e-02 -2.25192047e-12 -7.40568033e-02 -2.51468643e-02 -2.09147877e-10 -1.54459397e-15  9.76124424e-02  0.00000000e+00 -2.13122985e-06  0.00000000e+00  9.53233978e-10]:12.641658670750745
931:[1.59158348e+18 3.10996612e+18]:[ 6.58328803e-02 -1.72206568e-12  0.00000000e+00 -4.06414492e-02 -2.29872039e-10 -3.76666290e-16  0.00000000e+00  6.67265808e-03 -2.13207661e-06  0.00000000e+00  8.72177704e-10]:18.49275565849556
932:[2.87339146e+18 5.61793142e+18]:[ 6.58328803e-02 -2.66598049e-12  8.40710193e-02  0.00000000e+00 -2.08121261e-10 -1.16138629e-15  0.00000000e+00  8.93657031e-03 -1.20261268e-06  0.00000000e+00  7.70560823e-10]:18.74957643318746
%%%%%%%%%%%%%%%%%%%%%%%%%
%%%final - population%%%%
%%%%%%%%%%%%%%%%%%%%%%%%%
944:[2.65544779e+11 9.39122194e+11]:[ 7.03668516e-02 -2.66598049e-12  0.00000000e+00  0.00000000e+00 -2.08121261e-10 -1.16138629e-15  0.00000000e+00  0.00000000e+00 -2.13057241e-06  0.00000000e+00  8.87884611e-10]
897:[2.66691151e+11 9.44506185e+11]:[ 6.58328803e-02 -2.66598049e-12  0.00000000e+00  0.00000000e+00 -2.08121261e-10 -1.16138629e-15  0.00000000e+00  0.00000000e+00 -2.13207661e-06  0.00000000e+00  8.88770632e-10]
881:[3.95406259e+11 9.79613320e+11]:[ 6.58328803e-02 -2.66598049e-12  0.00000000e+00  0.00000000e+00 -2.08121261e-10 -1.16138629e-15  0.00000000e+00  0.00000000e+00 -2.12329139e-06  0.00000000e+00  8.67631885e-10]
951:[1.56295145e+12 4.38186175e+12]:[ 6.99467157e-02 -2.25192047e-12 -7.40568033e-02 -2.51468643e-02 -2.09147877e-10 -1.54459397e-15  9.76124424e-02  0.00000000e+00 -2.13122985e-06  0.00000000e+00  9.53233978e-10]
931:[1.59158348e+18 3.10996612e+18]:[ 6.58328803e-02 -1.72206568e-12  0.00000000e+00 -4.06414492e-02 -2.29872039e-10 -3.76666290e-16  0.00000000e+00  6.67265808e-03 -2.13207661e-06  0.00000000e+00  8.72177704e-10]
932:[2.87339146e+18 5.61793142e+18]:[ 6.58328803e-02 -2.66598049e-12  8.40710193e-02  0.00000000e+00 -2.08121261e-10 -1.16138629e-15  0.00000000e+00  8.93657031e-03 -1.20261268e-06  0.00000000e+00  7.70560823e-10]
