Generating Population from
[ 5.33176153e-02 -2.71042194e-12 -4.39987328e-13  4.64459428e-11 -1.74714999e-10 -1.50099458e-15  8.26393996e-16  3.30784431e-05 -2.14088409e-06 -1.28196519e-08  8.61366662e-10]
[ 6.58328803e-02 -2.66598049e-12  0.00000000e+00  0.00000000e+00 -2.08121261e-10 -1.16138629e-15  0.00000000e+00  0.00000000e+00 -2.13207661e-06  0.00000000e+00  8.88770632e-10]
*******************************
***iteration: 0 Population is***
*******************************
Population scores:
891:[8.23198030e+11 7.21265807e+10]:[ 5.33176153e-02 -2.71042194e-12 -4.39987328e-13  4.64459428e-11 -1.74714999e-10 -1.50099458e-15  8.26393996e-16  3.30784431e-05 -2.14088409e-06 -1.28196519e-08  8.61366662e-10]:10.858095344013545
897:[2.66691151e+11 9.44506185e+11]:[ 6.58328803e-02 -2.66598049e-12  0.00000000e+00  0.00000000e+00 -2.08121261e-10 -1.16138629e-15  0.00000000e+00  0.00000000e+00 -2.13207661e-06  0.00000000e+00  8.88770632e-10]:11.975204806108179
1113:[2.69983304e+12 1.88189421e+12]:[ 6.09411603e-02 -1.79483425e-12 -4.97010860e-14 -9.54728778e-12 -2.43155816e-10 -1.62638291e-15  3.19529095e-17  7.56475368e-06 -2.77750597e-06  4.67176223e-09  9.77268255e-10]:12.274595205280187
1108:[3.24702617e+13 5.02603103e+13]:[ 5.32621622e-02 -1.73764633e-12 -3.44435373e-13  5.03164822e-11 -1.01137960e-10 -2.41154920e-15  7.73478280e-16  4.16543933e-05 -2.62211241e-06 -1.83729581e-08  8.82701345e-10]:13.701225165214213
1110:[3.36585661e+13 5.85325057e+13]:[ 5.22091132e-02 -2.28387244e-12 -4.72394987e-13  5.15795399e-11 -2.53313013e-10 -9.30909249e-16  7.56627910e-16  3.58205307e-05 -2.76362167e-06 -1.72344813e-08  9.26451559e-10]:13.767397116412212
1112:[4.97885946e+13 9.48141911e+13]:[ 7.24894986e-02 -3.00876680e-12  1.86164281e-14 -1.32632851e-12 -1.45064789e-10 -8.04404999e-16  5.27064017e-17 -6.39924368e-06 -2.84026532e-06  4.22403076e-09  8.23059291e-10]:13.976873344045034
1111:[5.28798800e+13 9.81560662e+13]:[ 6.34948201e-02 -1.97268313e-12 -5.74291742e-14  2.11138121e-12 -2.52367816e-10 -1.63394360e-15 -9.94244377e-17 -2.24984759e-06 -2.36878185e-06 -6.60631705e-09  8.14448127e-10]:13.991917144812598
1109:[1.9431781e+14 3.6002162e+14]:[ 4.74160602e-02 -1.72589862e-12 -4.58683238e-13  4.50262234e-11 -2.68000622e-10 -1.50087736e-15  7.91459140e-16  3.27178582e-05 -3.09788017e-06 -2.18364591e-08  8.17677710e-10]:14.556328581207648
Selected: [2 0]
***************
***CROSSOVER***
***************
parents:
[ 6.09411603e-02 -1.79483425e-12 -4.97010860e-14 -9.54728778e-12 -2.43155816e-10 -1.62638291e-15  3.19529095e-17  7.56475368e-06 -2.77750597e-06  4.67176223e-09  9.77268255e-10]
[ 5.33176153e-02 -2.71042194e-12 -4.39987328e-13  4.64459428e-11 -1.74714999e-10 -1.50099458e-15  8.26393996e-16  3.30784431e-05 -2.14088409e-06 -1.28196519e-08  8.61366662e-10]
children:
[ 6.08347232e-02 -1.78259825e-12 -4.53929835e-13  4.48452016e-12 -2.12732351e-10 -1.52048587e-15  5.55785611e-16  3.40382775e-05 -2.61680755e-06  3.89459281e-10  9.47284194e-10]
[ 5.99219868e-02 -2.26388549e-12 -2.95756314e-13  2.45250300e-11 -1.97520599e-10 -1.59616692e-15  7.46481842e-16  6.91232024e-06 -2.17985094e-06 -1.41456995e-10  9.86255153e-10]
Selected: [1 0]
***************
***CROSSOVER***
***************
parents:
[ 6.58328803e-02 -2.66598049e-12  0.00000000e+00  0.00000000e+00 -2.08121261e-10 -1.16138629e-15  0.00000000e+00  0.00000000e+00 -2.13207661e-06  0.00000000e+00  8.88770632e-10]
[ 5.33176153e-02 -2.71042194e-12 -4.39987328e-13  4.64459428e-11 -1.74714999e-10 -1.50099458e-15  8.26393996e-16  3.30784431e-05 -2.14088409e-06 -1.28196519e-08  8.61366662e-10]
children:
[ 5.36981238e-02 -2.66973577e-12 -3.27268158e-13  6.64078114e-12 -1.99636117e-10 -1.53054166e-15  7.24158547e-16  3.31037876e-05 -2.14145674e-06 -8.95600820e-09  8.84782040e-10]
[ 5.80754862e-02 -2.67070391e-12 -4.34279162e-13  3.77710204e-12 -2.09862311e-10 -1.31345139e-15  4.08917702e-16  3.55058906e-05 -2.13576987e-06 -6.63828193e-09  8.65569402e-10]
Selected: [4 0]
***************
***CROSSOVER***
***************
parents:
[ 5.22091132e-02 -2.28387244e-12 -4.72394987e-13  5.15795399e-11 -2.53313013e-10 -9.30909249e-16  7.56627910e-16  3.58205307e-05 -2.76362167e-06 -1.72344813e-08  9.26451559e-10]
[ 5.33176153e-02 -2.71042194e-12 -4.39987328e-13  4.64459428e-11 -1.74714999e-10 -1.50099458e-15  8.26393996e-16  3.30784431e-05 -2.14088409e-06 -1.28196519e-08  8.61366662e-10]
children:
[ 5.31442815e-02 -2.38601917e-12 -4.40768187e-13  4.84264448e-11 -1.89561566e-10 -1.32731988e-15  8.00261160e-16  3.52602508e-05 -2.62203845e-06 -1.57686140e-08  8.55210925e-10]
[ 5.31296891e-02 -2.59891136e-12 -4.52225636e-13  4.95516809e-11 -1.84583968e-10 -8.82163633e-16  7.88271445e-16  3.48838655e-05 -2.21329431e-06 -1.51038671e-08  9.16941987e-10]
Selected: [1 0]
***************
***CROSSOVER***
***************
parents:
[ 6.58328803e-02 -2.66598049e-12  0.00000000e+00  0.00000000e+00 -2.08121261e-10 -1.16138629e-15  0.00000000e+00  0.00000000e+00 -2.13207661e-06  0.00000000e+00  8.88770632e-10]
[ 5.33176153e-02 -2.71042194e-12 -4.39987328e-13  4.64459428e-11 -1.74714999e-10 -1.50099458e-15  8.26393996e-16  3.30784431e-05 -2.14088409e-06 -1.28196519e-08  8.61366662e-10]
children:
[ 5.37417232e-02 -2.67626721e-12 -3.02245410e-13  4.27119782e-12 -2.08041927e-10 -1.30907395e-15  3.49078064e-16  3.58910595e-05 -2.13686115e-06 -8.68437199e-09  8.60708840e-10]
[ 6.44764525e-02 -2.68709003e-12 -2.50246134e-13  2.87111930e-11 -1.85419476e-10 -1.20788996e-15  7.01453559e-16  1.35124322e-05 -2.13398767e-06 -7.50019354e-09  8.75717963e-10]
@@@@@@@@@@@@@@@@@@@@@@@@@
@@@merging population@@@@
@@@@@@@@@@@@@@@@@@@@@@@@@
Population scores:
891:[8.23198030e+11 7.21265807e+10]:[ 5.33176153e-02 -2.71042194e-12 -4.39987328e-13  4.64459428e-11 -1.74714999e-10 -1.50099458e-15  8.26393996e-16  3.30784431e-05 -2.14088409e-06 -1.28196519e-08  8.61366662e-10]:10.858095344013545
1114:[6.59085057e+11 1.14527067e+11]:[ 5.31296891e-02 -2.59891136e-12 -4.52225636e-13  4.95516809e-11 -1.84583968e-10 -8.82163633e-16  7.88271445e-16  3.48838655e-05 -2.21329431e-06 -1.51038671e-08  9.16941987e-10]:11.058908139984611
897:[2.66691151e+11 9.44506185e+11]:[ 6.58328803e-02 -2.66598049e-12  0.00000000e+00  0.00000000e+00 -2.08121261e-10 -1.16138629e-15  0.00000000e+00  0.00000000e+00 -2.13207661e-06  0.00000000e+00  8.88770632e-10]:11.975204806108179
1113:[2.69983304e+12 1.88189421e+12]:[ 6.09411603e-02 -1.79483425e-12 -4.97010860e-14 -9.54728778e-12 -2.43155816e-10 -1.62638291e-15  3.19529095e-17  7.56475368e-06 -2.77750597e-06  4.67176223e-09  9.77268255e-10]:12.274595205280187
1121:[1.37957761e+12 1.99733893e+12]:[ 6.44764525e-02 -2.68709003e-12 -2.50246134e-13  2.87111930e-11 -1.85419476e-10 -1.20788996e-15  7.01453559e-16  1.35124322e-05 -2.13398767e-06 -7.50019354e-09  8.75717963e-10]:12.300451767941674
1116:[4.48876185e+12 9.13472107e+12]:[ 5.36981238e-02 -2.66973577e-12 -3.27268158e-13  6.64078114e-12 -1.99636117e-10 -1.53054166e-15  7.24158547e-16  3.31037876e-05 -2.14145674e-06 -8.95600820e-09  8.84782040e-10]:12.960695290682574
1117:[5.94931270e+12 1.14884077e+13]:[ 5.37417232e-02 -2.67626721e-12 -3.02245410e-13  4.27119782e-12 -2.08041927e-10 -1.30907395e-15  3.49078064e-16  3.58910595e-05 -2.13686115e-06 -8.68437199e-09  8.60708840e-10]:13.060259839704951
1119:[7.18521852e+12 1.61137535e+13]:[ 5.99219868e-02 -2.26388549e-12 -2.95756314e-13  2.45250300e-11 -1.97520599e-10 -1.59616692e-15  7.46481842e-16  6.91232024e-06 -2.17985094e-06 -1.41456995e-10  9.86255153e-10]:13.207196714584136
1118:[1.10104072e+13 2.19391037e+13]:[ 5.80754862e-02 -2.67070391e-12 -4.34279162e-13  3.77710204e-12 -2.09862311e-10 -1.31345139e-15  4.08917702e-16  3.55058906e-05 -2.13576987e-06 -6.63828193e-09  8.65569402e-10]:13.34121888101321
1120:[1.38967965e+13 2.29029331e+13]:[ 6.08347232e-02 -1.78259825e-12 -4.53929835e-13  4.48452016e-12 -2.12732351e-10 -1.52048587e-15  5.55785611e-16  3.40382775e-05 -2.61680755e-06  3.89459281e-10  9.47284194e-10]:13.359891104833183
1108:[3.24702617e+13 5.02603103e+13]:[ 5.32621622e-02 -1.73764633e-12 -3.44435373e-13  5.03164822e-11 -1.01137960e-10 -2.41154920e-15  7.73478280e-16  4.16543933e-05 -2.62211241e-06 -1.83729581e-08  8.82701345e-10]:13.701225165214213
1115:[3.26866183e+13 5.48636400e+13]:[ 5.31442815e-02 -2.38601917e-12 -4.40768187e-13  4.84264448e-11 -1.89561566e-10 -1.32731988e-15  8.00261160e-16  3.52602508e-05 -2.62203845e-06 -1.57686140e-08  8.55210925e-10]:13.73928461828459
1110:[3.36585661e+13 5.85325057e+13]:[ 5.22091132e-02 -2.28387244e-12 -4.72394987e-13  5.15795399e-11 -2.53313013e-10 -9.30909249e-16  7.56627910e-16  3.58205307e-05 -2.76362167e-06 -1.72344813e-08  9.26451559e-10]:13.767397116412212
1112:[4.97885946e+13 9.48141911e+13]:[ 7.24894986e-02 -3.00876680e-12  1.86164281e-14 -1.32632851e-12 -1.45064789e-10 -8.04404999e-16  5.27064017e-17 -6.39924368e-06 -2.84026532e-06  4.22403076e-09  8.23059291e-10]:13.976873344045034
1111:[5.28798800e+13 9.81560662e+13]:[ 6.34948201e-02 -1.97268313e-12 -5.74291742e-14  2.11138121e-12 -2.52367816e-10 -1.63394360e-15 -9.94244377e-17 -2.24984759e-06 -2.36878185e-06 -6.60631705e-09  8.14448127e-10]:13.991917144812598
1109:[1.9431781e+14 3.6002162e+14]:[ 4.74160602e-02 -1.72589862e-12 -4.58683238e-13  4.50262234e-11 -2.68000622e-10 -1.50087736e-15  7.91459140e-16  3.27178582e-05 -3.09788017e-06 -2.18364591e-08  8.17677710e-10]:14.556328581207648
Population scores:
891:[8.23198030e+11 7.21265807e+10]:[ 5.33176153e-02 -2.71042194e-12 -4.39987328e-13  4.64459428e-11 -1.74714999e-10 -1.50099458e-15  8.26393996e-16  3.30784431e-05 -2.14088409e-06 -1.28196519e-08  8.61366662e-10]:10.858095344013545
1114:[6.59085057e+11 1.14527067e+11]:[ 5.31296891e-02 -2.59891136e-12 -4.52225636e-13  4.95516809e-11 -1.84583968e-10 -8.82163633e-16  7.88271445e-16  3.48838655e-05 -2.21329431e-06 -1.51038671e-08  9.16941987e-10]:11.058908139984611
897:[2.66691151e+11 9.44506185e+11]:[ 6.58328803e-02 -2.66598049e-12  0.00000000e+00  0.00000000e+00 -2.08121261e-10 -1.16138629e-15  0.00000000e+00  0.00000000e+00 -2.13207661e-06  0.00000000e+00  8.88770632e-10]:11.975204806108179
1113:[2.69983304e+12 1.88189421e+12]:[ 6.09411603e-02 -1.79483425e-12 -4.97010860e-14 -9.54728778e-12 -2.43155816e-10 -1.62638291e-15  3.19529095e-17  7.56475368e-06 -2.77750597e-06  4.67176223e-09  9.77268255e-10]:12.274595205280187
1121:[1.37957761e+12 1.99733893e+12]:[ 6.44764525e-02 -2.68709003e-12 -2.50246134e-13  2.87111930e-11 -1.85419476e-10 -1.20788996e-15  7.01453559e-16  1.35124322e-05 -2.13398767e-06 -7.50019354e-09  8.75717963e-10]:12.300451767941674
1116:[4.48876185e+12 9.13472107e+12]:[ 5.36981238e-02 -2.66973577e-12 -3.27268158e-13  6.64078114e-12 -1.99636117e-10 -1.53054166e-15  7.24158547e-16  3.31037876e-05 -2.14145674e-06 -8.95600820e-09  8.84782040e-10]:12.960695290682574
1117:[5.94931270e+12 1.14884077e+13]:[ 5.37417232e-02 -2.67626721e-12 -3.02245410e-13  4.27119782e-12 -2.08041927e-10 -1.30907395e-15  3.49078064e-16  3.58910595e-05 -2.13686115e-06 -8.68437199e-09  8.60708840e-10]:13.060259839704951
1119:[7.18521852e+12 1.61137535e+13]:[ 5.99219868e-02 -2.26388549e-12 -2.95756314e-13  2.45250300e-11 -1.97520599e-10 -1.59616692e-15  7.46481842e-16  6.91232024e-06 -2.17985094e-06 -1.41456995e-10  9.86255153e-10]:13.207196714584136
%%%%%%%%%%%%%%%%%%%%%%%%%
%%%final - population%%%%
%%%%%%%%%%%%%%%%%%%%%%%%%
891:[8.23198030e+11 7.21265807e+10]:[ 5.33176153e-02 -2.71042194e-12 -4.39987328e-13  4.64459428e-11 -1.74714999e-10 -1.50099458e-15  8.26393996e-16  3.30784431e-05 -2.14088409e-06 -1.28196519e-08  8.61366662e-10]
1114:[6.59085057e+11 1.14527067e+11]:[ 5.31296891e-02 -2.59891136e-12 -4.52225636e-13  4.95516809e-11 -1.84583968e-10 -8.82163633e-16  7.88271445e-16  3.48838655e-05 -2.21329431e-06 -1.51038671e-08  9.16941987e-10]
897:[2.66691151e+11 9.44506185e+11]:[ 6.58328803e-02 -2.66598049e-12  0.00000000e+00  0.00000000e+00 -2.08121261e-10 -1.16138629e-15  0.00000000e+00  0.00000000e+00 -2.13207661e-06  0.00000000e+00  8.88770632e-10]
1113:[2.69983304e+12 1.88189421e+12]:[ 6.09411603e-02 -1.79483425e-12 -4.97010860e-14 -9.54728778e-12 -2.43155816e-10 -1.62638291e-15  3.19529095e-17  7.56475368e-06 -2.77750597e-06  4.67176223e-09  9.77268255e-10]
1121:[1.37957761e+12 1.99733893e+12]:[ 6.44764525e-02 -2.68709003e-12 -2.50246134e-13  2.87111930e-11 -1.85419476e-10 -1.20788996e-15  7.01453559e-16  1.35124322e-05 -2.13398767e-06 -7.50019354e-09  8.75717963e-10]
1116:[4.48876185e+12 9.13472107e+12]:[ 5.36981238e-02 -2.66973577e-12 -3.27268158e-13  6.64078114e-12 -1.99636117e-10 -1.53054166e-15  7.24158547e-16  3.31037876e-05 -2.14145674e-06 -8.95600820e-09  8.84782040e-10]
1117:[5.94931270e+12 1.14884077e+13]:[ 5.37417232e-02 -2.67626721e-12 -3.02245410e-13  4.27119782e-12 -2.08041927e-10 -1.30907395e-15  3.49078064e-16  3.58910595e-05 -2.13686115e-06 -8.68437199e-09  8.60708840e-10]
1119:[7.18521852e+12 1.61137535e+13]:[ 5.99219868e-02 -2.26388549e-12 -2.95756314e-13  2.45250300e-11 -1.97520599e-10 -1.59616692e-15  7.46481842e-16  6.91232024e-06 -2.17985094e-06 -1.41456995e-10  9.86255153e-10]
