Generating Population from
[ 5.33176153e-02 -2.71042194e-12 -4.39987328e-13  4.64459428e-11 -1.74714999e-10 -1.50099458e-15  8.26393996e-16  3.30784431e-05 -2.14088409e-06 -1.28196519e-08  8.61366662e-10]
[ 6.58328803e-02 -2.66598049e-12  0.00000000e+00  0.00000000e+00 -2.08121261e-10 -1.16138629e-15  0.00000000e+00  0.00000000e+00 -2.13207661e-06  0.00000000e+00  8.88770632e-10]
*******************************
***iteration: 0 Population is***
*******************************
Population scores:
891:[8.23198030e+11 7.21265807e+10]:[ 5.33176153e-02 -2.71042194e-12 -4.39987328e-13  4.64459428e-11 -1.74714999e-10 -1.50099458e-15  8.26393996e-16  3.30784431e-05 -2.14088409e-06 -1.28196519e-08  8.61366662e-10]:10.858095344013545
897:[2.66691151e+11 9.44506185e+11]:[ 6.58328803e-02 -2.66598049e-12  0.00000000e+00  0.00000000e+00 -2.08121261e-10 -1.16138629e-15  0.00000000e+00  0.00000000e+00 -2.13207661e-06  0.00000000e+00  8.88770632e-10]:11.975204806108179
1123:[5.70039512e+12 7.29969062e+12]:[ 5.78866000e-02 -3.39380526e-12 -4.81522590e-13  4.60069747e-11 -1.98144796e-10 -9.21840429e-16  7.58927018e-16  2.43052147e-05 -2.40315021e-06 -7.00501536e-09  8.31964911e-10]:12.863304453923877
1127:[3.47858938e+13 6.69792908e+13]:[ 5.85428031e-02 -2.22933138e-12  9.86299774e-13 -2.10575412e-11 -3.02693624e-10 -1.76154611e-16 -9.26769739e-16 -9.81450290e-06 -1.62811028e-06  7.42230495e-09  8.58190874e-10]:13.825940544470976
1122:[6.00363783e+13 1.07814883e+14]:[ 4.91369528e-02 -3.65060890e-12 -3.68781651e-13  5.19447624e-11 -1.49142305e-10 -8.42266254e-16  8.75769935e-16  3.59498028e-05 -2.98340649e-06 -1.71264756e-08  9.23040486e-10]:14.032678716663712
1124:[6.82193526e+13 1.47956744e+14]:[ 4.58463814e-02 -3.41356590e-12 -4.12725691e-13  4.93842649e-11 -1.91881474e-10 -2.30501162e-15  8.31396755e-16  4.22353040e-05 -1.51257150e-06 -7.95606900e-09  8.36461989e-10]:14.17013476686136
1126:[3.92361314e+14 7.77387200e+14]:[ 7.06486370e-02 -2.12764176e-12  8.35412204e-13  5.59656967e-11 -1.85873914e-10 -3.52813146e-16  5.41804201e-16 -8.92372013e-05 -2.31512684e-06 -2.89203882e-09  8.63592838e-10]:14.890637385666883
1125:[8.60490001e+14 1.63545006e+15]:[ 5.74147353e-02 -2.58913312e-12  4.60477367e-13 -5.13883854e-11 -2.54871193e-10 -7.08764968e-16 -7.14107190e-16 -8.35516237e-05 -2.07106781e-06  9.73422540e-08  9.55361766e-10]:15.213637286371569
Selected: [4 0]
***************
***CROSSOVER***
***************
parents:
[ 4.91369528e-02 -3.65060890e-12 -3.68781651e-13  5.19447624e-11 -1.49142305e-10 -8.42266254e-16  8.75769935e-16  3.59498028e-05 -2.98340649e-06 -1.71264756e-08  9.23040486e-10]
[ 5.33176153e-02 -2.71042194e-12 -4.39987328e-13  4.64459428e-11 -1.74714999e-10 -1.50099458e-15  8.26393996e-16  3.30784431e-05 -2.14088409e-06 -1.28196519e-08  8.61366662e-10]
children:
[ 5.19273356e-02 -3.60113421e-12 -3.86727499e-13  5.08435187e-11 -1.50171160e-10 -8.15088452e-16  8.59003981e-16  3.37568649e-05 -2.32928082e-06 -1.71116212e-08  9.26217561e-10]
[ 5.01747462e-02 -2.62636745e-12 -3.96523235e-13  4.83172235e-11 -1.60155682e-10 -1.26164715e-15  8.28291602e-16  3.36531804e-05 -2.09964757e-06 -1.47009459e-08  9.22058557e-10]
Selected: [1 0]
***************
***CROSSOVER***
***************
parents:
[ 6.58328803e-02 -2.66598049e-12  0.00000000e+00  0.00000000e+00 -2.08121261e-10 -1.16138629e-15  0.00000000e+00  0.00000000e+00 -2.13207661e-06  0.00000000e+00  8.88770632e-10]
[ 5.33176153e-02 -2.71042194e-12 -4.39987328e-13  4.64459428e-11 -1.74714999e-10 -1.50099458e-15  8.26393996e-16  3.30784431e-05 -2.14088409e-06 -1.28196519e-08  8.61366662e-10]
children:
[ 6.56579716e-02 -2.68168932e-12 -3.08125835e-13 -3.07900286e-12 -2.01047629e-10 -1.20871440e-15  8.94178972e-16 -1.46688263e-06 -2.13534239e-06 -4.76232178e-09  8.72789732e-10]
[ 5.43748320e-02 -2.70838393e-12 -3.59448291e-13  3.20402792e-11 -1.91545621e-10 -1.16766890e-15  3.85271113e-16  2.73052090e-05 -2.14033366e-06  2.93306799e-10  8.77839788e-10]
Selected: [0 1]
***************
***CROSSOVER***
***************
parents:
[ 5.33176153e-02 -2.71042194e-12 -4.39987328e-13  4.64459428e-11 -1.74714999e-10 -1.50099458e-15  8.26393996e-16  3.30784431e-05 -2.14088409e-06 -1.28196519e-08  8.61366662e-10]
[ 6.58328803e-02 -2.66598049e-12  0.00000000e+00  0.00000000e+00 -2.08121261e-10 -1.16138629e-15  0.00000000e+00  0.00000000e+00 -2.13207661e-06  0.00000000e+00  8.88770632e-10]
children:
[ 5.98809533e-02 -2.67399233e-12 -2.52367796e-13  8.46273338e-12 -1.95096978e-10 -1.49314052e-15  9.00478010e-16  2.08544695e-06 -2.13901496e-06 -1.40274963e-08  8.68661497e-10]
[ 5.52662193e-02 -2.67684310e-12 -2.58175601e-13  2.50770088e-11 -2.03962830e-10 -1.35349461e-15  4.14745766e-16  2.84111473e-05 -2.14103099e-06 -5.77742868e-09  8.81036692e-10]
Selected: [0 1]
***************
***CROSSOVER***
***************
parents:
[ 5.33176153e-02 -2.71042194e-12 -4.39987328e-13  4.64459428e-11 -1.74714999e-10 -1.50099458e-15  8.26393996e-16  3.30784431e-05 -2.14088409e-06 -1.28196519e-08  8.61366662e-10]
[ 6.58328803e-02 -2.66598049e-12  0.00000000e+00  0.00000000e+00 -2.08121261e-10 -1.16138629e-15  0.00000000e+00  0.00000000e+00 -2.13207661e-06  0.00000000e+00  8.88770632e-10]
children:
[ 5.65763885e-02 -2.70208634e-12 -3.26247452e-13 -6.11940626e-13 -1.87878313e-10 -1.50743361e-15  2.04478068e-16  1.24952991e-06 -2.13835411e-06 -1.25210110e-08  8.75115223e-10]
[ 5.43174642e-02 -2.70125588e-12 -2.12126461e-13  5.08676002e-11 -1.89706656e-10 -1.43051439e-15  7.09660105e-16  1.93780539e-05 -2.13722704e-06 -1.16318055e-08  8.66138846e-10]
@@@@@@@@@@@@@@@@@@@@@@@@@
@@@merging population@@@@
@@@@@@@@@@@@@@@@@@@@@@@@@
Population scores:
891:[8.23198030e+11 7.21265807e+10]:[ 5.33176153e-02 -2.71042194e-12 -4.39987328e-13  4.64459428e-11 -1.74714999e-10 -1.50099458e-15  8.26393996e-16  3.30784431e-05 -2.14088409e-06 -1.28196519e-08  8.61366662e-10]:10.858095344013545
897:[2.66691151e+11 9.44506185e+11]:[ 6.58328803e-02 -2.66598049e-12  0.00000000e+00  0.00000000e+00 -2.08121261e-10 -1.16138629e-15  0.00000000e+00  0.00000000e+00 -2.13207661e-06  0.00000000e+00  8.88770632e-10]:11.975204806108179
1128:[1.00142331e+12 2.10650940e+12]:[ 5.01747462e-02 -2.62636745e-12 -3.96523235e-13  4.83172235e-11 -1.60155682e-10 -1.26164715e-15  8.28291602e-16  3.36531804e-05 -2.09964757e-06 -1.47009459e-08  9.22058557e-10]:12.323563402408979
1129:[4.61878859e+12 6.68192331e+12]:[ 5.19273356e-02 -3.60113421e-12 -3.86727499e-13  5.08435187e-11 -1.50171160e-10 -8.15088452e-16  8.59003981e-16  3.37568649e-05 -2.32928082e-06 -1.71116212e-08  9.26217561e-10]:12.824901487035863
1123:[5.70039512e+12 7.29969062e+12]:[ 5.78866000e-02 -3.39380526e-12 -4.81522590e-13  4.60069747e-11 -1.98144796e-10 -9.21840429e-16  7.58927018e-16  2.43052147e-05 -2.40315021e-06 -7.00501536e-09  8.31964911e-10]:12.863304453923877
1130:[4.80667117e+12 7.35936686e+12]:[ 5.43174642e-02 -2.70125588e-12 -2.12126461e-13  5.08676002e-11 -1.89706656e-10 -1.43051439e-15  7.09660105e-16  1.93780539e-05 -2.13722704e-06 -1.16318055e-08  8.66138846e-10]:12.866840452881672
1132:[6.77367808e+12 1.37880895e+13]:[ 5.52662193e-02 -2.67684310e-12 -2.58175601e-13  2.50770088e-11 -2.03962830e-10 -1.35349461e-15  4.14745766e-16  2.84111473e-05 -2.14103099e-06 -5.77742868e-09  8.81036692e-10]:13.13950409258746
1135:[7.67586543e+12 1.42052021e+13]:[ 6.56579716e-02 -2.68168932e-12 -3.08125835e-13 -3.07900286e-12 -2.01047629e-10 -1.20871440e-15  8.94178972e-16 -1.46688263e-06 -2.13534239e-06 -4.76232178e-09  8.72789732e-10]:13.152447418309809
1131:[2.54863885e+13 5.07403548e+13]:[ 5.43748320e-02 -2.70838393e-12 -3.59448291e-13  3.20402792e-11 -1.91545621e-10 -1.16766890e-15  3.85271113e-16  2.73052090e-05 -2.14033366e-06  2.93306799e-10  8.77839788e-10]:13.70535349947572
1133:[3.33528425e+13 6.12161274e+13]:[ 5.65763885e-02 -2.70208634e-12 -3.26247452e-13 -6.11940626e-13 -1.87878313e-10 -1.50743361e-15  2.04478068e-16  1.24952991e-06 -2.13835411e-06 -1.25210110e-08  8.75115223e-10]:13.78686585222801
1127:[3.47858938e+13 6.69792908e+13]:[ 5.85428031e-02 -2.22933138e-12  9.86299774e-13 -2.10575412e-11 -3.02693624e-10 -1.76154611e-16 -9.26769739e-16 -9.81450290e-06 -1.62811028e-06  7.42230495e-09  8.58190874e-10]:13.825940544470976
1134:[4.11159597e+13 7.57371709e+13]:[ 5.98809533e-02 -2.67399233e-12 -2.52367796e-13  8.46273338e-12 -1.95096978e-10 -1.49314052e-15  9.00478010e-16  2.08544695e-06 -2.13901496e-06 -1.40274963e-08  8.68661497e-10]:13.87930907835978
1122:[6.00363783e+13 1.07814883e+14]:[ 4.91369528e-02 -3.65060890e-12 -3.68781651e-13  5.19447624e-11 -1.49142305e-10 -8.42266254e-16  8.75769935e-16  3.59498028e-05 -2.98340649e-06 -1.71264756e-08  9.23040486e-10]:14.032678716663712
1124:[6.82193526e+13 1.47956744e+14]:[ 4.58463814e-02 -3.41356590e-12 -4.12725691e-13  4.93842649e-11 -1.91881474e-10 -2.30501162e-15  8.31396755e-16  4.22353040e-05 -1.51257150e-06 -7.95606900e-09  8.36461989e-10]:14.17013476686136
1126:[3.92361314e+14 7.77387200e+14]:[ 7.06486370e-02 -2.12764176e-12  8.35412204e-13  5.59656967e-11 -1.85873914e-10 -3.52813146e-16  5.41804201e-16 -8.92372013e-05 -2.31512684e-06 -2.89203882e-09  8.63592838e-10]:14.890637385666883
1125:[8.60490001e+14 1.63545006e+15]:[ 5.74147353e-02 -2.58913312e-12  4.60477367e-13 -5.13883854e-11 -2.54871193e-10 -7.08764968e-16 -7.14107190e-16 -8.35516237e-05 -2.07106781e-06  9.73422540e-08  9.55361766e-10]:15.213637286371569
Population scores:
891:[8.23198030e+11 7.21265807e+10]:[ 5.33176153e-02 -2.71042194e-12 -4.39987328e-13  4.64459428e-11 -1.74714999e-10 -1.50099458e-15  8.26393996e-16  3.30784431e-05 -2.14088409e-06 -1.28196519e-08  8.61366662e-10]:10.858095344013545
897:[2.66691151e+11 9.44506185e+11]:[ 6.58328803e-02 -2.66598049e-12  0.00000000e+00  0.00000000e+00 -2.08121261e-10 -1.16138629e-15  0.00000000e+00  0.00000000e+00 -2.13207661e-06  0.00000000e+00  8.88770632e-10]:11.975204806108179
1128:[1.00142331e+12 2.10650940e+12]:[ 5.01747462e-02 -2.62636745e-12 -3.96523235e-13  4.83172235e-11 -1.60155682e-10 -1.26164715e-15  8.28291602e-16  3.36531804e-05 -2.09964757e-06 -1.47009459e-08  9.22058557e-10]:12.323563402408979
1129:[4.61878859e+12 6.68192331e+12]:[ 5.19273356e-02 -3.60113421e-12 -3.86727499e-13  5.08435187e-11 -1.50171160e-10 -8.15088452e-16  8.59003981e-16  3.37568649e-05 -2.32928082e-06 -1.71116212e-08  9.26217561e-10]:12.824901487035863
1123:[5.70039512e+12 7.29969062e+12]:[ 5.78866000e-02 -3.39380526e-12 -4.81522590e-13  4.60069747e-11 -1.98144796e-10 -9.21840429e-16  7.58927018e-16  2.43052147e-05 -2.40315021e-06 -7.00501536e-09  8.31964911e-10]:12.863304453923877
1130:[4.80667117e+12 7.35936686e+12]:[ 5.43174642e-02 -2.70125588e-12 -2.12126461e-13  5.08676002e-11 -1.89706656e-10 -1.43051439e-15  7.09660105e-16  1.93780539e-05 -2.13722704e-06 -1.16318055e-08  8.66138846e-10]:12.866840452881672
1132:[6.77367808e+12 1.37880895e+13]:[ 5.52662193e-02 -2.67684310e-12 -2.58175601e-13  2.50770088e-11 -2.03962830e-10 -1.35349461e-15  4.14745766e-16  2.84111473e-05 -2.14103099e-06 -5.77742868e-09  8.81036692e-10]:13.13950409258746
1135:[7.67586543e+12 1.42052021e+13]:[ 6.56579716e-02 -2.68168932e-12 -3.08125835e-13 -3.07900286e-12 -2.01047629e-10 -1.20871440e-15  8.94178972e-16 -1.46688263e-06 -2.13534239e-06 -4.76232178e-09  8.72789732e-10]:13.152447418309809
%%%%%%%%%%%%%%%%%%%%%%%%%
%%%final - population%%%%
%%%%%%%%%%%%%%%%%%%%%%%%%
891:[8.23198030e+11 7.21265807e+10]:[ 5.33176153e-02 -2.71042194e-12 -4.39987328e-13  4.64459428e-11 -1.74714999e-10 -1.50099458e-15  8.26393996e-16  3.30784431e-05 -2.14088409e-06 -1.28196519e-08  8.61366662e-10]
897:[2.66691151e+11 9.44506185e+11]:[ 6.58328803e-02 -2.66598049e-12  0.00000000e+00  0.00000000e+00 -2.08121261e-10 -1.16138629e-15  0.00000000e+00  0.00000000e+00 -2.13207661e-06  0.00000000e+00  8.88770632e-10]
1128:[1.00142331e+12 2.10650940e+12]:[ 5.01747462e-02 -2.62636745e-12 -3.96523235e-13  4.83172235e-11 -1.60155682e-10 -1.26164715e-15  8.28291602e-16  3.36531804e-05 -2.09964757e-06 -1.47009459e-08  9.22058557e-10]
1129:[4.61878859e+12 6.68192331e+12]:[ 5.19273356e-02 -3.60113421e-12 -3.86727499e-13  5.08435187e-11 -1.50171160e-10 -8.15088452e-16  8.59003981e-16  3.37568649e-05 -2.32928082e-06 -1.71116212e-08  9.26217561e-10]
1123:[5.70039512e+12 7.29969062e+12]:[ 5.78866000e-02 -3.39380526e-12 -4.81522590e-13  4.60069747e-11 -1.98144796e-10 -9.21840429e-16  7.58927018e-16  2.43052147e-05 -2.40315021e-06 -7.00501536e-09  8.31964911e-10]
1130:[4.80667117e+12 7.35936686e+12]:[ 5.43174642e-02 -2.70125588e-12 -2.12126461e-13  5.08676002e-11 -1.89706656e-10 -1.43051439e-15  7.09660105e-16  1.93780539e-05 -2.13722704e-06 -1.16318055e-08  8.66138846e-10]
1132:[6.77367808e+12 1.37880895e+13]:[ 5.52662193e-02 -2.67684310e-12 -2.58175601e-13  2.50770088e-11 -2.03962830e-10 -1.35349461e-15  4.14745766e-16  2.84111473e-05 -2.14103099e-06 -5.77742868e-09  8.81036692e-10]
1135:[7.67586543e+12 1.42052021e+13]:[ 6.56579716e-02 -2.68168932e-12 -3.08125835e-13 -3.07900286e-12 -2.01047629e-10 -1.20871440e-15  8.94178972e-16 -1.46688263e-06 -2.13534239e-06 -4.76232178e-09  8.72789732e-10]
