Generating Population from
[ 6.45139587e-02 -2.73326696e-12 -3.26837567e-13  5.20766755e-11 -1.93164851e-10 -2.09382325e-15  7.70826519e-16  3.18501722e-05 -2.24919555e-06 -1.24995898e-08  9.23465472e-10]
[ 6.46783658e-02 -2.57875212e-12 -2.92005421e-13  2.90487944e-11 -1.82422900e-10 -2.03894461e-15  1.54595112e-16  3.18994048e-05 -2.27167172e-06 -1.26065077e-08  9.23727591e-10]
[0. 0. 0. 0. 0. 0. 0. 0. 0. 0. 0.]
[ 6.38686484e-02 -1.89773660e-12 -3.27390756e-13  5.28255608e-11 -1.63861177e-10 -1.98892826e-15  7.39881157e-16  3.47322678e-05 -2.31109713e-06 -1.24995898e-08  9.32146931e-10]
*******************************
***iteration: 0 Population is***
*******************************
Population scores:
4:[8.84998543e+11 1.28740670e+11]:[ 6.45139587e-02 -2.73326696e-12 -3.26837567e-13  5.20766755e-11 -1.93164851e-10 -2.09382325e-15  7.70826519e-16  3.18501722e-05 -2.24919555e-06 -1.24995898e-08  9.23465472e-10]:11.485352798602923
57:[1.06433155e+12 1.91833358e+11]:[ 6.38686484e-02 -1.89773660e-12 -3.27390756e-13  5.28255608e-11 -1.63861177e-10 -1.98892826e-15  7.39881157e-16  3.47322678e-05 -2.31109713e-06 -1.24995898e-08  9.32146931e-10]:11.607132847594563
45:[1.11105974e+12 2.21338018e+11]:[ 6.46783658e-02 -2.57875212e-12 -2.92005421e-13  2.90487944e-11 -1.82422900e-10 -2.03894461e-15  1.54595112e-16  3.18994048e-05 -2.27167172e-06 -1.26065077e-08  9.23727591e-10]:11.646942549878922
52:[3.27289983e+12 3.25055417e+12]:[ 6.43320474e-02 -1.78047787e-12 -3.51297040e-13  2.46382870e-11 -1.86908405e-10 -2.48536546e-15  6.76176181e-17  3.53061336e-05 -1.87907616e-06 -2.01715217e-08  8.40684425e-10]:12.591635956382696
8:[2.03128028e+12 3.62497922e+12]:[0. 0. 0. 0. 0. 0. 0. 0. 0. 0. 0.]:12.605438145987417
50:[1.61277736e+12 3.81120378e+12]:[ 5.71735413e-02 -3.11250120e-12 -2.45512316e-13  5.71977193e-11 -1.23823456e-10 -1.72857410e-15  6.77647133e-16  2.98628224e-05 -2.18648373e-06 -1.20363114e-08  9.63688205e-10]:12.616345180182075
56:[4.90425293e+12 5.28348806e+12]:[ 7.36849085e-02 -1.03397675e-12 -2.77146181e-13  4.71405699e-11 -1.04497775e-10 -2.36640556e-15  6.64609637e-16  4.09577246e-05 -2.04636701e-06 -2.09669774e-08  8.58687623e-10]:12.796875227583424
49:[2.31115297e+13 4.95222399e+13]:[ 6.04745247e-02 -1.87599590e-12 -2.49919226e-13  4.78410189e-11 -1.27787630e-10 -1.14120035e-15  6.84585882e-16  3.96402487e-05 -1.82563599e-06 -1.48175653e-08  9.41617951e-10]:13.733554715078723
55:[4.99203883e+13 8.64811060e+13]:[ 6.16825213e-02 -1.05603007e-12 -2.45153451e-13  5.27197099e-11 -1.98849755e-10 -1.61885810e-15  6.88699754e-16  3.69407255e-05 -2.74270314e-06 -1.93295712e-08  9.06860587e-10]:13.984370595498724
51:[8.30470283e+13 1.46635703e+14]:[ 6.71450976e-02 -3.20788172e-12 -3.44353101e-13  3.27173787e-11 -1.75461671e-10 -2.45286583e-15  1.83437221e-16  2.58544703e-05 -2.78441332e-06 -1.71322718e-08  8.98489773e-10]:14.212840178401253
54:[4.21590787e+38 4.29024150e+38]:[ 0.03123073  0.07440746 -0.09444882  0.09529515  0.08652289  0.03390954  0.01427353 -0.09350559 -0.06675292  0.03824608  0.03766185]:38.71040705818986
53:[2.85511957e+39 2.90533224e+39]:[-0.04811309  0.06129987  0.04259193  0.0342043  -0.00012823  0.08825038  0.0128246   0.08992627  0.0396191   0.02254186 -0.07827792]:39.54112426375503
Selected: [0 1]
***************
***CROSSOVER***
***************
Population scores:
4:[8.84998543e+11 1.28740670e+11]:[ 6.45139587e-02 -2.73326696e-12 -3.26837567e-13  5.20766755e-11 -1.93164851e-10 -2.09382325e-15  7.70826519e-16  3.18501722e-05 -2.24919555e-06 -1.24995898e-08  9.23465472e-10]:11.485352798602923
57:[1.06433155e+12 1.91833358e+11]:[ 6.38686484e-02 -1.89773660e-12 -3.27390756e-13  5.28255608e-11 -1.63861177e-10 -1.98892826e-15  7.39881157e-16  3.47322678e-05 -2.31109713e-06 -1.24995898e-08  9.32146931e-10]:11.607132847594563
&&&&&&&&&&&&&&&&&&&&&&&&
&&TOURNAMENT SELECTION&&
&&&&&&&&&&&&&&&&&&&&&&&&
parents:
[ 6.45139587e-02 -2.73326696e-12 -3.26837567e-13  5.20766755e-11 -1.93164851e-10 -2.09382325e-15  7.70826519e-16  3.18501722e-05 -2.24919555e-06 -1.24995898e-08  9.23465472e-10]
[ 6.38686484e-02 -1.89773660e-12 -3.27390756e-13  5.28255608e-11 -1.63861177e-10 -1.98892826e-15  7.39881157e-16  3.47322678e-05 -2.31109713e-06 -1.24995898e-08  9.32146931e-10]
children:
[ 6.41262155e-02 -2.66353396e-12 -3.27020873e-13  5.25190444e-11 -1.63972814e-10 -2.04129838e-15  7.44820971e-16  3.40511490e-05 -2.29840958e-06 -1.24995898e-08  9.28360851e-10]
[ 6.40733788e-02 -2.38067508e-12 -3.27397578e-13  5.28915830e-11 -1.92470958e-10 -2.05864475e-15  7.64960171e-16  3.40863021e-05 -2.25337569e-06 -1.24995898e-08  9.23639612e-10]
Population scores:
4:[8.84998543e+11 1.28740670e+11]:[ 6.45139587e-02 -2.73326696e-12 -3.26837567e-13  5.20766755e-11 -1.93164851e-10 -2.09382325e-15  7.70826519e-16  3.18501722e-05 -2.24919555e-06 -1.24995898e-08  9.23465472e-10]:11.485352798602923
58:[1.05383576e+12 1.33993451e+11]:[ 6.41262155e-02 -2.66353396e-12 -3.27020873e-13  5.25190444e-11 -1.63972814e-10 -2.04129838e-15  7.44820971e-16  3.40511490e-05 -2.29840958e-06 -1.24995898e-08  9.28360851e-10]:11.537517631551433
57:[1.06433155e+12 1.91833358e+11]:[ 6.38686484e-02 -1.89773660e-12 -3.27390756e-13  5.28255608e-11 -1.63861177e-10 -1.98892826e-15  7.39881157e-16  3.47322678e-05 -2.31109713e-06 -1.24995898e-08  9.32146931e-10]:11.607132847594563
59:[9.02323327e+11 4.21898818e+11]:[ 6.40733788e-02 -2.38067508e-12 -3.27397578e-13  5.28915830e-11 -1.92470958e-10 -2.05864475e-15  7.64960171e-16  3.40863021e-05 -2.25337569e-06 -1.24995898e-08  9.23639612e-10]:11.779858635817995
Selected for new population:
[ 6.45139587e-02 -2.73326696e-12 -3.26837567e-13  5.20766755e-11 -1.93164851e-10 -2.09382325e-15  7.70826519e-16  3.18501722e-05 -2.24919555e-06 -1.24995898e-08  9.23465472e-10]
[ 6.41262155e-02 -2.66353396e-12 -3.27020873e-13  5.25190444e-11 -1.63972814e-10 -2.04129838e-15  7.44820971e-16  3.40511490e-05 -2.29840958e-06 -1.24995898e-08  9.28360851e-10]
Selected: [2 0]
***************
***CROSSOVER***
***************
Population scores:
4:[8.84998543e+11 1.28740670e+11]:[ 6.45139587e-02 -2.73326696e-12 -3.26837567e-13  5.20766755e-11 -1.93164851e-10 -2.09382325e-15  7.70826519e-16  3.18501722e-05 -2.24919555e-06 -1.24995898e-08  9.23465472e-10]:11.485352798602923
45:[1.11105974e+12 2.21338018e+11]:[ 6.46783658e-02 -2.57875212e-12 -2.92005421e-13  2.90487944e-11 -1.82422900e-10 -2.03894461e-15  1.54595112e-16  3.18994048e-05 -2.27167172e-06 -1.26065077e-08  9.23727591e-10]:11.646942549878922
&&&&&&&&&&&&&&&&&&&&&&&&
&&TOURNAMENT SELECTION&&
&&&&&&&&&&&&&&&&&&&&&&&&
parents:
[ 6.46783658e-02 -2.57875212e-12 -2.92005421e-13  2.90487944e-11 -1.82422900e-10 -2.03894461e-15  1.54595112e-16  3.18994048e-05 -2.27167172e-06 -1.26065077e-08  9.23727591e-10]
[ 6.45139587e-02 -2.73326696e-12 -3.26837567e-13  5.20766755e-11 -1.93164851e-10 -2.09382325e-15  7.70826519e-16  3.18501722e-05 -2.24919555e-06 -1.24995898e-08  9.23465472e-10]
children:
[ 6.46919700e-02 -2.62260463e-12 -3.25702002e-13  5.37142269e-11 -1.87004749e-10 -2.05911963e-15  5.67696893e-16  3.18891519e-05 -2.26956190e-06 -1.25614446e-08  9.23597441e-10]
[ 6.46511101e-02 -2.57317862e-12 -3.07920117e-13  3.40009651e-11 -1.92338851e-10 -2.05794055e-15  3.44700805e-16  3.18652068e-05 -2.26486104e-06 -1.26163800e-08  9.23545570e-10]
Population scores:
4:[8.84998543e+11 1.28740670e+11]:[ 6.45139587e-02 -2.73326696e-12 -3.26837567e-13  5.20766755e-11 -1.93164851e-10 -2.09382325e-15  7.70826519e-16  3.18501722e-05 -2.24919555e-06 -1.24995898e-08  9.23465472e-10]:11.485352798602923
61:[1.05601380e+12 1.90944519e+11]:[ 6.46511101e-02 -2.57317862e-12 -3.07920117e-13  3.40009651e-11 -1.92338851e-10 -2.05794055e-15  3.44700805e-16  3.18652068e-05 -2.26486104e-06 -1.26163800e-08  9.23545570e-10]:11.604385135140344
60:[1.08603419e+12 2.01234614e+11]:[ 6.46919700e-02 -2.62260463e-12 -3.25702002e-13  5.37142269e-11 -1.87004749e-10 -2.05911963e-15  5.67696893e-16  3.18891519e-05 -2.26956190e-06 -1.25614446e-08  9.23597441e-10]:11.6216347010985
45:[1.11105974e+12 2.21338018e+11]:[ 6.46783658e-02 -2.57875212e-12 -2.92005421e-13  2.90487944e-11 -1.82422900e-10 -2.03894461e-15  1.54595112e-16  3.18994048e-05 -2.27167172e-06 -1.26065077e-08  9.23727591e-10]:11.646942549878922
Selected for new population:
[ 6.45139587e-02 -2.73326696e-12 -3.26837567e-13  5.20766755e-11 -1.93164851e-10 -2.09382325e-15  7.70826519e-16  3.18501722e-05 -2.24919555e-06 -1.24995898e-08  9.23465472e-10]
[ 6.46511101e-02 -2.57317862e-12 -3.07920117e-13  3.40009651e-11 -1.92338851e-10 -2.05794055e-15  3.44700805e-16  3.18652068e-05 -2.26486104e-06 -1.26163800e-08  9.23545570e-10]
Selected: [0 1]
***************
***CROSSOVER***
***************
Population scores:
4:[8.84998543e+11 1.28740670e+11]:[ 6.45139587e-02 -2.73326696e-12 -3.26837567e-13  5.20766755e-11 -1.93164851e-10 -2.09382325e-15  7.70826519e-16  3.18501722e-05 -2.24919555e-06 -1.24995898e-08  9.23465472e-10]:11.485352798602923
57:[1.06433155e+12 1.91833358e+11]:[ 6.38686484e-02 -1.89773660e-12 -3.27390756e-13  5.28255608e-11 -1.63861177e-10 -1.98892826e-15  7.39881157e-16  3.47322678e-05 -2.31109713e-06 -1.24995898e-08  9.32146931e-10]:11.607132847594563
&&&&&&&&&&&&&&&&&&&&&&&&
&&TOURNAMENT SELECTION&&
&&&&&&&&&&&&&&&&&&&&&&&&
parents:
[ 6.45139587e-02 -2.73326696e-12 -3.26837567e-13  5.20766755e-11 -1.93164851e-10 -2.09382325e-15  7.70826519e-16  3.18501722e-05 -2.24919555e-06 -1.24995898e-08  9.23465472e-10]
[ 6.38686484e-02 -1.89773660e-12 -3.27390756e-13  5.28255608e-11 -1.63861177e-10 -1.98892826e-15  7.39881157e-16  3.47322678e-05 -2.31109713e-06 -1.24995898e-08  9.32146931e-10]
children:
[ 6.41024904e-02 -2.79137705e-12 -3.27201554e-13  5.27536211e-11 -1.75609665e-10 -2.08763367e-15  7.43593516e-16  3.30457821e-05 -2.31698951e-06 -1.24995898e-08  9.32851311e-10]
[ 6.42069629e-02 -2.64983555e-12 -3.27429171e-13  5.27060452e-11 -1.93008668e-10 -2.02595208e-15  7.37630390e-16  3.34829509e-05 -2.31461982e-06 -1.24995898e-08  9.26945935e-10]
Population scores:
4:[8.84998543e+11 1.28740670e+11]:[ 6.45139587e-02 -2.73326696e-12 -3.26837567e-13  5.20766755e-11 -1.93164851e-10 -2.09382325e-15  7.70826519e-16  3.18501722e-05 -2.24919555e-06 -1.24995898e-08  9.23465472e-10]:11.485352798602923
57:[1.06433155e+12 1.91833358e+11]:[ 6.38686484e-02 -1.89773660e-12 -3.27390756e-13  5.28255608e-11 -1.63861177e-10 -1.98892826e-15  7.39881157e-16  3.47322678e-05 -2.31109713e-06 -1.24995898e-08  9.32146931e-10]:11.607132847594563
63:[1.27596613e+12 1.93729775e+11]:[ 6.42069629e-02 -2.64983555e-12 -3.27429171e-13  5.27060452e-11 -1.93008668e-10 -2.02595208e-15  7.37630390e-16  3.34829509e-05 -2.31461982e-06 -1.24995898e-08  9.26945935e-10]:11.652171856936112
62:[1.24671602e+12 2.04171669e+11]:[ 6.41024904e-02 -2.79137705e-12 -3.27201554e-13  5.27536211e-11 -1.75609665e-10 -2.08763367e-15  7.43593516e-16  3.30457821e-05 -2.31698951e-06 -1.24995898e-08  9.32851311e-10]:11.656591534184109
Selected for new population:
[ 6.45139587e-02 -2.73326696e-12 -3.26837567e-13  5.20766755e-11 -1.93164851e-10 -2.09382325e-15  7.70826519e-16  3.18501722e-05 -2.24919555e-06 -1.24995898e-08  9.23465472e-10]
[ 6.38686484e-02 -1.89773660e-12 -3.27390756e-13  5.28255608e-11 -1.63861177e-10 -1.98892826e-15  7.39881157e-16  3.47322678e-05 -2.31109713e-06 -1.24995898e-08  9.32146931e-10]
Selected: [2 0]
***************
***CROSSOVER***
***************
Population scores:
4:[8.84998543e+11 1.28740670e+11]:[ 6.45139587e-02 -2.73326696e-12 -3.26837567e-13  5.20766755e-11 -1.93164851e-10 -2.09382325e-15  7.70826519e-16  3.18501722e-05 -2.24919555e-06 -1.24995898e-08  9.23465472e-10]:11.485352798602923
45:[1.11105974e+12 2.21338018e+11]:[ 6.46783658e-02 -2.57875212e-12 -2.92005421e-13  2.90487944e-11 -1.82422900e-10 -2.03894461e-15  1.54595112e-16  3.18994048e-05 -2.27167172e-06 -1.26065077e-08  9.23727591e-10]:11.646942549878922
&&&&&&&&&&&&&&&&&&&&&&&&
&&TOURNAMENT SELECTION&&
&&&&&&&&&&&&&&&&&&&&&&&&
parents:
[ 6.46783658e-02 -2.57875212e-12 -2.92005421e-13  2.90487944e-11 -1.82422900e-10 -2.03894461e-15  1.54595112e-16  3.18994048e-05 -2.27167172e-06 -1.26065077e-08  9.23727591e-10]
[ 6.45139587e-02 -2.73326696e-12 -3.26837567e-13  5.20766755e-11 -1.93164851e-10 -2.09382325e-15  7.70826519e-16  3.18501722e-05 -2.24919555e-06 -1.24995898e-08  9.23465472e-10]
children:
[ 6.46042347e-02 -2.60507349e-12 -3.09050038e-13  5.33783031e-11 -1.89775519e-10 -2.09700882e-15  4.05750314e-16  3.18970626e-05 -2.25985759e-06 -1.25680965e-08  9.23720042e-10]
[ 6.45760220e-02 -2.59396946e-12 -3.04599523e-13  4.44081642e-11 -1.88800245e-10 -2.05055277e-15  4.77817025e-16  3.18909320e-05 -2.27086645e-06 -1.24966412e-08  9.23529952e-10]
Population scores:
4:[8.84998543e+11 1.28740670e+11]:[ 6.45139587e-02 -2.73326696e-12 -3.26837567e-13  5.20766755e-11 -1.93164851e-10 -2.09382325e-15  7.70826519e-16  3.18501722e-05 -2.24919555e-06 -1.24995898e-08  9.23465472e-10]:11.485352798602923
64:[9.99303211e+11 1.57462764e+11]:[ 6.46042347e-02 -2.60507349e-12 -3.09050038e-13  5.33783031e-11 -1.89775519e-10 -2.09700882e-15  4.05750314e-16  3.18970626e-05 -2.25985759e-06 -1.25680965e-08  9.23720042e-10]:11.553061465532881
65:[1.07205035e+12 1.87395826e+11]:[ 6.45760220e-02 -2.59396946e-12 -3.04599523e-13  4.44081642e-11 -1.88800245e-10 -2.05055277e-15  4.77817025e-16  3.18909320e-05 -2.27086645e-06 -1.24966412e-08  9.23529952e-10]:11.604016304617065
45:[1.11105974e+12 2.21338018e+11]:[ 6.46783658e-02 -2.57875212e-12 -2.92005421e-13  2.90487944e-11 -1.82422900e-10 -2.03894461e-15  1.54595112e-16  3.18994048e-05 -2.27167172e-06 -1.26065077e-08  9.23727591e-10]:11.646942549878922
Selected for new population:
[ 6.45139587e-02 -2.73326696e-12 -3.26837567e-13  5.20766755e-11 -1.93164851e-10 -2.09382325e-15  7.70826519e-16  3.18501722e-05 -2.24919555e-06 -1.24995898e-08  9.23465472e-10]
[ 6.46042347e-02 -2.60507349e-12 -3.09050038e-13  5.33783031e-11 -1.89775519e-10 -2.09700882e-15  4.05750314e-16  3.18970626e-05 -2.25985759e-06 -1.25680965e-08  9.23720042e-10]
Selected: [0 2]
***************
***CROSSOVER***
***************
Population scores:
4:[8.84998543e+11 1.28740670e+11]:[ 6.45139587e-02 -2.73326696e-12 -3.26837567e-13  5.20766755e-11 -1.93164851e-10 -2.09382325e-15  7.70826519e-16  3.18501722e-05 -2.24919555e-06 -1.24995898e-08  9.23465472e-10]:11.485352798602923
45:[1.11105974e+12 2.21338018e+11]:[ 6.46783658e-02 -2.57875212e-12 -2.92005421e-13  2.90487944e-11 -1.82422900e-10 -2.03894461e-15  1.54595112e-16  3.18994048e-05 -2.27167172e-06 -1.26065077e-08  9.23727591e-10]:11.646942549878922
&&&&&&&&&&&&&&&&&&&&&&&&
&&TOURNAMENT SELECTION&&
&&&&&&&&&&&&&&&&&&&&&&&&
parents:
[ 6.45139587e-02 -2.73326696e-12 -3.26837567e-13  5.20766755e-11 -1.93164851e-10 -2.09382325e-15  7.70826519e-16  3.18501722e-05 -2.24919555e-06 -1.24995898e-08  9.23465472e-10]
[ 6.46783658e-02 -2.57875212e-12 -2.92005421e-13  2.90487944e-11 -1.82422900e-10 -2.03894461e-15  1.54595112e-16  3.18994048e-05 -2.27167172e-06 -1.26065077e-08  9.23727591e-10]
children:
[ 6.46542421e-02 -2.57285091e-12 -3.25858659e-13  5.40315001e-11 -1.84696035e-10 -2.04492985e-15  9.95341417e-17  3.18563401e-05 -2.25571861e-06 -1.25841547e-08  9.23745466e-10]
[ 6.45024203e-02 -2.70089624e-12 -3.13378639e-13  5.20373151e-11 -1.85868876e-10 -2.07543366e-15  1.17277020e-16  3.18743484e-05 -2.25887213e-06 -1.25799740e-08  9.23536714e-10]
Population scores:
4:[8.84998543e+11 1.28740670e+11]:[ 6.45139587e-02 -2.73326696e-12 -3.26837567e-13  5.20766755e-11 -1.93164851e-10 -2.09382325e-15  7.70826519e-16  3.18501722e-05 -2.24919555e-06 -1.24995898e-08  9.23465472e-10]:11.485352798602923
66:[9.35891350e+11 1.37087879e+11]:[ 6.46542421e-02 -2.57285091e-12 -3.25858659e-13  5.40315001e-11 -1.84696035e-10 -2.04492985e-15  9.95341417e-17  3.18563401e-05 -2.25571861e-06 -1.25841547e-08  9.23745466e-10]:11.510901613622748
67:[9.86695492e+11 1.54092198e+11]:[ 6.45024203e-02 -2.70089624e-12 -3.13378639e-13  5.20373151e-11 -1.85868876e-10 -2.07543366e-15  1.17277020e-16  3.18743484e-05 -2.25887213e-06 -1.25799740e-08  9.23536714e-10]:11.545840434049694
45:[1.11105974e+12 2.21338018e+11]:[ 6.46783658e-02 -2.57875212e-12 -2.92005421e-13  2.90487944e-11 -1.82422900e-10 -2.03894461e-15  1.54595112e-16  3.18994048e-05 -2.27167172e-06 -1.26065077e-08  9.23727591e-10]:11.646942549878922
Selected for new population:
[ 6.45139587e-02 -2.73326696e-12 -3.26837567e-13  5.20766755e-11 -1.93164851e-10 -2.09382325e-15  7.70826519e-16  3.18501722e-05 -2.24919555e-06 -1.24995898e-08  9.23465472e-10]
[ 6.46542421e-02 -2.57285091e-12 -3.25858659e-13  5.40315001e-11 -1.84696035e-10 -2.04492985e-15  9.95341417e-17  3.18563401e-05 -2.25571861e-06 -1.25841547e-08  9.23745466e-10]
Selected: [0 1]
***************
***CROSSOVER***
***************
Population scores:
4:[8.84998543e+11 1.28740670e+11]:[ 6.45139587e-02 -2.73326696e-12 -3.26837567e-13  5.20766755e-11 -1.93164851e-10 -2.09382325e-15  7.70826519e-16  3.18501722e-05 -2.24919555e-06 -1.24995898e-08  9.23465472e-10]:11.485352798602923
57:[1.06433155e+12 1.91833358e+11]:[ 6.38686484e-02 -1.89773660e-12 -3.27390756e-13  5.28255608e-11 -1.63861177e-10 -1.98892826e-15  7.39881157e-16  3.47322678e-05 -2.31109713e-06 -1.24995898e-08  9.32146931e-10]:11.607132847594563
&&&&&&&&&&&&&&&&&&&&&&&&
&&TOURNAMENT SELECTION&&
&&&&&&&&&&&&&&&&&&&&&&&&
parents:
[ 6.45139587e-02 -2.73326696e-12 -3.26837567e-13  5.20766755e-11 -1.93164851e-10 -2.09382325e-15  7.70826519e-16  3.18501722e-05 -2.24919555e-06 -1.24995898e-08  9.23465472e-10]
[ 6.38686484e-02 -1.89773660e-12 -3.27390756e-13  5.28255608e-11 -1.63861177e-10 -1.98892826e-15  7.39881157e-16  3.47322678e-05 -2.31109713e-06 -1.24995898e-08  9.32146931e-10]
children:
[ 6.45128901e-02 -2.58294068e-12 -3.26902654e-13  5.23669884e-11 -1.66961650e-10 -2.02866730e-15  7.50890878e-16  3.32499073e-05 -2.30213510e-06 -1.24995898e-08  9.27260492e-10]
[ 6.42702709e-02 -2.70884819e-12 -3.27141108e-13  5.22286204e-11 -1.76864647e-10 -2.04396202e-15  7.58485462e-16  3.35906833e-05 -2.26138839e-06 -1.24995898e-08  9.26352426e-10]
Population scores:
4:[8.84998543e+11 1.28740670e+11]:[ 6.45139587e-02 -2.73326696e-12 -3.26837567e-13  5.20766755e-11 -1.93164851e-10 -2.09382325e-15  7.70826519e-16  3.18501722e-05 -2.24919555e-06 -1.24995898e-08  9.23465472e-10]:11.485352798602923
68:[1.15525393e+12 1.49113487e+11]:[ 6.45128901e-02 -2.58294068e-12 -3.26902654e-13  5.23669884e-11 -1.66961650e-10 -2.02866730e-15  7.50890878e-16  3.32499073e-05 -2.30213510e-06 -1.24995898e-08  9.27260492e-10]:11.579971299358837
57:[1.06433155e+12 1.91833358e+11]:[ 6.38686484e-02 -1.89773660e-12 -3.27390756e-13  5.28255608e-11 -1.63861177e-10 -1.98892826e-15  7.39881157e-16  3.47322678e-05 -2.31109713e-06 -1.24995898e-08  9.32146931e-10]:11.607132847594563
69:[8.78769890e+11 2.84429675e+11]:[ 6.42702709e-02 -2.70884819e-12 -3.27141108e-13  5.22286204e-11 -1.76864647e-10 -2.04396202e-15  7.58485462e-16  3.35906833e-05 -2.26138839e-06 -1.24995898e-08  9.26352426e-10]:11.66293118719097
Selected for new population:
[ 6.45139587e-02 -2.73326696e-12 -3.26837567e-13  5.20766755e-11 -1.93164851e-10 -2.09382325e-15  7.70826519e-16  3.18501722e-05 -2.24919555e-06 -1.24995898e-08  9.23465472e-10]
[ 6.45128901e-02 -2.58294068e-12 -3.26902654e-13  5.23669884e-11 -1.66961650e-10 -2.02866730e-15  7.50890878e-16  3.32499073e-05 -2.30213510e-06 -1.24995898e-08  9.27260492e-10]
Population scores:
4:[8.84998543e+11 1.28740670e+11]:[ 6.45139587e-02 -2.73326696e-12 -3.26837567e-13  5.20766755e-11 -1.93164851e-10 -2.09382325e-15  7.70826519e-16  3.18501722e-05 -2.24919555e-06 -1.24995898e-08  9.23465472e-10]:11.485352798602923
66:[9.35891350e+11 1.37087879e+11]:[ 6.46542421e-02 -2.57285091e-12 -3.25858659e-13  5.40315001e-11 -1.84696035e-10 -2.04492985e-15  9.95341417e-17  3.18563401e-05 -2.25571861e-06 -1.25841547e-08  9.23745466e-10]:11.510901613622748
58:[1.05383576e+12 1.33993451e+11]:[ 6.41262155e-02 -2.66353396e-12 -3.27020873e-13  5.25190444e-11 -1.63972814e-10 -2.04129838e-15  7.44820971e-16  3.40511490e-05 -2.29840958e-06 -1.24995898e-08  9.28360851e-10]:11.537517631551433
64:[9.99303211e+11 1.57462764e+11]:[ 6.46042347e-02 -2.60507349e-12 -3.09050038e-13  5.33783031e-11 -1.89775519e-10 -2.09700882e-15  4.05750314e-16  3.18970626e-05 -2.25985759e-06 -1.25680965e-08  9.23720042e-10]:11.553061465532881
68:[1.15525393e+12 1.49113487e+11]:[ 6.45128901e-02 -2.58294068e-12 -3.26902654e-13  5.23669884e-11 -1.66961650e-10 -2.02866730e-15  7.50890878e-16  3.32499073e-05 -2.30213510e-06 -1.24995898e-08  9.27260492e-10]:11.579971299358837
61:[1.05601380e+12 1.90944519e+11]:[ 6.46511101e-02 -2.57317862e-12 -3.07920117e-13  3.40009651e-11 -1.92338851e-10 -2.05794055e-15  3.44700805e-16  3.18652068e-05 -2.26486104e-06 -1.26163800e-08  9.23545570e-10]:11.604385135140344
57:[1.06433155e+12 1.91833358e+11]:[ 6.38686484e-02 -1.89773660e-12 -3.27390756e-13  5.28255608e-11 -1.63861177e-10 -1.98892826e-15  7.39881157e-16  3.47322678e-05 -2.31109713e-06 -1.24995898e-08  9.32146931e-10]:11.607132847594563
45:[1.11105974e+12 2.21338018e+11]:[ 6.46783658e-02 -2.57875212e-12 -2.92005421e-13  2.90487944e-11 -1.82422900e-10 -2.03894461e-15  1.54595112e-16  3.18994048e-05 -2.27167172e-06 -1.26065077e-08  9.23727591e-10]:11.646942549878922
52:[3.27289983e+12 3.25055417e+12]:[ 6.43320474e-02 -1.78047787e-12 -3.51297040e-13  2.46382870e-11 -1.86908405e-10 -2.48536546e-15  6.76176181e-17  3.53061336e-05 -1.87907616e-06 -2.01715217e-08  8.40684425e-10]:12.591635956382696
8:[2.03128028e+12 3.62497922e+12]:[0. 0. 0. 0. 0. 0. 0. 0. 0. 0. 0.]:12.605438145987417
50:[1.61277736e+12 3.81120378e+12]:[ 5.71735413e-02 -3.11250120e-12 -2.45512316e-13  5.71977193e-11 -1.23823456e-10 -1.72857410e-15  6.77647133e-16  2.98628224e-05 -2.18648373e-06 -1.20363114e-08  9.63688205e-10]:12.616345180182075
56:[4.90425293e+12 5.28348806e+12]:[ 7.36849085e-02 -1.03397675e-12 -2.77146181e-13  4.71405699e-11 -1.04497775e-10 -2.36640556e-15  6.64609637e-16  4.09577246e-05 -2.04636701e-06 -2.09669774e-08  8.58687623e-10]:12.796875227583424
49:[2.31115297e+13 4.95222399e+13]:[ 6.04745247e-02 -1.87599590e-12 -2.49919226e-13  4.78410189e-11 -1.27787630e-10 -1.14120035e-15  6.84585882e-16  3.96402487e-05 -1.82563599e-06 -1.48175653e-08  9.41617951e-10]:13.733554715078723
55:[4.99203883e+13 8.64811060e+13]:[ 6.16825213e-02 -1.05603007e-12 -2.45153451e-13  5.27197099e-11 -1.98849755e-10 -1.61885810e-15  6.88699754e-16  3.69407255e-05 -2.74270314e-06 -1.93295712e-08  9.06860587e-10]:13.984370595498724
51:[8.30470283e+13 1.46635703e+14]:[ 6.71450976e-02 -3.20788172e-12 -3.44353101e-13  3.27173787e-11 -1.75461671e-10 -2.45286583e-15  1.83437221e-16  2.58544703e-05 -2.78441332e-06 -1.71322718e-08  8.98489773e-10]:14.212840178401253
54:[4.21590787e+38 4.29024150e+38]:[ 0.03123073  0.07440746 -0.09444882  0.09529515  0.08652289  0.03390954  0.01427353 -0.09350559 -0.06675292  0.03824608  0.03766185]:38.71040705818986
53:[2.85511957e+39 2.90533224e+39]:[-0.04811309  0.06129987  0.04259193  0.0342043  -0.00012823  0.08825038  0.0128246   0.08992627  0.0396191   0.02254186 -0.07827792]:39.54112426375503
*******************************
***iteration: 1 Population is***
*******************************
Population scores:
4:[8.84998543e+11 1.28740670e+11]:[ 6.45139587e-02 -2.73326696e-12 -3.26837567e-13  5.20766755e-11 -1.93164851e-10 -2.09382325e-15  7.70826519e-16  3.18501722e-05 -2.24919555e-06 -1.24995898e-08  9.23465472e-10]:11.485352798602923
66:[9.35891350e+11 1.37087879e+11]:[ 6.46542421e-02 -2.57285091e-12 -3.25858659e-13  5.40315001e-11 -1.84696035e-10 -2.04492985e-15  9.95341417e-17  3.18563401e-05 -2.25571861e-06 -1.25841547e-08  9.23745466e-10]:11.510901613622748
58:[1.05383576e+12 1.33993451e+11]:[ 6.41262155e-02 -2.66353396e-12 -3.27020873e-13  5.25190444e-11 -1.63972814e-10 -2.04129838e-15  7.44820971e-16  3.40511490e-05 -2.29840958e-06 -1.24995898e-08  9.28360851e-10]:11.537517631551433
64:[9.99303211e+11 1.57462764e+11]:[ 6.46042347e-02 -2.60507349e-12 -3.09050038e-13  5.33783031e-11 -1.89775519e-10 -2.09700882e-15  4.05750314e-16  3.18970626e-05 -2.25985759e-06 -1.25680965e-08  9.23720042e-10]:11.553061465532881
68:[1.15525393e+12 1.49113487e+11]:[ 6.45128901e-02 -2.58294068e-12 -3.26902654e-13  5.23669884e-11 -1.66961650e-10 -2.02866730e-15  7.50890878e-16  3.32499073e-05 -2.30213510e-06 -1.24995898e-08  9.27260492e-10]:11.579971299358837
61:[1.05601380e+12 1.90944519e+11]:[ 6.46511101e-02 -2.57317862e-12 -3.07920117e-13  3.40009651e-11 -1.92338851e-10 -2.05794055e-15  3.44700805e-16  3.18652068e-05 -2.26486104e-06 -1.26163800e-08  9.23545570e-10]:11.604385135140344
57:[1.06433155e+12 1.91833358e+11]:[ 6.38686484e-02 -1.89773660e-12 -3.27390756e-13  5.28255608e-11 -1.63861177e-10 -1.98892826e-15  7.39881157e-16  3.47322678e-05 -2.31109713e-06 -1.24995898e-08  9.32146931e-10]:11.607132847594563
45:[1.11105974e+12 2.21338018e+11]:[ 6.46783658e-02 -2.57875212e-12 -2.92005421e-13  2.90487944e-11 -1.82422900e-10 -2.03894461e-15  1.54595112e-16  3.18994048e-05 -2.27167172e-06 -1.26065077e-08  9.23727591e-10]:11.646942549878922
52:[3.27289983e+12 3.25055417e+12]:[ 6.43320474e-02 -1.78047787e-12 -3.51297040e-13  2.46382870e-11 -1.86908405e-10 -2.48536546e-15  6.76176181e-17  3.53061336e-05 -1.87907616e-06 -2.01715217e-08  8.40684425e-10]:12.591635956382696
8:[2.03128028e+12 3.62497922e+12]:[0. 0. 0. 0. 0. 0. 0. 0. 0. 0. 0.]:12.605438145987417
50:[1.61277736e+12 3.81120378e+12]:[ 5.71735413e-02 -3.11250120e-12 -2.45512316e-13  5.71977193e-11 -1.23823456e-10 -1.72857410e-15  6.77647133e-16  2.98628224e-05 -2.18648373e-06 -1.20363114e-08  9.63688205e-10]:12.616345180182075
56:[4.90425293e+12 5.28348806e+12]:[ 7.36849085e-02 -1.03397675e-12 -2.77146181e-13  4.71405699e-11 -1.04497775e-10 -2.36640556e-15  6.64609637e-16  4.09577246e-05 -2.04636701e-06 -2.09669774e-08  8.58687623e-10]:12.796875227583424
Selected: [3 5]
***************
***CROSSOVER***
***************
Population scores:
64:[9.99303211e+11 1.57462764e+11]:[ 6.46042347e-02 -2.60507349e-12 -3.09050038e-13  5.33783031e-11 -1.89775519e-10 -2.09700882e-15  4.05750314e-16  3.18970626e-05 -2.25985759e-06 -1.25680965e-08  9.23720042e-10]:11.553061465532881
61:[1.05601380e+12 1.90944519e+11]:[ 6.46511101e-02 -2.57317862e-12 -3.07920117e-13  3.40009651e-11 -1.92338851e-10 -2.05794055e-15  3.44700805e-16  3.18652068e-05 -2.26486104e-06 -1.26163800e-08  9.23545570e-10]:11.604385135140344
&&&&&&&&&&&&&&&&&&&&&&&&
&&TOURNAMENT SELECTION&&
&&&&&&&&&&&&&&&&&&&&&&&&
parents:
[ 6.46042347e-02 -2.60507349e-12 -3.09050038e-13  5.33783031e-11 -1.89775519e-10 -2.09700882e-15  4.05750314e-16  3.18970626e-05 -2.25985759e-06 -1.25680965e-08  9.23720042e-10]
[ 6.46511101e-02 -2.57317862e-12 -3.07920117e-13  3.40009651e-11 -1.92338851e-10 -2.05794055e-15  3.44700805e-16  3.18652068e-05 -2.26486104e-06 -1.26163800e-08  9.23545570e-10]
children:
[ 6.46165512e-02 -2.60596558e-12 -3.08669850e-13  3.43424492e-11 -1.90369169e-10 -2.07960754e-15  3.50247289e-16  3.18960157e-05 -2.26471595e-06 -1.26056985e-08  9.23676010e-10]
[ 6.46259978e-02 -2.59870180e-12 -3.08666022e-13  4.76046859e-11 -1.90566184e-10 -2.06895960e-15  3.95424247e-16  3.18915420e-05 -2.26089770e-06 -1.26089099e-08  9.23687939e-10]
Population scores:
64:[9.99303211e+11 1.57462764e+11]:[ 6.46042347e-02 -2.60507349e-12 -3.09050038e-13  5.33783031e-11 -1.89775519e-10 -2.09700882e-15  4.05750314e-16  3.18970626e-05 -2.25985759e-06 -1.25680965e-08  9.23720042e-10]:11.553061465532881
71:[1.00873449e+12 1.64630635e+11]:[ 6.46259978e-02 -2.59870180e-12 -3.08666022e-13  4.76046859e-11 -1.90566184e-10 -2.06895960e-15  3.95424247e-16  3.18915420e-05 -2.26089770e-06 -1.26089099e-08  9.23687939e-10]:11.563928834499281
70:[1.05706412e+12 1.88015581e+11]:[ 6.46165512e-02 -2.60596558e-12 -3.08669850e-13  3.43424492e-11 -1.90369169e-10 -2.07960754e-15  3.50247289e-16  3.18960157e-05 -2.26471595e-06 -1.26056985e-08  9.23676010e-10]:11.601438946020174
61:[1.05601380e+12 1.90944519e+11]:[ 6.46511101e-02 -2.57317862e-12 -3.07920117e-13  3.40009651e-11 -1.92338851e-10 -2.05794055e-15  3.44700805e-16  3.18652068e-05 -2.26486104e-06 -1.26163800e-08  9.23545570e-10]:11.604385135140344
Selected for new population:
[ 6.46042347e-02 -2.60507349e-12 -3.09050038e-13  5.33783031e-11 -1.89775519e-10 -2.09700882e-15  4.05750314e-16  3.18970626e-05 -2.25985759e-06 -1.25680965e-08  9.23720042e-10]
[ 6.46259978e-02 -2.59870180e-12 -3.08666022e-13  4.76046859e-11 -1.90566184e-10 -2.06895960e-15  3.95424247e-16  3.18915420e-05 -2.26089770e-06 -1.26089099e-08  9.23687939e-10]
Selected: [4 2]
***************
***CROSSOVER***
***************
Population scores:
58:[1.05383576e+12 1.33993451e+11]:[ 6.41262155e-02 -2.66353396e-12 -3.27020873e-13  5.25190444e-11 -1.63972814e-10 -2.04129838e-15  7.44820971e-16  3.40511490e-05 -2.29840958e-06 -1.24995898e-08  9.28360851e-10]:11.537517631551433
68:[1.15525393e+12 1.49113487e+11]:[ 6.45128901e-02 -2.58294068e-12 -3.26902654e-13  5.23669884e-11 -1.66961650e-10 -2.02866730e-15  7.50890878e-16  3.32499073e-05 -2.30213510e-06 -1.24995898e-08  9.27260492e-10]:11.579971299358837
&&&&&&&&&&&&&&&&&&&&&&&&
&&TOURNAMENT SELECTION&&
&&&&&&&&&&&&&&&&&&&&&&&&
parents:
[ 6.45128901e-02 -2.58294068e-12 -3.26902654e-13  5.23669884e-11 -1.66961650e-10 -2.02866730e-15  7.50890878e-16  3.32499073e-05 -2.30213510e-06 -1.24995898e-08  9.27260492e-10]
[ 6.41262155e-02 -2.66353396e-12 -3.27020873e-13  5.25190444e-11 -1.63972814e-10 -2.04129838e-15  7.44820971e-16  3.40511490e-05 -2.29840958e-06 -1.24995898e-08  9.28360851e-10]
children:
[ 6.45263563e-02 -2.62147086e-12 -3.26988745e-13  5.25201052e-11 -1.66335599e-10 -2.03859935e-15  7.47712821e-16  3.35735124e-05 -2.29900452e-06 -1.24995898e-08  9.27250250e-10]
[ 6.44179732e-02 -2.64410825e-12 -3.26957857e-13  5.25317240e-11 -1.63994557e-10 -2.02801611e-15  7.49289106e-16  3.39259951e-05 -2.30021302e-06 -1.24995898e-08  9.28266571e-10]
Population scores:
73:[1.06791734e+12 1.23970092e+11]:[ 6.44179732e-02 -2.64410825e-12 -3.26957857e-13  5.25317240e-11 -1.63994557e-10 -2.02801611e-15  7.49289106e-16  3.39259951e-05 -2.30021302e-06 -1.24995898e-08  9.28266571e-10]:11.528342691997072
72:[1.10111202e+12 1.23246525e+11]:[ 6.45263563e-02 -2.62147086e-12 -3.26988745e-13  5.25201052e-11 -1.66335599e-10 -2.03859935e-15  7.47712821e-16  3.35735124e-05 -2.29900452e-06 -1.24995898e-08  9.27250250e-10]:11.535887455420292
58:[1.05383576e+12 1.33993451e+11]:[ 6.41262155e-02 -2.66353396e-12 -3.27020873e-13  5.25190444e-11 -1.63972814e-10 -2.04129838e-15  7.44820971e-16  3.40511490e-05 -2.29840958e-06 -1.24995898e-08  9.28360851e-10]:11.537517631551433
68:[1.15525393e+12 1.49113487e+11]:[ 6.45128901e-02 -2.58294068e-12 -3.26902654e-13  5.23669884e-11 -1.66961650e-10 -2.02866730e-15  7.50890878e-16  3.32499073e-05 -2.30213510e-06 -1.24995898e-08  9.27260492e-10]:11.579971299358837
Selected for new population:
[ 6.44179732e-02 -2.64410825e-12 -3.26957857e-13  5.25317240e-11 -1.63994557e-10 -2.02801611e-15  7.49289106e-16  3.39259951e-05 -2.30021302e-06 -1.24995898e-08  9.28266571e-10]
[ 6.45263563e-02 -2.62147086e-12 -3.26988745e-13  5.25201052e-11 -1.66335599e-10 -2.03859935e-15  7.47712821e-16  3.35735124e-05 -2.29900452e-06 -1.24995898e-08  9.27250250e-10]
Selected: [1 0]
***************
***CROSSOVER***
***************
Population scores:
4:[8.84998543e+11 1.28740670e+11]:[ 6.45139587e-02 -2.73326696e-12 -3.26837567e-13  5.20766755e-11 -1.93164851e-10 -2.09382325e-15  7.70826519e-16  3.18501722e-05 -2.24919555e-06 -1.24995898e-08  9.23465472e-10]:11.485352798602923
66:[9.35891350e+11 1.37087879e+11]:[ 6.46542421e-02 -2.57285091e-12 -3.25858659e-13  5.40315001e-11 -1.84696035e-10 -2.04492985e-15  9.95341417e-17  3.18563401e-05 -2.25571861e-06 -1.25841547e-08  9.23745466e-10]:11.510901613622748
&&&&&&&&&&&&&&&&&&&&&&&&
&&TOURNAMENT SELECTION&&
&&&&&&&&&&&&&&&&&&&&&&&&
parents:
[ 6.46542421e-02 -2.57285091e-12 -3.25858659e-13  5.40315001e-11 -1.84696035e-10 -2.04492985e-15  9.95341417e-17  3.18563401e-05 -2.25571861e-06 -1.25841547e-08  9.23745466e-10]
[ 6.45139587e-02 -2.73326696e-12 -3.26837567e-13  5.20766755e-11 -1.93164851e-10 -2.09382325e-15  7.70826519e-16  3.18501722e-05 -2.24919555e-06 -1.24995898e-08  9.23465472e-10]
children:
[ 6.45495801e-02 -2.69091265e-12 -3.25832429e-13  5.37825131e-11 -1.91703548e-10 -2.05313620e-15  1.14938226e-16  3.18541224e-05 -2.25124165e-06 -1.25510550e-08  9.23497553e-10]
[ 6.45679909e-02 -2.71070659e-12 -3.26918806e-13  5.42028746e-11 -1.85212269e-10 -2.05300305e-15  2.10487151e-16  3.18539534e-05 -2.25210677e-06 -1.25370483e-08  9.23637442e-10]
Population scores:
4:[8.84998543e+11 1.28740670e+11]:[ 6.45139587e-02 -2.73326696e-12 -3.26837567e-13  5.20766755e-11 -1.93164851e-10 -2.09382325e-15  7.70826519e-16  3.18501722e-05 -2.24919555e-06 -1.24995898e-08  9.23465472e-10]:11.485352798602923
74:[8.94668062e+11 1.27652600e+11]:[ 6.45495801e-02 -2.69091265e-12 -3.25832429e-13  5.37825131e-11 -1.91703548e-10 -2.05313620e-15  1.14938226e-16  3.18541224e-05 -2.25124165e-06 -1.25510550e-08  9.23497553e-10]:11.486552620000719
75:[8.96027364e+11 1.27611037e+11]:[ 6.45679909e-02 -2.71070659e-12 -3.26918806e-13  5.42028746e-11 -1.85212269e-10 -2.05300305e-15  2.10487151e-16  3.18539534e-05 -2.25210677e-06 -1.25370483e-08  9.23637442e-10]:11.486878725140095
66:[9.35891350e+11 1.37087879e+11]:[ 6.46542421e-02 -2.57285091e-12 -3.25858659e-13  5.40315001e-11 -1.84696035e-10 -2.04492985e-15  9.95341417e-17  3.18563401e-05 -2.25571861e-06 -1.25841547e-08  9.23745466e-10]:11.510901613622748
Selected for new population:
[ 6.45139587e-02 -2.73326696e-12 -3.26837567e-13  5.20766755e-11 -1.93164851e-10 -2.09382325e-15  7.70826519e-16  3.18501722e-05 -2.24919555e-06 -1.24995898e-08  9.23465472e-10]
[ 6.45495801e-02 -2.69091265e-12 -3.25832429e-13  5.37825131e-11 -1.91703548e-10 -2.05313620e-15  1.14938226e-16  3.18541224e-05 -2.25124165e-06 -1.25510550e-08  9.23497553e-10]
Selected: [4 0]
***************
***CROSSOVER***
***************
Population scores:
4:[8.84998543e+11 1.28740670e+11]:[ 6.45139587e-02 -2.73326696e-12 -3.26837567e-13  5.20766755e-11 -1.93164851e-10 -2.09382325e-15  7.70826519e-16  3.18501722e-05 -2.24919555e-06 -1.24995898e-08  9.23465472e-10]:11.485352798602923
68:[1.15525393e+12 1.49113487e+11]:[ 6.45128901e-02 -2.58294068e-12 -3.26902654e-13  5.23669884e-11 -1.66961650e-10 -2.02866730e-15  7.50890878e-16  3.32499073e-05 -2.30213510e-06 -1.24995898e-08  9.27260492e-10]:11.579971299358837
&&&&&&&&&&&&&&&&&&&&&&&&
&&TOURNAMENT SELECTION&&
&&&&&&&&&&&&&&&&&&&&&&&&
parents:
[ 6.45128901e-02 -2.58294068e-12 -3.26902654e-13  5.23669884e-11 -1.66961650e-10 -2.02866730e-15  7.50890878e-16  3.32499073e-05 -2.30213510e-06 -1.24995898e-08  9.27260492e-10]
[ 6.45139587e-02 -2.73326696e-12 -3.26837567e-13  5.20766755e-11 -1.93164851e-10 -2.09382325e-15  7.70826519e-16  3.18501722e-05 -2.24919555e-06 -1.24995898e-08  9.23465472e-10]
children:
[ 6.45130934e-02 -2.61906095e-12 -3.26854086e-13  5.20769150e-11 -1.86370771e-10 -2.02435237e-15  7.50058124e-16  3.31195412e-05 -2.29857048e-06 -1.24995898e-08  9.24956326e-10]
[ 6.45135151e-02 -2.70066499e-12 -3.26865012e-13  5.22562091e-11 -1.67764993e-10 -2.05530665e-15  7.52115700e-16  3.23659618e-05 -2.28418656e-06 -1.24995898e-08  9.23188682e-10]
Population scores:
4:[8.84998543e+11 1.28740670e+11]:[ 6.45139587e-02 -2.73326696e-12 -3.26837567e-13  5.20766755e-11 -1.93164851e-10 -2.09382325e-15  7.70826519e-16  3.18501722e-05 -2.24919555e-06 -1.24995898e-08  9.23465472e-10]:11.485352798602923
68:[1.15525393e+12 1.49113487e+11]:[ 6.45128901e-02 -2.58294068e-12 -3.26902654e-13  5.23669884e-11 -1.66961650e-10 -2.02866730e-15  7.50890878e-16  3.32499073e-05 -2.30213510e-06 -1.24995898e-08  9.27260492e-10]:11.579971299358837
76:[1.18345313e+12 1.69504099e+11]:[ 6.45130934e-02 -2.61906095e-12 -3.26854086e-13  5.20769150e-11 -1.86370771e-10 -2.02435237e-15  7.50058124e-16  3.31195412e-05 -2.29857048e-06 -1.24995898e-08  9.24956326e-10]:11.60873427860766
77:[1.17918671e+12 2.17986768e+11]:[ 6.45135151e-02 -2.70066499e-12 -3.26865012e-13  5.22562091e-11 -1.67764993e-10 -2.05530665e-15  7.52115700e-16  3.23659618e-05 -2.28418656e-06 -1.24995898e-08  9.23188682e-10]:11.65688756551658
Selected for new population:
[ 6.45139587e-02 -2.73326696e-12 -3.26837567e-13  5.20766755e-11 -1.93164851e-10 -2.09382325e-15  7.70826519e-16  3.18501722e-05 -2.24919555e-06 -1.24995898e-08  9.23465472e-10]
[ 6.45128901e-02 -2.58294068e-12 -3.26902654e-13  5.23669884e-11 -1.66961650e-10 -2.02866730e-15  7.50890878e-16  3.32499073e-05 -2.30213510e-06 -1.24995898e-08  9.27260492e-10]
Selected: [0 1]
***************
***CROSSOVER***
***************
Population scores:
4:[8.84998543e+11 1.28740670e+11]:[ 6.45139587e-02 -2.73326696e-12 -3.26837567e-13  5.20766755e-11 -1.93164851e-10 -2.09382325e-15  7.70826519e-16  3.18501722e-05 -2.24919555e-06 -1.24995898e-08  9.23465472e-10]:11.485352798602923
66:[9.35891350e+11 1.37087879e+11]:[ 6.46542421e-02 -2.57285091e-12 -3.25858659e-13  5.40315001e-11 -1.84696035e-10 -2.04492985e-15  9.95341417e-17  3.18563401e-05 -2.25571861e-06 -1.25841547e-08  9.23745466e-10]:11.510901613622748
&&&&&&&&&&&&&&&&&&&&&&&&
&&TOURNAMENT SELECTION&&
&&&&&&&&&&&&&&&&&&&&&&&&
parents:
[ 6.45139587e-02 -2.73326696e-12 -3.26837567e-13  5.20766755e-11 -1.93164851e-10 -2.09382325e-15  7.70826519e-16  3.18501722e-05 -2.24919555e-06 -1.24995898e-08  9.23465472e-10]
[ 6.46542421e-02 -2.57285091e-12 -3.25858659e-13  5.40315001e-11 -1.84696035e-10 -2.04492985e-15  9.95341417e-17  3.18563401e-05 -2.25571861e-06 -1.25841547e-08  9.23745466e-10]
children:
[ 6.45164702e-02 -2.56914453e-12 -3.25885531e-13  5.39605374e-11 -1.87795588e-10 -2.08911981e-15  5.89317597e-16  3.18532090e-05 -2.24859216e-06 -1.25566893e-08  9.23462968e-10]
[ 6.45539278e-02 -2.55945834e-12 -3.26824067e-13  5.34636648e-11 -1.88256391e-10 -2.04707501e-15  2.37660898e-16  3.18553391e-05 -2.25451499e-06 -1.25411449e-08  9.23727171e-10]
Population scores:
4:[8.84998543e+11 1.28740670e+11]:[ 6.45139587e-02 -2.73326696e-12 -3.26837567e-13  5.20766755e-11 -1.93164851e-10 -2.09382325e-15  7.70826519e-16  3.18501722e-05 -2.24919555e-06 -1.24995898e-08  9.23465472e-10]:11.485352798602923
78:[8.91365150e+11 1.29282395e+11]:[ 6.45164702e-02 -2.56914453e-12 -3.25885531e-13  5.39605374e-11 -1.87795588e-10 -2.08911981e-15  5.89317597e-16  3.18532090e-05 -2.24859216e-06 -1.25566893e-08  9.23462968e-10]:11.487923392207579
79:[9.13991329e+11 1.30307273e+11]:[ 6.45539278e-02 -2.55945834e-12 -3.26824067e-13  5.34636648e-11 -1.88256391e-10 -2.04707501e-15  2.37660898e-16  3.18553391e-05 -2.25451499e-06 -1.25411449e-08  9.23727171e-10]:11.495690750631084
66:[9.35891350e+11 1.37087879e+11]:[ 6.46542421e-02 -2.57285091e-12 -3.25858659e-13  5.40315001e-11 -1.84696035e-10 -2.04492985e-15  9.95341417e-17  3.18563401e-05 -2.25571861e-06 -1.25841547e-08  9.23745466e-10]:11.510901613622748
Selected for new population:
[ 6.45139587e-02 -2.73326696e-12 -3.26837567e-13  5.20766755e-11 -1.93164851e-10 -2.09382325e-15  7.70826519e-16  3.18501722e-05 -2.24919555e-06 -1.24995898e-08  9.23465472e-10]
[ 6.45164702e-02 -2.56914453e-12 -3.25885531e-13  5.39605374e-11 -1.87795588e-10 -2.08911981e-15  5.89317597e-16  3.18532090e-05 -2.24859216e-06 -1.25566893e-08  9.23462968e-10]
Selected: [0 7]
***************
***CROSSOVER***
***************
Population scores:
4:[8.84998543e+11 1.28740670e+11]:[ 6.45139587e-02 -2.73326696e-12 -3.26837567e-13  5.20766755e-11 -1.93164851e-10 -2.09382325e-15  7.70826519e-16  3.18501722e-05 -2.24919555e-06 -1.24995898e-08  9.23465472e-10]:11.485352798602923
45:[1.11105974e+12 2.21338018e+11]:[ 6.46783658e-02 -2.57875212e-12 -2.92005421e-13  2.90487944e-11 -1.82422900e-10 -2.03894461e-15  1.54595112e-16  3.18994048e-05 -2.27167172e-06 -1.26065077e-08  9.23727591e-10]:11.646942549878922
&&&&&&&&&&&&&&&&&&&&&&&&
&&TOURNAMENT SELECTION&&
&&&&&&&&&&&&&&&&&&&&&&&&
parents:
[ 6.45139587e-02 -2.73326696e-12 -3.26837567e-13  5.20766755e-11 -1.93164851e-10 -2.09382325e-15  7.70826519e-16  3.18501722e-05 -2.24919555e-06 -1.24995898e-08  9.23465472e-10]
[ 6.46783658e-02 -2.57875212e-12 -2.92005421e-13  2.90487944e-11 -1.82422900e-10 -2.03894461e-15  1.54595112e-16  3.18994048e-05 -2.27167172e-06 -1.26065077e-08  9.23727591e-10]
children:
[ 6.46224111e-02 -2.61800248e-12 -3.25929422e-13  5.07594358e-11 -1.90094340e-10 -2.08283384e-15  4.02135294e-16  3.18555115e-05 -2.25407417e-06 -1.25987369e-08  9.23603760e-10]
[ 6.46318673e-02 -2.68905840e-12 -3.27176017e-13  3.02256465e-11 -1.86134574e-10 -2.07401016e-15  2.23849098e-16  3.18588184e-05 -2.26958999e-06 -1.25367642e-08  9.23451639e-10]
Population scores:
4:[8.84998543e+11 1.28740670e+11]:[ 6.45139587e-02 -2.73326696e-12 -3.26837567e-13  5.20766755e-11 -1.93164851e-10 -2.09382325e-15  7.70826519e-16  3.18501722e-05 -2.24919555e-06 -1.24995898e-08  9.23465472e-10]:11.485352798602923
80:[9.48367629e+11 1.42430259e+11]:[ 6.46224111e-02 -2.61800248e-12 -3.25929422e-13  5.07594358e-11 -1.90094340e-10 -2.08283384e-15  4.02135294e-16  3.18555115e-05 -2.25407417e-06 -1.25987369e-08  9.23603760e-10]:11.521273824934262
81:[1.09481258e+12 2.05455366e+11]:[ 6.46318673e-02 -2.68905840e-12 -3.27176017e-13  3.02256465e-11 -1.86134574e-10 -2.07401016e-15  2.23849098e-16  3.18588184e-05 -2.26958999e-06 -1.25367642e-08  9.23451639e-10]:11.6277936734538
45:[1.11105974e+12 2.21338018e+11]:[ 6.46783658e-02 -2.57875212e-12 -2.92005421e-13  2.90487944e-11 -1.82422900e-10 -2.03894461e-15  1.54595112e-16  3.18994048e-05 -2.27167172e-06 -1.26065077e-08  9.23727591e-10]:11.646942549878922
Selected for new population:
[ 6.45139587e-02 -2.73326696e-12 -3.26837567e-13  5.20766755e-11 -1.93164851e-10 -2.09382325e-15  7.70826519e-16  3.18501722e-05 -2.24919555e-06 -1.24995898e-08  9.23465472e-10]
[ 6.46224111e-02 -2.61800248e-12 -3.25929422e-13  5.07594358e-11 -1.90094340e-10 -2.08283384e-15  4.02135294e-16  3.18555115e-05 -2.25407417e-06 -1.25987369e-08  9.23603760e-10]
Population scores:
4:[8.84998543e+11 1.28740670e+11]:[ 6.45139587e-02 -2.73326696e-12 -3.26837567e-13  5.20766755e-11 -1.93164851e-10 -2.09382325e-15  7.70826519e-16  3.18501722e-05 -2.24919555e-06 -1.24995898e-08  9.23465472e-10]:11.485352798602923
74:[8.94668062e+11 1.27652600e+11]:[ 6.45495801e-02 -2.69091265e-12 -3.25832429e-13  5.37825131e-11 -1.91703548e-10 -2.05313620e-15  1.14938226e-16  3.18541224e-05 -2.25124165e-06 -1.25510550e-08  9.23497553e-10]:11.486552620000719
78:[8.91365150e+11 1.29282395e+11]:[ 6.45164702e-02 -2.56914453e-12 -3.25885531e-13  5.39605374e-11 -1.87795588e-10 -2.08911981e-15  5.89317597e-16  3.18532090e-05 -2.24859216e-06 -1.25566893e-08  9.23462968e-10]:11.487923392207579
66:[9.35891350e+11 1.37087879e+11]:[ 6.46542421e-02 -2.57285091e-12 -3.25858659e-13  5.40315001e-11 -1.84696035e-10 -2.04492985e-15  9.95341417e-17  3.18563401e-05 -2.25571861e-06 -1.25841547e-08  9.23745466e-10]:11.510901613622748
80:[9.48367629e+11 1.42430259e+11]:[ 6.46224111e-02 -2.61800248e-12 -3.25929422e-13  5.07594358e-11 -1.90094340e-10 -2.08283384e-15  4.02135294e-16  3.18555115e-05 -2.25407417e-06 -1.25987369e-08  9.23603760e-10]:11.521273824934262
73:[1.06791734e+12 1.23970092e+11]:[ 6.44179732e-02 -2.64410825e-12 -3.26957857e-13  5.25317240e-11 -1.63994557e-10 -2.02801611e-15  7.49289106e-16  3.39259951e-05 -2.30021302e-06 -1.24995898e-08  9.28266571e-10]:11.528342691997072
72:[1.10111202e+12 1.23246525e+11]:[ 6.45263563e-02 -2.62147086e-12 -3.26988745e-13  5.25201052e-11 -1.66335599e-10 -2.03859935e-15  7.47712821e-16  3.35735124e-05 -2.29900452e-06 -1.24995898e-08  9.27250250e-10]:11.535887455420292
58:[1.05383576e+12 1.33993451e+11]:[ 6.41262155e-02 -2.66353396e-12 -3.27020873e-13  5.25190444e-11 -1.63972814e-10 -2.04129838e-15  7.44820971e-16  3.40511490e-05 -2.29840958e-06 -1.24995898e-08  9.28360851e-10]:11.537517631551433
64:[9.99303211e+11 1.57462764e+11]:[ 6.46042347e-02 -2.60507349e-12 -3.09050038e-13  5.33783031e-11 -1.89775519e-10 -2.09700882e-15  4.05750314e-16  3.18970626e-05 -2.25985759e-06 -1.25680965e-08  9.23720042e-10]:11.553061465532881
71:[1.00873449e+12 1.64630635e+11]:[ 6.46259978e-02 -2.59870180e-12 -3.08666022e-13  4.76046859e-11 -1.90566184e-10 -2.06895960e-15  3.95424247e-16  3.18915420e-05 -2.26089770e-06 -1.26089099e-08  9.23687939e-10]:11.563928834499281
68:[1.15525393e+12 1.49113487e+11]:[ 6.45128901e-02 -2.58294068e-12 -3.26902654e-13  5.23669884e-11 -1.66961650e-10 -2.02866730e-15  7.50890878e-16  3.32499073e-05 -2.30213510e-06 -1.24995898e-08  9.27260492e-10]:11.579971299358837
61:[1.05601380e+12 1.90944519e+11]:[ 6.46511101e-02 -2.57317862e-12 -3.07920117e-13  3.40009651e-11 -1.92338851e-10 -2.05794055e-15  3.44700805e-16  3.18652068e-05 -2.26486104e-06 -1.26163800e-08  9.23545570e-10]:11.604385135140344
57:[1.06433155e+12 1.91833358e+11]:[ 6.38686484e-02 -1.89773660e-12 -3.27390756e-13  5.28255608e-11 -1.63861177e-10 -1.98892826e-15  7.39881157e-16  3.47322678e-05 -2.31109713e-06 -1.24995898e-08  9.32146931e-10]:11.607132847594563
45:[1.11105974e+12 2.21338018e+11]:[ 6.46783658e-02 -2.57875212e-12 -2.92005421e-13  2.90487944e-11 -1.82422900e-10 -2.03894461e-15  1.54595112e-16  3.18994048e-05 -2.27167172e-06 -1.26065077e-08  9.23727591e-10]:11.646942549878922
52:[3.27289983e+12 3.25055417e+12]:[ 6.43320474e-02 -1.78047787e-12 -3.51297040e-13  2.46382870e-11 -1.86908405e-10 -2.48536546e-15  6.76176181e-17  3.53061336e-05 -1.87907616e-06 -2.01715217e-08  8.40684425e-10]:12.591635956382696
8:[2.03128028e+12 3.62497922e+12]:[0. 0. 0. 0. 0. 0. 0. 0. 0. 0. 0.]:12.605438145987417
50:[1.61277736e+12 3.81120378e+12]:[ 5.71735413e-02 -3.11250120e-12 -2.45512316e-13  5.71977193e-11 -1.23823456e-10 -1.72857410e-15  6.77647133e-16  2.98628224e-05 -2.18648373e-06 -1.20363114e-08  9.63688205e-10]:12.616345180182075
56:[4.90425293e+12 5.28348806e+12]:[ 7.36849085e-02 -1.03397675e-12 -2.77146181e-13  4.71405699e-11 -1.04497775e-10 -2.36640556e-15  6.64609637e-16  4.09577246e-05 -2.04636701e-06 -2.09669774e-08  8.58687623e-10]:12.796875227583424
*******************************
***iteration: 2 Population is***
*******************************
Population scores:
4:[8.84998543e+11 1.28740670e+11]:[ 6.45139587e-02 -2.73326696e-12 -3.26837567e-13  5.20766755e-11 -1.93164851e-10 -2.09382325e-15  7.70826519e-16  3.18501722e-05 -2.24919555e-06 -1.24995898e-08  9.23465472e-10]:11.485352798602923
74:[8.94668062e+11 1.27652600e+11]:[ 6.45495801e-02 -2.69091265e-12 -3.25832429e-13  5.37825131e-11 -1.91703548e-10 -2.05313620e-15  1.14938226e-16  3.18541224e-05 -2.25124165e-06 -1.25510550e-08  9.23497553e-10]:11.486552620000719
78:[8.91365150e+11 1.29282395e+11]:[ 6.45164702e-02 -2.56914453e-12 -3.25885531e-13  5.39605374e-11 -1.87795588e-10 -2.08911981e-15  5.89317597e-16  3.18532090e-05 -2.24859216e-06 -1.25566893e-08  9.23462968e-10]:11.487923392207579
66:[9.35891350e+11 1.37087879e+11]:[ 6.46542421e-02 -2.57285091e-12 -3.25858659e-13  5.40315001e-11 -1.84696035e-10 -2.04492985e-15  9.95341417e-17  3.18563401e-05 -2.25571861e-06 -1.25841547e-08  9.23745466e-10]:11.510901613622748
80:[9.48367629e+11 1.42430259e+11]:[ 6.46224111e-02 -2.61800248e-12 -3.25929422e-13  5.07594358e-11 -1.90094340e-10 -2.08283384e-15  4.02135294e-16  3.18555115e-05 -2.25407417e-06 -1.25987369e-08  9.23603760e-10]:11.521273824934262
73:[1.06791734e+12 1.23970092e+11]:[ 6.44179732e-02 -2.64410825e-12 -3.26957857e-13  5.25317240e-11 -1.63994557e-10 -2.02801611e-15  7.49289106e-16  3.39259951e-05 -2.30021302e-06 -1.24995898e-08  9.28266571e-10]:11.528342691997072
72:[1.10111202e+12 1.23246525e+11]:[ 6.45263563e-02 -2.62147086e-12 -3.26988745e-13  5.25201052e-11 -1.66335599e-10 -2.03859935e-15  7.47712821e-16  3.35735124e-05 -2.29900452e-06 -1.24995898e-08  9.27250250e-10]:11.535887455420292
58:[1.05383576e+12 1.33993451e+11]:[ 6.41262155e-02 -2.66353396e-12 -3.27020873e-13  5.25190444e-11 -1.63972814e-10 -2.04129838e-15  7.44820971e-16  3.40511490e-05 -2.29840958e-06 -1.24995898e-08  9.28360851e-10]:11.537517631551433
64:[9.99303211e+11 1.57462764e+11]:[ 6.46042347e-02 -2.60507349e-12 -3.09050038e-13  5.33783031e-11 -1.89775519e-10 -2.09700882e-15  4.05750314e-16  3.18970626e-05 -2.25985759e-06 -1.25680965e-08  9.23720042e-10]:11.553061465532881
71:[1.00873449e+12 1.64630635e+11]:[ 6.46259978e-02 -2.59870180e-12 -3.08666022e-13  4.76046859e-11 -1.90566184e-10 -2.06895960e-15  3.95424247e-16  3.18915420e-05 -2.26089770e-06 -1.26089099e-08  9.23687939e-10]:11.563928834499281
68:[1.15525393e+12 1.49113487e+11]:[ 6.45128901e-02 -2.58294068e-12 -3.26902654e-13  5.23669884e-11 -1.66961650e-10 -2.02866730e-15  7.50890878e-16  3.32499073e-05 -2.30213510e-06 -1.24995898e-08  9.27260492e-10]:11.579971299358837
61:[1.05601380e+12 1.90944519e+11]:[ 6.46511101e-02 -2.57317862e-12 -3.07920117e-13  3.40009651e-11 -1.92338851e-10 -2.05794055e-15  3.44700805e-16  3.18652068e-05 -2.26486104e-06 -1.26163800e-08  9.23545570e-10]:11.604385135140344
Selected: [7 1]
***************
***CROSSOVER***
***************
Population scores:
74:[8.94668062e+11 1.27652600e+11]:[ 6.45495801e-02 -2.69091265e-12 -3.25832429e-13  5.37825131e-11 -1.91703548e-10 -2.05313620e-15  1.14938226e-16  3.18541224e-05 -2.25124165e-06 -1.25510550e-08  9.23497553e-10]:11.486552620000719
58:[1.05383576e+12 1.33993451e+11]:[ 6.41262155e-02 -2.66353396e-12 -3.27020873e-13  5.25190444e-11 -1.63972814e-10 -2.04129838e-15  7.44820971e-16  3.40511490e-05 -2.29840958e-06 -1.24995898e-08  9.28360851e-10]:11.537517631551433
&&&&&&&&&&&&&&&&&&&&&&&&
&&TOURNAMENT SELECTION&&
&&&&&&&&&&&&&&&&&&&&&&&&
parents:
[ 6.41262155e-02 -2.66353396e-12 -3.27020873e-13  5.25190444e-11 -1.63972814e-10 -2.04129838e-15  7.44820971e-16  3.40511490e-05 -2.29840958e-06 -1.24995898e-08  9.28360851e-10]
[ 6.45495801e-02 -2.69091265e-12 -3.25832429e-13  5.37825131e-11 -1.91703548e-10 -2.05313620e-15  1.14938226e-16  3.18541224e-05 -2.25124165e-06 -1.25510550e-08  9.23497553e-10]
children:
[ 6.43790261e-02 -2.66850345e-12 -3.25977760e-13  5.33007499e-11 -1.67066601e-10 -2.04816778e-15  3.75271567e-16  3.19472844e-05 -2.26831977e-06 -1.25402411e-08  9.24897014e-10]
[ 6.43666460e-02 -2.67355536e-12 -3.26688964e-13  5.27216062e-11 -1.85698789e-10 -2.05038516e-15  3.60404009e-16  3.30034381e-05 -2.26738067e-06 -1.25535389e-08  9.24258386e-10]
Population scores:
74:[8.94668062e+11 1.27652600e+11]:[ 6.45495801e-02 -2.69091265e-12 -3.25832429e-13  5.37825131e-11 -1.91703548e-10 -2.05313620e-15  1.14938226e-16  3.18541224e-05 -2.25124165e-06 -1.25510550e-08  9.23497553e-10]:11.486552620000719
83:[9.40812729e+11 1.28039931e+11]:[ 6.43666460e-02 -2.67355536e-12 -3.26688964e-13  5.27216062e-11 -1.85698789e-10 -2.05038516e-15  3.60404009e-16  3.30034381e-05 -2.26738067e-06 -1.25535389e-08  9.24258386e-10]:11.49996526787005
58:[1.05383576e+12 1.33993451e+11]:[ 6.41262155e-02 -2.66353396e-12 -3.27020873e-13  5.25190444e-11 -1.63972814e-10 -2.04129838e-15  7.44820971e-16  3.40511490e-05 -2.29840958e-06 -1.24995898e-08  9.28360851e-10]:11.537517631551433
82:[1.01715257e+12 1.60443241e+11]:[ 6.43790261e-02 -2.66850345e-12 -3.25977760e-13  5.33007499e-11 -1.67066601e-10 -2.04816778e-15  3.75271567e-16  3.19472844e-05 -2.26831977e-06 -1.25402411e-08  9.24897014e-10]:11.560950731551081
Selected for new population:
[ 6.45495801e-02 -2.69091265e-12 -3.25832429e-13  5.37825131e-11 -1.91703548e-10 -2.05313620e-15  1.14938226e-16  3.18541224e-05 -2.25124165e-06 -1.25510550e-08  9.23497553e-10]
[ 6.43666460e-02 -2.67355536e-12 -3.26688964e-13  5.27216062e-11 -1.85698789e-10 -2.05038516e-15  3.60404009e-16  3.30034381e-05 -2.26738067e-06 -1.25535389e-08  9.24258386e-10]
Selected: [9 4]
***************
***CROSSOVER***
***************
Population scores:
80:[9.48367629e+11 1.42430259e+11]:[ 6.46224111e-02 -2.61800248e-12 -3.25929422e-13  5.07594358e-11 -1.90094340e-10 -2.08283384e-15  4.02135294e-16  3.18555115e-05 -2.25407417e-06 -1.25987369e-08  9.23603760e-10]:11.521273824934262
71:[1.00873449e+12 1.64630635e+11]:[ 6.46259978e-02 -2.59870180e-12 -3.08666022e-13  4.76046859e-11 -1.90566184e-10 -2.06895960e-15  3.95424247e-16  3.18915420e-05 -2.26089770e-06 -1.26089099e-08  9.23687939e-10]:11.563928834499281
&&&&&&&&&&&&&&&&&&&&&&&&
&&TOURNAMENT SELECTION&&
&&&&&&&&&&&&&&&&&&&&&&&&
parents:
[ 6.46259978e-02 -2.59870180e-12 -3.08666022e-13  4.76046859e-11 -1.90566184e-10 -2.06895960e-15  3.95424247e-16  3.18915420e-05 -2.26089770e-06 -1.26089099e-08  9.23687939e-10]
[ 6.46224111e-02 -2.61800248e-12 -3.25929422e-13  5.07594358e-11 -1.90094340e-10 -2.08283384e-15  4.02135294e-16  3.18555115e-05 -2.25407417e-06 -1.25987369e-08  9.23603760e-10]
children:
[ 6.46245777e-02 -2.60963198e-12 -3.19063386e-13  4.88299453e-11 -1.90265046e-10 -2.08251525e-15  3.97105025e-16  3.18821143e-05 -2.25342506e-06 -1.26003375e-08  9.23649261e-10]
[ 6.46229994e-02 -2.60917005e-12 -3.24959716e-13  4.79961565e-11 -1.90128748e-10 -2.07463624e-15  3.96519761e-16  3.18765099e-05 -2.25931844e-06 -1.26054223e-08  9.23598051e-10]
Population scores:
84:[9.38601569e+11 1.38724892e+11]:[ 6.46245777e-02 -2.60963198e-12 -3.19063386e-13  4.88299453e-11 -1.90265046e-10 -2.08251525e-15  3.97105025e-16  3.18821143e-05 -2.25342506e-06 -1.26003375e-08  9.23649261e-10]:11.513810294876375
80:[9.48367629e+11 1.42430259e+11]:[ 6.46224111e-02 -2.61800248e-12 -3.25929422e-13  5.07594358e-11 -1.90094340e-10 -2.08283384e-15  4.02135294e-16  3.18555115e-05 -2.25407417e-06 -1.25987369e-08  9.23603760e-10]:11.521273824934262
85:[9.97869701e+11 1.60317400e+11]:[ 6.46229994e-02 -2.60917005e-12 -3.24959716e-13  4.79961565e-11 -1.90128748e-10 -2.07463624e-15  3.96519761e-16  3.18765099e-05 -2.25931844e-06 -1.26054223e-08  9.23598051e-10]:11.556171397312443
71:[1.00873449e+12 1.64630635e+11]:[ 6.46259978e-02 -2.59870180e-12 -3.08666022e-13  4.76046859e-11 -1.90566184e-10 -2.06895960e-15  3.95424247e-16  3.18915420e-05 -2.26089770e-06 -1.26089099e-08  9.23687939e-10]:11.563928834499281
Selected for new population:
[ 6.46245777e-02 -2.60963198e-12 -3.19063386e-13  4.88299453e-11 -1.90265046e-10 -2.08251525e-15  3.97105025e-16  3.18821143e-05 -2.25342506e-06 -1.26003375e-08  9.23649261e-10]
[ 6.46224111e-02 -2.61800248e-12 -3.25929422e-13  5.07594358e-11 -1.90094340e-10 -2.08283384e-15  4.02135294e-16  3.18555115e-05 -2.25407417e-06 -1.25987369e-08  9.23603760e-10]
Selected: [ 6 10]
***************
***CROSSOVER***
***************
Population scores:
72:[1.10111202e+12 1.23246525e+11]:[ 6.45263563e-02 -2.62147086e-12 -3.26988745e-13  5.25201052e-11 -1.66335599e-10 -2.03859935e-15  7.47712821e-16  3.35735124e-05 -2.29900452e-06 -1.24995898e-08  9.27250250e-10]:11.535887455420292
68:[1.15525393e+12 1.49113487e+11]:[ 6.45128901e-02 -2.58294068e-12 -3.26902654e-13  5.23669884e-11 -1.66961650e-10 -2.02866730e-15  7.50890878e-16  3.32499073e-05 -2.30213510e-06 -1.24995898e-08  9.27260492e-10]:11.579971299358837
&&&&&&&&&&&&&&&&&&&&&&&&
&&TOURNAMENT SELECTION&&
&&&&&&&&&&&&&&&&&&&&&&&&
parents:
[ 6.45263563e-02 -2.62147086e-12 -3.26988745e-13  5.25201052e-11 -1.66335599e-10 -2.03859935e-15  7.47712821e-16  3.35735124e-05 -2.29900452e-06 -1.24995898e-08  9.27250250e-10]
[ 6.45128901e-02 -2.58294068e-12 -3.26902654e-13  5.23669884e-11 -1.66961650e-10 -2.02866730e-15  7.50890878e-16  3.32499073e-05 -2.30213510e-06 -1.24995898e-08  9.27260492e-10]
children:
[ 6.45259970e-02 -2.61453498e-12 -3.26951761e-13  5.25237633e-11 -1.66661889e-10 -2.02894076e-15  7.51066715e-16  3.35404435e-05 -2.30185108e-06 -1.24995898e-08  9.27260219e-10]
[ 6.45136972e-02 -2.59583249e-12 -3.26956136e-13  5.23652760e-11 -1.66927221e-10 -2.03450006e-15  7.47633541e-16  3.35032215e-05 -2.30067096e-06 -1.24995898e-08  9.27260463e-10]
Population scores:
72:[1.10111202e+12 1.23246525e+11]:[ 6.45263563e-02 -2.62147086e-12 -3.26988745e-13  5.25201052e-11 -1.66335599e-10 -2.03859935e-15  7.47712821e-16  3.35735124e-05 -2.29900452e-06 -1.24995898e-08  9.27250250e-10]:11.535887455420292
87:[1.11996887e+12 1.28072631e+11]:[ 6.45136972e-02 -2.59583249e-12 -3.26956136e-13  5.23652760e-11 -1.66927221e-10 -2.03450006e-15  7.47633541e-16  3.35032215e-05 -2.30067096e-06 -1.24995898e-08  9.27260463e-10]:11.546624584709196
86:[1.12537599e+12 1.27970127e+11]:[ 6.45259970e-02 -2.61453498e-12 -3.26951761e-13  5.25237633e-11 -1.66661889e-10 -2.02894076e-15  7.51066715e-16  3.35404435e-05 -2.30185108e-06 -1.24995898e-08  9.27260219e-10]:11.547830463668781
68:[1.15525393e+12 1.49113487e+11]:[ 6.45128901e-02 -2.58294068e-12 -3.26902654e-13  5.23669884e-11 -1.66961650e-10 -2.02866730e-15  7.50890878e-16  3.32499073e-05 -2.30213510e-06 -1.24995898e-08  9.27260492e-10]:11.579971299358837
Selected for new population:
[ 6.45263563e-02 -2.62147086e-12 -3.26988745e-13  5.25201052e-11 -1.66335599e-10 -2.03859935e-15  7.47712821e-16  3.35735124e-05 -2.29900452e-06 -1.24995898e-08  9.27250250e-10]
[ 6.45136972e-02 -2.59583249e-12 -3.26956136e-13  5.23652760e-11 -1.66927221e-10 -2.03450006e-15  7.47633541e-16  3.35032215e-05 -2.30067096e-06 -1.24995898e-08  9.27260463e-10]
Selected: [ 3 10]
***************
***CROSSOVER***
***************
Population scores:
66:[9.35891350e+11 1.37087879e+11]:[ 6.46542421e-02 -2.57285091e-12 -3.25858659e-13  5.40315001e-11 -1.84696035e-10 -2.04492985e-15  9.95341417e-17  3.18563401e-05 -2.25571861e-06 -1.25841547e-08  9.23745466e-10]:11.510901613622748
68:[1.15525393e+12 1.49113487e+11]:[ 6.45128901e-02 -2.58294068e-12 -3.26902654e-13  5.23669884e-11 -1.66961650e-10 -2.02866730e-15  7.50890878e-16  3.32499073e-05 -2.30213510e-06 -1.24995898e-08  9.27260492e-10]:11.579971299358837
&&&&&&&&&&&&&&&&&&&&&&&&
&&TOURNAMENT SELECTION&&
&&&&&&&&&&&&&&&&&&&&&&&&
parents:
[ 6.46542421e-02 -2.57285091e-12 -3.25858659e-13  5.40315001e-11 -1.84696035e-10 -2.04492985e-15  9.95341417e-17  3.18563401e-05 -2.25571861e-06 -1.25841547e-08  9.23745466e-10]
[ 6.45128901e-02 -2.58294068e-12 -3.26902654e-13  5.23669884e-11 -1.66961650e-10 -2.02866730e-15  7.50890878e-16  3.32499073e-05 -2.30213510e-06 -1.24995898e-08  9.27260492e-10]
children:
[ 6.45967992e-02 -2.57412826e-12 -3.26067165e-13  5.24798585e-11 -1.81361436e-10 -2.04537549e-15  1.78651185e-16  3.26987949e-05 -2.25321142e-06 -1.25485535e-08  9.25373523e-10]
[ 6.46308138e-02 -2.57284381e-12 -3.25958919e-13  5.39341364e-11 -1.85517934e-10 -2.04401764e-15  5.73826937e-17  3.20334086e-05 -2.28005736e-06 -1.25564081e-08  9.25075129e-10]
Population scores:
66:[9.35891350e+11 1.37087879e+11]:[ 6.46542421e-02 -2.57285091e-12 -3.25858659e-13  5.40315001e-11 -1.84696035e-10 -2.04492985e-15  9.95341417e-17  3.18563401e-05 -2.25571861e-06 -1.25841547e-08  9.23745466e-10]:11.510901613622748
88:[8.38017803e+11 1.68603079e+11]:[ 6.45967992e-02 -2.57412826e-12 -3.26067165e-13  5.24798585e-11 -1.81361436e-10 -2.04537549e-15  1.78651185e-16  3.26987949e-05 -2.25321142e-06 -1.25485535e-08  9.25373523e-10]:11.526606285657198
68:[1.15525393e+12 1.49113487e+11]:[ 6.45128901e-02 -2.58294068e-12 -3.26902654e-13  5.23669884e-11 -1.66961650e-10 -2.02866730e-15  7.50890878e-16  3.32499073e-05 -2.30213510e-06 -1.24995898e-08  9.27260492e-10]:11.579971299358837
89:[1.14054303e+12 2.24230784e+11]:[ 6.46308138e-02 -2.57284381e-12 -3.25958919e-13  5.39341364e-11 -1.85517934e-10 -2.04401764e-15  5.73826937e-17  3.20334086e-05 -2.28005736e-06 -1.25564081e-08  9.25075129e-10]:11.655464408408045
Selected for new population:
[ 6.46542421e-02 -2.57285091e-12 -3.25858659e-13  5.40315001e-11 -1.84696035e-10 -2.04492985e-15  9.95341417e-17  3.18563401e-05 -2.25571861e-06 -1.25841547e-08  9.23745466e-10]
[ 6.45967992e-02 -2.57412826e-12 -3.26067165e-13  5.24798585e-11 -1.81361436e-10 -2.04537549e-15  1.78651185e-16  3.26987949e-05 -2.25321142e-06 -1.25485535e-08  9.25373523e-10]
Selected: [8 1]
***************
***CROSSOVER***
***************
Population scores:
74:[8.94668062e+11 1.27652600e+11]:[ 6.45495801e-02 -2.69091265e-12 -3.25832429e-13  5.37825131e-11 -1.91703548e-10 -2.05313620e-15  1.14938226e-16  3.18541224e-05 -2.25124165e-06 -1.25510550e-08  9.23497553e-10]:11.486552620000719
64:[9.99303211e+11 1.57462764e+11]:[ 6.46042347e-02 -2.60507349e-12 -3.09050038e-13  5.33783031e-11 -1.89775519e-10 -2.09700882e-15  4.05750314e-16  3.18970626e-05 -2.25985759e-06 -1.25680965e-08  9.23720042e-10]:11.553061465532881
&&&&&&&&&&&&&&&&&&&&&&&&
&&TOURNAMENT SELECTION&&
&&&&&&&&&&&&&&&&&&&&&&&&
parents:
[ 6.46042347e-02 -2.60507349e-12 -3.09050038e-13  5.33783031e-11 -1.89775519e-10 -2.09700882e-15  4.05750314e-16  3.18970626e-05 -2.25985759e-06 -1.25680965e-08  9.23720042e-10]
[ 6.45495801e-02 -2.69091265e-12 -3.25832429e-13  5.37825131e-11 -1.91703548e-10 -2.05313620e-15  1.14938226e-16  3.18541224e-05 -2.25124165e-06 -1.25510550e-08  9.23497553e-10]
children:
[ 6.45513456e-02 -2.67345272e-12 -3.08205204e-13  5.34638351e-11 -1.89900056e-10 -2.09904729e-15  4.25146396e-16  3.18827405e-05 -2.25277233e-06 -1.25612842e-08  9.23604004e-10]
[ 6.46025909e-02 -2.63149865e-12 -3.19382155e-13  5.37691475e-11 -1.91178361e-10 -2.08413194e-15  4.23047308e-16  3.18754591e-05 -2.25429964e-06 -1.25647761e-08  9.23633795e-10]
Population scores:
74:[8.94668062e+11 1.27652600e+11]:[ 6.45495801e-02 -2.69091265e-12 -3.25832429e-13  5.37825131e-11 -1.91703548e-10 -2.05313620e-15  1.14938226e-16  3.18541224e-05 -2.25124165e-06 -1.25510550e-08  9.23497553e-10]:11.486552620000719
90:[9.30888500e+11 1.35842577e+11]:[ 6.45513456e-02 -2.67345272e-12 -3.08205204e-13  5.34638351e-11 -1.89900056e-10 -2.09904729e-15  4.25146396e-16  3.18827405e-05 -2.25277233e-06 -1.25612842e-08  9.23604004e-10]:11.507883218839778
91:[9.38474938e+11 1.37466340e+11]:[ 6.46025909e-02 -2.63149865e-12 -3.19382155e-13  5.37691475e-11 -1.91178361e-10 -2.08413194e-15  4.23047308e-16  3.18754591e-05 -2.25429964e-06 -1.25647761e-08  9.23633795e-10]:11.512098887624584
64:[9.99303211e+11 1.57462764e+11]:[ 6.46042347e-02 -2.60507349e-12 -3.09050038e-13  5.33783031e-11 -1.89775519e-10 -2.09700882e-15  4.05750314e-16  3.18970626e-05 -2.25985759e-06 -1.25680965e-08  9.23720042e-10]:11.553061465532881
Selected for new population:
[ 6.45495801e-02 -2.69091265e-12 -3.25832429e-13  5.37825131e-11 -1.91703548e-10 -2.05313620e-15  1.14938226e-16  3.18541224e-05 -2.25124165e-06 -1.25510550e-08  9.23497553e-10]
[ 6.45513456e-02 -2.67345272e-12 -3.08205204e-13  5.34638351e-11 -1.89900056e-10 -2.09904729e-15  4.25146396e-16  3.18827405e-05 -2.25277233e-06 -1.25612842e-08  9.23604004e-10]
Selected: [1 8]
***************
***CROSSOVER***
***************
Population scores:
74:[8.94668062e+11 1.27652600e+11]:[ 6.45495801e-02 -2.69091265e-12 -3.25832429e-13  5.37825131e-11 -1.91703548e-10 -2.05313620e-15  1.14938226e-16  3.18541224e-05 -2.25124165e-06 -1.25510550e-08  9.23497553e-10]:11.486552620000719
64:[9.99303211e+11 1.57462764e+11]:[ 6.46042347e-02 -2.60507349e-12 -3.09050038e-13  5.33783031e-11 -1.89775519e-10 -2.09700882e-15  4.05750314e-16  3.18970626e-05 -2.25985759e-06 -1.25680965e-08  9.23720042e-10]:11.553061465532881
&&&&&&&&&&&&&&&&&&&&&&&&
&&TOURNAMENT SELECTION&&
&&&&&&&&&&&&&&&&&&&&&&&&
parents:
[ 6.45495801e-02 -2.69091265e-12 -3.25832429e-13  5.37825131e-11 -1.91703548e-10 -2.05313620e-15  1.14938226e-16  3.18541224e-05 -2.25124165e-06 -1.25510550e-08  9.23497553e-10]
[ 6.46042347e-02 -2.60507349e-12 -3.09050038e-13  5.33783031e-11 -1.89775519e-10 -2.09700882e-15  4.05750314e-16  3.18970626e-05 -2.25985759e-06 -1.25680965e-08  9.23720042e-10]
children:
[ 6.46058281e-02 -2.65630375e-12 -3.26825470e-13  5.35611940e-11 -1.89877113e-10 -2.09332470e-15  2.63191327e-16  3.18731832e-05 -2.25182868e-06 -1.25557957e-08  9.23589494e-10]
[ 6.45750137e-02 -2.63500937e-12 -3.25532504e-13  5.34193989e-11 -1.91647566e-10 -2.09563110e-15  3.13280738e-16  3.18744571e-05 -2.25085917e-06 -1.25526749e-08  9.23683224e-10]
Population scores:
74:[8.94668062e+11 1.27652600e+11]:[ 6.45495801e-02 -2.69091265e-12 -3.25832429e-13  5.37825131e-11 -1.91703548e-10 -2.05313620e-15  1.14938226e-16  3.18541224e-05 -2.25124165e-06 -1.25510550e-08  9.23497553e-10]:11.486552620000719
93:[9.07958366e+11 1.31347407e+11]:[ 6.45750137e-02 -2.63500937e-12 -3.25532504e-13  5.34193989e-11 -1.91647566e-10 -2.09563110e-15  3.13280738e-16  3.18744571e-05 -2.25085917e-06 -1.25526749e-08  9.23683224e-10]:11.495459802360683
92:[9.18537598e+11 1.33105189e+11]:[ 6.46058281e-02 -2.65630375e-12 -3.26825470e-13  5.35611940e-11 -1.89877113e-10 -2.09332470e-15  2.63191327e-16  3.18731832e-05 -2.25182868e-06 -1.25557957e-08  9.23589494e-10]:11.500802593886565
64:[9.99303211e+11 1.57462764e+11]:[ 6.46042347e-02 -2.60507349e-12 -3.09050038e-13  5.33783031e-11 -1.89775519e-10 -2.09700882e-15  4.05750314e-16  3.18970626e-05 -2.25985759e-06 -1.25680965e-08  9.23720042e-10]:11.553061465532881
Selected for new population:
[ 6.45495801e-02 -2.69091265e-12 -3.25832429e-13  5.37825131e-11 -1.91703548e-10 -2.05313620e-15  1.14938226e-16  3.18541224e-05 -2.25124165e-06 -1.25510550e-08  9.23497553e-10]
[ 6.45750137e-02 -2.63500937e-12 -3.25532504e-13  5.34193989e-11 -1.91647566e-10 -2.09563110e-15  3.13280738e-16  3.18744571e-05 -2.25085917e-06 -1.25526749e-08  9.23683224e-10]
Population scores:
4:[8.84998543e+11 1.28740670e+11]:[ 6.45139587e-02 -2.73326696e-12 -3.26837567e-13  5.20766755e-11 -1.93164851e-10 -2.09382325e-15  7.70826519e-16  3.18501722e-05 -2.24919555e-06 -1.24995898e-08  9.23465472e-10]:11.485352798602923
74:[8.94668062e+11 1.27652600e+11]:[ 6.45495801e-02 -2.69091265e-12 -3.25832429e-13  5.37825131e-11 -1.91703548e-10 -2.05313620e-15  1.14938226e-16  3.18541224e-05 -2.25124165e-06 -1.25510550e-08  9.23497553e-10]:11.486552620000719
78:[8.91365150e+11 1.29282395e+11]:[ 6.45164702e-02 -2.56914453e-12 -3.25885531e-13  5.39605374e-11 -1.87795588e-10 -2.08911981e-15  5.89317597e-16  3.18532090e-05 -2.24859216e-06 -1.25566893e-08  9.23462968e-10]:11.487923392207579
93:[9.07958366e+11 1.31347407e+11]:[ 6.45750137e-02 -2.63500937e-12 -3.25532504e-13  5.34193989e-11 -1.91647566e-10 -2.09563110e-15  3.13280738e-16  3.18744571e-05 -2.25085917e-06 -1.25526749e-08  9.23683224e-10]:11.495459802360683
83:[9.40812729e+11 1.28039931e+11]:[ 6.43666460e-02 -2.67355536e-12 -3.26688964e-13  5.27216062e-11 -1.85698789e-10 -2.05038516e-15  3.60404009e-16  3.30034381e-05 -2.26738067e-06 -1.25535389e-08  9.24258386e-10]:11.49996526787005
90:[9.30888500e+11 1.35842577e+11]:[ 6.45513456e-02 -2.67345272e-12 -3.08205204e-13  5.34638351e-11 -1.89900056e-10 -2.09904729e-15  4.25146396e-16  3.18827405e-05 -2.25277233e-06 -1.25612842e-08  9.23604004e-10]:11.507883218839778
66:[9.35891350e+11 1.37087879e+11]:[ 6.46542421e-02 -2.57285091e-12 -3.25858659e-13  5.40315001e-11 -1.84696035e-10 -2.04492985e-15  9.95341417e-17  3.18563401e-05 -2.25571861e-06 -1.25841547e-08  9.23745466e-10]:11.510901613622748
84:[9.38601569e+11 1.38724892e+11]:[ 6.46245777e-02 -2.60963198e-12 -3.19063386e-13  4.88299453e-11 -1.90265046e-10 -2.08251525e-15  3.97105025e-16  3.18821143e-05 -2.25342506e-06 -1.26003375e-08  9.23649261e-10]:11.513810294876375
80:[9.48367629e+11 1.42430259e+11]:[ 6.46224111e-02 -2.61800248e-12 -3.25929422e-13  5.07594358e-11 -1.90094340e-10 -2.08283384e-15  4.02135294e-16  3.18555115e-05 -2.25407417e-06 -1.25987369e-08  9.23603760e-10]:11.521273824934262
88:[8.38017803e+11 1.68603079e+11]:[ 6.45967992e-02 -2.57412826e-12 -3.26067165e-13  5.24798585e-11 -1.81361436e-10 -2.04537549e-15  1.78651185e-16  3.26987949e-05 -2.25321142e-06 -1.25485535e-08  9.25373523e-10]:11.526606285657198
73:[1.06791734e+12 1.23970092e+11]:[ 6.44179732e-02 -2.64410825e-12 -3.26957857e-13  5.25317240e-11 -1.63994557e-10 -2.02801611e-15  7.49289106e-16  3.39259951e-05 -2.30021302e-06 -1.24995898e-08  9.28266571e-10]:11.528342691997072
72:[1.10111202e+12 1.23246525e+11]:[ 6.45263563e-02 -2.62147086e-12 -3.26988745e-13  5.25201052e-11 -1.66335599e-10 -2.03859935e-15  7.47712821e-16  3.35735124e-05 -2.29900452e-06 -1.24995898e-08  9.27250250e-10]:11.535887455420292
58:[1.05383576e+12 1.33993451e+11]:[ 6.41262155e-02 -2.66353396e-12 -3.27020873e-13  5.25190444e-11 -1.63972814e-10 -2.04129838e-15  7.44820971e-16  3.40511490e-05 -2.29840958e-06 -1.24995898e-08  9.28360851e-10]:11.537517631551433
87:[1.11996887e+12 1.28072631e+11]:[ 6.45136972e-02 -2.59583249e-12 -3.26956136e-13  5.23652760e-11 -1.66927221e-10 -2.03450006e-15  7.47633541e-16  3.35032215e-05 -2.30067096e-06 -1.24995898e-08  9.27260463e-10]:11.546624584709196
64:[9.99303211e+11 1.57462764e+11]:[ 6.46042347e-02 -2.60507349e-12 -3.09050038e-13  5.33783031e-11 -1.89775519e-10 -2.09700882e-15  4.05750314e-16  3.18970626e-05 -2.25985759e-06 -1.25680965e-08  9.23720042e-10]:11.553061465532881
71:[1.00873449e+12 1.64630635e+11]:[ 6.46259978e-02 -2.59870180e-12 -3.08666022e-13  4.76046859e-11 -1.90566184e-10 -2.06895960e-15  3.95424247e-16  3.18915420e-05 -2.26089770e-06 -1.26089099e-08  9.23687939e-10]:11.563928834499281
68:[1.15525393e+12 1.49113487e+11]:[ 6.45128901e-02 -2.58294068e-12 -3.26902654e-13  5.23669884e-11 -1.66961650e-10 -2.02866730e-15  7.50890878e-16  3.32499073e-05 -2.30213510e-06 -1.24995898e-08  9.27260492e-10]:11.579971299358837
61:[1.05601380e+12 1.90944519e+11]:[ 6.46511101e-02 -2.57317862e-12 -3.07920117e-13  3.40009651e-11 -1.92338851e-10 -2.05794055e-15  3.44700805e-16  3.18652068e-05 -2.26486104e-06 -1.26163800e-08  9.23545570e-10]:11.604385135140344
*******************************
***iteration: 3 Population is***
*******************************
Population scores:
4:[8.84998543e+11 1.28740670e+11]:[ 6.45139587e-02 -2.73326696e-12 -3.26837567e-13  5.20766755e-11 -1.93164851e-10 -2.09382325e-15  7.70826519e-16  3.18501722e-05 -2.24919555e-06 -1.24995898e-08  9.23465472e-10]:11.485352798602923
74:[8.94668062e+11 1.27652600e+11]:[ 6.45495801e-02 -2.69091265e-12 -3.25832429e-13  5.37825131e-11 -1.91703548e-10 -2.05313620e-15  1.14938226e-16  3.18541224e-05 -2.25124165e-06 -1.25510550e-08  9.23497553e-10]:11.486552620000719
78:[8.91365150e+11 1.29282395e+11]:[ 6.45164702e-02 -2.56914453e-12 -3.25885531e-13  5.39605374e-11 -1.87795588e-10 -2.08911981e-15  5.89317597e-16  3.18532090e-05 -2.24859216e-06 -1.25566893e-08  9.23462968e-10]:11.487923392207579
93:[9.07958366e+11 1.31347407e+11]:[ 6.45750137e-02 -2.63500937e-12 -3.25532504e-13  5.34193989e-11 -1.91647566e-10 -2.09563110e-15  3.13280738e-16  3.18744571e-05 -2.25085917e-06 -1.25526749e-08  9.23683224e-10]:11.495459802360683
83:[9.40812729e+11 1.28039931e+11]:[ 6.43666460e-02 -2.67355536e-12 -3.26688964e-13  5.27216062e-11 -1.85698789e-10 -2.05038516e-15  3.60404009e-16  3.30034381e-05 -2.26738067e-06 -1.25535389e-08  9.24258386e-10]:11.49996526787005
90:[9.30888500e+11 1.35842577e+11]:[ 6.45513456e-02 -2.67345272e-12 -3.08205204e-13  5.34638351e-11 -1.89900056e-10 -2.09904729e-15  4.25146396e-16  3.18827405e-05 -2.25277233e-06 -1.25612842e-08  9.23604004e-10]:11.507883218839778
66:[9.35891350e+11 1.37087879e+11]:[ 6.46542421e-02 -2.57285091e-12 -3.25858659e-13  5.40315001e-11 -1.84696035e-10 -2.04492985e-15  9.95341417e-17  3.18563401e-05 -2.25571861e-06 -1.25841547e-08  9.23745466e-10]:11.510901613622748
84:[9.38601569e+11 1.38724892e+11]:[ 6.46245777e-02 -2.60963198e-12 -3.19063386e-13  4.88299453e-11 -1.90265046e-10 -2.08251525e-15  3.97105025e-16  3.18821143e-05 -2.25342506e-06 -1.26003375e-08  9.23649261e-10]:11.513810294876375
80:[9.48367629e+11 1.42430259e+11]:[ 6.46224111e-02 -2.61800248e-12 -3.25929422e-13  5.07594358e-11 -1.90094340e-10 -2.08283384e-15  4.02135294e-16  3.18555115e-05 -2.25407417e-06 -1.25987369e-08  9.23603760e-10]:11.521273824934262
88:[8.38017803e+11 1.68603079e+11]:[ 6.45967992e-02 -2.57412826e-12 -3.26067165e-13  5.24798585e-11 -1.81361436e-10 -2.04537549e-15  1.78651185e-16  3.26987949e-05 -2.25321142e-06 -1.25485535e-08  9.25373523e-10]:11.526606285657198
73:[1.06791734e+12 1.23970092e+11]:[ 6.44179732e-02 -2.64410825e-12 -3.26957857e-13  5.25317240e-11 -1.63994557e-10 -2.02801611e-15  7.49289106e-16  3.39259951e-05 -2.30021302e-06 -1.24995898e-08  9.28266571e-10]:11.528342691997072
72:[1.10111202e+12 1.23246525e+11]:[ 6.45263563e-02 -2.62147086e-12 -3.26988745e-13  5.25201052e-11 -1.66335599e-10 -2.03859935e-15  7.47712821e-16  3.35735124e-05 -2.29900452e-06 -1.24995898e-08  9.27250250e-10]:11.535887455420292
Selected: [11  8]
***************
***CROSSOVER***
***************
Population scores:
80:[9.48367629e+11 1.42430259e+11]:[ 6.46224111e-02 -2.61800248e-12 -3.25929422e-13  5.07594358e-11 -1.90094340e-10 -2.08283384e-15  4.02135294e-16  3.18555115e-05 -2.25407417e-06 -1.25987369e-08  9.23603760e-10]:11.521273824934262
72:[1.10111202e+12 1.23246525e+11]:[ 6.45263563e-02 -2.62147086e-12 -3.26988745e-13  5.25201052e-11 -1.66335599e-10 -2.03859935e-15  7.47712821e-16  3.35735124e-05 -2.29900452e-06 -1.24995898e-08  9.27250250e-10]:11.535887455420292
&&&&&&&&&&&&&&&&&&&&&&&&
&&TOURNAMENT SELECTION&&
&&&&&&&&&&&&&&&&&&&&&&&&
parents:
[ 6.45263563e-02 -2.62147086e-12 -3.26988745e-13  5.25201052e-11 -1.66335599e-10 -2.03859935e-15  7.47712821e-16  3.35735124e-05 -2.29900452e-06 -1.24995898e-08  9.27250250e-10]
[ 6.46224111e-02 -2.61800248e-12 -3.25929422e-13  5.07594358e-11 -1.90094340e-10 -2.08283384e-15  4.02135294e-16  3.18555115e-05 -2.25407417e-06 -1.25987369e-08  9.23603760e-10]
children:
[ 6.45292401e-02 -2.61954176e-12 -3.26245496e-13  5.08347396e-11 -1.73797552e-10 -2.03659770e-15  6.12992485e-16  3.26314156e-05 -2.28427726e-06 -1.25577913e-08  9.26601414e-10]
[ 6.45782399e-02 -2.61822027e-12 -3.26464830e-13  5.10360091e-11 -1.89415748e-10 -2.08107466e-15  6.54689494e-16  3.31159705e-05 -2.27522054e-06 -1.26035033e-08  9.24848649e-10]
Population scores:
95:[1.01253707e+12 1.24704526e+11]:[ 6.45782399e-02 -2.61822027e-12 -3.26464830e-13  5.10360091e-11 -1.89415748e-10 -2.08107466e-15  6.54689494e-16  3.31159705e-05 -2.27522054e-06 -1.26035033e-08  9.24848649e-10]:11.514829143545397
80:[9.48367629e+11 1.42430259e+11]:[ 6.46224111e-02 -2.61800248e-12 -3.25929422e-13  5.07594358e-11 -1.90094340e-10 -2.08283384e-15  4.02135294e-16  3.18555115e-05 -2.25407417e-06 -1.25987369e-08  9.23603760e-10]:11.521273824934262
72:[1.10111202e+12 1.23246525e+11]:[ 6.45263563e-02 -2.62147086e-12 -3.26988745e-13  5.25201052e-11 -1.66335599e-10 -2.03859935e-15  7.47712821e-16  3.35735124e-05 -2.29900452e-06 -1.24995898e-08  9.27250250e-10]:11.535887455420292
94:[1.06978444e+12 1.49733130e+11]:[ 6.45292401e-02 -2.61954176e-12 -3.26245496e-13  5.08347396e-11 -1.73797552e-10 -2.03659770e-15  6.12992485e-16  3.26314156e-05 -2.28427726e-06 -1.25577913e-08  9.26601414e-10]:11.560731380031436
Selected for new population:
[ 6.45782399e-02 -2.61822027e-12 -3.26464830e-13  5.10360091e-11 -1.89415748e-10 -2.08107466e-15  6.54689494e-16  3.31159705e-05 -2.27522054e-06 -1.26035033e-08  9.24848649e-10]
[ 6.46224111e-02 -2.61800248e-12 -3.25929422e-13  5.07594358e-11 -1.90094340e-10 -2.08283384e-15  4.02135294e-16  3.18555115e-05 -2.25407417e-06 -1.25987369e-08  9.23603760e-10]
Selected: [11  4]
***************
***CROSSOVER***
***************
Population scores:
83:[9.40812729e+11 1.28039931e+11]:[ 6.43666460e-02 -2.67355536e-12 -3.26688964e-13  5.27216062e-11 -1.85698789e-10 -2.05038516e-15  3.60404009e-16  3.30034381e-05 -2.26738067e-06 -1.25535389e-08  9.24258386e-10]:11.49996526787005
72:[1.10111202e+12 1.23246525e+11]:[ 6.45263563e-02 -2.62147086e-12 -3.26988745e-13  5.25201052e-11 -1.66335599e-10 -2.03859935e-15  7.47712821e-16  3.35735124e-05 -2.29900452e-06 -1.24995898e-08  9.27250250e-10]:11.535887455420292
&&&&&&&&&&&&&&&&&&&&&&&&
&&TOURNAMENT SELECTION&&
&&&&&&&&&&&&&&&&&&&&&&&&
parents:
[ 6.45263563e-02 -2.62147086e-12 -3.26988745e-13  5.25201052e-11 -1.66335599e-10 -2.03859935e-15  7.47712821e-16  3.35735124e-05 -2.29900452e-06 -1.24995898e-08  9.27250250e-10]
[ 6.43666460e-02 -2.67355536e-12 -3.26688964e-13  5.27216062e-11 -1.85698789e-10 -2.05038516e-15  3.60404009e-16  3.30034381e-05 -2.26738067e-06 -1.25535389e-08  9.24258386e-10]
children:
[ 6.43531938e-02 -2.64683354e-12 -3.26947261e-13  5.27217528e-11 -1.85098829e-10 -2.03755348e-15  3.59356059e-16  3.31621945e-05 -2.28775690e-06 -1.25070324e-08  9.24046995e-10]
[ 6.44377309e-02 -2.64041800e-12 -3.26991966e-13  5.27201620e-11 -1.64976804e-10 -2.04884893e-15  5.03655360e-16  3.31569500e-05 -2.29691444e-06 -1.25115922e-08  9.24176434e-10]
Population scores:
83:[9.40812729e+11 1.28039931e+11]:[ 6.43666460e-02 -2.67355536e-12 -3.26688964e-13  5.27216062e-11 -1.85698789e-10 -2.05038516e-15  3.60404009e-16  3.30034381e-05 -2.26738067e-06 -1.25535389e-08  9.24258386e-10]:11.49996526787005
72:[1.10111202e+12 1.23246525e+11]:[ 6.45263563e-02 -2.62147086e-12 -3.26988745e-13  5.25201052e-11 -1.66335599e-10 -2.03859935e-15  7.47712821e-16  3.35735124e-05 -2.29900452e-06 -1.24995898e-08  9.27250250e-10]:11.535887455420292
96:[1.09508115e+12 1.33395525e+11]:[ 6.43531938e-02 -2.64683354e-12 -3.26947261e-13  5.27217528e-11 -1.85098829e-10 -2.03755348e-15  3.59356059e-16  3.31621945e-05 -2.28775690e-06 -1.25070324e-08  9.24046995e-10]:11.547050386418196
97:[1.19950953e+12 1.76301552e+11]:[ 6.44377309e-02 -2.64041800e-12 -3.26991966e-13  5.27201620e-11 -1.64976804e-10 -2.04884893e-15  5.03655360e-16  3.31569500e-05 -2.29691444e-06 -1.25115922e-08  9.24176434e-10]:11.61930568465898
Selected for new population:
[ 6.43666460e-02 -2.67355536e-12 -3.26688964e-13  5.27216062e-11 -1.85698789e-10 -2.05038516e-15  3.60404009e-16  3.30034381e-05 -2.26738067e-06 -1.25535389e-08  9.24258386e-10]
[ 6.45263563e-02 -2.62147086e-12 -3.26988745e-13  5.25201052e-11 -1.66335599e-10 -2.03859935e-15  7.47712821e-16  3.35735124e-05 -2.29900452e-06 -1.24995898e-08  9.27250250e-10]
Selected: [10  0]
***************
***CROSSOVER***
***************
Population scores:
4:[8.84998543e+11 1.28740670e+11]:[ 6.45139587e-02 -2.73326696e-12 -3.26837567e-13  5.20766755e-11 -1.93164851e-10 -2.09382325e-15  7.70826519e-16  3.18501722e-05 -2.24919555e-06 -1.24995898e-08  9.23465472e-10]:11.485352798602923
73:[1.06791734e+12 1.23970092e+11]:[ 6.44179732e-02 -2.64410825e-12 -3.26957857e-13  5.25317240e-11 -1.63994557e-10 -2.02801611e-15  7.49289106e-16  3.39259951e-05 -2.30021302e-06 -1.24995898e-08  9.28266571e-10]:11.528342691997072
&&&&&&&&&&&&&&&&&&&&&&&&
&&TOURNAMENT SELECTION&&
&&&&&&&&&&&&&&&&&&&&&&&&
parents:
[ 6.44179732e-02 -2.64410825e-12 -3.26957857e-13  5.25317240e-11 -1.63994557e-10 -2.02801611e-15  7.49289106e-16  3.39259951e-05 -2.30021302e-06 -1.24995898e-08  9.28266571e-10]
[ 6.45139587e-02 -2.73326696e-12 -3.26837567e-13  5.20766755e-11 -1.93164851e-10 -2.09382325e-15  7.70826519e-16  3.18501722e-05 -2.24919555e-06 -1.24995898e-08  9.23465472e-10]
children:
[ 6.44106518e-02 -2.67037884e-12 -3.26926728e-13  5.20977771e-11 -1.68183924e-10 -2.08552887e-15  7.71868755e-16  3.39516805e-05 -2.26633393e-06 -1.24995898e-08  9.26628971e-10]
[ 6.44495875e-02 -2.64611333e-12 -3.26905986e-13  5.24453636e-11 -1.68683904e-10 -2.08525922e-15  7.47385928e-16  3.26717543e-05 -2.24748928e-06 -1.24995898e-08  9.25436591e-10]
Population scores:
4:[8.84998543e+11 1.28740670e+11]:[ 6.45139587e-02 -2.73326696e-12 -3.26837567e-13  5.20766755e-11 -1.93164851e-10 -2.09382325e-15  7.70826519e-16  3.18501722e-05 -2.24919555e-06 -1.24995898e-08  9.23465472e-10]:11.485352798602923
73:[1.06791734e+12 1.23970092e+11]:[ 6.44179732e-02 -2.64410825e-12 -3.26957857e-13  5.25317240e-11 -1.63994557e-10 -2.02801611e-15  7.49289106e-16  3.39259951e-05 -2.30021302e-06 -1.24995898e-08  9.28266571e-10]:11.528342691997072
99:[8.15154179e+11 2.09672183e+11]:[ 6.44495875e-02 -2.64611333e-12 -3.26905986e-13  5.24453636e-11 -1.68683904e-10 -2.08525922e-15  7.47385928e-16  3.26717543e-05 -2.24748928e-06 -1.24995898e-08  9.25436591e-10]:11.571362910616555
98:[9.16135496e+11 3.02139667e+11]:[ 6.44106518e-02 -2.67037884e-12 -3.26926728e-13  5.20977771e-11 -1.68183924e-10 -2.08552887e-15  7.71868755e-16  3.39516805e-05 -2.26633393e-06 -1.24995898e-08  9.26628971e-10]:11.686070035793051
Selected for new population:
[ 6.45139587e-02 -2.73326696e-12 -3.26837567e-13  5.20766755e-11 -1.93164851e-10 -2.09382325e-15  7.70826519e-16  3.18501722e-05 -2.24919555e-06 -1.24995898e-08  9.23465472e-10]
[ 6.44179732e-02 -2.64410825e-12 -3.26957857e-13  5.25317240e-11 -1.63994557e-10 -2.02801611e-15  7.49289106e-16  3.39259951e-05 -2.30021302e-06 -1.24995898e-08  9.28266571e-10]
Selected: [10  4]
***************
***CROSSOVER***
***************
Population scores:
83:[9.40812729e+11 1.28039931e+11]:[ 6.43666460e-02 -2.67355536e-12 -3.26688964e-13  5.27216062e-11 -1.85698789e-10 -2.05038516e-15  3.60404009e-16  3.30034381e-05 -2.26738067e-06 -1.25535389e-08  9.24258386e-10]:11.49996526787005
73:[1.06791734e+12 1.23970092e+11]:[ 6.44179732e-02 -2.64410825e-12 -3.26957857e-13  5.25317240e-11 -1.63994557e-10 -2.02801611e-15  7.49289106e-16  3.39259951e-05 -2.30021302e-06 -1.24995898e-08  9.28266571e-10]:11.528342691997072
&&&&&&&&&&&&&&&&&&&&&&&&
&&TOURNAMENT SELECTION&&
&&&&&&&&&&&&&&&&&&&&&&&&
parents:
[ 6.44179732e-02 -2.64410825e-12 -3.26957857e-13  5.25317240e-11 -1.63994557e-10 -2.02801611e-15  7.49289106e-16  3.39259951e-05 -2.30021302e-06 -1.24995898e-08  9.28266571e-10]
[ 6.43666460e-02 -2.67355536e-12 -3.26688964e-13  5.27216062e-11 -1.85698789e-10 -2.05038516e-15  3.60404009e-16  3.30034381e-05 -2.26738067e-06 -1.25535389e-08  9.24258386e-10]
children:
[ 6.43920754e-02 -2.65855932e-12 -3.26776553e-13  5.26017802e-11 -1.77705577e-10 -2.03499520e-15  6.94928350e-16  3.34598678e-05 -2.26803052e-06 -1.25505788e-08  9.26911588e-10]
[ 6.43879575e-02 -2.64656528e-12 -3.26723807e-13  5.25967879e-11 -1.76608658e-10 -2.03584982e-15  3.32563380e-16  3.32651301e-05 -2.29693842e-06 -1.25171818e-08  9.27874273e-10]
Population scores:
83:[9.40812729e+11 1.28039931e+11]:[ 6.43666460e-02 -2.67355536e-12 -3.26688964e-13  5.27216062e-11 -1.85698789e-10 -2.05038516e-15  3.60404009e-16  3.30034381e-05 -2.26738067e-06 -1.25535389e-08  9.24258386e-10]:11.49996526787005
73:[1.06791734e+12 1.23970092e+11]:[ 6.44179732e-02 -2.64410825e-12 -3.26957857e-13  5.25317240e-11 -1.63994557e-10 -2.02801611e-15  7.49289106e-16  3.39259951e-05 -2.30021302e-06 -1.24995898e-08  9.28266571e-10]:11.528342691997072
101:[1.09642531e+12 1.30613305e+11]:[ 6.43879575e-02 -2.64656528e-12 -3.26723807e-13  5.25967879e-11 -1.76608658e-10 -2.03584982e-15  3.32563380e-16  3.32651301e-05 -2.29693842e-06 -1.25171818e-08  9.27874273e-10]:11.543941915619971
100:[8.96954891e+11 1.96807359e+11]:[ 6.43920754e-02 -2.65855932e-12 -3.26776553e-13  5.26017802e-11 -1.77705577e-10 -2.03499520e-15  6.94928350e-16  3.34598678e-05 -2.26803052e-06 -1.25505788e-08  9.26911588e-10]:11.575416871942284
Selected for new population:
[ 6.43666460e-02 -2.67355536e-12 -3.26688964e-13  5.27216062e-11 -1.85698789e-10 -2.05038516e-15  3.60404009e-16  3.30034381e-05 -2.26738067e-06 -1.25535389e-08  9.24258386e-10]
[ 6.44179732e-02 -2.64410825e-12 -3.26957857e-13  5.25317240e-11 -1.63994557e-10 -2.02801611e-15  7.49289106e-16  3.39259951e-05 -2.30021302e-06 -1.24995898e-08  9.28266571e-10]
Selected: [5 9]
***************
***CROSSOVER***
***************
Population scores:
90:[9.30888500e+11 1.35842577e+11]:[ 6.45513456e-02 -2.67345272e-12 -3.08205204e-13  5.34638351e-11 -1.89900056e-10 -2.09904729e-15  4.25146396e-16  3.18827405e-05 -2.25277233e-06 -1.25612842e-08  9.23604004e-10]:11.507883218839778
88:[8.38017803e+11 1.68603079e+11]:[ 6.45967992e-02 -2.57412826e-12 -3.26067165e-13  5.24798585e-11 -1.81361436e-10 -2.04537549e-15  1.78651185e-16  3.26987949e-05 -2.25321142e-06 -1.25485535e-08  9.25373523e-10]:11.526606285657198
&&&&&&&&&&&&&&&&&&&&&&&&
&&TOURNAMENT SELECTION&&
&&&&&&&&&&&&&&&&&&&&&&&&
parents:
[ 6.45513456e-02 -2.67345272e-12 -3.08205204e-13  5.34638351e-11 -1.89900056e-10 -2.09904729e-15  4.25146396e-16  3.18827405e-05 -2.25277233e-06 -1.25612842e-08  9.23604004e-10]
[ 6.45967992e-02 -2.57412826e-12 -3.26067165e-13  5.24798585e-11 -1.81361436e-10 -2.04537549e-15  1.78651185e-16  3.26987949e-05 -2.25321142e-06 -1.25485535e-08  9.25373523e-10]
children:
[ 6.45498042e-02 -2.62319960e-12 -3.09544790e-13  5.34543146e-11 -1.80602518e-10 -2.06903749e-15  4.21906012e-16  3.21522519e-05 -2.25291781e-06 -1.25577447e-08  9.25479685e-10]
[ 6.45557883e-02 -2.61868971e-12 -3.17233162e-13  5.26620196e-11 -1.89840727e-10 -2.04531331e-15  3.71232403e-16  3.25509510e-05 -2.25280362e-06 -1.25480481e-08  9.24034206e-10]
Population scores:
102:[8.61899079e+11 1.29704060e+11]:[ 6.45498042e-02 -2.62319960e-12 -3.09544790e-13  5.34543146e-11 -1.80602518e-10 -2.06903749e-15  4.21906012e-16  3.21522519e-05 -2.25291781e-06 -1.25577447e-08  9.25479685e-10]:11.480127544536098
103:[8.55496863e+11 1.42895312e+11]:[ 6.45557883e-02 -2.61868971e-12 -3.17233162e-13  5.26620196e-11 -1.89840727e-10 -2.04531331e-15  3.71232403e-16  3.25509510e-05 -2.25280362e-06 -1.25480481e-08  9.24034206e-10]:11.496922296235802
90:[9.30888500e+11 1.35842577e+11]:[ 6.45513456e-02 -2.67345272e-12 -3.08205204e-13  5.34638351e-11 -1.89900056e-10 -2.09904729e-15  4.25146396e-16  3.18827405e-05 -2.25277233e-06 -1.25612842e-08  9.23604004e-10]:11.507883218839778
88:[8.38017803e+11 1.68603079e+11]:[ 6.45967992e-02 -2.57412826e-12 -3.26067165e-13  5.24798585e-11 -1.81361436e-10 -2.04537549e-15  1.78651185e-16  3.26987949e-05 -2.25321142e-06 -1.25485535e-08  9.25373523e-10]:11.526606285657198
Selected for new population:
[ 6.45498042e-02 -2.62319960e-12 -3.09544790e-13  5.34543146e-11 -1.80602518e-10 -2.06903749e-15  4.21906012e-16  3.21522519e-05 -2.25291781e-06 -1.25577447e-08  9.25479685e-10]
[ 6.45557883e-02 -2.61868971e-12 -3.17233162e-13  5.26620196e-11 -1.89840727e-10 -2.04531331e-15  3.71232403e-16  3.25509510e-05 -2.25280362e-06 -1.25480481e-08  9.24034206e-10]
Selected: [2 9]
***************
***CROSSOVER***
***************
Population scores:
78:[8.91365150e+11 1.29282395e+11]:[ 6.45164702e-02 -2.56914453e-12 -3.25885531e-13  5.39605374e-11 -1.87795588e-10 -2.08911981e-15  5.89317597e-16  3.18532090e-05 -2.24859216e-06 -1.25566893e-08  9.23462968e-10]:11.487923392207579
88:[8.38017803e+11 1.68603079e+11]:[ 6.45967992e-02 -2.57412826e-12 -3.26067165e-13  5.24798585e-11 -1.81361436e-10 -2.04537549e-15  1.78651185e-16  3.26987949e-05 -2.25321142e-06 -1.25485535e-08  9.25373523e-10]:11.526606285657198
&&&&&&&&&&&&&&&&&&&&&&&&
&&TOURNAMENT SELECTION&&
&&&&&&&&&&&&&&&&&&&&&&&&
parents:
[ 6.45164702e-02 -2.56914453e-12 -3.25885531e-13  5.39605374e-11 -1.87795588e-10 -2.08911981e-15  5.89317597e-16  3.18532090e-05 -2.24859216e-06 -1.25566893e-08  9.23462968e-10]
[ 6.45967992e-02 -2.57412826e-12 -3.26067165e-13  5.24798585e-11 -1.81361436e-10 -2.04537549e-15  1.78651185e-16  3.26987949e-05 -2.25321142e-06 -1.25485535e-08  9.25373523e-10]
children:
[ 6.45240376e-02 -2.57433797e-12 -3.25911621e-13  5.35588540e-11 -1.83824887e-10 -2.08176363e-15  2.63166736e-16  3.27002354e-05 -2.25020111e-06 -1.25525923e-08  9.24334766e-10]
[ 6.45713462e-02 -2.56949952e-12 -3.26019935e-13  5.28999607e-11 -1.87843483e-10 -2.04453140e-15  3.77284515e-16  3.22906338e-05 -2.25358052e-06 -1.25496359e-08  9.25495657e-10]
Population scores:
105:[8.48724201e+11 1.35238195e+11]:[ 6.45713462e-02 -2.56949952e-12 -3.26019935e-13  5.28999607e-11 -1.87843483e-10 -2.04453140e-15  3.77284515e-16  3.22906338e-05 -2.25358052e-06 -1.25496359e-08  9.25495657e-10]:11.484275681826581
78:[8.91365150e+11 1.29282395e+11]:[ 6.45164702e-02 -2.56914453e-12 -3.25885531e-13  5.39605374e-11 -1.87795588e-10 -2.08911981e-15  5.89317597e-16  3.18532090e-05 -2.24859216e-06 -1.25566893e-08  9.23462968e-10]:11.487923392207579
104:[8.44865332e+11 1.65174677e+11]:[ 6.45240376e-02 -2.57433797e-12 -3.25911621e-13  5.35588540e-11 -1.83824887e-10 -2.08176363e-15  2.63166736e-16  3.27002354e-05 -2.25020111e-06 -1.25525923e-08  9.24334766e-10]:11.52393853309282
88:[8.38017803e+11 1.68603079e+11]:[ 6.45967992e-02 -2.57412826e-12 -3.26067165e-13  5.24798585e-11 -1.81361436e-10 -2.04537549e-15  1.78651185e-16  3.26987949e-05 -2.25321142e-06 -1.25485535e-08  9.25373523e-10]:11.526606285657198
Selected for new population:
[ 6.45713462e-02 -2.56949952e-12 -3.26019935e-13  5.28999607e-11 -1.87843483e-10 -2.04453140e-15  3.77284515e-16  3.22906338e-05 -2.25358052e-06 -1.25496359e-08  9.25495657e-10]
[ 6.45164702e-02 -2.56914453e-12 -3.25885531e-13  5.39605374e-11 -1.87795588e-10 -2.08911981e-15  5.89317597e-16  3.18532090e-05 -2.24859216e-06 -1.25566893e-08  9.23462968e-10]
Population scores:
102:[8.61899079e+11 1.29704060e+11]:[ 6.45498042e-02 -2.62319960e-12 -3.09544790e-13  5.34543146e-11 -1.80602518e-10 -2.06903749e-15  4.21906012e-16  3.21522519e-05 -2.25291781e-06 -1.25577447e-08  9.25479685e-10]:11.480127544536098
105:[8.48724201e+11 1.35238195e+11]:[ 6.45713462e-02 -2.56949952e-12 -3.26019935e-13  5.28999607e-11 -1.87843483e-10 -2.04453140e-15  3.77284515e-16  3.22906338e-05 -2.25358052e-06 -1.25496359e-08  9.25495657e-10]:11.484275681826581
4:[8.84998543e+11 1.28740670e+11]:[ 6.45139587e-02 -2.73326696e-12 -3.26837567e-13  5.20766755e-11 -1.93164851e-10 -2.09382325e-15  7.70826519e-16  3.18501722e-05 -2.24919555e-06 -1.24995898e-08  9.23465472e-10]:11.485352798602923
74:[8.94668062e+11 1.27652600e+11]:[ 6.45495801e-02 -2.69091265e-12 -3.25832429e-13  5.37825131e-11 -1.91703548e-10 -2.05313620e-15  1.14938226e-16  3.18541224e-05 -2.25124165e-06 -1.25510550e-08  9.23497553e-10]:11.486552620000719
78:[8.91365150e+11 1.29282395e+11]:[ 6.45164702e-02 -2.56914453e-12 -3.25885531e-13  5.39605374e-11 -1.87795588e-10 -2.08911981e-15  5.89317597e-16  3.18532090e-05 -2.24859216e-06 -1.25566893e-08  9.23462968e-10]:11.487923392207579
93:[9.07958366e+11 1.31347407e+11]:[ 6.45750137e-02 -2.63500937e-12 -3.25532504e-13  5.34193989e-11 -1.91647566e-10 -2.09563110e-15  3.13280738e-16  3.18744571e-05 -2.25085917e-06 -1.25526749e-08  9.23683224e-10]:11.495459802360683
103:[8.55496863e+11 1.42895312e+11]:[ 6.45557883e-02 -2.61868971e-12 -3.17233162e-13  5.26620196e-11 -1.89840727e-10 -2.04531331e-15  3.71232403e-16  3.25509510e-05 -2.25280362e-06 -1.25480481e-08  9.24034206e-10]:11.496922296235802
83:[9.40812729e+11 1.28039931e+11]:[ 6.43666460e-02 -2.67355536e-12 -3.26688964e-13  5.27216062e-11 -1.85698789e-10 -2.05038516e-15  3.60404009e-16  3.30034381e-05 -2.26738067e-06 -1.25535389e-08  9.24258386e-10]:11.49996526787005
90:[9.30888500e+11 1.35842577e+11]:[ 6.45513456e-02 -2.67345272e-12 -3.08205204e-13  5.34638351e-11 -1.89900056e-10 -2.09904729e-15  4.25146396e-16  3.18827405e-05 -2.25277233e-06 -1.25612842e-08  9.23604004e-10]:11.507883218839778
66:[9.35891350e+11 1.37087879e+11]:[ 6.46542421e-02 -2.57285091e-12 -3.25858659e-13  5.40315001e-11 -1.84696035e-10 -2.04492985e-15  9.95341417e-17  3.18563401e-05 -2.25571861e-06 -1.25841547e-08  9.23745466e-10]:11.510901613622748
84:[9.38601569e+11 1.38724892e+11]:[ 6.46245777e-02 -2.60963198e-12 -3.19063386e-13  4.88299453e-11 -1.90265046e-10 -2.08251525e-15  3.97105025e-16  3.18821143e-05 -2.25342506e-06 -1.26003375e-08  9.23649261e-10]:11.513810294876375
95:[1.01253707e+12 1.24704526e+11]:[ 6.45782399e-02 -2.61822027e-12 -3.26464830e-13  5.10360091e-11 -1.89415748e-10 -2.08107466e-15  6.54689494e-16  3.31159705e-05 -2.27522054e-06 -1.26035033e-08  9.24848649e-10]:11.514829143545397
80:[9.48367629e+11 1.42430259e+11]:[ 6.46224111e-02 -2.61800248e-12 -3.25929422e-13  5.07594358e-11 -1.90094340e-10 -2.08283384e-15  4.02135294e-16  3.18555115e-05 -2.25407417e-06 -1.25987369e-08  9.23603760e-10]:11.521273824934262
88:[8.38017803e+11 1.68603079e+11]:[ 6.45967992e-02 -2.57412826e-12 -3.26067165e-13  5.24798585e-11 -1.81361436e-10 -2.04537549e-15  1.78651185e-16  3.26987949e-05 -2.25321142e-06 -1.25485535e-08  9.25373523e-10]:11.526606285657198
73:[1.06791734e+12 1.23970092e+11]:[ 6.44179732e-02 -2.64410825e-12 -3.26957857e-13  5.25317240e-11 -1.63994557e-10 -2.02801611e-15  7.49289106e-16  3.39259951e-05 -2.30021302e-06 -1.24995898e-08  9.28266571e-10]:11.528342691997072
72:[1.10111202e+12 1.23246525e+11]:[ 6.45263563e-02 -2.62147086e-12 -3.26988745e-13  5.25201052e-11 -1.66335599e-10 -2.03859935e-15  7.47712821e-16  3.35735124e-05 -2.29900452e-06 -1.24995898e-08  9.27250250e-10]:11.535887455420292
%%%%%%%%%%%%%%%%%%%%%%%%%
%%%final - population%%%%
%%%%%%%%%%%%%%%%%%%%%%%%%
102:[ 6.45498042e-02 -2.62319960e-12 -3.09544790e-13  5.34543146e-11 -1.80602518e-10 -2.06903749e-15  4.21906012e-16  3.21522519e-05 -2.25291781e-06 -1.25577447e-08  9.25479685e-10]:[8.61899079e+11 1.29704060e+11]
105:[ 6.45713462e-02 -2.56949952e-12 -3.26019935e-13  5.28999607e-11 -1.87843483e-10 -2.04453140e-15  3.77284515e-16  3.22906338e-05 -2.25358052e-06 -1.25496359e-08  9.25495657e-10]:[8.48724201e+11 1.35238195e+11]
4:[ 6.45139587e-02 -2.73326696e-12 -3.26837567e-13  5.20766755e-11 -1.93164851e-10 -2.09382325e-15  7.70826519e-16  3.18501722e-05 -2.24919555e-06 -1.24995898e-08  9.23465472e-10]:[8.84998543e+11 1.28740670e+11]
74:[ 6.45495801e-02 -2.69091265e-12 -3.25832429e-13  5.37825131e-11 -1.91703548e-10 -2.05313620e-15  1.14938226e-16  3.18541224e-05 -2.25124165e-06 -1.25510550e-08  9.23497553e-10]:[8.94668062e+11 1.27652600e+11]
78:[ 6.45164702e-02 -2.56914453e-12 -3.25885531e-13  5.39605374e-11 -1.87795588e-10 -2.08911981e-15  5.89317597e-16  3.18532090e-05 -2.24859216e-06 -1.25566893e-08  9.23462968e-10]:[8.91365150e+11 1.29282395e+11]
93:[ 6.45750137e-02 -2.63500937e-12 -3.25532504e-13  5.34193989e-11 -1.91647566e-10 -2.09563110e-15  3.13280738e-16  3.18744571e-05 -2.25085917e-06 -1.25526749e-08  9.23683224e-10]:[9.07958366e+11 1.31347407e+11]
103:[ 6.45557883e-02 -2.61868971e-12 -3.17233162e-13  5.26620196e-11 -1.89840727e-10 -2.04531331e-15  3.71232403e-16  3.25509510e-05 -2.25280362e-06 -1.25480481e-08  9.24034206e-10]:[8.55496863e+11 1.42895312e+11]
83:[ 6.43666460e-02 -2.67355536e-12 -3.26688964e-13  5.27216062e-11 -1.85698789e-10 -2.05038516e-15  3.60404009e-16  3.30034381e-05 -2.26738067e-06 -1.25535389e-08  9.24258386e-10]:[9.40812729e+11 1.28039931e+11]
90:[ 6.45513456e-02 -2.67345272e-12 -3.08205204e-13  5.34638351e-11 -1.89900056e-10 -2.09904729e-15  4.25146396e-16  3.18827405e-05 -2.25277233e-06 -1.25612842e-08  9.23604004e-10]:[9.30888500e+11 1.35842577e+11]
66:[ 6.46542421e-02 -2.57285091e-12 -3.25858659e-13  5.40315001e-11 -1.84696035e-10 -2.04492985e-15  9.95341417e-17  3.18563401e-05 -2.25571861e-06 -1.25841547e-08  9.23745466e-10]:[9.35891350e+11 1.37087879e+11]
84:[ 6.46245777e-02 -2.60963198e-12 -3.19063386e-13  4.88299453e-11 -1.90265046e-10 -2.08251525e-15  3.97105025e-16  3.18821143e-05 -2.25342506e-06 -1.26003375e-08  9.23649261e-10]:[9.38601569e+11 1.38724892e+11]
95:[ 6.45782399e-02 -2.61822027e-12 -3.26464830e-13  5.10360091e-11 -1.89415748e-10 -2.08107466e-15  6.54689494e-16  3.31159705e-05 -2.27522054e-06 -1.26035033e-08  9.24848649e-10]:[1.01253707e+12 1.24704526e+11]
