Generating Population from
[ 5.33176153e-02 -2.71042194e-12 -4.39987328e-13  4.64459428e-11 -1.74714999e-10 -1.50099458e-15  8.26393996e-16  3.30784431e-05 -2.14088409e-06 -1.28196519e-08  8.61366662e-10]
[ 6.58328803e-02 -2.66598049e-12  0.00000000e+00  0.00000000e+00 -2.08121261e-10 -1.16138629e-15  0.00000000e+00  0.00000000e+00 -2.13207661e-06  0.00000000e+00  8.88770632e-10]
*******************************
***iteration: 0 Population is***
*******************************
Population scores:
891:[8.23198030e+11 7.21265807e+10]:[ 5.33176153e-02 -2.71042194e-12 -4.39987328e-13  4.64459428e-11 -1.74714999e-10 -1.50099458e-15  8.26393996e-16  3.30784431e-05 -2.14088409e-06 -1.28196519e-08  8.61366662e-10]:10.858095344013545
897:[2.66691151e+11 9.44506185e+11]:[ 6.58328803e-02 -2.66598049e-12  0.00000000e+00  0.00000000e+00 -2.08121261e-10 -1.16138629e-15  0.00000000e+00  0.00000000e+00 -2.13207661e-06  0.00000000e+00  8.88770632e-10]:11.975204806108179
1137:[2.5537642e+14 4.5474679e+14]:[ 9.94507456e-02 -4.92395850e-12  3.39478889e-13 -3.06499800e-11  1.17519313e-10 -5.71547272e-15 -1.52833883e-16 -4.57010569e-05 -2.39179135e-06 -5.76666088e-09  8.83201227e-10]:14.657769642096836
1141:[3.45510752e+14 5.99068028e+14]:[ 2.22941842e-02  1.49106569e-12  6.65359679e-13 -9.75966716e-12 -1.15020130e-09 -8.23263814e-15 -3.77934325e-16 -4.51269428e-05 -2.72039099e-06 -5.39627344e-09  9.51134719e-10]:14.777476142238145
1140:[1.94386964e+15 3.89869210e+15]:[ 1.18319846e-01 -8.41234585e-12 -7.87919504e-13  8.97256079e-12 -9.86275815e-11 -2.90856592e-17  4.64607165e-16 -9.97393071e-05 -5.23898599e-06 -1.35173769e-09  1.00320050e-09]:15.590918937579497
1136:[2.85750341e+15 5.49106198e+15]:[ 1.17796010e-01 -6.48816438e-12  3.70028993e-13  7.04386248e-11  7.92204093e-10  1.28146795e-15  1.22608261e-16  7.53622120e-06 -1.11294403e-05  3.04872812e-08  1.50069625e-09]:15.739656345426058
1138:[4.28457897e+15 8.31198474e+15]:[-2.06405575e-02 -1.55254242e-12  4.93897480e-13  1.00940761e-10 -8.03029626e-10 -3.48326349e-16  8.75962501e-16  2.33048745e-05 -4.30509670e-06 -9.03641649e-08  3.59795983e-10]:15.919704736981561
1139:[8.37509526e+15 1.58496425e+16]:[ 4.65379876e-02 -7.02447553e-12  7.03754436e-13  9.71850978e-11 -1.02180216e-09  8.64003644e-15  3.79052914e-17  3.99921257e-05  1.92640095e-06  6.39890404e-08  1.56037154e-09]:16.200019470834015
Selected: [7 0]
***************
***CROSSOVER***
***************
parents:
[ 4.65379876e-02 -7.02447553e-12  7.03754436e-13  9.71850978e-11 -1.02180216e-09  8.64003644e-15  3.79052914e-17  3.99921257e-05  1.92640095e-06  6.39890404e-08  1.56037154e-09]
[ 5.33176153e-02 -2.71042194e-12 -4.39987328e-13  4.64459428e-11 -1.74714999e-10 -1.50099458e-15  8.26393996e-16  3.30784431e-05 -2.14088409e-06 -1.28196519e-08  8.61366662e-10]
children:
[ 4.80023590e-02 -3.66614749e-12 -4.86299556e-13  1.00628153e-10 -5.69532080e-10 -1.37164637e-15  4.95301594e-16  3.58199562e-05  1.15605499e-06  3.95843208e-08  1.17214538e-09]
[ 5.36868077e-02 -3.09866614e-12 -2.45733444e-13  7.26210455e-11 -2.27050577e-10  8.96739853e-17  6.30858004e-16  3.71340368e-05 -6.41072359e-07  6.35121768e-08  1.30083273e-09]
Selected: [1 0]
***************
***CROSSOVER***
***************
parents:
[ 6.58328803e-02 -2.66598049e-12  0.00000000e+00  0.00000000e+00 -2.08121261e-10 -1.16138629e-15  0.00000000e+00  0.00000000e+00 -2.13207661e-06  0.00000000e+00  8.88770632e-10]
[ 5.33176153e-02 -2.71042194e-12 -4.39987328e-13  4.64459428e-11 -1.74714999e-10 -1.50099458e-15  8.26393996e-16  3.30784431e-05 -2.14088409e-06 -1.28196519e-08  8.61366662e-10]
children:
[ 6.57786558e-02 -2.70558043e-12 -2.68989554e-13  1.26722293e-11 -1.88292413e-10 -1.40865775e-15  8.94287965e-16  1.64719967e-05 -2.13665103e-06 -1.94385668e-09  8.71102505e-10]
[ 6.16389998e-02 -2.68797872e-12 -3.31638372e-13  4.80734419e-11 -1.94450233e-10 -1.39354325e-15  3.65946268e-16  2.74572893e-05 -2.13790611e-06 -1.35067555e-08  8.80164080e-10]
Selected: [1 0]
***************
***CROSSOVER***
***************
parents:
[ 6.58328803e-02 -2.66598049e-12  0.00000000e+00  0.00000000e+00 -2.08121261e-10 -1.16138629e-15  0.00000000e+00  0.00000000e+00 -2.13207661e-06  0.00000000e+00  8.88770632e-10]
[ 5.33176153e-02 -2.71042194e-12 -4.39987328e-13  4.64459428e-11 -1.74714999e-10 -1.50099458e-15  8.26393996e-16  3.30784431e-05 -2.14088409e-06 -1.28196519e-08  8.61366662e-10]
children:
[ 6.03497545e-02 -2.66264000e-12 -1.23847065e-13  1.40408071e-11 -1.88311666e-10 -1.39440733e-15  1.22319681e-16  4.15469724e-06 -2.13999228e-06 -1.18078310e-08  8.75001190e-10]
[ 6.56562894e-02 -2.67259060e-12 -2.65360687e-13  3.61573911e-11 -1.88711797e-10 -1.51135117e-15  7.14133739e-16  3.31480084e-07 -2.13592759e-06 -1.14451075e-08  8.81632578e-10]
Selected: [1 0]
***************
***CROSSOVER***
***************
parents:
[ 6.58328803e-02 -2.66598049e-12  0.00000000e+00  0.00000000e+00 -2.08121261e-10 -1.16138629e-15  0.00000000e+00  0.00000000e+00 -2.13207661e-06  0.00000000e+00  8.88770632e-10]
[ 5.33176153e-02 -2.71042194e-12 -4.39987328e-13  4.64459428e-11 -1.74714999e-10 -1.50099458e-15  8.26393996e-16  3.30784431e-05 -2.14088409e-06 -1.28196519e-08  8.61366662e-10]
children:
[ 6.15692780e-02 -2.68041425e-12 -1.75920733e-13  1.32838438e-11 -1.73991476e-10 -1.32187984e-15  4.56804851e-16  1.82717988e-05 -2.13644471e-06 -8.40288145e-09  8.63058271e-10]
[ 5.69051899e-02 -2.67642696e-12  3.89189132e-14  4.80761977e-11 -1.99148844e-10 -1.18149975e-15  8.76262813e-16  6.12164573e-07 -2.14096551e-06 -3.05079723e-09  8.63198404e-10]
@@@@@@@@@@@@@@@@@@@@@@@@@
@@@merging population@@@@
@@@@@@@@@@@@@@@@@@@@@@@@@
Population scores:
891:[8.23198030e+11 7.21265807e+10]:[ 5.33176153e-02 -2.71042194e-12 -4.39987328e-13  4.64459428e-11 -1.74714999e-10 -1.50099458e-15  8.26393996e-16  3.30784431e-05 -2.14088409e-06 -1.28196519e-08  8.61366662e-10]:10.858095344013545
897:[2.66691151e+11 9.44506185e+11]:[ 6.58328803e-02 -2.66598049e-12  0.00000000e+00  0.00000000e+00 -2.08121261e-10 -1.16138629e-15  0.00000000e+00  0.00000000e+00 -2.13207661e-06  0.00000000e+00  8.88770632e-10]:11.975204806108179
1146:[1.20444284e+12 1.30236745e+12]:[ 6.15692780e-02 -2.68041425e-12 -1.75920733e-13  1.32838438e-11 -1.73991476e-10 -1.32187984e-15  4.56804851e-16  1.82717988e-05 -2.13644471e-06 -8.40288145e-09  8.63058271e-10]:12.114733533194805
1147:[1.68781170e+12 1.70868632e+12]:[ 6.16389998e-02 -2.68797872e-12 -3.31638372e-13  4.80734419e-11 -1.94450233e-10 -1.39354325e-15  3.65946268e-16  2.74572893e-05 -2.13790611e-06 -1.35067555e-08  8.80164080e-10]:12.232662341882058
1144:[3.60253459e+12 6.56619498e+12]:[ 5.69051899e-02 -2.67642696e-12  3.89189132e-14  4.80761977e-11 -1.99148844e-10 -1.18149975e-15  8.76262813e-16  6.12164573e-07 -2.14096551e-06 -3.05079723e-09  8.63198404e-10]:12.817313774748623
1149:[3.39445537e+12 7.16470743e+12]:[ 6.57786558e-02 -2.70558043e-12 -2.68989554e-13  1.26722293e-11 -1.88292413e-10 -1.40865775e-15  8.94287965e-16  1.64719967e-05 -2.13665103e-06 -1.94385668e-09  8.71102505e-10]:12.85519846084458
1145:[2.37884221e+13 4.34508782e+13]:[ 6.03497545e-02 -2.66264000e-12 -1.23847065e-13  1.40408071e-11 -1.88311666e-10 -1.39440733e-15  1.22319681e-16  4.15469724e-06 -2.13999228e-06 -1.18078310e-08  8.75001190e-10]:13.63799855871819
1148:[2.82994405e+13 5.18295392e+13]:[ 6.56562894e-02 -2.67259060e-12 -2.65360687e-13  3.61573911e-11 -1.88711797e-10 -1.51135117e-15  7.14133739e-16  3.31480084e-07 -2.13592759e-06 -1.14451075e-08  8.81632578e-10]:13.714577347704282
1137:[2.5537642e+14 4.5474679e+14]:[ 9.94507456e-02 -4.92395850e-12  3.39478889e-13 -3.06499800e-11  1.17519313e-10 -5.71547272e-15 -1.52833883e-16 -4.57010569e-05 -2.39179135e-06 -5.76666088e-09  8.83201227e-10]:14.657769642096836
1141:[3.45510752e+14 5.99068028e+14]:[ 2.22941842e-02  1.49106569e-12  6.65359679e-13 -9.75966716e-12 -1.15020130e-09 -8.23263814e-15 -3.77934325e-16 -4.51269428e-05 -2.72039099e-06 -5.39627344e-09  9.51134719e-10]:14.777476142238145
1140:[1.94386964e+15 3.89869210e+15]:[ 1.18319846e-01 -8.41234585e-12 -7.87919504e-13  8.97256079e-12 -9.86275815e-11 -2.90856592e-17  4.64607165e-16 -9.97393071e-05 -5.23898599e-06 -1.35173769e-09  1.00320050e-09]:15.590918937579497
1136:[2.85750341e+15 5.49106198e+15]:[ 1.17796010e-01 -6.48816438e-12  3.70028993e-13  7.04386248e-11  7.92204093e-10  1.28146795e-15  1.22608261e-16  7.53622120e-06 -1.11294403e-05  3.04872812e-08  1.50069625e-09]:15.739656345426058
1143:[3.30669491e+15 6.42626603e+15]:[ 5.36868077e-02 -3.09866614e-12 -2.45733444e-13  7.26210455e-11 -2.27050577e-10  8.96739853e-17  6.30858004e-16  3.71340368e-05 -6.41072359e-07  6.35121768e-08  1.30083273e-09]:15.807958699896016
1142:[3.53273864e+15 6.96271124e+15]:[ 4.80023590e-02 -3.66614749e-12 -4.86299556e-13  1.00628153e-10 -5.69532080e-10 -1.37164637e-15  4.95301594e-16  3.58199562e-05  1.15605499e-06  3.95843208e-08  1.17214538e-09]:15.842778384377043
1138:[4.28457897e+15 8.31198474e+15]:[-2.06405575e-02 -1.55254242e-12  4.93897480e-13  1.00940761e-10 -8.03029626e-10 -3.48326349e-16  8.75962501e-16  2.33048745e-05 -4.30509670e-06 -9.03641649e-08  3.59795983e-10]:15.919704736981561
1139:[8.37509526e+15 1.58496425e+16]:[ 4.65379876e-02 -7.02447553e-12  7.03754436e-13  9.71850978e-11 -1.02180216e-09  8.64003644e-15  3.79052914e-17  3.99921257e-05  1.92640095e-06  6.39890404e-08  1.56037154e-09]:16.200019470834015
*******************************
***iteration: 1 Population is***
*******************************
Population scores:
891:[8.23198030e+11 7.21265807e+10]:[ 5.33176153e-02 -2.71042194e-12 -4.39987328e-13  4.64459428e-11 -1.74714999e-10 -1.50099458e-15  8.26393996e-16  3.30784431e-05 -2.14088409e-06 -1.28196519e-08  8.61366662e-10]:10.858095344013545
897:[2.66691151e+11 9.44506185e+11]:[ 6.58328803e-02 -2.66598049e-12  0.00000000e+00  0.00000000e+00 -2.08121261e-10 -1.16138629e-15  0.00000000e+00  0.00000000e+00 -2.13207661e-06  0.00000000e+00  8.88770632e-10]:11.975204806108179
1146:[1.20444284e+12 1.30236745e+12]:[ 6.15692780e-02 -2.68041425e-12 -1.75920733e-13  1.32838438e-11 -1.73991476e-10 -1.32187984e-15  4.56804851e-16  1.82717988e-05 -2.13644471e-06 -8.40288145e-09  8.63058271e-10]:12.114733533194805
1147:[1.68781170e+12 1.70868632e+12]:[ 6.16389998e-02 -2.68797872e-12 -3.31638372e-13  4.80734419e-11 -1.94450233e-10 -1.39354325e-15  3.65946268e-16  2.74572893e-05 -2.13790611e-06 -1.35067555e-08  8.80164080e-10]:12.232662341882058
1144:[3.60253459e+12 6.56619498e+12]:[ 5.69051899e-02 -2.67642696e-12  3.89189132e-14  4.80761977e-11 -1.99148844e-10 -1.18149975e-15  8.76262813e-16  6.12164573e-07 -2.14096551e-06 -3.05079723e-09  8.63198404e-10]:12.817313774748623
1149:[3.39445537e+12 7.16470743e+12]:[ 6.57786558e-02 -2.70558043e-12 -2.68989554e-13  1.26722293e-11 -1.88292413e-10 -1.40865775e-15  8.94287965e-16  1.64719967e-05 -2.13665103e-06 -1.94385668e-09  8.71102505e-10]:12.85519846084458
1145:[2.37884221e+13 4.34508782e+13]:[ 6.03497545e-02 -2.66264000e-12 -1.23847065e-13  1.40408071e-11 -1.88311666e-10 -1.39440733e-15  1.22319681e-16  4.15469724e-06 -2.13999228e-06 -1.18078310e-08  8.75001190e-10]:13.63799855871819
1148:[2.82994405e+13 5.18295392e+13]:[ 6.56562894e-02 -2.67259060e-12 -2.65360687e-13  3.61573911e-11 -1.88711797e-10 -1.51135117e-15  7.14133739e-16  3.31480084e-07 -2.13592759e-06 -1.14451075e-08  8.81632578e-10]:13.714577347704282
Selected: [4 0]
***************
***CROSSOVER***
***************
parents:
[ 5.69051899e-02 -2.67642696e-12  3.89189132e-14  4.80761977e-11 -1.99148844e-10 -1.18149975e-15  8.76262813e-16  6.12164573e-07 -2.14096551e-06 -3.05079723e-09  8.63198404e-10]
[ 5.33176153e-02 -2.71042194e-12 -4.39987328e-13  4.64459428e-11 -1.74714999e-10 -1.50099458e-15  8.26393996e-16  3.30784431e-05 -2.14088409e-06 -1.28196519e-08  8.61366662e-10]
children:
[ 5.71222068e-02 -2.70507543e-12 -9.86478576e-14  4.73546100e-11 -1.93009643e-10 -1.31031343e-15  8.61495268e-16  2.92484921e-05 -2.14090533e-06 -1.29046612e-08  8.62690970e-10]
[ 5.39488870e-02 -2.70395638e-12 -2.65843156e-13  4.81575684e-11 -1.81542755e-10 -1.53096362e-15  8.34882548e-16  1.84933131e-06 -2.14095496e-06 -3.70839331e-09  8.61834074e-10]
Selected: [5 0]
***************
***CROSSOVER***
***************
parents:
[ 6.57786558e-02 -2.70558043e-12 -2.68989554e-13  1.26722293e-11 -1.88292413e-10 -1.40865775e-15  8.94287965e-16  1.64719967e-05 -2.13665103e-06 -1.94385668e-09  8.71102505e-10]
[ 5.33176153e-02 -2.71042194e-12 -4.39987328e-13  4.64459428e-11 -1.74714999e-10 -1.50099458e-15  8.26393996e-16  3.30784431e-05 -2.14088409e-06 -1.28196519e-08  8.61366662e-10]
children:
[ 5.51221420e-02 -2.70517502e-12 -3.59975188e-13  1.32544653e-11 -1.88445062e-10 -1.40162945e-15  8.44095829e-16  1.98045800e-05 -2.13849680e-06 -1.27547680e-08  8.64779924e-10]
[ 6.42873421e-02 -2.70800376e-12 -4.55275187e-13  1.02441477e-11 -1.77580504e-10 -1.48920845e-15  8.92540349e-16  3.09438846e-05 -2.13918942e-06 -1.22690158e-08  8.66765597e-10]
Selected: [6 0]
***************
***CROSSOVER***
***************
parents:
[ 6.03497545e-02 -2.66264000e-12 -1.23847065e-13  1.40408071e-11 -1.88311666e-10 -1.39440733e-15  1.22319681e-16  4.15469724e-06 -2.13999228e-06 -1.18078310e-08  8.75001190e-10]
[ 5.33176153e-02 -2.71042194e-12 -4.39987328e-13  4.64459428e-11 -1.74714999e-10 -1.50099458e-15  8.26393996e-16  3.30784431e-05 -2.14088409e-06 -1.28196519e-08  8.61366662e-10]
children:
[ 5.31561290e-02 -2.66010837e-12 -2.55497285e-13  1.87770241e-11 -1.80706055e-10 -1.44724974e-15  7.47956666e-16  9.31513515e-06 -2.14006263e-06 -1.23254924e-08  8.66305926e-10]
[ 5.32411743e-02 -2.69357532e-12 -2.84024824e-13  4.71598767e-11 -1.86651324e-10 -1.45754392e-15  1.08643188e-16  3.66884990e-06 -2.14036010e-06 -1.25602193e-08  8.66354731e-10]
Selected: [1 0]
***************
***CROSSOVER***
***************
parents:
[ 6.58328803e-02 -2.66598049e-12  0.00000000e+00  0.00000000e+00 -2.08121261e-10 -1.16138629e-15  0.00000000e+00  0.00000000e+00 -2.13207661e-06  0.00000000e+00  8.88770632e-10]
[ 5.33176153e-02 -2.71042194e-12 -4.39987328e-13  4.64459428e-11 -1.74714999e-10 -1.50099458e-15  8.26393996e-16  3.30784431e-05 -2.14088409e-06 -1.28196519e-08  8.61366662e-10]
children:
[ 6.37862749e-02 -2.69308869e-12 -4.34925464e-13  2.18089424e-11 -1.81200709e-10 -1.38605226e-15  1.96263518e-16  6.22745502e-06 -2.13360838e-06 -5.00228372e-09  8.75978681e-10]
[ 5.95086656e-02 -2.70374792e-12 -1.59722795e-13  1.93161282e-11 -1.92135331e-10 -1.17028593e-15  1.92526931e-16  8.33659697e-06 -2.13429221e-06 -2.93460030e-09  8.70079868e-10]
@@@@@@@@@@@@@@@@@@@@@@@@@
@@@merging population@@@@
@@@@@@@@@@@@@@@@@@@@@@@@@
Population scores:
891:[8.23198030e+11 7.21265807e+10]:[ 5.33176153e-02 -2.71042194e-12 -4.39987328e-13  4.64459428e-11 -1.74714999e-10 -1.50099458e-15  8.26393996e-16  3.30784431e-05 -2.14088409e-06 -1.28196519e-08  8.61366662e-10]:10.858095344013545
1157:[7.33541419e+11 8.58719376e+10]:[ 6.42873421e-02 -2.70800376e-12 -4.55275187e-13  1.02441477e-11 -1.77580504e-10 -1.48920845e-15  8.92540349e-16  3.09438846e-05 -2.13918942e-06 -1.22690158e-08  8.66765597e-10]:10.933851262575798
1155:[3.21584299e+11 5.67381141e+11]:[ 5.95086656e-02 -2.70374792e-12 -1.59722795e-13  1.93161282e-11 -1.92135331e-10 -1.17028593e-15  1.92526931e-16  8.33659697e-06 -2.13429221e-06 -2.93460030e-09  8.70079868e-10]:11.75387489607692
897:[2.66691151e+11 9.44506185e+11]:[ 6.58328803e-02 -2.66598049e-12  0.00000000e+00  0.00000000e+00 -2.08121261e-10 -1.16138629e-15  0.00000000e+00  0.00000000e+00 -2.13207661e-06  0.00000000e+00  8.88770632e-10]:11.975204806108179
1154:[1.34498897e+12 9.56841718e+11]:[ 5.71222068e-02 -2.70507543e-12 -9.86478576e-14  4.73546100e-11 -1.93009643e-10 -1.31031343e-15  8.61495268e-16  2.92484921e-05 -2.14090533e-06 -1.29046612e-08  8.62690970e-10]:11.980840102135508
1146:[1.20444284e+12 1.30236745e+12]:[ 6.15692780e-02 -2.68041425e-12 -1.75920733e-13  1.32838438e-11 -1.73991476e-10 -1.32187984e-15  4.56804851e-16  1.82717988e-05 -2.13644471e-06 -8.40288145e-09  8.63058271e-10]:12.114733533194805
1147:[1.68781170e+12 1.70868632e+12]:[ 6.16389998e-02 -2.68797872e-12 -3.31638372e-13  4.80734419e-11 -1.94450233e-10 -1.39354325e-15  3.65946268e-16  2.74572893e-05 -2.13790611e-06 -1.35067555e-08  8.80164080e-10]:12.232662341882058
1156:[2.19471797e+12 3.63155437e+12]:[ 6.37862749e-02 -2.69308869e-12 -4.34925464e-13  2.18089424e-11 -1.81200709e-10 -1.38605226e-15  1.96263518e-16  6.22745502e-06 -2.13360838e-06 -5.00228372e-09  8.75978681e-10]:12.560092550011635
1144:[3.60253459e+12 6.56619498e+12]:[ 5.69051899e-02 -2.67642696e-12  3.89189132e-14  4.80761977e-11 -1.99148844e-10 -1.18149975e-15  8.76262813e-16  6.12164573e-07 -2.14096551e-06 -3.05079723e-09  8.63198404e-10]:12.817313774748623
1149:[3.39445537e+12 7.16470743e+12]:[ 6.57786558e-02 -2.70558043e-12 -2.68989554e-13  1.26722293e-11 -1.88292413e-10 -1.40865775e-15  8.94287965e-16  1.64719967e-05 -2.13665103e-06 -1.94385668e-09  8.71102505e-10]:12.85519846084458
1152:[4.63449551e+12 7.95493741e+12]:[ 5.39488870e-02 -2.70395638e-12 -2.65843156e-13  4.81575684e-11 -1.81542755e-10 -1.53096362e-15  8.34882548e-16  1.84933131e-06 -2.14095496e-06 -3.70839331e-09  8.61834074e-10]:12.900636767158526
1153:[6.84041247e+12 1.09881309e+13]:[ 5.51221420e-02 -2.70517502e-12 -3.59975188e-13  1.32544653e-11 -1.88445062e-10 -1.40162945e-15  8.44095829e-16  1.98045800e-05 -2.13849680e-06 -1.27547680e-08  8.64779924e-10]:13.040923824942185
1150:[1.89662193e+13 3.38953789e+13]:[ 5.31561290e-02 -2.66010837e-12 -2.55497285e-13  1.87770241e-11 -1.80706055e-10 -1.44724974e-15  7.47956666e-16  9.31513515e-06 -2.14006263e-06 -1.23254924e-08  8.66305926e-10]:13.530140492415772
1145:[2.37884221e+13 4.34508782e+13]:[ 6.03497545e-02 -2.66264000e-12 -1.23847065e-13  1.40408071e-11 -1.88311666e-10 -1.39440733e-15  1.22319681e-16  4.15469724e-06 -2.13999228e-06 -1.18078310e-08  8.75001190e-10]:13.63799855871819
1148:[2.82994405e+13 5.18295392e+13]:[ 6.56562894e-02 -2.67259060e-12 -2.65360687e-13  3.61573911e-11 -1.88711797e-10 -1.51135117e-15  7.14133739e-16  3.31480084e-07 -2.13592759e-06 -1.14451075e-08  8.81632578e-10]:13.714577347704282
1151:[3.04256064e+13 5.56867681e+13]:[ 5.32411743e-02 -2.69357532e-12 -2.84024824e-13  4.71598767e-11 -1.86651324e-10 -1.45754392e-15  1.08643188e-16  3.66884990e-06 -2.14036010e-06 -1.25602193e-08  8.66354731e-10]:13.745752013158606
*******************************
***iteration: 2 Population is***
*******************************
Population scores:
891:[8.23198030e+11 7.21265807e+10]:[ 5.33176153e-02 -2.71042194e-12 -4.39987328e-13  4.64459428e-11 -1.74714999e-10 -1.50099458e-15  8.26393996e-16  3.30784431e-05 -2.14088409e-06 -1.28196519e-08  8.61366662e-10]:10.858095344013545
1157:[7.33541419e+11 8.58719376e+10]:[ 6.42873421e-02 -2.70800376e-12 -4.55275187e-13  1.02441477e-11 -1.77580504e-10 -1.48920845e-15  8.92540349e-16  3.09438846e-05 -2.13918942e-06 -1.22690158e-08  8.66765597e-10]:10.933851262575798
1155:[3.21584299e+11 5.67381141e+11]:[ 5.95086656e-02 -2.70374792e-12 -1.59722795e-13  1.93161282e-11 -1.92135331e-10 -1.17028593e-15  1.92526931e-16  8.33659697e-06 -2.13429221e-06 -2.93460030e-09  8.70079868e-10]:11.75387489607692
897:[2.66691151e+11 9.44506185e+11]:[ 6.58328803e-02 -2.66598049e-12  0.00000000e+00  0.00000000e+00 -2.08121261e-10 -1.16138629e-15  0.00000000e+00  0.00000000e+00 -2.13207661e-06  0.00000000e+00  8.88770632e-10]:11.975204806108179
1154:[1.34498897e+12 9.56841718e+11]:[ 5.71222068e-02 -2.70507543e-12 -9.86478576e-14  4.73546100e-11 -1.93009643e-10 -1.31031343e-15  8.61495268e-16  2.92484921e-05 -2.14090533e-06 -1.29046612e-08  8.62690970e-10]:11.980840102135508
1146:[1.20444284e+12 1.30236745e+12]:[ 6.15692780e-02 -2.68041425e-12 -1.75920733e-13  1.32838438e-11 -1.73991476e-10 -1.32187984e-15  4.56804851e-16  1.82717988e-05 -2.13644471e-06 -8.40288145e-09  8.63058271e-10]:12.114733533194805
1147:[1.68781170e+12 1.70868632e+12]:[ 6.16389998e-02 -2.68797872e-12 -3.31638372e-13  4.80734419e-11 -1.94450233e-10 -1.39354325e-15  3.65946268e-16  2.74572893e-05 -2.13790611e-06 -1.35067555e-08  8.80164080e-10]:12.232662341882058
1156:[2.19471797e+12 3.63155437e+12]:[ 6.37862749e-02 -2.69308869e-12 -4.34925464e-13  2.18089424e-11 -1.81200709e-10 -1.38605226e-15  1.96263518e-16  6.22745502e-06 -2.13360838e-06 -5.00228372e-09  8.75978681e-10]:12.560092550011635
Selected: [2 0]
***************
***CROSSOVER***
***************
parents:
[ 5.95086656e-02 -2.70374792e-12 -1.59722795e-13  1.93161282e-11 -1.92135331e-10 -1.17028593e-15  1.92526931e-16  8.33659697e-06 -2.13429221e-06 -2.93460030e-09  8.70079868e-10]
[ 5.33176153e-02 -2.71042194e-12 -4.39987328e-13  4.64459428e-11 -1.74714999e-10 -1.50099458e-15  8.26393996e-16  3.30784431e-05 -2.14088409e-06 -1.28196519e-08  8.61366662e-10]
children:
[ 5.73027606e-02 -2.70992219e-12 -1.92356353e-13  3.16359982e-11 -1.82581990e-10 -1.50861988e-15  5.74415702e-16  1.96711347e-05 -2.13873672e-06 -3.08632723e-09  8.70313367e-10]
[ 5.84046973e-02 -2.71066366e-12 -3.00353771e-13  4.27648595e-11 -1.75287199e-10 -1.46110862e-15  8.03087263e-16  3.08835788e-05 -2.13404090e-06 -7.20899231e-09  8.61270309e-10]
Selected: [6 0]
***************
***CROSSOVER***
***************
parents:
[ 6.16389998e-02 -2.68797872e-12 -3.31638372e-13  4.80734419e-11 -1.94450233e-10 -1.39354325e-15  3.65946268e-16  2.74572893e-05 -2.13790611e-06 -1.35067555e-08  8.80164080e-10]
[ 5.33176153e-02 -2.71042194e-12 -4.39987328e-13  4.64459428e-11 -1.74714999e-10 -1.50099458e-15  8.26393996e-16  3.30784431e-05 -2.14088409e-06 -1.28196519e-08  8.61366662e-10]
children:
[ 5.81477103e-02 -2.68779219e-12 -3.96293401e-13  4.71546912e-11 -1.87175546e-10 -1.46794737e-15  6.63359158e-16  2.85455462e-05 -2.13910764e-06 -1.35741484e-08  8.66071545e-10]
[ 6.19494993e-02 -2.69870574e-12 -3.96322182e-13  4.73039088e-11 -1.81154641e-10 -1.42642958e-15  6.17143172e-16  3.19344762e-05 -2.14094363e-06 -1.33896785e-08  8.70612787e-10]
Selected: [0 1]
***************
***CROSSOVER***
***************
parents:
[ 5.33176153e-02 -2.71042194e-12 -4.39987328e-13  4.64459428e-11 -1.74714999e-10 -1.50099458e-15  8.26393996e-16  3.30784431e-05 -2.14088409e-06 -1.28196519e-08  8.61366662e-10]
[ 6.42873421e-02 -2.70800376e-12 -4.55275187e-13  1.02441477e-11 -1.77580504e-10 -1.48920845e-15  8.92540349e-16  3.09438846e-05 -2.13918942e-06 -1.22690158e-08  8.66765597e-10]
children:
[ 5.42825469e-02 -2.71045193e-12 -4.50230357e-13  2.57238595e-11 -1.77089034e-10 -1.49085640e-15  8.81523470e-16  3.13489458e-05 -2.14104350e-06 -1.24968964e-08  8.64499279e-10]
[ 5.28565654e-02 -2.70937254e-12 -4.55368749e-13  2.95328172e-11 -1.77557841e-10 -1.49806428e-15  8.55998126e-16  3.23426626e-05 -2.13971311e-06 -1.23540544e-08  8.63740222e-10]
Selected: [4 1]
***************
***CROSSOVER***
***************
parents:
[ 5.71222068e-02 -2.70507543e-12 -9.86478576e-14  4.73546100e-11 -1.93009643e-10 -1.31031343e-15  8.61495268e-16  2.92484921e-05 -2.14090533e-06 -1.29046612e-08  8.62690970e-10]
[ 6.42873421e-02 -2.70800376e-12 -4.55275187e-13  1.02441477e-11 -1.77580504e-10 -1.48920845e-15  8.92540349e-16  3.09438846e-05 -2.13918942e-06 -1.22690158e-08  8.66765597e-10]
children:
[ 6.03627350e-02 -2.70702021e-12 -3.08376545e-13  2.29634468e-11 -1.89948586e-10 -1.33693152e-15  8.62590649e-16  2.96181455e-05 -2.14087627e-06 -1.23852905e-08  8.63366921e-10]
[ 5.96742684e-02 -2.70771464e-12 -8.22367026e-14  1.32263756e-11 -1.79637685e-10 -1.35481292e-15  8.74984553e-16  2.95085092e-05 -2.14042508e-06 -1.24260128e-08  8.63415554e-10]
@@@@@@@@@@@@@@@@@@@@@@@@@
@@@merging population@@@@
@@@@@@@@@@@@@@@@@@@@@@@@@
Population scores:
891:[8.23198030e+11 7.21265807e+10]:[ 5.33176153e-02 -2.71042194e-12 -4.39987328e-13  4.64459428e-11 -1.74714999e-10 -1.50099458e-15  8.26393996e-16  3.30784431e-05 -2.14088409e-06 -1.28196519e-08  8.61366662e-10]:10.858095344013545
1157:[7.33541419e+11 8.58719376e+10]:[ 6.42873421e-02 -2.70800376e-12 -4.55275187e-13  1.02441477e-11 -1.77580504e-10 -1.48920845e-15  8.92540349e-16  3.09438846e-05 -2.13918942e-06 -1.22690158e-08  8.66765597e-10]:10.933851262575798
1158:[7.45682732e+11 1.03020917e+11]:[ 5.28565654e-02 -2.70937254e-12 -4.55368749e-13  2.95328172e-11 -1.77557841e-10 -1.49806428e-15  8.55998126e-16  3.23426626e-05 -2.13971311e-06 -1.23540544e-08  8.63740222e-10]:11.012925411160687
1159:[8.14540408e+11 1.10489103e+11]:[ 5.42825469e-02 -2.71045193e-12 -4.50230357e-13  2.57238595e-11 -1.77089034e-10 -1.49085640e-15  8.81523470e-16  3.13489458e-05 -2.14104350e-06 -1.24968964e-08  8.64499279e-10]:11.043319448297845
1165:[8.69583223e+11 1.97027278e+11]:[ 6.19494993e-02 -2.69870574e-12 -3.96322182e-13  4.73039088e-11 -1.81154641e-10 -1.42642958e-15  6.17143172e-16  3.19344762e-05 -2.14094363e-06 -1.33896785e-08  8.70612787e-10]:11.29452635653226
1164:[9.44834572e+11 3.51409191e+11]:[ 6.03627350e-02 -2.70702021e-12 -3.08376545e-13  2.29634468e-11 -1.89948586e-10 -1.33693152e-15  8.62590649e-16  2.96181455e-05 -2.14087627e-06 -1.23852905e-08  8.63366921e-10]:11.545813116588361
1163:[9.90274017e+11 4.12316701e+11]:[ 5.96742684e-02 -2.70771464e-12 -8.22367026e-14  1.32263756e-11 -1.79637685e-10 -1.35481292e-15  8.74984553e-16  2.95085092e-05 -2.14042508e-06 -1.24260128e-08  8.63415554e-10]:11.615230925861711
1155:[3.21584299e+11 5.67381141e+11]:[ 5.95086656e-02 -2.70374792e-12 -1.59722795e-13  1.93161282e-11 -1.92135331e-10 -1.17028593e-15  1.92526931e-16  8.33659697e-06 -2.13429221e-06 -2.93460030e-09  8.70079868e-10]:11.75387489607692
897:[2.66691151e+11 9.44506185e+11]:[ 6.58328803e-02 -2.66598049e-12  0.00000000e+00  0.00000000e+00 -2.08121261e-10 -1.16138629e-15  0.00000000e+00  0.00000000e+00 -2.13207661e-06  0.00000000e+00  8.88770632e-10]:11.975204806108179
1154:[1.34498897e+12 9.56841718e+11]:[ 5.71222068e-02 -2.70507543e-12 -9.86478576e-14  4.73546100e-11 -1.93009643e-10 -1.31031343e-15  8.61495268e-16  2.92484921e-05 -2.14090533e-06 -1.29046612e-08  8.62690970e-10]:11.980840102135508
1146:[1.20444284e+12 1.30236745e+12]:[ 6.15692780e-02 -2.68041425e-12 -1.75920733e-13  1.32838438e-11 -1.73991476e-10 -1.32187984e-15  4.56804851e-16  1.82717988e-05 -2.13644471e-06 -8.40288145e-09  8.63058271e-10]:12.114733533194805
1147:[1.68781170e+12 1.70868632e+12]:[ 6.16389998e-02 -2.68797872e-12 -3.31638372e-13  4.80734419e-11 -1.94450233e-10 -1.39354325e-15  3.65946268e-16  2.74572893e-05 -2.13790611e-06 -1.35067555e-08  8.80164080e-10]:12.232662341882058
1161:[2.20585071e+12 2.30091521e+12]:[ 5.81477103e-02 -2.68779219e-12 -3.96293401e-13  4.71546912e-11 -1.87175546e-10 -1.46794737e-15  6.63359158e-16  2.85455462e-05 -2.13910764e-06 -1.35741484e-08  8.66071545e-10]:12.361900615789667
1156:[2.19471797e+12 3.63155437e+12]:[ 6.37862749e-02 -2.69308869e-12 -4.34925464e-13  2.18089424e-11 -1.81200709e-10 -1.38605226e-15  1.96263518e-16  6.22745502e-06 -2.13360838e-06 -5.00228372e-09  8.75978681e-10]:12.560092550011635
1160:[3.48877277e+12 7.32271518e+12]:[ 5.73027606e-02 -2.70992219e-12 -1.92356353e-13  3.16359982e-11 -1.82581990e-10 -1.50861988e-15  5.74415702e-16  1.96711347e-05 -2.13873672e-06 -3.08632723e-09  8.70313367e-10]:12.86467214259275
1162:[4.39957256e+12 8.66712756e+12]:[ 5.84046973e-02 -2.71066366e-12 -3.00353771e-13  4.27648595e-11 -1.75287199e-10 -1.46110862e-15  8.03087263e-16  3.08835788e-05 -2.13404090e-06 -7.20899231e-09  8.61270309e-10]:12.937875188573196
*******************************
***iteration: 3 Population is***
*******************************
Population scores:
891:[8.23198030e+11 7.21265807e+10]:[ 5.33176153e-02 -2.71042194e-12 -4.39987328e-13  4.64459428e-11 -1.74714999e-10 -1.50099458e-15  8.26393996e-16  3.30784431e-05 -2.14088409e-06 -1.28196519e-08  8.61366662e-10]:10.858095344013545
1157:[7.33541419e+11 8.58719376e+10]:[ 6.42873421e-02 -2.70800376e-12 -4.55275187e-13  1.02441477e-11 -1.77580504e-10 -1.48920845e-15  8.92540349e-16  3.09438846e-05 -2.13918942e-06 -1.22690158e-08  8.66765597e-10]:10.933851262575798
1158:[7.45682732e+11 1.03020917e+11]:[ 5.28565654e-02 -2.70937254e-12 -4.55368749e-13  2.95328172e-11 -1.77557841e-10 -1.49806428e-15  8.55998126e-16  3.23426626e-05 -2.13971311e-06 -1.23540544e-08  8.63740222e-10]:11.012925411160687
1159:[8.14540408e+11 1.10489103e+11]:[ 5.42825469e-02 -2.71045193e-12 -4.50230357e-13  2.57238595e-11 -1.77089034e-10 -1.49085640e-15  8.81523470e-16  3.13489458e-05 -2.14104350e-06 -1.24968964e-08  8.64499279e-10]:11.043319448297845
1165:[8.69583223e+11 1.97027278e+11]:[ 6.19494993e-02 -2.69870574e-12 -3.96322182e-13  4.73039088e-11 -1.81154641e-10 -1.42642958e-15  6.17143172e-16  3.19344762e-05 -2.14094363e-06 -1.33896785e-08  8.70612787e-10]:11.29452635653226
1164:[9.44834572e+11 3.51409191e+11]:[ 6.03627350e-02 -2.70702021e-12 -3.08376545e-13  2.29634468e-11 -1.89948586e-10 -1.33693152e-15  8.62590649e-16  2.96181455e-05 -2.14087627e-06 -1.23852905e-08  8.63366921e-10]:11.545813116588361
1163:[9.90274017e+11 4.12316701e+11]:[ 5.96742684e-02 -2.70771464e-12 -8.22367026e-14  1.32263756e-11 -1.79637685e-10 -1.35481292e-15  8.74984553e-16  2.95085092e-05 -2.14042508e-06 -1.24260128e-08  8.63415554e-10]:11.615230925861711
1155:[3.21584299e+11 5.67381141e+11]:[ 5.95086656e-02 -2.70374792e-12 -1.59722795e-13  1.93161282e-11 -1.92135331e-10 -1.17028593e-15  1.92526931e-16  8.33659697e-06 -2.13429221e-06 -2.93460030e-09  8.70079868e-10]:11.75387489607692
Selected: [2 6]
***************
***CROSSOVER***
***************
parents:
[ 5.28565654e-02 -2.70937254e-12 -4.55368749e-13  2.95328172e-11 -1.77557841e-10 -1.49806428e-15  8.55998126e-16  3.23426626e-05 -2.13971311e-06 -1.23540544e-08  8.63740222e-10]
[ 5.96742684e-02 -2.70771464e-12 -8.22367026e-14  1.32263756e-11 -1.79637685e-10 -1.35481292e-15  8.74984553e-16  2.95085092e-05 -2.14042508e-06 -1.24260128e-08  8.63415554e-10]
children:
[ 5.26228444e-02 -2.70799742e-12 -2.62522336e-13  2.06201098e-11 -1.78988796e-10 -1.41626883e-15  8.70508435e-16  3.16995504e-05 -2.13972683e-06 -1.24303162e-08  8.63650259e-10]
[ 5.84130603e-02 -2.70890164e-12 -4.04040970e-13  2.55670224e-11 -1.78467071e-10 -1.42398818e-15  8.68907090e-16  3.14251209e-05 -2.14011999e-06 -1.23936073e-08  8.63683337e-10]
Selected: [5 7]
***************
***CROSSOVER***
***************
parents:
[ 6.03627350e-02 -2.70702021e-12 -3.08376545e-13  2.29634468e-11 -1.89948586e-10 -1.33693152e-15  8.62590649e-16  2.96181455e-05 -2.14087627e-06 -1.23852905e-08  8.63366921e-10]
[ 5.95086656e-02 -2.70374792e-12 -1.59722795e-13  1.93161282e-11 -1.92135331e-10 -1.17028593e-15  1.92526931e-16  8.33659697e-06 -2.13429221e-06 -2.93460030e-09  8.70079868e-10]
children:
[ 5.99239148e-02 -2.70698075e-12 -2.04759559e-13  2.10606332e-11 -1.91778963e-10 -1.29279756e-15  5.20699111e-16  3.14216042e-05 -2.13964783e-06 -3.46403036e-09  8.65143414e-10]
[ 6.03154290e-02 -2.70597193e-12 -1.74447622e-13  2.06806966e-11 -1.90067692e-10 -1.31663681e-15  7.55558972e-16  1.30837553e-05 -2.13804053e-06 -1.09256146e-08  8.70499990e-10]
Selected: [3 4]
***************
***CROSSOVER***
***************
parents:
[ 5.42825469e-02 -2.71045193e-12 -4.50230357e-13  2.57238595e-11 -1.77089034e-10 -1.49085640e-15  8.81523470e-16  3.13489458e-05 -2.14104350e-06 -1.24968964e-08  8.64499279e-10]
[ 6.19494993e-02 -2.69870574e-12 -3.96322182e-13  4.73039088e-11 -1.81154641e-10 -1.42642958e-15  6.17143172e-16  3.19344762e-05 -2.14094363e-06 -1.33896785e-08  8.70612787e-10]
children:
[ 6.11184406e-02 -2.70552395e-12 -3.98008060e-13  2.67541040e-11 -1.77711344e-10 -1.48772797e-15  8.88337259e-16  3.16307098e-05 -2.14100284e-06 -1.24406246e-08  8.69911178e-10]
[ 5.50169143e-02 -2.70463537e-12 -4.12433115e-13  4.10609068e-11 -1.76757156e-10 -1.42023771e-15  6.82678586e-16  3.18721498e-05 -2.14094345e-06 -1.29250924e-08  8.67252537e-10]
Selected: [0 6]
***************
***CROSSOVER***
***************
parents:
[ 5.33176153e-02 -2.71042194e-12 -4.39987328e-13  4.64459428e-11 -1.74714999e-10 -1.50099458e-15  8.26393996e-16  3.30784431e-05 -2.14088409e-06 -1.28196519e-08  8.61366662e-10]
[ 5.96742684e-02 -2.70771464e-12 -8.22367026e-14  1.32263756e-11 -1.79637685e-10 -1.35481292e-15  8.74984553e-16  2.95085092e-05 -2.14042508e-06 -1.24260128e-08  8.63415554e-10]
children:
[ 5.58606044e-02 -2.71018711e-12 -2.82374150e-13  2.11206076e-11 -1.79829941e-10 -1.47044350e-15  8.28622191e-16  3.03047792e-05 -2.14046910e-06 -1.26311587e-08  8.62584502e-10]
[ 5.29602241e-02 -2.70994405e-12 -1.51460524e-13  2.21425103e-11 -1.74699831e-10 -1.50151861e-15  8.28632737e-16  3.11084761e-05 -2.14082064e-06 -1.26089178e-08  8.62874876e-10]
@@@@@@@@@@@@@@@@@@@@@@@@@
@@@merging population@@@@
@@@@@@@@@@@@@@@@@@@@@@@@@
Population scores:
891:[8.23198030e+11 7.21265807e+10]:[ 5.33176153e-02 -2.71042194e-12 -4.39987328e-13  4.64459428e-11 -1.74714999e-10 -1.50099458e-15  8.26393996e-16  3.30784431e-05 -2.14088409e-06 -1.28196519e-08  8.61366662e-10]:10.858095344013545
1166:[7.48663873e+11 7.67402369e+10]:[ 5.26228444e-02 -2.70799742e-12 -2.62522336e-13  2.06201098e-11 -1.78988796e-10 -1.41626883e-15  8.70508435e-16  3.16995504e-05 -2.13972683e-06 -1.24303162e-08  8.63650259e-10]:10.885023135781397
1170:[7.61835559e+11 8.29420330e+10]:[ 5.84130603e-02 -2.70890164e-12 -4.04040970e-13  2.55670224e-11 -1.78467071e-10 -1.42398818e-15  8.68907090e-16  3.14251209e-05 -2.14011999e-06 -1.23936073e-08  8.63683337e-10]:10.91877467606622
1157:[7.33541419e+11 8.58719376e+10]:[ 6.42873421e-02 -2.70800376e-12 -4.55275187e-13  1.02441477e-11 -1.77580504e-10 -1.48920845e-15  8.92540349e-16  3.09438846e-05 -2.13918942e-06 -1.22690158e-08  8.66765597e-10]:10.933851262575798
1173:[6.98854240e+11 8.92828305e+10]:[ 6.11184406e-02 -2.70552395e-12 -3.98008060e-13  2.67541040e-11 -1.77711344e-10 -1.48772797e-15  8.88337259e-16  3.16307098e-05 -2.14100284e-06 -1.24406246e-08  8.69911178e-10]:10.950767950122573
1158:[7.45682732e+11 1.03020917e+11]:[ 5.28565654e-02 -2.70937254e-12 -4.55368749e-13  2.95328172e-11 -1.77557841e-10 -1.49806428e-15  8.55998126e-16  3.23426626e-05 -2.13971311e-06 -1.23540544e-08  8.63740222e-10]:11.012925411160687
1168:[7.95330691e+11 1.07355872e+11]:[ 5.50169143e-02 -2.70463537e-12 -4.12433115e-13  4.10609068e-11 -1.76757156e-10 -1.42023771e-15  6.82678586e-16  3.18721498e-05 -2.14094345e-06 -1.29250924e-08  8.67252537e-10]:11.030825805068073
1159:[8.14540408e+11 1.10489103e+11]:[ 5.42825469e-02 -2.71045193e-12 -4.50230357e-13  2.57238595e-11 -1.77089034e-10 -1.49085640e-15  8.81523470e-16  3.13489458e-05 -2.14104350e-06 -1.24968964e-08  8.64499279e-10]:11.043319448297845
1165:[8.69583223e+11 1.97027278e+11]:[ 6.19494993e-02 -2.69870574e-12 -3.96322182e-13  4.73039088e-11 -1.81154641e-10 -1.42642958e-15  6.17143172e-16  3.19344762e-05 -2.14094363e-06 -1.33896785e-08  8.70612787e-10]:11.29452635653226
1167:[9.22008227e+11 2.07776365e+11]:[ 5.29602241e-02 -2.70994405e-12 -1.51460524e-13  2.21425103e-11 -1.74699831e-10 -1.50151861e-15  8.28632737e-16  3.11084761e-05 -2.14082064e-06 -1.26089178e-08  8.62874876e-10]:11.317596144162353
1164:[9.44834572e+11 3.51409191e+11]:[ 6.03627350e-02 -2.70702021e-12 -3.08376545e-13  2.29634468e-11 -1.89948586e-10 -1.33693152e-15  8.62590649e-16  2.96181455e-05 -2.14087627e-06 -1.23852905e-08  8.63366921e-10]:11.545813116588361
1169:[1.05276004e+12 4.08151586e+11]:[ 5.58606044e-02 -2.71018711e-12 -2.82374150e-13  2.11206076e-11 -1.79829941e-10 -1.47044350e-15  8.28622191e-16  3.03047792e-05 -2.14046910e-06 -1.26311587e-08  8.62584502e-10]:11.610821488194842
1163:[9.90274017e+11 4.12316701e+11]:[ 5.96742684e-02 -2.70771464e-12 -8.22367026e-14  1.32263756e-11 -1.79637685e-10 -1.35481292e-15  8.74984553e-16  2.95085092e-05 -2.14042508e-06 -1.24260128e-08  8.63415554e-10]:11.615230925861711
1155:[3.21584299e+11 5.67381141e+11]:[ 5.95086656e-02 -2.70374792e-12 -1.59722795e-13  1.93161282e-11 -1.92135331e-10 -1.17028593e-15  1.92526931e-16  8.33659697e-06 -2.13429221e-06 -2.93460030e-09  8.70079868e-10]:11.75387489607692
1172:[8.28156474e+12 1.42257181e+13]:[ 6.03154290e-02 -2.70597193e-12 -1.74447622e-13  2.06806966e-11 -1.90067692e-10 -1.31663681e-15  7.55558972e-16  1.30837553e-05 -2.13804053e-06 -1.09256146e-08  8.70499990e-10]:13.153074197479896
1171:[1.50762017e+13 3.01344538e+13]:[ 5.99239148e-02 -2.70698075e-12 -2.04759559e-13  2.10606332e-11 -1.91778963e-10 -1.29279756e-15  5.20699111e-16  3.14216042e-05 -2.13964783e-06 -3.46403036e-09  8.65143414e-10]:13.479063323971275
*******************************
***iteration: 4 Population is***
*******************************
Population scores:
891:[8.23198030e+11 7.21265807e+10]:[ 5.33176153e-02 -2.71042194e-12 -4.39987328e-13  4.64459428e-11 -1.74714999e-10 -1.50099458e-15  8.26393996e-16  3.30784431e-05 -2.14088409e-06 -1.28196519e-08  8.61366662e-10]:10.858095344013545
1166:[7.48663873e+11 7.67402369e+10]:[ 5.26228444e-02 -2.70799742e-12 -2.62522336e-13  2.06201098e-11 -1.78988796e-10 -1.41626883e-15  8.70508435e-16  3.16995504e-05 -2.13972683e-06 -1.24303162e-08  8.63650259e-10]:10.885023135781397
1170:[7.61835559e+11 8.29420330e+10]:[ 5.84130603e-02 -2.70890164e-12 -4.04040970e-13  2.55670224e-11 -1.78467071e-10 -1.42398818e-15  8.68907090e-16  3.14251209e-05 -2.14011999e-06 -1.23936073e-08  8.63683337e-10]:10.91877467606622
1157:[7.33541419e+11 8.58719376e+10]:[ 6.42873421e-02 -2.70800376e-12 -4.55275187e-13  1.02441477e-11 -1.77580504e-10 -1.48920845e-15  8.92540349e-16  3.09438846e-05 -2.13918942e-06 -1.22690158e-08  8.66765597e-10]:10.933851262575798
1173:[6.98854240e+11 8.92828305e+10]:[ 6.11184406e-02 -2.70552395e-12 -3.98008060e-13  2.67541040e-11 -1.77711344e-10 -1.48772797e-15  8.88337259e-16  3.16307098e-05 -2.14100284e-06 -1.24406246e-08  8.69911178e-10]:10.950767950122573
1158:[7.45682732e+11 1.03020917e+11]:[ 5.28565654e-02 -2.70937254e-12 -4.55368749e-13  2.95328172e-11 -1.77557841e-10 -1.49806428e-15  8.55998126e-16  3.23426626e-05 -2.13971311e-06 -1.23540544e-08  8.63740222e-10]:11.012925411160687
1168:[7.95330691e+11 1.07355872e+11]:[ 5.50169143e-02 -2.70463537e-12 -4.12433115e-13  4.10609068e-11 -1.76757156e-10 -1.42023771e-15  6.82678586e-16  3.18721498e-05 -2.14094345e-06 -1.29250924e-08  8.67252537e-10]:11.030825805068073
1159:[8.14540408e+11 1.10489103e+11]:[ 5.42825469e-02 -2.71045193e-12 -4.50230357e-13  2.57238595e-11 -1.77089034e-10 -1.49085640e-15  8.81523470e-16  3.13489458e-05 -2.14104350e-06 -1.24968964e-08  8.64499279e-10]:11.043319448297845
Selected: [6 2]
***************
***CROSSOVER***
***************
parents:
[ 5.50169143e-02 -2.70463537e-12 -4.12433115e-13  4.10609068e-11 -1.76757156e-10 -1.42023771e-15  6.82678586e-16  3.18721498e-05 -2.14094345e-06 -1.29250924e-08  8.67252537e-10]
[ 5.84130603e-02 -2.70890164e-12 -4.04040970e-13  2.55670224e-11 -1.78467071e-10 -1.42398818e-15  8.68907090e-16  3.14251209e-05 -2.14011999e-06 -1.23936073e-08  8.63683337e-10]
children:
[ 5.80829749e-02 -2.70905639e-12 -4.06068754e-13  3.26949757e-11 -1.77656590e-10 -1.42405576e-15  7.01943155e-16  3.16418586e-05 -2.14082708e-06 -1.24987686e-08  8.67123896e-10]
[ 5.84058234e-02 -2.70749191e-12 -4.10187379e-13  3.12956127e-11 -1.77709997e-10 -1.42316357e-15  8.17151699e-16  3.18618598e-05 -2.14065492e-06 -1.29264245e-08  8.64910241e-10]
Selected: [4 2]
***************
***CROSSOVER***
***************
parents:
[ 6.11184406e-02 -2.70552395e-12 -3.98008060e-13  2.67541040e-11 -1.77711344e-10 -1.48772797e-15  8.88337259e-16  3.16307098e-05 -2.14100284e-06 -1.24406246e-08  8.69911178e-10]
[ 5.84130603e-02 -2.70890164e-12 -4.04040970e-13  2.55670224e-11 -1.78467071e-10 -1.42398818e-15  8.68907090e-16  3.14251209e-05 -2.14011999e-06 -1.23936073e-08  8.63683337e-10]
children:
[ 6.04392277e-02 -2.70678348e-12 -3.99156479e-13  2.56440086e-11 -1.78193396e-10 -1.45980062e-15  8.83715534e-16  3.15815323e-05 -2.14076005e-06 -1.24142000e-08  8.69873017e-10]
[ 6.10621694e-02 -2.70743870e-12 -4.04339723e-13  2.55366310e-11 -1.77886887e-10 -1.48568633e-15  8.68268420e-16  3.16191665e-05 -2.14104341e-06 -1.24310318e-08  8.65493368e-10]
Selected: [5 4]
***************
***CROSSOVER***
***************
parents:
[ 5.28565654e-02 -2.70937254e-12 -4.55368749e-13  2.95328172e-11 -1.77557841e-10 -1.49806428e-15  8.55998126e-16  3.23426626e-05 -2.13971311e-06 -1.23540544e-08  8.63740222e-10]
[ 6.11184406e-02 -2.70552395e-12 -3.98008060e-13  2.67541040e-11 -1.77711344e-10 -1.48772797e-15  8.88337259e-16  3.16307098e-05 -2.14100284e-06 -1.24406246e-08  8.69911178e-10]
children:
[ 5.29386518e-02 -2.70888695e-12 -4.01311179e-13  2.65552121e-11 -1.77595146e-10 -1.49166597e-15  8.89646568e-16  3.18094952e-05 -2.14055331e-06 -1.24190588e-08  8.64237168e-10]
[ 5.27495560e-02 -2.70565581e-12 -4.13763436e-13  2.94897492e-11 -1.77570544e-10 -1.49253901e-15  8.87866218e-16  3.20193254e-05 -2.14046953e-06 -1.23664088e-08  8.68781182e-10]
Selected: [6 7]
***************
***CROSSOVER***
***************
parents:
[ 5.50169143e-02 -2.70463537e-12 -4.12433115e-13  4.10609068e-11 -1.76757156e-10 -1.42023771e-15  6.82678586e-16  3.18721498e-05 -2.14094345e-06 -1.29250924e-08  8.67252537e-10]
[ 5.42825469e-02 -2.71045193e-12 -4.50230357e-13  2.57238595e-11 -1.77089034e-10 -1.49085640e-15  8.81523470e-16  3.13489458e-05 -2.14104350e-06 -1.24968964e-08  8.64499279e-10]
children:
[ 5.46827612e-02 -2.70452793e-12 -4.50073508e-13  3.83250559e-11 -1.77064787e-10 -1.48689452e-15  7.10319922e-16  3.14075010e-05 -2.14101925e-06 -1.24817926e-08  8.66316398e-10]
[ 5.47487228e-02 -2.70826451e-12 -4.45519150e-13  4.05280359e-11 -1.76937733e-10 -1.45660997e-15  6.99968322e-16  3.19096552e-05 -2.14096978e-06 -1.29508920e-08  8.67464117e-10]
@@@@@@@@@@@@@@@@@@@@@@@@@
@@@merging population@@@@
@@@@@@@@@@@@@@@@@@@@@@@@@
Population scores:
891:[8.23198030e+11 7.21265807e+10]:[ 5.33176153e-02 -2.71042194e-12 -4.39987328e-13  4.64459428e-11 -1.74714999e-10 -1.50099458e-15  8.26393996e-16  3.30784431e-05 -2.14088409e-06 -1.28196519e-08  8.61366662e-10]:10.858095344013545
1166:[7.48663873e+11 7.67402369e+10]:[ 5.26228444e-02 -2.70799742e-12 -2.62522336e-13  2.06201098e-11 -1.78988796e-10 -1.41626883e-15  8.70508435e-16  3.16995504e-05 -2.13972683e-06 -1.24303162e-08  8.63650259e-10]:10.885023135781397
1175:[7.64544144e+11 7.80037122e+10]:[ 5.29386518e-02 -2.70888695e-12 -4.01311179e-13  2.65552121e-11 -1.77595146e-10 -1.49166597e-15  8.89646568e-16  3.18094952e-05 -2.14055331e-06 -1.24190588e-08  8.64237168e-10]:10.892115271283293
1178:[7.22449941e+11 7.84289816e+10]:[ 5.80829749e-02 -2.70905639e-12 -4.06068754e-13  3.26949757e-11 -1.77656590e-10 -1.42405576e-15  7.01943155e-16  3.16418586e-05 -2.14082708e-06 -1.24987686e-08  8.67123896e-10]:10.894476575675968
1181:[7.58671119e+11 8.00271939e+10]:[ 6.10621694e-02 -2.70743870e-12 -4.04339723e-13  2.55366310e-11 -1.77886887e-10 -1.48568633e-15  8.68268420e-16  3.16191665e-05 -2.14104341e-06 -1.24310318e-08  8.65493368e-10]:10.903237588814061
1170:[7.61835559e+11 8.29420330e+10]:[ 5.84130603e-02 -2.70890164e-12 -4.04040970e-13  2.55670224e-11 -1.78467071e-10 -1.42398818e-15  8.68907090e-16  3.14251209e-05 -2.14011999e-06 -1.23936073e-08  8.63683337e-10]:10.91877467606622
1157:[7.33541419e+11 8.58719376e+10]:[ 6.42873421e-02 -2.70800376e-12 -4.55275187e-13  1.02441477e-11 -1.77580504e-10 -1.48920845e-15  8.92540349e-16  3.09438846e-05 -2.13918942e-06 -1.22690158e-08  8.66765597e-10]:10.933851262575798
1176:[7.69475795e+11 8.91266093e+10]:[ 5.46827612e-02 -2.70452793e-12 -4.50073508e-13  3.83250559e-11 -1.77064787e-10 -1.48689452e-15  7.10319922e-16  3.14075010e-05 -2.14101925e-06 -1.24817926e-08  8.66316398e-10]:10.950007384544755
1173:[6.98854240e+11 8.92828305e+10]:[ 6.11184406e-02 -2.70552395e-12 -3.98008060e-13  2.67541040e-11 -1.77711344e-10 -1.48772797e-15  8.88337259e-16  3.16307098e-05 -2.14100284e-06 -1.24406246e-08  8.69911178e-10]:10.950767950122573
1180:[6.88970794e+11 9.32296603e+10]:[ 6.04392277e-02 -2.70678348e-12 -3.99156479e-13  2.56440086e-11 -1.78193396e-10 -1.45980062e-15  8.83715534e-16  3.15815323e-05 -2.14076005e-06 -1.24142000e-08  8.69873017e-10]:10.969554101737389
1158:[7.45682732e+11 1.03020917e+11]:[ 5.28565654e-02 -2.70937254e-12 -4.55368749e-13  2.95328172e-11 -1.77557841e-10 -1.49806428e-15  8.55998126e-16  3.23426626e-05 -2.13971311e-06 -1.23540544e-08  8.63740222e-10]:11.012925411160687
1168:[7.95330691e+11 1.07355872e+11]:[ 5.50169143e-02 -2.70463537e-12 -4.12433115e-13  4.10609068e-11 -1.76757156e-10 -1.42023771e-15  6.82678586e-16  3.18721498e-05 -2.14094345e-06 -1.29250924e-08  8.67252537e-10]:11.030825805068073
1159:[8.14540408e+11 1.10489103e+11]:[ 5.42825469e-02 -2.71045193e-12 -4.50230357e-13  2.57238595e-11 -1.77089034e-10 -1.49085640e-15  8.81523470e-16  3.13489458e-05 -2.14104350e-06 -1.24968964e-08  8.64499279e-10]:11.043319448297845
1177:[8.12441912e+11 1.15140591e+11]:[ 5.47487228e-02 -2.70826451e-12 -4.45519150e-13  4.05280359e-11 -1.76937733e-10 -1.45660997e-15  6.99968322e-16  3.19096552e-05 -2.14096978e-06 -1.29508920e-08  8.67464117e-10]:11.061228452855309
1174:[7.00721221e+11 1.23830566e+11]:[ 5.27495560e-02 -2.70565581e-12 -4.13763436e-13  2.94897492e-11 -1.77570544e-10 -1.49253901e-15  8.87866218e-16  3.20193254e-05 -2.14046953e-06 -1.23664088e-08  8.68781182e-10]:11.09282785864299
1179:[8.44266527e+11 1.36402303e+11]:[ 5.84058234e-02 -2.70749191e-12 -4.10187379e-13  3.12956127e-11 -1.77709997e-10 -1.42316357e-15  8.17151699e-16  3.18618598e-05 -2.14065492e-06 -1.29264245e-08  8.64910241e-10]:11.134821703562064
Population scores:
891:[8.23198030e+11 7.21265807e+10]:[ 5.33176153e-02 -2.71042194e-12 -4.39987328e-13  4.64459428e-11 -1.74714999e-10 -1.50099458e-15  8.26393996e-16  3.30784431e-05 -2.14088409e-06 -1.28196519e-08  8.61366662e-10]:10.858095344013545
1166:[7.48663873e+11 7.67402369e+10]:[ 5.26228444e-02 -2.70799742e-12 -2.62522336e-13  2.06201098e-11 -1.78988796e-10 -1.41626883e-15  8.70508435e-16  3.16995504e-05 -2.13972683e-06 -1.24303162e-08  8.63650259e-10]:10.885023135781397
1175:[7.64544144e+11 7.80037122e+10]:[ 5.29386518e-02 -2.70888695e-12 -4.01311179e-13  2.65552121e-11 -1.77595146e-10 -1.49166597e-15  8.89646568e-16  3.18094952e-05 -2.14055331e-06 -1.24190588e-08  8.64237168e-10]:10.892115271283293
1178:[7.22449941e+11 7.84289816e+10]:[ 5.80829749e-02 -2.70905639e-12 -4.06068754e-13  3.26949757e-11 -1.77656590e-10 -1.42405576e-15  7.01943155e-16  3.16418586e-05 -2.14082708e-06 -1.24987686e-08  8.67123896e-10]:10.894476575675968
1181:[7.58671119e+11 8.00271939e+10]:[ 6.10621694e-02 -2.70743870e-12 -4.04339723e-13  2.55366310e-11 -1.77886887e-10 -1.48568633e-15  8.68268420e-16  3.16191665e-05 -2.14104341e-06 -1.24310318e-08  8.65493368e-10]:10.903237588814061
1170:[7.61835559e+11 8.29420330e+10]:[ 5.84130603e-02 -2.70890164e-12 -4.04040970e-13  2.55670224e-11 -1.78467071e-10 -1.42398818e-15  8.68907090e-16  3.14251209e-05 -2.14011999e-06 -1.23936073e-08  8.63683337e-10]:10.91877467606622
1157:[7.33541419e+11 8.58719376e+10]:[ 6.42873421e-02 -2.70800376e-12 -4.55275187e-13  1.02441477e-11 -1.77580504e-10 -1.48920845e-15  8.92540349e-16  3.09438846e-05 -2.13918942e-06 -1.22690158e-08  8.66765597e-10]:10.933851262575798
1176:[7.69475795e+11 8.91266093e+10]:[ 5.46827612e-02 -2.70452793e-12 -4.50073508e-13  3.83250559e-11 -1.77064787e-10 -1.48689452e-15  7.10319922e-16  3.14075010e-05 -2.14101925e-06 -1.24817926e-08  8.66316398e-10]:10.950007384544755
%%%%%%%%%%%%%%%%%%%%%%%%%
%%%final - population%%%%
%%%%%%%%%%%%%%%%%%%%%%%%%
891:[8.23198030e+11 7.21265807e+10]:[ 5.33176153e-02 -2.71042194e-12 -4.39987328e-13  4.64459428e-11 -1.74714999e-10 -1.50099458e-15  8.26393996e-16  3.30784431e-05 -2.14088409e-06 -1.28196519e-08  8.61366662e-10]
1166:[7.48663873e+11 7.67402369e+10]:[ 5.26228444e-02 -2.70799742e-12 -2.62522336e-13  2.06201098e-11 -1.78988796e-10 -1.41626883e-15  8.70508435e-16  3.16995504e-05 -2.13972683e-06 -1.24303162e-08  8.63650259e-10]
1175:[7.64544144e+11 7.80037122e+10]:[ 5.29386518e-02 -2.70888695e-12 -4.01311179e-13  2.65552121e-11 -1.77595146e-10 -1.49166597e-15  8.89646568e-16  3.18094952e-05 -2.14055331e-06 -1.24190588e-08  8.64237168e-10]
1178:[7.22449941e+11 7.84289816e+10]:[ 5.80829749e-02 -2.70905639e-12 -4.06068754e-13  3.26949757e-11 -1.77656590e-10 -1.42405576e-15  7.01943155e-16  3.16418586e-05 -2.14082708e-06 -1.24987686e-08  8.67123896e-10]
1181:[7.58671119e+11 8.00271939e+10]:[ 6.10621694e-02 -2.70743870e-12 -4.04339723e-13  2.55366310e-11 -1.77886887e-10 -1.48568633e-15  8.68268420e-16  3.16191665e-05 -2.14104341e-06 -1.24310318e-08  8.65493368e-10]
1170:[7.61835559e+11 8.29420330e+10]:[ 5.84130603e-02 -2.70890164e-12 -4.04040970e-13  2.55670224e-11 -1.78467071e-10 -1.42398818e-15  8.68907090e-16  3.14251209e-05 -2.14011999e-06 -1.23936073e-08  8.63683337e-10]
1157:[7.33541419e+11 8.58719376e+10]:[ 6.42873421e-02 -2.70800376e-12 -4.55275187e-13  1.02441477e-11 -1.77580504e-10 -1.48920845e-15  8.92540349e-16  3.09438846e-05 -2.13918942e-06 -1.22690158e-08  8.66765597e-10]
1176:[7.69475795e+11 8.91266093e+10]:[ 5.46827612e-02 -2.70452793e-12 -4.50073508e-13  3.83250559e-11 -1.77064787e-10 -1.48689452e-15  7.10319922e-16  3.14075010e-05 -2.14101925e-06 -1.24817926e-08  8.66316398e-10]
