Generating Population from
[ 5.96742684e-02 -2.70771464e-12 -8.22367026e-14  1.32263756e-11 -1.79637685e-10 -1.35481292e-15  8.74984553e-16  2.95085092e-05 -2.14042508e-06 -1.24260128e-08  8.63415554e-10]
[ 5.95086656e-02 -2.70374792e-12 -1.59722795e-13  1.93161282e-11 -1.92135331e-10 -1.17028593e-15  1.92526931e-16  8.33659697e-06 -2.13429221e-06 -2.93460030e-09  8.70079868e-10]
*******************************
***iteration: 0 Population is***
*******************************
Population scores:
1163:[9.90274017e+11 4.12316701e+11]:[ 5.96742684e-02 -2.70771464e-12 -8.22367026e-14  1.32263756e-11 -1.79637685e-10 -1.35481292e-15  8.74984553e-16  2.95085092e-05 -2.14042508e-06 -1.24260128e-08  8.63415554e-10]:11.615230925861711
1155:[3.21584299e+11 5.67381141e+11]:[ 5.95086656e-02 -2.70374792e-12 -1.59722795e-13  1.93161282e-11 -1.92135331e-10 -1.17028593e-15  1.92526931e-16  8.33659697e-06 -2.13429221e-06 -2.93460030e-09  8.70079868e-10]:11.75387489607692
1183:[2.79986715e+13 4.57400611e+13]:[ 5.56047255e-02 -3.17832364e-12 -2.75695946e-13  1.81670074e-11 -1.93696214e-10 -1.03043205e-15  9.00594101e-16  3.39482241e-05 -2.83321981e-06 -1.18300713e-08  8.93417333e-10]:13.660296740682009
1186:[2.69511737e+13 5.73970688e+13]:[ 5.00067604e-02 -2.87031829e-12 -2.94234793e-13  3.24957739e-11 -9.73103753e-11 -1.45712368e-15  5.38174492e-16  1.75811904e-05 -1.78674858e-06 -4.76778703e-09  9.38412812e-10]:13.7588897138294
1184:[3.49194179e+13 6.39971176e+13]:[ 5.85573595e-02 -2.42973008e-12 -2.28918484e-13  3.14249075e-11 -1.52109787e-10 -7.17735455e-16  9.07832107e-16  2.48168356e-05 -2.49929657e-06 -1.55309885e-08  8.60245377e-10]:13.806160414117638
1182:[3.96213286e+13 6.73906782e+13]:[ 5.71373846e-02 -3.49232957e-12 -2.57577349e-13  1.71180464e-11 -1.37114798e-10 -2.01226717e-15  8.03546294e-16  3.44433685e-05 -2.40411772e-06 -2.15941314e-08  8.74576787e-10]:13.828599827275136
1187:[3.58796296e+13 7.46294944e+13]:[ 6.29358453e-02 -3.23825770e-12 -2.63129650e-13  2.79901316e-11 -1.91743194e-10 -1.12457358e-15  4.61572125e-16  2.03575369e-05 -1.64473457e-06 -7.71239382e-09  9.43608708e-10]:13.87291049961614
1185:[9.79965538e+13 1.86504519e+14]:[ 6.31910603e-02 -2.11356416e-12 -3.45073295e-13  2.72433584e-11 -1.74118430e-10 -5.90133162e-16  5.14842509e-16  1.73041639e-05 -3.02328359e-06 -1.23635295e-08  8.93438047e-10]:14.270689358644956
Selected: [1 0]
***************
***CROSSOVER***
***************
parents:
[ 5.95086656e-02 -2.70374792e-12 -1.59722795e-13  1.93161282e-11 -1.92135331e-10 -1.17028593e-15  1.92526931e-16  8.33659697e-06 -2.13429221e-06 -2.93460030e-09  8.70079868e-10]
[ 5.96742684e-02 -2.70771464e-12 -8.22367026e-14  1.32263756e-11 -1.79637685e-10 -1.35481292e-15  8.74984553e-16  2.95085092e-05 -2.14042508e-06 -1.24260128e-08  8.63415554e-10]
children:
[ 5.96084265e-02 -2.70740873e-12 -1.49984923e-13  1.66461505e-11 -1.78558454e-10 -1.25543988e-15  8.69963387e-16  2.44602777e-05 -2.13973998e-06 -4.95613552e-09  8.65863817e-10]
[ 5.95957624e-02 -2.70616245e-12 -1.27066018e-13  1.68185812e-11 -1.86598177e-10 -1.35636941e-15  5.70532040e-16  2.38471918e-05 -2.13955374e-06 -1.00176066e-08  8.65826518e-10]
Selected: [0 1]
***************
***CROSSOVER***
***************
parents:
[ 5.96742684e-02 -2.70771464e-12 -8.22367026e-14  1.32263756e-11 -1.79637685e-10 -1.35481292e-15  8.74984553e-16  2.95085092e-05 -2.14042508e-06 -1.24260128e-08  8.63415554e-10]
[ 5.95086656e-02 -2.70374792e-12 -1.59722795e-13  1.93161282e-11 -1.92135331e-10 -1.17028593e-15  1.92526931e-16  8.33659697e-06 -2.13429221e-06 -2.93460030e-09  8.70079868e-10]
children:
[ 5.95994122e-02 -2.70497947e-12 -1.40811661e-13  1.37819325e-11 -1.88118492e-10 -1.18397222e-15  8.83185439e-16  1.93471715e-05 -2.13401919e-06 -1.07360741e-08  8.68313115e-10]
[ 5.95977668e-02 -2.70474595e-12 -1.66723102e-13  1.83780861e-11 -1.86306271e-10 -1.28014622e-15  8.06212702e-16  2.39151482e-05 -2.13933990e-06 -4.40840024e-09  8.68104972e-10]
Selected: [0 1]
***************
***CROSSOVER***
***************
parents:
[ 5.96742684e-02 -2.70771464e-12 -8.22367026e-14  1.32263756e-11 -1.79637685e-10 -1.35481292e-15  8.74984553e-16  2.95085092e-05 -2.14042508e-06 -1.24260128e-08  8.63415554e-10]
[ 5.95086656e-02 -2.70374792e-12 -1.59722795e-13  1.93161282e-11 -1.92135331e-10 -1.17028593e-15  1.92526931e-16  8.33659697e-06 -2.13429221e-06 -2.93460030e-09  8.70079868e-10]
children:
[ 5.95525198e-02 -2.70468004e-12 -1.22537377e-13  1.35385925e-11 -1.79684180e-10 -1.16951623e-15  5.92470927e-16  1.02216369e-05 -2.13672700e-06 -6.62195914e-09  8.65917419e-10]
[ 5.96130977e-02 -2.70398148e-12 -1.63299191e-13  1.62488253e-11 -1.80629580e-10 -1.17253853e-15  7.35985745e-16  1.93273422e-05 -2.14007186e-06 -7.31258974e-09  8.68674845e-10]
Selected: [1 0]
***************
***CROSSOVER***
***************
parents:
[ 5.95086656e-02 -2.70374792e-12 -1.59722795e-13  1.93161282e-11 -1.92135331e-10 -1.17028593e-15  1.92526931e-16  8.33659697e-06 -2.13429221e-06 -2.93460030e-09  8.70079868e-10]
[ 5.96742684e-02 -2.70771464e-12 -8.22367026e-14  1.32263756e-11 -1.79637685e-10 -1.35481292e-15  8.74984553e-16  2.95085092e-05 -2.14042508e-06 -1.24260128e-08  8.63415554e-10]
children:
[ 5.96466326e-02 -2.70348045e-12 -1.39288187e-13  1.77697464e-11 -1.87833875e-10 -1.15312923e-15  7.86606483e-16  2.70001446e-05 -2.13995525e-06 -3.13785042e-09  8.64681197e-10]
[ 5.96740084e-02 -2.70764126e-12 -8.12023750e-14  1.26567561e-11 -1.91370429e-10 -1.33812534e-15  6.96866818e-16  1.00666154e-05 -2.13898435e-06 -1.19508786e-08  8.63569385e-10]
@@@@@@@@@@@@@@@@@@@@@@@@@
@@@merging population@@@@
@@@@@@@@@@@@@@@@@@@@@@@@@
Population scores:
1193:[4.31480498e+11 2.82306121e+11]:[ 5.96130977e-02 -2.70398148e-12 -1.63299191e-13  1.62488253e-11 -1.80629580e-10 -1.17253853e-15  7.35985745e-16  1.93273422e-05 -2.14007186e-06 -7.31258974e-09  8.68674845e-10]:11.45072029515621
1163:[9.90274017e+11 4.12316701e+11]:[ 5.96742684e-02 -2.70771464e-12 -8.22367026e-14  1.32263756e-11 -1.79637685e-10 -1.35481292e-15  8.74984553e-16  2.95085092e-05 -2.14042508e-06 -1.24260128e-08  8.63415554e-10]:11.615230925861711
1189:[7.98446027e+11 4.22764480e+11]:[ 5.95957624e-02 -2.70616245e-12 -1.27066018e-13  1.68185812e-11 -1.86598177e-10 -1.35636941e-15  5.70532040e-16  2.38471918e-05 -2.13955374e-06 -1.00176066e-08  8.65826518e-10]:11.626098491070794
1155:[3.21584299e+11 5.67381141e+11]:[ 5.95086656e-02 -2.70374792e-12 -1.59722795e-13  1.93161282e-11 -1.92135331e-10 -1.17028593e-15  1.92526931e-16  8.33659697e-06 -2.13429221e-06 -2.93460030e-09  8.70079868e-10]:11.75387489607692
1191:[2.65000920e+12 3.85731564e+12]:[ 5.95994122e-02 -2.70497947e-12 -1.40811661e-13  1.37819325e-11 -1.88118492e-10 -1.18397222e-15  8.83185439e-16  1.93471715e-05 -2.13401919e-06 -1.07360741e-08  8.68313115e-10]:12.586285178680612
1188:[2.50413417e+12 4.08919387e+12]:[ 5.95525198e-02 -2.70468004e-12 -1.22537377e-13  1.35385925e-11 -1.79684180e-10 -1.16951623e-15  5.92470927e-16  1.02216369e-05 -2.13672700e-06 -6.62195914e-09  8.65917419e-10]:12.611637701074608
1192:[4.00261601e+12 7.90172487e+12]:[ 5.96084265e-02 -2.70740873e-12 -1.49984923e-13  1.66461505e-11 -1.78558454e-10 -1.25543988e-15  8.69963387e-16  2.44602777e-05 -2.13973998e-06 -4.95613552e-09  8.65863817e-10]:12.897721903721049
1190:[4.66341537e+12 9.34423881e+12]:[ 5.95977668e-02 -2.70474595e-12 -1.66723102e-13  1.83780861e-11 -1.86306271e-10 -1.28014622e-15  8.06212702e-16  2.39151482e-05 -2.13933990e-06 -4.40840024e-09  8.68104972e-10]:12.970543929147677
1194:[1.06227965e+13 2.10568227e+13]:[ 5.96466326e-02 -2.70348045e-12 -1.39288187e-13  1.77697464e-11 -1.87833875e-10 -1.15312923e-15  7.86606483e-16  2.70001446e-05 -2.13995525e-06 -3.13785042e-09  8.64681197e-10]:13.323392840609255
1195:[1.63462166e+13 2.92324274e+13]:[ 5.96740084e-02 -2.70764126e-12 -8.12023750e-14  1.26567561e-11 -1.91370429e-10 -1.33812534e-15  6.96866818e-16  1.00666154e-05 -2.13898435e-06 -1.19508786e-08  8.63569385e-10]:13.465864879221238
1183:[2.79986715e+13 4.57400611e+13]:[ 5.56047255e-02 -3.17832364e-12 -2.75695946e-13  1.81670074e-11 -1.93696214e-10 -1.03043205e-15  9.00594101e-16  3.39482241e-05 -2.83321981e-06 -1.18300713e-08  8.93417333e-10]:13.660296740682009
1186:[2.69511737e+13 5.73970688e+13]:[ 5.00067604e-02 -2.87031829e-12 -2.94234793e-13  3.24957739e-11 -9.73103753e-11 -1.45712368e-15  5.38174492e-16  1.75811904e-05 -1.78674858e-06 -4.76778703e-09  9.38412812e-10]:13.7588897138294
1184:[3.49194179e+13 6.39971176e+13]:[ 5.85573595e-02 -2.42973008e-12 -2.28918484e-13  3.14249075e-11 -1.52109787e-10 -7.17735455e-16  9.07832107e-16  2.48168356e-05 -2.49929657e-06 -1.55309885e-08  8.60245377e-10]:13.806160414117638
1182:[3.96213286e+13 6.73906782e+13]:[ 5.71373846e-02 -3.49232957e-12 -2.57577349e-13  1.71180464e-11 -1.37114798e-10 -2.01226717e-15  8.03546294e-16  3.44433685e-05 -2.40411772e-06 -2.15941314e-08  8.74576787e-10]:13.828599827275136
1187:[3.58796296e+13 7.46294944e+13]:[ 6.29358453e-02 -3.23825770e-12 -2.63129650e-13  2.79901316e-11 -1.91743194e-10 -1.12457358e-15  4.61572125e-16  2.03575369e-05 -1.64473457e-06 -7.71239382e-09  9.43608708e-10]:13.87291049961614
1185:[9.79965538e+13 1.86504519e+14]:[ 6.31910603e-02 -2.11356416e-12 -3.45073295e-13  2.72433584e-11 -1.74118430e-10 -5.90133162e-16  5.14842509e-16  1.73041639e-05 -3.02328359e-06 -1.23635295e-08  8.93438047e-10]:14.270689358644956
*******************************
***iteration: 1 Population is***
*******************************
Population scores:
1193:[4.31480498e+11 2.82306121e+11]:[ 5.96130977e-02 -2.70398148e-12 -1.63299191e-13  1.62488253e-11 -1.80629580e-10 -1.17253853e-15  7.35985745e-16  1.93273422e-05 -2.14007186e-06 -7.31258974e-09  8.68674845e-10]:11.45072029515621
1163:[9.90274017e+11 4.12316701e+11]:[ 5.96742684e-02 -2.70771464e-12 -8.22367026e-14  1.32263756e-11 -1.79637685e-10 -1.35481292e-15  8.74984553e-16  2.95085092e-05 -2.14042508e-06 -1.24260128e-08  8.63415554e-10]:11.615230925861711
1189:[7.98446027e+11 4.22764480e+11]:[ 5.95957624e-02 -2.70616245e-12 -1.27066018e-13  1.68185812e-11 -1.86598177e-10 -1.35636941e-15  5.70532040e-16  2.38471918e-05 -2.13955374e-06 -1.00176066e-08  8.65826518e-10]:11.626098491070794
1155:[3.21584299e+11 5.67381141e+11]:[ 5.95086656e-02 -2.70374792e-12 -1.59722795e-13  1.93161282e-11 -1.92135331e-10 -1.17028593e-15  1.92526931e-16  8.33659697e-06 -2.13429221e-06 -2.93460030e-09  8.70079868e-10]:11.75387489607692
1191:[2.65000920e+12 3.85731564e+12]:[ 5.95994122e-02 -2.70497947e-12 -1.40811661e-13  1.37819325e-11 -1.88118492e-10 -1.18397222e-15  8.83185439e-16  1.93471715e-05 -2.13401919e-06 -1.07360741e-08  8.68313115e-10]:12.586285178680612
1188:[2.50413417e+12 4.08919387e+12]:[ 5.95525198e-02 -2.70468004e-12 -1.22537377e-13  1.35385925e-11 -1.79684180e-10 -1.16951623e-15  5.92470927e-16  1.02216369e-05 -2.13672700e-06 -6.62195914e-09  8.65917419e-10]:12.611637701074608
1192:[4.00261601e+12 7.90172487e+12]:[ 5.96084265e-02 -2.70740873e-12 -1.49984923e-13  1.66461505e-11 -1.78558454e-10 -1.25543988e-15  8.69963387e-16  2.44602777e-05 -2.13973998e-06 -4.95613552e-09  8.65863817e-10]:12.897721903721049
1190:[4.66341537e+12 9.34423881e+12]:[ 5.95977668e-02 -2.70474595e-12 -1.66723102e-13  1.83780861e-11 -1.86306271e-10 -1.28014622e-15  8.06212702e-16  2.39151482e-05 -2.13933990e-06 -4.40840024e-09  8.68104972e-10]:12.970543929147677
Selected: [3 4]
***************
***CROSSOVER***
***************
parents:
[ 5.95086656e-02 -2.70374792e-12 -1.59722795e-13  1.93161282e-11 -1.92135331e-10 -1.17028593e-15  1.92526931e-16  8.33659697e-06 -2.13429221e-06 -2.93460030e-09  8.70079868e-10]
[ 5.95994122e-02 -2.70497947e-12 -1.40811661e-13  1.37819325e-11 -1.88118492e-10 -1.18397222e-15  8.83185439e-16  1.93471715e-05 -2.13401919e-06 -1.07360741e-08  8.68313115e-10]
children:
[ 5.95607344e-02 -2.70408539e-12 -1.40224846e-13  1.87136216e-11 -1.87737722e-10 -1.18065849e-15  3.10954635e-16  1.94389112e-05 -2.13407202e-06 -8.31309240e-09  8.69020405e-10]
[ 5.95338730e-02 -2.70469616e-12 -1.49071938e-13  1.79307052e-11 -1.91341340e-10 -1.18201035e-15  3.87668207e-16  1.75336183e-05 -2.13410155e-06 -5.27298546e-09  8.69665932e-10]
Selected: [1 2]
***************
***CROSSOVER***
***************
parents:
[ 5.96742684e-02 -2.70771464e-12 -8.22367026e-14  1.32263756e-11 -1.79637685e-10 -1.35481292e-15  8.74984553e-16  2.95085092e-05 -2.14042508e-06 -1.24260128e-08  8.63415554e-10]
[ 5.95957624e-02 -2.70616245e-12 -1.27066018e-13  1.68185812e-11 -1.86598177e-10 -1.35636941e-15  5.70532040e-16  2.38471918e-05 -2.13955374e-06 -1.00176066e-08  8.65826518e-10]
children:
[ 5.96001883e-02 -2.70694472e-12 -1.03631695e-13  1.34607341e-11 -1.83573365e-10 -1.35509970e-15  7.85514016e-16  2.57648955e-05 -2.13971147e-06 -1.00126954e-08  8.64932920e-10]
[ 5.96280680e-02 -2.70772537e-12 -1.24066289e-13  1.29602947e-11 -1.86918027e-10 -1.35644214e-15  6.55590038e-16  2.70790431e-05 -2.13969258e-06 -1.18872177e-08  8.63894981e-10]
Selected: [2 3]
***************
***CROSSOVER***
***************
parents:
[ 5.95957624e-02 -2.70616245e-12 -1.27066018e-13  1.68185812e-11 -1.86598177e-10 -1.35636941e-15  5.70532040e-16  2.38471918e-05 -2.13955374e-06 -1.00176066e-08  8.65826518e-10]
[ 5.95086656e-02 -2.70374792e-12 -1.59722795e-13  1.93161282e-11 -1.92135331e-10 -1.17028593e-15  1.92526931e-16  8.33659697e-06 -2.13429221e-06 -2.93460030e-09  8.70079868e-10]
children:
[ 5.95783473e-02 -2.70629425e-12 -1.41134927e-13  1.81984593e-11 -1.86983429e-10 -1.31161366e-15  4.86473915e-16  1.99906225e-05 -2.13697377e-06 -8.12336102e-09  8.67049527e-10]
[ 5.95756865e-02 -2.70526006e-12 -1.23971393e-13  1.95600892e-11 -1.89178943e-10 -1.20110366e-15  2.13658308e-16  1.88090686e-05 -2.13431316e-06 -8.21898508e-09  8.69407721e-10]
Selected: [0 2]
***************
***CROSSOVER***
***************
parents:
[ 5.96130977e-02 -2.70398148e-12 -1.63299191e-13  1.62488253e-11 -1.80629580e-10 -1.17253853e-15  7.35985745e-16  1.93273422e-05 -2.14007186e-06 -7.31258974e-09  8.68674845e-10]
[ 5.95957624e-02 -2.70616245e-12 -1.27066018e-13  1.68185812e-11 -1.86598177e-10 -1.35636941e-15  5.70532040e-16  2.38471918e-05 -2.13955374e-06 -1.00176066e-08  8.65826518e-10]
children:
[ 5.96138126e-02 -2.70486663e-12 -1.43961001e-13  1.65056718e-11 -1.83197878e-10 -1.23145696e-15  6.23531423e-16  1.89498432e-05 -2.13991869e-06 -9.64560546e-09  8.68526140e-10]
[ 5.96081883e-02 -2.70536785e-12 -1.63321259e-13  1.63138911e-11 -1.85459803e-10 -1.36843819e-15  6.71302719e-16  2.26498396e-05 -2.13953677e-06 -9.28168922e-09  8.65649426e-10]
@@@@@@@@@@@@@@@@@@@@@@@@@
@@@merging population@@@@
@@@@@@@@@@@@@@@@@@@@@@@@@
Population scores:
1200:[5.96797847e+11 1.36145252e+11]:[ 5.96001883e-02 -2.70694472e-12 -1.03631695e-13  1.34607341e-11 -1.83573365e-10 -1.35509970e-15  7.85514016e-16  2.57648955e-05 -2.13971147e-06 -1.00126954e-08  8.64932920e-10]:11.134002500537841
1193:[4.31480498e+11 2.82306121e+11]:[ 5.96130977e-02 -2.70398148e-12 -1.63299191e-13  1.62488253e-11 -1.80629580e-10 -1.17253853e-15  7.35985745e-16  1.93273422e-05 -2.14007186e-06 -7.31258974e-09  8.68674845e-10]:11.45072029515621
1199:[5.60526254e+11 3.12272239e+11]:[ 5.95783473e-02 -2.70629425e-12 -1.41134927e-13  1.81984593e-11 -1.86983429e-10 -1.31161366e-15  4.86473915e-16  1.99906225e-05 -2.13697377e-06 -8.12336102e-09  8.67049527e-10]:11.494533376534836
1201:[6.93069753e+11 3.31845569e+11]:[ 5.96081883e-02 -2.70536785e-12 -1.63321259e-13  1.63138911e-11 -1.85459803e-10 -1.36843819e-15  6.71302719e-16  2.26498396e-05 -2.13953677e-06 -9.28168922e-09  8.65649426e-10]:11.520936022800274
1197:[5.71110783e+11 4.03565733e+11]:[ 5.95607344e-02 -2.70408539e-12 -1.40224846e-13  1.87136216e-11 -1.87737722e-10 -1.18065849e-15  3.10954635e-16  1.94389112e-05 -2.13407202e-06 -8.31309240e-09  8.69020405e-10]:11.605914283280848
1163:[9.90274017e+11 4.12316701e+11]:[ 5.96742684e-02 -2.70771464e-12 -8.22367026e-14  1.32263756e-11 -1.79637685e-10 -1.35481292e-15  8.74984553e-16  2.95085092e-05 -2.14042508e-06 -1.24260128e-08  8.63415554e-10]:11.615230925861711
1189:[7.98446027e+11 4.22764480e+11]:[ 5.95957624e-02 -2.70616245e-12 -1.27066018e-13  1.68185812e-11 -1.86598177e-10 -1.35636941e-15  5.70532040e-16  2.38471918e-05 -2.13955374e-06 -1.00176066e-08  8.65826518e-10]:11.626098491070794
1198:[6.33722755e+11 5.10999099e+11]:[ 5.95756865e-02 -2.70526006e-12 -1.23971393e-13  1.95600892e-11 -1.89178943e-10 -1.20110366e-15  2.13658308e-16  1.88090686e-05 -2.13431316e-06 -8.21898508e-09  8.69407721e-10]:11.708420134570108
1155:[3.21584299e+11 5.67381141e+11]:[ 5.95086656e-02 -2.70374792e-12 -1.59722795e-13  1.93161282e-11 -1.92135331e-10 -1.17028593e-15  1.92526931e-16  8.33659697e-06 -2.13429221e-06 -2.93460030e-09  8.70079868e-10]:11.75387489607692
1203:[1.20904692e+12 8.48423345e+11]:[ 5.96280680e-02 -2.70772537e-12 -1.24066289e-13  1.29602947e-11 -1.86918027e-10 -1.35644214e-15  6.55590038e-16  2.70790431e-05 -2.13969258e-06 -1.18872177e-08  8.63894981e-10]:11.928612609852374
1196:[7.36835891e+11 1.28091858e+12]:[ 5.95338730e-02 -2.70469616e-12 -1.49071938e-13  1.79307052e-11 -1.91341340e-10 -1.18201035e-15  3.87668207e-16  1.75336183e-05 -2.13410155e-06 -5.27298546e-09  8.69665932e-10]:12.10752152381695
1202:[1.78017444e+12 2.31652572e+12]:[ 5.96138126e-02 -2.70486663e-12 -1.43961001e-13  1.65056718e-11 -1.83197878e-10 -1.23145696e-15  6.23531423e-16  1.89498432e-05 -2.13991869e-06 -9.64560546e-09  8.68526140e-10]:12.36483712673051
1191:[2.65000920e+12 3.85731564e+12]:[ 5.95994122e-02 -2.70497947e-12 -1.40811661e-13  1.37819325e-11 -1.88118492e-10 -1.18397222e-15  8.83185439e-16  1.93471715e-05 -2.13401919e-06 -1.07360741e-08  8.68313115e-10]:12.586285178680612
1188:[2.50413417e+12 4.08919387e+12]:[ 5.95525198e-02 -2.70468004e-12 -1.22537377e-13  1.35385925e-11 -1.79684180e-10 -1.16951623e-15  5.92470927e-16  1.02216369e-05 -2.13672700e-06 -6.62195914e-09  8.65917419e-10]:12.611637701074608
1192:[4.00261601e+12 7.90172487e+12]:[ 5.96084265e-02 -2.70740873e-12 -1.49984923e-13  1.66461505e-11 -1.78558454e-10 -1.25543988e-15  8.69963387e-16  2.44602777e-05 -2.13973998e-06 -4.95613552e-09  8.65863817e-10]:12.897721903721049
1190:[4.66341537e+12 9.34423881e+12]:[ 5.95977668e-02 -2.70474595e-12 -1.66723102e-13  1.83780861e-11 -1.86306271e-10 -1.28014622e-15  8.06212702e-16  2.39151482e-05 -2.13933990e-06 -4.40840024e-09  8.68104972e-10]:12.970543929147677
*******************************
***iteration: 2 Population is***
*******************************
Population scores:
1200:[5.96797847e+11 1.36145252e+11]:[ 5.96001883e-02 -2.70694472e-12 -1.03631695e-13  1.34607341e-11 -1.83573365e-10 -1.35509970e-15  7.85514016e-16  2.57648955e-05 -2.13971147e-06 -1.00126954e-08  8.64932920e-10]:11.134002500537841
1193:[4.31480498e+11 2.82306121e+11]:[ 5.96130977e-02 -2.70398148e-12 -1.63299191e-13  1.62488253e-11 -1.80629580e-10 -1.17253853e-15  7.35985745e-16  1.93273422e-05 -2.14007186e-06 -7.31258974e-09  8.68674845e-10]:11.45072029515621
1199:[5.60526254e+11 3.12272239e+11]:[ 5.95783473e-02 -2.70629425e-12 -1.41134927e-13  1.81984593e-11 -1.86983429e-10 -1.31161366e-15  4.86473915e-16  1.99906225e-05 -2.13697377e-06 -8.12336102e-09  8.67049527e-10]:11.494533376534836
1201:[6.93069753e+11 3.31845569e+11]:[ 5.96081883e-02 -2.70536785e-12 -1.63321259e-13  1.63138911e-11 -1.85459803e-10 -1.36843819e-15  6.71302719e-16  2.26498396e-05 -2.13953677e-06 -9.28168922e-09  8.65649426e-10]:11.520936022800274
1197:[5.71110783e+11 4.03565733e+11]:[ 5.95607344e-02 -2.70408539e-12 -1.40224846e-13  1.87136216e-11 -1.87737722e-10 -1.18065849e-15  3.10954635e-16  1.94389112e-05 -2.13407202e-06 -8.31309240e-09  8.69020405e-10]:11.605914283280848
1163:[9.90274017e+11 4.12316701e+11]:[ 5.96742684e-02 -2.70771464e-12 -8.22367026e-14  1.32263756e-11 -1.79637685e-10 -1.35481292e-15  8.74984553e-16  2.95085092e-05 -2.14042508e-06 -1.24260128e-08  8.63415554e-10]:11.615230925861711
1189:[7.98446027e+11 4.22764480e+11]:[ 5.95957624e-02 -2.70616245e-12 -1.27066018e-13  1.68185812e-11 -1.86598177e-10 -1.35636941e-15  5.70532040e-16  2.38471918e-05 -2.13955374e-06 -1.00176066e-08  8.65826518e-10]:11.626098491070794
1198:[6.33722755e+11 5.10999099e+11]:[ 5.95756865e-02 -2.70526006e-12 -1.23971393e-13  1.95600892e-11 -1.89178943e-10 -1.20110366e-15  2.13658308e-16  1.88090686e-05 -2.13431316e-06 -8.21898508e-09  8.69407721e-10]:11.708420134570108
Selected: [7 1]
***************
***CROSSOVER***
***************
parents:
[ 5.95756865e-02 -2.70526006e-12 -1.23971393e-13  1.95600892e-11 -1.89178943e-10 -1.20110366e-15  2.13658308e-16  1.88090686e-05 -2.13431316e-06 -8.21898508e-09  8.69407721e-10]
[ 5.96130977e-02 -2.70398148e-12 -1.63299191e-13  1.62488253e-11 -1.80629580e-10 -1.17253853e-15  7.35985745e-16  1.93273422e-05 -2.14007186e-06 -7.31258974e-09  8.68674845e-10]
children:
[ 5.96036098e-02 -2.70476463e-12 -1.28152301e-13  1.60608396e-11 -1.81819621e-10 -1.18867511e-15  7.21163946e-16  1.88193686e-05 -2.14026118e-06 -8.02310971e-09  8.68725796e-10]
[ 5.95788663e-02 -2.70521516e-12 -1.35661636e-13  1.97127680e-11 -1.86085788e-10 -1.20270932e-15  7.74628866e-16  1.91941927e-05 -2.13773183e-06 -7.32502435e-09  8.69156533e-10]
Selected: [3 5]
***************
***CROSSOVER***
***************
parents:
[ 5.96081883e-02 -2.70536785e-12 -1.63321259e-13  1.63138911e-11 -1.85459803e-10 -1.36843819e-15  6.71302719e-16  2.26498396e-05 -2.13953677e-06 -9.28168922e-09  8.65649426e-10]
[ 5.96742684e-02 -2.70771464e-12 -8.22367026e-14  1.32263756e-11 -1.79637685e-10 -1.35481292e-15  8.74984553e-16  2.95085092e-05 -2.14042508e-06 -1.24260128e-08  8.63415554e-10]
children:
[ 5.96428429e-02 -2.70696677e-12 -1.40855112e-13  1.45695799e-11 -1.79822034e-10 -1.36259309e-15  6.66168685e-16  2.70644775e-05 -2.14043178e-06 -1.22637447e-08  8.64665461e-10]
[ 5.96508640e-02 -2.70789123e-12 -1.51600301e-13  1.48521822e-11 -1.79225424e-10 -1.35657745e-15  8.00828327e-16  2.52045184e-05 -2.13980235e-06 -9.59987153e-09  8.64515496e-10]
Selected: [5 4]
***************
***CROSSOVER***
***************
parents:
[ 5.96742684e-02 -2.70771464e-12 -8.22367026e-14  1.32263756e-11 -1.79637685e-10 -1.35481292e-15  8.74984553e-16  2.95085092e-05 -2.14042508e-06 -1.24260128e-08  8.63415554e-10]
[ 5.95607344e-02 -2.70408539e-12 -1.40224846e-13  1.87136216e-11 -1.87737722e-10 -1.18065849e-15  3.10954635e-16  1.94389112e-05 -2.13407202e-06 -8.31309240e-09  8.69020405e-10]
children:
[ 5.96177137e-02 -2.70399705e-12 -8.96072110e-14  1.44967828e-11 -1.79068049e-10 -1.24103087e-15  6.90973645e-16  2.21850302e-05 -2.13677126e-06 -1.09794681e-08  8.67135632e-10]
[ 5.96026772e-02 -2.70732523e-12 -1.14797228e-13  1.90618098e-11 -1.81420150e-10 -1.29192056e-15  6.05642261e-16  2.25794605e-05 -2.13947071e-06 -1.04953323e-08  8.66134833e-10]
Selected: [7 3]
***************
***CROSSOVER***
***************
parents:
[ 5.95756865e-02 -2.70526006e-12 -1.23971393e-13  1.95600892e-11 -1.89178943e-10 -1.20110366e-15  2.13658308e-16  1.88090686e-05 -2.13431316e-06 -8.21898508e-09  8.69407721e-10]
[ 5.96081883e-02 -2.70536785e-12 -1.63321259e-13  1.63138911e-11 -1.85459803e-10 -1.36843819e-15  6.71302719e-16  2.26498396e-05 -2.13953677e-06 -9.28168922e-09  8.65649426e-10]
children:
[ 5.96074739e-02 -2.70525582e-12 -1.52315962e-13  1.91263238e-11 -1.85436614e-10 -1.22091291e-15  4.74242871e-16  1.98681942e-05 -2.13516835e-06 -9.33793872e-09  8.68593100e-10]
[ 5.96059256e-02 -2.70537558e-12 -1.46220525e-13  1.64192968e-11 -1.87523031e-10 -1.38213594e-15  7.13015340e-16  2.03331832e-05 -2.13487395e-06 -8.38298818e-09  8.67522380e-10]
@@@@@@@@@@@@@@@@@@@@@@@@@
@@@merging population@@@@
@@@@@@@@@@@@@@@@@@@@@@@@@
Population scores:
1200:[5.96797847e+11 1.36145252e+11]:[ 5.96001883e-02 -2.70694472e-12 -1.03631695e-13  1.34607341e-11 -1.83573365e-10 -1.35509970e-15  7.85514016e-16  2.57648955e-05 -2.13971147e-06 -1.00126954e-08  8.64932920e-10]:11.134002500537841
1211:[5.68528412e+11 1.46005684e+11]:[ 5.96508640e-02 -2.70789123e-12 -1.51600301e-13  1.48521822e-11 -1.79225424e-10 -1.35657745e-15  8.00828327e-16  2.52045184e-05 -2.13980235e-06 -9.59987153e-09  8.64515496e-10]:11.164369762422474
1204:[4.21895541e+11 2.76760098e+11]:[ 5.95788663e-02 -2.70521516e-12 -1.35661636e-13  1.97127680e-11 -1.86085788e-10 -1.20270932e-15  7.74628866e-16  1.91941927e-05 -2.13773183e-06 -7.32502435e-09  8.69156533e-10]:11.442103476496078
1193:[4.31480498e+11 2.82306121e+11]:[ 5.96130977e-02 -2.70398148e-12 -1.63299191e-13  1.62488253e-11 -1.80629580e-10 -1.17253853e-15  7.35985745e-16  1.93273422e-05 -2.14007186e-06 -7.31258974e-09  8.68674845e-10]:11.45072029515621
1199:[5.60526254e+11 3.12272239e+11]:[ 5.95783473e-02 -2.70629425e-12 -1.41134927e-13  1.81984593e-11 -1.86983429e-10 -1.31161366e-15  4.86473915e-16  1.99906225e-05 -2.13697377e-06 -8.12336102e-09  8.67049527e-10]:11.494533376534836
1201:[6.93069753e+11 3.31845569e+11]:[ 5.96081883e-02 -2.70536785e-12 -1.63321259e-13  1.63138911e-11 -1.85459803e-10 -1.36843819e-15  6.71302719e-16  2.26498396e-05 -2.13953677e-06 -9.28168922e-09  8.65649426e-10]:11.520936022800274
1207:[6.03911457e+11 3.38738508e+11]:[ 5.96059256e-02 -2.70537558e-12 -1.46220525e-13  1.64192968e-11 -1.87523031e-10 -1.38213594e-15  7.13015340e-16  2.03331832e-05 -2.13487395e-06 -8.38298818e-09  8.67522380e-10]:11.529864570284401
1197:[5.71110783e+11 4.03565733e+11]:[ 5.95607344e-02 -2.70408539e-12 -1.40224846e-13  1.87136216e-11 -1.87737722e-10 -1.18065849e-15  3.10954635e-16  1.94389112e-05 -2.13407202e-06 -8.31309240e-09  8.69020405e-10]:11.605914283280848
1163:[9.90274017e+11 4.12316701e+11]:[ 5.96742684e-02 -2.70771464e-12 -8.22367026e-14  1.32263756e-11 -1.79637685e-10 -1.35481292e-15  8.74984553e-16  2.95085092e-05 -2.14042508e-06 -1.24260128e-08  8.63415554e-10]:11.615230925861711
1189:[7.98446027e+11 4.22764480e+11]:[ 5.95957624e-02 -2.70616245e-12 -1.27066018e-13  1.68185812e-11 -1.86598177e-10 -1.35636941e-15  5.70532040e-16  2.38471918e-05 -2.13955374e-06 -1.00176066e-08  8.65826518e-10]:11.626098491070794
1206:[6.27687618e+11 4.83355267e+11]:[ 5.96036098e-02 -2.70476463e-12 -1.28152301e-13  1.60608396e-11 -1.81819621e-10 -1.18867511e-15  7.21163946e-16  1.88193686e-05 -2.14026118e-06 -8.02310971e-09  8.68725796e-10]:11.684266455213724
1198:[6.33722755e+11 5.10999099e+11]:[ 5.95756865e-02 -2.70526006e-12 -1.23971393e-13  1.95600892e-11 -1.89178943e-10 -1.20110366e-15  2.13658308e-16  1.88090686e-05 -2.13431316e-06 -8.21898508e-09  8.69407721e-10]:11.708420134570108
1208:[1.07565319e+12 1.12139899e+12]:[ 5.96074739e-02 -2.70525582e-12 -1.52315962e-13  1.91263238e-11 -1.85436614e-10 -1.22091291e-15  4.74242871e-16  1.98681942e-05 -2.13516835e-06 -9.33793872e-09  8.68593100e-10]:12.049760161339313
1210:[1.48656554e+12 1.27942326e+12]:[ 5.96428429e-02 -2.70696677e-12 -1.40855112e-13  1.45695799e-11 -1.79822034e-10 -1.36259309e-15  6.66168685e-16  2.70644775e-05 -2.14043178e-06 -1.22637447e-08  8.64665461e-10]:12.107014240779481
1205:[1.36426410e+12 1.37536484e+12]:[ 5.96026772e-02 -2.70732523e-12 -1.14797228e-13  1.90618098e-11 -1.81420150e-10 -1.29192056e-15  6.05642261e-16  2.25794605e-05 -2.13947071e-06 -1.04953323e-08  8.66134833e-10]:12.138417917840602
1209:[1.78911689e+12 2.15115310e+12]:[ 5.96177137e-02 -2.70399705e-12 -8.96072110e-14  1.44967828e-11 -1.79068049e-10 -1.24103087e-15  6.90973645e-16  2.21850302e-05 -2.13677126e-06 -1.09794681e-08  8.67135632e-10]:12.332671319930832
*******************************
***iteration: 3 Population is***
*******************************
Population scores:
1200:[5.96797847e+11 1.36145252e+11]:[ 5.96001883e-02 -2.70694472e-12 -1.03631695e-13  1.34607341e-11 -1.83573365e-10 -1.35509970e-15  7.85514016e-16  2.57648955e-05 -2.13971147e-06 -1.00126954e-08  8.64932920e-10]:11.134002500537841
1211:[5.68528412e+11 1.46005684e+11]:[ 5.96508640e-02 -2.70789123e-12 -1.51600301e-13  1.48521822e-11 -1.79225424e-10 -1.35657745e-15  8.00828327e-16  2.52045184e-05 -2.13980235e-06 -9.59987153e-09  8.64515496e-10]:11.164369762422474
1204:[4.21895541e+11 2.76760098e+11]:[ 5.95788663e-02 -2.70521516e-12 -1.35661636e-13  1.97127680e-11 -1.86085788e-10 -1.20270932e-15  7.74628866e-16  1.91941927e-05 -2.13773183e-06 -7.32502435e-09  8.69156533e-10]:11.442103476496078
1193:[4.31480498e+11 2.82306121e+11]:[ 5.96130977e-02 -2.70398148e-12 -1.63299191e-13  1.62488253e-11 -1.80629580e-10 -1.17253853e-15  7.35985745e-16  1.93273422e-05 -2.14007186e-06 -7.31258974e-09  8.68674845e-10]:11.45072029515621
1199:[5.60526254e+11 3.12272239e+11]:[ 5.95783473e-02 -2.70629425e-12 -1.41134927e-13  1.81984593e-11 -1.86983429e-10 -1.31161366e-15  4.86473915e-16  1.99906225e-05 -2.13697377e-06 -8.12336102e-09  8.67049527e-10]:11.494533376534836
1201:[6.93069753e+11 3.31845569e+11]:[ 5.96081883e-02 -2.70536785e-12 -1.63321259e-13  1.63138911e-11 -1.85459803e-10 -1.36843819e-15  6.71302719e-16  2.26498396e-05 -2.13953677e-06 -9.28168922e-09  8.65649426e-10]:11.520936022800274
1207:[6.03911457e+11 3.38738508e+11]:[ 5.96059256e-02 -2.70537558e-12 -1.46220525e-13  1.64192968e-11 -1.87523031e-10 -1.38213594e-15  7.13015340e-16  2.03331832e-05 -2.13487395e-06 -8.38298818e-09  8.67522380e-10]:11.529864570284401
1197:[5.71110783e+11 4.03565733e+11]:[ 5.95607344e-02 -2.70408539e-12 -1.40224846e-13  1.87136216e-11 -1.87737722e-10 -1.18065849e-15  3.10954635e-16  1.94389112e-05 -2.13407202e-06 -8.31309240e-09  8.69020405e-10]:11.605914283280848
Selected: [6 1]
***************
***CROSSOVER***
***************
parents:
[ 5.96059256e-02 -2.70537558e-12 -1.46220525e-13  1.64192968e-11 -1.87523031e-10 -1.38213594e-15  7.13015340e-16  2.03331832e-05 -2.13487395e-06 -8.38298818e-09  8.67522380e-10]
[ 5.96508640e-02 -2.70789123e-12 -1.51600301e-13  1.48521822e-11 -1.79225424e-10 -1.35657745e-15  8.00828327e-16  2.52045184e-05 -2.13980235e-06 -9.59987153e-09  8.64515496e-10]
children:
[ 5.96096890e-02 -2.70643636e-12 -1.51283014e-13  1.55111438e-11 -1.85365720e-10 -1.36913383e-15  7.04815710e-16  2.36265850e-05 -2.13504803e-06 -8.86476136e-09  8.65370323e-10]
[ 5.96252905e-02 -2.70644314e-12 -1.49608355e-13  1.62862385e-11 -1.79990333e-10 -1.37569624e-15  7.62745833e-16  2.21621807e-05 -2.13510083e-06 -9.51566162e-09  8.66578219e-10]
Selected: [1 2]
***************
***CROSSOVER***
***************
parents:
[ 5.96508640e-02 -2.70789123e-12 -1.51600301e-13  1.48521822e-11 -1.79225424e-10 -1.35657745e-15  8.00828327e-16  2.52045184e-05 -2.13980235e-06 -9.59987153e-09  8.64515496e-10]
[ 5.95788663e-02 -2.70521516e-12 -1.35661636e-13  1.97127680e-11 -1.86085788e-10 -1.20270932e-15  7.74628866e-16  1.91941927e-05 -2.13773183e-06 -7.32502435e-09  8.69156533e-10]
children:
[ 5.95901053e-02 -2.70568832e-12 -1.49285344e-13  1.91625407e-11 -1.79884658e-10 -1.28047012e-15  7.83143488e-16  2.36544122e-05 -2.13886993e-06 -7.99655403e-09  8.65559320e-10]
[ 5.96304953e-02 -2.70810972e-12 -1.51762545e-13  1.47948871e-11 -1.79670743e-10 -1.31138271e-15  7.88702956e-16  2.46172612e-05 -2.13913467e-06 -9.18636307e-09  8.67219223e-10]
Selected: [6 1]
***************
***CROSSOVER***
***************
parents:
[ 5.96059256e-02 -2.70537558e-12 -1.46220525e-13  1.64192968e-11 -1.87523031e-10 -1.38213594e-15  7.13015340e-16  2.03331832e-05 -2.13487395e-06 -8.38298818e-09  8.67522380e-10]
[ 5.96508640e-02 -2.70789123e-12 -1.51600301e-13  1.48521822e-11 -1.79225424e-10 -1.35657745e-15  8.00828327e-16  2.52045184e-05 -2.13980235e-06 -9.59987153e-09  8.64515496e-10]
children:
[ 5.96083583e-02 -2.70639976e-12 -1.49044668e-13  1.52555205e-11 -1.82932317e-10 -1.37298311e-15  7.46363780e-16  2.54977999e-05 -2.13826985e-06 -8.98367181e-09  8.65319144e-10]
[ 5.96201962e-02 -2.70617728e-12 -1.48000077e-13  1.54510596e-11 -1.82210213e-10 -1.37695883e-15  7.69864462e-16  2.47581500e-05 -2.13614207e-06 -9.42813821e-09  8.64479769e-10]
Selected: [5 6]
***************
***CROSSOVER***
***************
parents:
[ 5.96081883e-02 -2.70536785e-12 -1.63321259e-13  1.63138911e-11 -1.85459803e-10 -1.36843819e-15  6.71302719e-16  2.26498396e-05 -2.13953677e-06 -9.28168922e-09  8.65649426e-10]
[ 5.96059256e-02 -2.70537558e-12 -1.46220525e-13  1.64192968e-11 -1.87523031e-10 -1.38213594e-15  7.13015340e-16  2.03331832e-05 -2.13487395e-06 -8.38298818e-09  8.67522380e-10]
children:
[ 5.96068749e-02 -2.70537141e-12 -1.61064957e-13  1.63213838e-11 -1.85346720e-10 -1.36772237e-15  7.04542756e-16  2.21909405e-05 -2.13768932e-06 -8.58867091e-09  8.66611294e-10]
[ 5.96078248e-02 -2.70536988e-12 -1.47012422e-13  1.64255337e-11 -1.86179606e-10 -1.36980110e-15  6.88675994e-16  2.13016713e-05 -2.13695371e-06 -8.54602501e-09  8.67154074e-10]
@@@@@@@@@@@@@@@@@@@@@@@@@
@@@merging population@@@@
@@@@@@@@@@@@@@@@@@@@@@@@@
Population scores:
1200:[5.96797847e+11 1.36145252e+11]:[ 5.96001883e-02 -2.70694472e-12 -1.03631695e-13  1.34607341e-11 -1.83573365e-10 -1.35509970e-15  7.85514016e-16  2.57648955e-05 -2.13971147e-06 -1.00126954e-08  8.64932920e-10]:11.134002500537841
1211:[5.68528412e+11 1.46005684e+11]:[ 5.96508640e-02 -2.70789123e-12 -1.51600301e-13  1.48521822e-11 -1.79225424e-10 -1.35657745e-15  8.00828327e-16  2.52045184e-05 -2.13980235e-06 -9.59987153e-09  8.64515496e-10]:11.164369762422474
1217:[5.46796765e+11 1.52836416e+11]:[ 5.96201962e-02 -2.70617728e-12 -1.48000077e-13  1.54510596e-11 -1.82210213e-10 -1.37695883e-15  7.69864462e-16  2.47581500e-05 -2.13614207e-06 -9.42813821e-09  8.64479769e-10]:11.184226844600778
1213:[5.14924069e+11 1.89197915e+11]:[ 5.96068749e-02 -2.70537141e-12 -1.61064957e-13  1.63213838e-11 -1.85346720e-10 -1.36772237e-15  7.04542756e-16  2.21909405e-05 -2.13768932e-06 -8.58867091e-09  8.66611294e-10]:11.276916345433666
1216:[5.06596339e+11 1.92023093e+11]:[ 5.96096890e-02 -2.70643636e-12 -1.51283014e-13  1.55111438e-11 -1.85365720e-10 -1.36913383e-15  7.04815710e-16  2.36265850e-05 -2.13504803e-06 -8.86476136e-09  8.65370323e-10]:11.283353459818157
1219:[5.24365123e+11 2.27051534e+11]:[ 5.96304953e-02 -2.70810972e-12 -1.51762545e-13  1.47948871e-11 -1.79670743e-10 -1.31138271e-15  7.88702956e-16  2.46172612e-05 -2.13913467e-06 -9.18636307e-09  8.67219223e-10]:11.356124441225353
1214:[5.61024754e+11 2.51832784e+11]:[ 5.96078248e-02 -2.70536988e-12 -1.47012422e-13  1.64255337e-11 -1.86179606e-10 -1.36980110e-15  6.88675994e-16  2.13016713e-05 -2.13695371e-06 -8.54602501e-09  8.67154074e-10]:11.401112265779648
1204:[4.21895541e+11 2.76760098e+11]:[ 5.95788663e-02 -2.70521516e-12 -1.35661636e-13  1.97127680e-11 -1.86085788e-10 -1.20270932e-15  7.74628866e-16  1.91941927e-05 -2.13773183e-06 -7.32502435e-09  8.69156533e-10]:11.442103476496078
1193:[4.31480498e+11 2.82306121e+11]:[ 5.96130977e-02 -2.70398148e-12 -1.63299191e-13  1.62488253e-11 -1.80629580e-10 -1.17253853e-15  7.35985745e-16  1.93273422e-05 -2.14007186e-06 -7.31258974e-09  8.68674845e-10]:11.45072029515621
1199:[5.60526254e+11 3.12272239e+11]:[ 5.95783473e-02 -2.70629425e-12 -1.41134927e-13  1.81984593e-11 -1.86983429e-10 -1.31161366e-15  4.86473915e-16  1.99906225e-05 -2.13697377e-06 -8.12336102e-09  8.67049527e-10]:11.494533376534836
1201:[6.93069753e+11 3.31845569e+11]:[ 5.96081883e-02 -2.70536785e-12 -1.63321259e-13  1.63138911e-11 -1.85459803e-10 -1.36843819e-15  6.71302719e-16  2.26498396e-05 -2.13953677e-06 -9.28168922e-09  8.65649426e-10]:11.520936022800274
1207:[6.03911457e+11 3.38738508e+11]:[ 5.96059256e-02 -2.70537558e-12 -1.46220525e-13  1.64192968e-11 -1.87523031e-10 -1.38213594e-15  7.13015340e-16  2.03331832e-05 -2.13487395e-06 -8.38298818e-09  8.67522380e-10]:11.529864570284401
1197:[5.71110783e+11 4.03565733e+11]:[ 5.95607344e-02 -2.70408539e-12 -1.40224846e-13  1.87136216e-11 -1.87737722e-10 -1.18065849e-15  3.10954635e-16  1.94389112e-05 -2.13407202e-06 -8.31309240e-09  8.69020405e-10]:11.605914283280848
1215:[6.03920762e+11 4.35345098e+11]:[ 5.96083583e-02 -2.70639976e-12 -1.49044668e-13  1.52555205e-11 -1.82932317e-10 -1.37298311e-15  7.46363780e-16  2.54977999e-05 -2.13826985e-06 -8.98367181e-09  8.65319144e-10]:11.638833658947709
1218:[8.08904629e+11 5.23859501e+11]:[ 5.96252905e-02 -2.70644314e-12 -1.49608355e-13  1.62862385e-11 -1.79990333e-10 -1.37569624e-15  7.62745833e-16  2.21621807e-05 -2.13510083e-06 -9.51566162e-09  8.66578219e-10]:11.71921482501683
1212:[6.45591569e+11 6.74910174e+11]:[ 5.95901053e-02 -2.70568832e-12 -1.49285344e-13  1.91625407e-11 -1.79884658e-10 -1.28047012e-15  7.83143488e-16  2.36544122e-05 -2.13886993e-06 -7.99655403e-09  8.65559320e-10]:11.829245975087977
*******************************
***iteration: 4 Population is***
*******************************
Population scores:
1200:[5.96797847e+11 1.36145252e+11]:[ 5.96001883e-02 -2.70694472e-12 -1.03631695e-13  1.34607341e-11 -1.83573365e-10 -1.35509970e-15  7.85514016e-16  2.57648955e-05 -2.13971147e-06 -1.00126954e-08  8.64932920e-10]:11.134002500537841
1211:[5.68528412e+11 1.46005684e+11]:[ 5.96508640e-02 -2.70789123e-12 -1.51600301e-13  1.48521822e-11 -1.79225424e-10 -1.35657745e-15  8.00828327e-16  2.52045184e-05 -2.13980235e-06 -9.59987153e-09  8.64515496e-10]:11.164369762422474
1217:[5.46796765e+11 1.52836416e+11]:[ 5.96201962e-02 -2.70617728e-12 -1.48000077e-13  1.54510596e-11 -1.82210213e-10 -1.37695883e-15  7.69864462e-16  2.47581500e-05 -2.13614207e-06 -9.42813821e-09  8.64479769e-10]:11.184226844600778
1213:[5.14924069e+11 1.89197915e+11]:[ 5.96068749e-02 -2.70537141e-12 -1.61064957e-13  1.63213838e-11 -1.85346720e-10 -1.36772237e-15  7.04542756e-16  2.21909405e-05 -2.13768932e-06 -8.58867091e-09  8.66611294e-10]:11.276916345433666
1216:[5.06596339e+11 1.92023093e+11]:[ 5.96096890e-02 -2.70643636e-12 -1.51283014e-13  1.55111438e-11 -1.85365720e-10 -1.36913383e-15  7.04815710e-16  2.36265850e-05 -2.13504803e-06 -8.86476136e-09  8.65370323e-10]:11.283353459818157
1219:[5.24365123e+11 2.27051534e+11]:[ 5.96304953e-02 -2.70810972e-12 -1.51762545e-13  1.47948871e-11 -1.79670743e-10 -1.31138271e-15  7.88702956e-16  2.46172612e-05 -2.13913467e-06 -9.18636307e-09  8.67219223e-10]:11.356124441225353
1214:[5.61024754e+11 2.51832784e+11]:[ 5.96078248e-02 -2.70536988e-12 -1.47012422e-13  1.64255337e-11 -1.86179606e-10 -1.36980110e-15  6.88675994e-16  2.13016713e-05 -2.13695371e-06 -8.54602501e-09  8.67154074e-10]:11.401112265779648
1204:[4.21895541e+11 2.76760098e+11]:[ 5.95788663e-02 -2.70521516e-12 -1.35661636e-13  1.97127680e-11 -1.86085788e-10 -1.20270932e-15  7.74628866e-16  1.91941927e-05 -2.13773183e-06 -7.32502435e-09  8.69156533e-10]:11.442103476496078
Selected: [3 0]
***************
***CROSSOVER***
***************
parents:
[ 5.96068749e-02 -2.70537141e-12 -1.61064957e-13  1.63213838e-11 -1.85346720e-10 -1.36772237e-15  7.04542756e-16  2.21909405e-05 -2.13768932e-06 -8.58867091e-09  8.66611294e-10]
[ 5.96001883e-02 -2.70694472e-12 -1.03631695e-13  1.34607341e-11 -1.83573365e-10 -1.35509970e-15  7.85514016e-16  2.57648955e-05 -2.13971147e-06 -1.00126954e-08  8.64932920e-10]
children:
[ 5.96027630e-02 -2.70550064e-12 -1.65909537e-13  1.49316921e-11 -1.83956961e-10 -1.35967805e-15  7.41172660e-16  2.30334917e-05 -2.13835046e-06 -9.82118131e-09  8.65821651e-10]
[ 5.96009008e-02 -2.70689460e-12 -1.63292275e-13  1.62897279e-11 -1.84055992e-10 -1.36050079e-15  7.76104965e-16  2.26095644e-05 -2.13800039e-06 -9.76402754e-09  8.65044498e-10]
Selected: [4 2]
***************
***CROSSOVER***
***************
parents:
[ 5.96096890e-02 -2.70643636e-12 -1.51283014e-13  1.55111438e-11 -1.85365720e-10 -1.36913383e-15  7.04815710e-16  2.36265850e-05 -2.13504803e-06 -8.86476136e-09  8.65370323e-10]
[ 5.96201962e-02 -2.70617728e-12 -1.48000077e-13  1.54510596e-11 -1.82210213e-10 -1.37695883e-15  7.69864462e-16  2.47581500e-05 -2.13614207e-06 -9.42813821e-09  8.64479769e-10]
children:
[ 5.96164023e-02 -2.70620308e-12 -1.48827641e-13  1.55008862e-11 -1.83439272e-10 -1.36924620e-15  7.60731739e-16  2.48613144e-05 -2.13584521e-06 -9.15704338e-09  8.64705441e-10]
[ 5.96129624e-02 -2.70629029e-12 -1.50108309e-13  1.54780265e-11 -1.84938966e-10 -1.37209218e-15  6.98831117e-16  2.43351137e-05 -2.13575463e-06 -8.85403090e-09  8.64558627e-10]
Selected: [7 2]
***************
***CROSSOVER***
***************
parents:
[ 5.95788663e-02 -2.70521516e-12 -1.35661636e-13  1.97127680e-11 -1.86085788e-10 -1.20270932e-15  7.74628866e-16  1.91941927e-05 -2.13773183e-06 -7.32502435e-09  8.69156533e-10]
[ 5.96201962e-02 -2.70617728e-12 -1.48000077e-13  1.54510596e-11 -1.82210213e-10 -1.37695883e-15  7.69864462e-16  2.47581500e-05 -2.13614207e-06 -9.42813821e-09  8.64479769e-10]
children:
[ 5.95863424e-02 -2.70571866e-12 -1.47571354e-13  1.56817949e-11 -1.84067353e-10 -1.20584831e-15  7.70747721e-16  2.40737246e-05 -2.13685161e-06 -7.36797380e-09  8.64785010e-10]
[ 5.95839332e-02 -2.70532883e-12 -1.45101597e-13  1.80711143e-11 -1.85800510e-10 -1.34963983e-15  7.74181659e-16  1.96176274e-05 -2.13711051e-06 -8.05684165e-09  8.68850203e-10]
Selected: [5 1]
***************
***CROSSOVER***
***************
parents:
[ 5.96304953e-02 -2.70810972e-12 -1.51762545e-13  1.47948871e-11 -1.79670743e-10 -1.31138271e-15  7.88702956e-16  2.46172612e-05 -2.13913467e-06 -9.18636307e-09  8.67219223e-10]
[ 5.96508640e-02 -2.70789123e-12 -1.51600301e-13  1.48521822e-11 -1.79225424e-10 -1.35657745e-15  8.00828327e-16  2.52045184e-05 -2.13980235e-06 -9.59987153e-09  8.64515496e-10]
children:
[ 5.96418550e-02 -2.70794974e-12 -1.51771266e-13  1.48325103e-11 -1.79524580e-10 -1.31225904e-15  7.90526051e-16  2.51459268e-05 -2.13928617e-06 -9.56881203e-09  8.66432557e-10]
[ 5.96456883e-02 -2.70791594e-12 -1.51671462e-13  1.47923322e-11 -1.79487498e-10 -1.32658705e-15  7.97830464e-16  2.50318963e-05 -2.13954709e-06 -9.53517631e-09  8.65544041e-10]
@@@@@@@@@@@@@@@@@@@@@@@@@
@@@merging population@@@@
@@@@@@@@@@@@@@@@@@@@@@@@@
Population scores:
1200:[5.96797847e+11 1.36145252e+11]:[ 5.96001883e-02 -2.70694472e-12 -1.03631695e-13  1.34607341e-11 -1.83573365e-10 -1.35509970e-15  7.85514016e-16  2.57648955e-05 -2.13971147e-06 -1.00126954e-08  8.64932920e-10]:11.134002500537841
1211:[5.68528412e+11 1.46005684e+11]:[ 5.96508640e-02 -2.70789123e-12 -1.51600301e-13  1.48521822e-11 -1.79225424e-10 -1.35657745e-15  8.00828327e-16  2.52045184e-05 -2.13980235e-06 -9.59987153e-09  8.64515496e-10]:11.164369762422474
1217:[5.46796765e+11 1.52836416e+11]:[ 5.96201962e-02 -2.70617728e-12 -1.48000077e-13  1.54510596e-11 -1.82210213e-10 -1.37695883e-15  7.69864462e-16  2.47581500e-05 -2.13614207e-06 -9.42813821e-09  8.64479769e-10]:11.184226844600778
1227:[5.49226196e+11 1.57752170e+11]:[ 5.96456883e-02 -2.70791594e-12 -1.51671462e-13  1.47923322e-11 -1.79487498e-10 -1.32658705e-15  7.97830464e-16  2.50318963e-05 -2.13954709e-06 -9.53517631e-09  8.65544041e-10]:11.19797534089183
1226:[5.40056241e+11 1.69273602e+11]:[ 5.96418550e-02 -2.70794974e-12 -1.51771266e-13  1.48325103e-11 -1.79524580e-10 -1.31225904e-15  7.90526051e-16  2.51459268e-05 -2.13928617e-06 -9.56881203e-09  8.66432557e-10]:11.228589235311606
1213:[5.14924069e+11 1.89197915e+11]:[ 5.96068749e-02 -2.70537141e-12 -1.61064957e-13  1.63213838e-11 -1.85346720e-10 -1.36772237e-15  7.04542756e-16  2.21909405e-05 -2.13768932e-06 -8.58867091e-09  8.66611294e-10]:11.276916345433666
1216:[5.06596339e+11 1.92023093e+11]:[ 5.96096890e-02 -2.70643636e-12 -1.51283014e-13  1.55111438e-11 -1.85365720e-10 -1.36913383e-15  7.04815710e-16  2.36265850e-05 -2.13504803e-06 -8.86476136e-09  8.65370323e-10]:11.283353459818157
1219:[5.24365123e+11 2.27051534e+11]:[ 5.96304953e-02 -2.70810972e-12 -1.51762545e-13  1.47948871e-11 -1.79670743e-10 -1.31138271e-15  7.88702956e-16  2.46172612e-05 -2.13913467e-06 -9.18636307e-09  8.67219223e-10]:11.356124441225353
1225:[5.36519359e+11 2.27915126e+11]:[ 5.96164023e-02 -2.70620308e-12 -1.48827641e-13  1.55008862e-11 -1.83439272e-10 -1.36924620e-15  7.60731739e-16  2.48613144e-05 -2.13584521e-06 -9.15704338e-09  8.64705441e-10]:11.357773148621662
1214:[5.61024754e+11 2.51832784e+11]:[ 5.96078248e-02 -2.70536988e-12 -1.47012422e-13  1.64255337e-11 -1.86179606e-10 -1.36980110e-15  6.88675994e-16  2.13016713e-05 -2.13695371e-06 -8.54602501e-09  8.67154074e-10]:11.401112265779648
1224:[5.30632673e+11 2.60250800e+11]:[ 5.96129624e-02 -2.70629029e-12 -1.50108309e-13  1.54780265e-11 -1.84938966e-10 -1.37209218e-15  6.98831117e-16  2.43351137e-05 -2.13575463e-06 -8.85403090e-09  8.64558627e-10]:11.415392073319152
1204:[4.21895541e+11 2.76760098e+11]:[ 5.95788663e-02 -2.70521516e-12 -1.35661636e-13  1.97127680e-11 -1.86085788e-10 -1.20270932e-15  7.74628866e-16  1.91941927e-05 -2.13773183e-06 -7.32502435e-09  8.69156533e-10]:11.442103476496078
1220:[5.65192597e+11 3.32836539e+11]:[ 5.95839332e-02 -2.70532883e-12 -1.45101597e-13  1.80711143e-11 -1.85800510e-10 -1.34963983e-15  7.74181659e-16  1.96176274e-05 -2.13711051e-06 -8.05684165e-09  8.68850203e-10]:11.522230996796734
1223:[8.44600054e+11 5.24501819e+11]:[ 5.96027630e-02 -2.70550064e-12 -1.65909537e-13  1.49316921e-11 -1.83956961e-10 -1.35967805e-15  7.41172660e-16  2.30334917e-05 -2.13835046e-06 -9.82118131e-09  8.65821651e-10]:11.719746998685977
1222:[9.24816997e+11 6.52923828e+11]:[ 5.96009008e-02 -2.70689460e-12 -1.63292275e-13  1.62897279e-11 -1.84055992e-10 -1.36050079e-15  7.76104965e-16  2.26095644e-05 -2.13800039e-06 -9.76402754e-09  8.65044498e-10]:11.814862518194037
1221:[1.09576412e+12 1.72109295e+12]:[ 5.95863424e-02 -2.70571866e-12 -1.47571354e-13  1.56817949e-11 -1.84067353e-10 -1.20584831e-15  7.70747721e-16  2.40737246e-05 -2.13685161e-06 -7.36797380e-09  8.64785010e-10]:12.235804324776634
Population scores:
1200:[5.96797847e+11 1.36145252e+11]:[ 5.96001883e-02 -2.70694472e-12 -1.03631695e-13  1.34607341e-11 -1.83573365e-10 -1.35509970e-15  7.85514016e-16  2.57648955e-05 -2.13971147e-06 -1.00126954e-08  8.64932920e-10]:11.134002500537841
1211:[5.68528412e+11 1.46005684e+11]:[ 5.96508640e-02 -2.70789123e-12 -1.51600301e-13  1.48521822e-11 -1.79225424e-10 -1.35657745e-15  8.00828327e-16  2.52045184e-05 -2.13980235e-06 -9.59987153e-09  8.64515496e-10]:11.164369762422474
1217:[5.46796765e+11 1.52836416e+11]:[ 5.96201962e-02 -2.70617728e-12 -1.48000077e-13  1.54510596e-11 -1.82210213e-10 -1.37695883e-15  7.69864462e-16  2.47581500e-05 -2.13614207e-06 -9.42813821e-09  8.64479769e-10]:11.184226844600778
1227:[5.49226196e+11 1.57752170e+11]:[ 5.96456883e-02 -2.70791594e-12 -1.51671462e-13  1.47923322e-11 -1.79487498e-10 -1.32658705e-15  7.97830464e-16  2.50318963e-05 -2.13954709e-06 -9.53517631e-09  8.65544041e-10]:11.19797534089183
1226:[5.40056241e+11 1.69273602e+11]:[ 5.96418550e-02 -2.70794974e-12 -1.51771266e-13  1.48325103e-11 -1.79524580e-10 -1.31225904e-15  7.90526051e-16  2.51459268e-05 -2.13928617e-06 -9.56881203e-09  8.66432557e-10]:11.228589235311606
1213:[5.14924069e+11 1.89197915e+11]:[ 5.96068749e-02 -2.70537141e-12 -1.61064957e-13  1.63213838e-11 -1.85346720e-10 -1.36772237e-15  7.04542756e-16  2.21909405e-05 -2.13768932e-06 -8.58867091e-09  8.66611294e-10]:11.276916345433666
1216:[5.06596339e+11 1.92023093e+11]:[ 5.96096890e-02 -2.70643636e-12 -1.51283014e-13  1.55111438e-11 -1.85365720e-10 -1.36913383e-15  7.04815710e-16  2.36265850e-05 -2.13504803e-06 -8.86476136e-09  8.65370323e-10]:11.283353459818157
1219:[5.24365123e+11 2.27051534e+11]:[ 5.96304953e-02 -2.70810972e-12 -1.51762545e-13  1.47948871e-11 -1.79670743e-10 -1.31138271e-15  7.88702956e-16  2.46172612e-05 -2.13913467e-06 -9.18636307e-09  8.67219223e-10]:11.356124441225353
%%%%%%%%%%%%%%%%%%%%%%%%%
%%%final - population%%%%
%%%%%%%%%%%%%%%%%%%%%%%%%
1200:[5.96797847e+11 1.36145252e+11]:[ 5.96001883e-02 -2.70694472e-12 -1.03631695e-13  1.34607341e-11 -1.83573365e-10 -1.35509970e-15  7.85514016e-16  2.57648955e-05 -2.13971147e-06 -1.00126954e-08  8.64932920e-10]
1211:[5.68528412e+11 1.46005684e+11]:[ 5.96508640e-02 -2.70789123e-12 -1.51600301e-13  1.48521822e-11 -1.79225424e-10 -1.35657745e-15  8.00828327e-16  2.52045184e-05 -2.13980235e-06 -9.59987153e-09  8.64515496e-10]
1217:[5.46796765e+11 1.52836416e+11]:[ 5.96201962e-02 -2.70617728e-12 -1.48000077e-13  1.54510596e-11 -1.82210213e-10 -1.37695883e-15  7.69864462e-16  2.47581500e-05 -2.13614207e-06 -9.42813821e-09  8.64479769e-10]
1227:[5.49226196e+11 1.57752170e+11]:[ 5.96456883e-02 -2.70791594e-12 -1.51671462e-13  1.47923322e-11 -1.79487498e-10 -1.32658705e-15  7.97830464e-16  2.50318963e-05 -2.13954709e-06 -9.53517631e-09  8.65544041e-10]
1226:[5.40056241e+11 1.69273602e+11]:[ 5.96418550e-02 -2.70794974e-12 -1.51771266e-13  1.48325103e-11 -1.79524580e-10 -1.31225904e-15  7.90526051e-16  2.51459268e-05 -2.13928617e-06 -9.56881203e-09  8.66432557e-10]
1213:[5.14924069e+11 1.89197915e+11]:[ 5.96068749e-02 -2.70537141e-12 -1.61064957e-13  1.63213838e-11 -1.85346720e-10 -1.36772237e-15  7.04542756e-16  2.21909405e-05 -2.13768932e-06 -8.58867091e-09  8.66611294e-10]
1216:[5.06596339e+11 1.92023093e+11]:[ 5.96096890e-02 -2.70643636e-12 -1.51283014e-13  1.55111438e-11 -1.85365720e-10 -1.36913383e-15  7.04815710e-16  2.36265850e-05 -2.13504803e-06 -8.86476136e-09  8.65370323e-10]
1219:[5.24365123e+11 2.27051534e+11]:[ 5.96304953e-02 -2.70810972e-12 -1.51762545e-13  1.47948871e-11 -1.79670743e-10 -1.31138271e-15  7.88702956e-16  2.46172612e-05 -2.13913467e-06 -9.18636307e-09  8.67219223e-10]
