Generating Population from
[ 5.96130977e-02 -2.70398148e-12 -1.63299191e-13  1.62488253e-11 -1.80629580e-10 -1.17253853e-15  7.35985745e-16  1.93273422e-05 -2.14007186e-06 -7.31258974e-09  8.68674845e-10]
[ 5.96456883e-02 -2.70791594e-12 -1.51671462e-13  1.47923322e-11 -1.79487498e-10 -1.32658705e-15  7.97830464e-16  2.50318963e-05 -2.13954709e-06 -9.53517631e-09  8.65544041e-10]
*******************************
***iteration: 0 Population is***
*******************************
Population scores:
1227:[5.49226196e+11 1.57752170e+11]:[ 5.96456883e-02 -2.70791594e-12 -1.51671462e-13  1.47923322e-11 -1.79487498e-10 -1.32658705e-15  7.97830464e-16  2.50318963e-05 -2.13954709e-06 -9.53517631e-09  8.65544041e-10]:11.19797534089183
1231:[5.23353564e+11 1.86401301e+11]:[ 6.23675704e-02 -2.74491476e-12 -3.01722450e-13  1.87764742e-11 -1.95770966e-10 -1.30022373e-15  8.45224534e-16  2.55347246e-05 -2.14213015e-06 -1.12168911e-08  8.87005320e-10]:11.270448939069686
1193:[4.31480498e+11 2.82306121e+11]:[ 5.96130977e-02 -2.70398148e-12 -1.63299191e-13  1.62488253e-11 -1.80629580e-10 -1.17253853e-15  7.35985745e-16  1.93273422e-05 -2.14007186e-06 -7.31258974e-09  8.68674845e-10]:11.45072029515621
1232:[1.01226494e+12 9.66473684e+11]:[ 5.36042304e-02 -2.18975928e-12 -3.39247591e-13  3.31610112e-11 -1.57460969e-10 -1.11311122e-15  8.67619618e-16  3.60204621e-05 -2.18665030e-06 -1.37604455e-08  8.99804737e-10]:11.98519003324285
1233:[2.99355282e+12 2.81489520e+12]:[ 6.05487031e-02 -3.28990693e-12 -2.39059630e-13  2.40992738e-11 -1.05058241e-10 -1.26637751e-15  7.63017000e-16  2.46544258e-05 -2.31836005e-06 -7.64725025e-09  8.47180519e-10]:12.449462231139284
1230:[2.68860161e+12 3.22855612e+12]:[ 5.85378814e-02 -2.70959962e-12 -2.50265591e-13  2.05056494e-11 -1.71983591e-10 -1.37061509e-15  7.74740633e-16  3.13153749e-05 -2.29878087e-06 -6.21807917e-09  8.66517439e-10]:12.509008339798973
1228:[2.10015666e+12 6.41805637e+12]:[ 5.79065456e-02 -2.59006562e-12 -3.04546055e-13  2.81416278e-11 -9.61144907e-11 -2.13471224e-15  7.67988624e-16  2.04393713e-05 -1.80315575e-06 -1.17401535e-08  9.04285416e-10]:12.807403526884604
1229:[3.4586831e+13 7.4238811e+13]:[ 5.68048497e-02 -2.32499743e-12 -2.56541586e-13  2.74780300e-11 -8.96420102e-11 -1.45582491e-15  7.08391395e-16  2.51787644e-05 -1.37852123e-06 -1.14321835e-08  8.67980718e-10]:13.870631007844725
Selected: [0 1]
***************
***CROSSOVER***
***************
parents:
[ 5.96456883e-02 -2.70791594e-12 -1.51671462e-13  1.47923322e-11 -1.79487498e-10 -1.32658705e-15  7.97830464e-16  2.50318963e-05 -2.13954709e-06 -9.53517631e-09  8.65544041e-10]
[ 6.23675704e-02 -2.74491476e-12 -3.01722450e-13  1.87764742e-11 -1.95770966e-10 -1.30022373e-15  8.45224534e-16  2.55347246e-05 -2.14213015e-06 -1.12168911e-08  8.87005320e-10]
children:
[ 6.01847557e-02 -2.74723639e-12 -1.55844141e-13  1.73179704e-11 -1.83881997e-10 -1.29971344e-15  7.98908377e-16  2.50847525e-05 -2.13930647e-06 -1.10430128e-08  8.85517576e-10]
[ 5.98727622e-02 -2.73489984e-12 -2.05855087e-13  1.87570409e-11 -1.90697866e-10 -1.30993144e-15  8.07042101e-16  2.53664481e-05 -2.14138355e-06 -1.05327879e-08  8.82835820e-10]
Selected: [4 1]
***************
***CROSSOVER***
***************
parents:
[ 6.05487031e-02 -3.28990693e-12 -2.39059630e-13  2.40992738e-11 -1.05058241e-10 -1.26637751e-15  7.63017000e-16  2.46544258e-05 -2.31836005e-06 -7.64725025e-09  8.47180519e-10]
[ 6.23675704e-02 -2.74491476e-12 -3.01722450e-13  1.87764742e-11 -1.95770966e-10 -1.30022373e-15  8.45224534e-16  2.55347246e-05 -2.14213015e-06 -1.12168911e-08  8.87005320e-10]
children:
[ 6.05050328e-02 -3.03995335e-12 -2.88574623e-13  1.89800528e-11 -1.26437082e-10 -1.28407217e-15  7.84212301e-16  2.45721233e-05 -2.17471429e-06 -1.08254602e-08  8.70149078e-10]
[ 6.07528997e-02 -3.28846249e-12 -2.37366979e-13  2.43767903e-11 -1.78164898e-10 -1.29368990e-15  8.50028097e-16  2.55997245e-05 -2.21226879e-06 -1.00591741e-08  8.63180042e-10]
Selected: [0 2]
***************
***CROSSOVER***
***************
parents:
[ 5.96456883e-02 -2.70791594e-12 -1.51671462e-13  1.47923322e-11 -1.79487498e-10 -1.32658705e-15  7.97830464e-16  2.50318963e-05 -2.13954709e-06 -9.53517631e-09  8.65544041e-10]
[ 5.96130977e-02 -2.70398148e-12 -1.63299191e-13  1.62488253e-11 -1.80629580e-10 -1.17253853e-15  7.35985745e-16  1.93273422e-05 -2.14007186e-06 -7.31258974e-09  8.68674845e-10]
children:
[ 5.96401178e-02 -2.70793466e-12 -1.53362710e-13  1.57341285e-11 -1.79408969e-10 -1.16650279e-15  7.84738797e-16  2.37860297e-05 -2.13993661e-06 -7.32959086e-09  8.67061751e-10]
[ 5.96374054e-02 -2.70677678e-12 -1.64451320e-13  1.48266082e-11 -1.79462927e-10 -1.32049880e-15  7.76330810e-16  2.38422653e-05 -2.13990288e-06 -9.55404616e-09  8.66805569e-10]
Selected: [0 1]
***************
***CROSSOVER***
***************
parents:
[ 5.96456883e-02 -2.70791594e-12 -1.51671462e-13  1.47923322e-11 -1.79487498e-10 -1.32658705e-15  7.97830464e-16  2.50318963e-05 -2.13954709e-06 -9.53517631e-09  8.65544041e-10]
[ 6.23675704e-02 -2.74491476e-12 -3.01722450e-13  1.87764742e-11 -1.95770966e-10 -1.30022373e-15  8.45224534e-16  2.55347246e-05 -2.14213015e-06 -1.12168911e-08  8.87005320e-10]
children:
[ 6.00319004e-02 -2.73751485e-12 -1.51879799e-13  1.56976109e-11 -1.88683699e-10 -1.32847623e-15  8.46558805e-16  2.53138700e-05 -2.14045377e-06 -1.02805620e-08  8.81598872e-10]
[ 6.06368628e-02 -2.70428705e-12 -2.10718727e-13  1.90026009e-11 -1.86095883e-10 -1.32486015e-15  7.96226511e-16  2.55616092e-05 -2.13975178e-06 -1.07685772e-08  8.67950345e-10]
@@@@@@@@@@@@@@@@@@@@@@@@@
@@@merging population@@@@
@@@@@@@@@@@@@@@@@@@@@@@@@
Population scores:
1227:[5.49226196e+11 1.57752170e+11]:[ 5.96456883e-02 -2.70791594e-12 -1.51671462e-13  1.47923322e-11 -1.79487498e-10 -1.32658705e-15  7.97830464e-16  2.50318963e-05 -2.13954709e-06 -9.53517631e-09  8.65544041e-10]:11.19797534089183
1236:[4.69053981e+11 1.59966839e+11]:[ 5.98727622e-02 -2.73489984e-12 -2.05855087e-13  1.87570409e-11 -1.90697866e-10 -1.30993144e-15  8.07042101e-16  2.53664481e-05 -2.14138355e-06 -1.05327879e-08  8.82835820e-10]:11.204029962474227
1237:[4.62991938e+11 1.85561306e+11]:[ 6.00319004e-02 -2.73751485e-12 -1.51879799e-13  1.56976109e-11 -1.88683699e-10 -1.32847623e-15  8.46558805e-16  2.53138700e-05 -2.14045377e-06 -1.02805620e-08  8.81598872e-10]:11.268487421581812
1231:[5.23353564e+11 1.86401301e+11]:[ 6.23675704e-02 -2.74491476e-12 -3.01722450e-13  1.87764742e-11 -1.95770966e-10 -1.30022373e-15  8.45224534e-16  2.55347246e-05 -2.14213015e-06 -1.12168911e-08  8.87005320e-10]:11.270448939069686
1238:[5.23562822e+11 1.98995657e+11]:[ 6.01847557e-02 -2.74723639e-12 -1.55844141e-13  1.73179704e-11 -1.83881997e-10 -1.29971344e-15  7.98908377e-16  2.50847525e-05 -2.13930647e-06 -1.10430128e-08  8.85517576e-10]:11.298843598365131
1234:[5.96725417e+11 2.00557474e+11]:[ 5.96374054e-02 -2.70677678e-12 -1.64451320e-13  1.48266082e-11 -1.79462927e-10 -1.32049880e-15  7.76330810e-16  2.38422653e-05 -2.13990288e-06 -9.55404616e-09  8.66805569e-10]:11.302238851162787
1193:[4.31480498e+11 2.82306121e+11]:[ 5.96130977e-02 -2.70398148e-12 -1.63299191e-13  1.62488253e-11 -1.80629580e-10 -1.17253853e-15  7.35985745e-16  1.93273422e-05 -2.14007186e-06 -7.31258974e-09  8.68674845e-10]:11.45072029515621
1240:[7.65334483e+11 3.33684321e+11]:[ 6.06368628e-02 -2.70428705e-12 -2.10718727e-13  1.90026009e-11 -1.86095883e-10 -1.32486015e-15  7.96226511e-16  2.55616092e-05 -2.13975178e-06 -1.07685772e-08  8.67950345e-10]:11.523335800712035
1232:[1.01226494e+12 9.66473684e+11]:[ 5.36042304e-02 -2.18975928e-12 -3.39247591e-13  3.31610112e-11 -1.57460969e-10 -1.11311122e-15  8.67619618e-16  3.60204621e-05 -2.18665030e-06 -1.37604455e-08  8.99804737e-10]:11.98519003324285
1241:[1.60206908e+12 1.23797852e+12]:[ 6.07528997e-02 -3.28846249e-12 -2.37366979e-13  2.43767903e-11 -1.78164898e-10 -1.29368990e-15  8.50028097e-16  2.55997245e-05 -2.21226879e-06 -1.00591741e-08  8.63180042e-10]:12.092713110901004
1239:[1.47914671e+12 1.35815598e+12]:[ 6.05050328e-02 -3.03995335e-12 -2.88574623e-13  1.89800528e-11 -1.26437082e-10 -1.28407217e-15  7.84212301e-16  2.45721233e-05 -2.17471429e-06 -1.08254602e-08  8.70149078e-10]:12.132949651604237
1235:[1.09381037e+12 1.72361014e+12]:[ 5.96401178e-02 -2.70793466e-12 -1.53362710e-13  1.57341285e-11 -1.79408969e-10 -1.16650279e-15  7.84738797e-16  2.37860297e-05 -2.13993661e-06 -7.32959086e-09  8.67061751e-10]:12.236439040951415
1233:[2.99355282e+12 2.81489520e+12]:[ 6.05487031e-02 -3.28990693e-12 -2.39059630e-13  2.40992738e-11 -1.05058241e-10 -1.26637751e-15  7.63017000e-16  2.46544258e-05 -2.31836005e-06 -7.64725025e-09  8.47180519e-10]:12.449462231139284
1230:[2.68860161e+12 3.22855612e+12]:[ 5.85378814e-02 -2.70959962e-12 -2.50265591e-13  2.05056494e-11 -1.71983591e-10 -1.37061509e-15  7.74740633e-16  3.13153749e-05 -2.29878087e-06 -6.21807917e-09  8.66517439e-10]:12.509008339798973
1228:[2.10015666e+12 6.41805637e+12]:[ 5.79065456e-02 -2.59006562e-12 -3.04546055e-13  2.81416278e-11 -9.61144907e-11 -2.13471224e-15  7.67988624e-16  2.04393713e-05 -1.80315575e-06 -1.17401535e-08  9.04285416e-10]:12.807403526884604
1229:[3.4586831e+13 7.4238811e+13]:[ 5.68048497e-02 -2.32499743e-12 -2.56541586e-13  2.74780300e-11 -8.96420102e-11 -1.45582491e-15  7.08391395e-16  2.51787644e-05 -1.37852123e-06 -1.14321835e-08  8.67980718e-10]:13.870631007844725
*******************************
***iteration: 1 Population is***
*******************************
Population scores:
1227:[5.49226196e+11 1.57752170e+11]:[ 5.96456883e-02 -2.70791594e-12 -1.51671462e-13  1.47923322e-11 -1.79487498e-10 -1.32658705e-15  7.97830464e-16  2.50318963e-05 -2.13954709e-06 -9.53517631e-09  8.65544041e-10]:11.19797534089183
1236:[4.69053981e+11 1.59966839e+11]:[ 5.98727622e-02 -2.73489984e-12 -2.05855087e-13  1.87570409e-11 -1.90697866e-10 -1.30993144e-15  8.07042101e-16  2.53664481e-05 -2.14138355e-06 -1.05327879e-08  8.82835820e-10]:11.204029962474227
1237:[4.62991938e+11 1.85561306e+11]:[ 6.00319004e-02 -2.73751485e-12 -1.51879799e-13  1.56976109e-11 -1.88683699e-10 -1.32847623e-15  8.46558805e-16  2.53138700e-05 -2.14045377e-06 -1.02805620e-08  8.81598872e-10]:11.268487421581812
1231:[5.23353564e+11 1.86401301e+11]:[ 6.23675704e-02 -2.74491476e-12 -3.01722450e-13  1.87764742e-11 -1.95770966e-10 -1.30022373e-15  8.45224534e-16  2.55347246e-05 -2.14213015e-06 -1.12168911e-08  8.87005320e-10]:11.270448939069686
1238:[5.23562822e+11 1.98995657e+11]:[ 6.01847557e-02 -2.74723639e-12 -1.55844141e-13  1.73179704e-11 -1.83881997e-10 -1.29971344e-15  7.98908377e-16  2.50847525e-05 -2.13930647e-06 -1.10430128e-08  8.85517576e-10]:11.298843598365131
1234:[5.96725417e+11 2.00557474e+11]:[ 5.96374054e-02 -2.70677678e-12 -1.64451320e-13  1.48266082e-11 -1.79462927e-10 -1.32049880e-15  7.76330810e-16  2.38422653e-05 -2.13990288e-06 -9.55404616e-09  8.66805569e-10]:11.302238851162787
1193:[4.31480498e+11 2.82306121e+11]:[ 5.96130977e-02 -2.70398148e-12 -1.63299191e-13  1.62488253e-11 -1.80629580e-10 -1.17253853e-15  7.35985745e-16  1.93273422e-05 -2.14007186e-06 -7.31258974e-09  8.68674845e-10]:11.45072029515621
1240:[7.65334483e+11 3.33684321e+11]:[ 6.06368628e-02 -2.70428705e-12 -2.10718727e-13  1.90026009e-11 -1.86095883e-10 -1.32486015e-15  7.96226511e-16  2.55616092e-05 -2.13975178e-06 -1.07685772e-08  8.67950345e-10]:11.523335800712035
Selected: [4 6]
***************
***CROSSOVER***
***************
parents:
[ 6.01847557e-02 -2.74723639e-12 -1.55844141e-13  1.73179704e-11 -1.83881997e-10 -1.29971344e-15  7.98908377e-16  2.50847525e-05 -2.13930647e-06 -1.10430128e-08  8.85517576e-10]
[ 5.96130977e-02 -2.70398148e-12 -1.63299191e-13  1.62488253e-11 -1.80629580e-10 -1.17253853e-15  7.35985745e-16  1.93273422e-05 -2.14007186e-06 -7.31258974e-09  8.68674845e-10]
children:
[ 6.00160379e-02 -2.71867874e-12 -1.60402206e-13  1.62349394e-11 -1.83337672e-10 -1.18069511e-15  7.45364963e-16  2.45837354e-05 -2.13952364e-06 -9.14550278e-09  8.81919151e-10]
[ 5.96844468e-02 -2.73238060e-12 -1.55367350e-13  1.72467872e-11 -1.83940490e-10 -1.21266674e-15  7.95153584e-16  2.50259639e-05 -2.13970265e-06 -8.66144677e-09  8.77798101e-10]
Selected: [0 1]
***************
***CROSSOVER***
***************
parents:
[ 5.96456883e-02 -2.70791594e-12 -1.51671462e-13  1.47923322e-11 -1.79487498e-10 -1.32658705e-15  7.97830464e-16  2.50318963e-05 -2.13954709e-06 -9.53517631e-09  8.65544041e-10]
[ 5.98727622e-02 -2.73489984e-12 -2.05855087e-13  1.87570409e-11 -1.90697866e-10 -1.30993144e-15  8.07042101e-16  2.53664481e-05 -2.14138355e-06 -1.05327879e-08  8.82835820e-10]
children:
[ 5.98031947e-02 -2.70982650e-12 -1.72656223e-13  1.72920432e-11 -1.81695206e-10 -1.31485283e-15  8.07073640e-16  2.50244815e-05 -2.14135907e-06 -9.74536868e-09  8.79326762e-10]
[ 5.98953123e-02 -2.72397490e-12 -1.84018455e-13  1.60223330e-11 -1.85575817e-10 -1.31546004e-15  8.02793385e-16  2.53505540e-05 -2.14138898e-06 -9.77082006e-09  8.71673048e-10]
Selected: [2 6]
***************
***CROSSOVER***
***************
parents:
[ 6.00319004e-02 -2.73751485e-12 -1.51879799e-13  1.56976109e-11 -1.88683699e-10 -1.32847623e-15  8.46558805e-16  2.53138700e-05 -2.14045377e-06 -1.02805620e-08  8.81598872e-10]
[ 5.96130977e-02 -2.70398148e-12 -1.63299191e-13  1.62488253e-11 -1.80629580e-10 -1.17253853e-15  7.35985745e-16  1.93273422e-05 -2.14007186e-06 -7.31258974e-09  8.68674845e-10]
children:
[ 5.97734581e-02 -2.73019575e-12 -1.60438030e-13  1.61941998e-11 -1.83448036e-10 -1.16396159e-15  8.27342638e-16  2.42200505e-05 -2.14045886e-06 -9.29733710e-09  8.78215039e-10]
[ 5.96563506e-02 -2.70666584e-12 -1.61005717e-13  1.60074953e-11 -1.86747156e-10 -1.29123619e-15  8.04044785e-16  2.11500325e-05 -2.14027512e-06 -7.29701821e-09  8.74012248e-10]
Selected: [7 3]
***************
***CROSSOVER***
***************
parents:
[ 6.06368628e-02 -2.70428705e-12 -2.10718727e-13  1.90026009e-11 -1.86095883e-10 -1.32486015e-15  7.96226511e-16  2.55616092e-05 -2.13975178e-06 -1.07685772e-08  8.67950345e-10]
[ 6.23675704e-02 -2.74491476e-12 -3.01722450e-13  1.87764742e-11 -1.95770966e-10 -1.30022373e-15  8.45224534e-16  2.55347246e-05 -2.14213015e-06 -1.12168911e-08  8.87005320e-10]
children:
[ 6.24397959e-02 -2.70886029e-12 -2.71606239e-13  1.87789678e-11 -1.91074390e-10 -1.31662034e-15  8.10641975e-16  2.55411641e-05 -2.14036846e-06 -1.09046515e-08  8.72711077e-10]
[ 6.24183908e-02 -2.74211610e-12 -2.29821174e-13  1.87941378e-11 -1.95387731e-10 -1.31466628e-15  8.11200328e-16  2.55513770e-05 -2.14041130e-06 -1.10671337e-08  8.76771191e-10]
@@@@@@@@@@@@@@@@@@@@@@@@@
@@@merging population@@@@
@@@@@@@@@@@@@@@@@@@@@@@@@
Population scores:
1227:[5.49226196e+11 1.57752170e+11]:[ 5.96456883e-02 -2.70791594e-12 -1.51671462e-13  1.47923322e-11 -1.79487498e-10 -1.32658705e-15  7.97830464e-16  2.50318963e-05 -2.13954709e-06 -9.53517631e-09  8.65544041e-10]:11.19797534089183
1236:[4.69053981e+11 1.59966839e+11]:[ 5.98727622e-02 -2.73489984e-12 -2.05855087e-13  1.87570409e-11 -1.90697866e-10 -1.30993144e-15  8.07042101e-16  2.53664481e-05 -2.14138355e-06 -1.05327879e-08  8.82835820e-10]:11.204029962474227
1237:[4.62991938e+11 1.85561306e+11]:[ 6.00319004e-02 -2.73751485e-12 -1.51879799e-13  1.56976109e-11 -1.88683699e-10 -1.32847623e-15  8.46558805e-16  2.53138700e-05 -2.14045377e-06 -1.02805620e-08  8.81598872e-10]:11.268487421581812
1231:[5.23353564e+11 1.86401301e+11]:[ 6.23675704e-02 -2.74491476e-12 -3.01722450e-13  1.87764742e-11 -1.95770966e-10 -1.30022373e-15  8.45224534e-16  2.55347246e-05 -2.14213015e-06 -1.12168911e-08  8.87005320e-10]:11.270448939069686
1246:[5.18971973e+11 1.89787387e+11]:[ 5.98953123e-02 -2.72397490e-12 -1.84018455e-13  1.60223330e-11 -1.85575817e-10 -1.31546004e-15  8.02793385e-16  2.53505540e-05 -2.14138898e-06 -9.77082006e-09  8.71673048e-10]:11.278267346055156
1238:[5.23562822e+11 1.98995657e+11]:[ 6.01847557e-02 -2.74723639e-12 -1.55844141e-13  1.73179704e-11 -1.83881997e-10 -1.29971344e-15  7.98908377e-16  2.50847525e-05 -2.13930647e-06 -1.10430128e-08  8.85517576e-10]:11.298843598365131
1234:[5.96725417e+11 2.00557474e+11]:[ 5.96374054e-02 -2.70677678e-12 -1.64451320e-13  1.48266082e-11 -1.79462927e-10 -1.32049880e-15  7.76330810e-16  2.38422653e-05 -2.13990288e-06 -9.55404616e-09  8.66805569e-10]:11.302238851162787
1248:[6.71270551e+11 2.82201430e+11]:[ 6.24183908e-02 -2.74211610e-12 -2.29821174e-13  1.87941378e-11 -1.95387731e-10 -1.31466628e-15  8.11200328e-16  2.55513770e-05 -2.14041130e-06 -1.10671337e-08  8.76771191e-10]:11.450559209807546
1193:[4.31480498e+11 2.82306121e+11]:[ 5.96130977e-02 -2.70398148e-12 -1.63299191e-13  1.62488253e-11 -1.80629580e-10 -1.17253853e-15  7.35985745e-16  1.93273422e-05 -2.14007186e-06 -7.31258974e-09  8.68674845e-10]:11.45072029515621
1245:[4.81510505e+11 2.86529510e+11]:[ 5.98031947e-02 -2.70982650e-12 -1.72656223e-13  1.72920432e-11 -1.81695206e-10 -1.31485283e-15  8.07073640e-16  2.50244815e-05 -2.14135907e-06 -9.74536868e-09  8.79326762e-10]:11.457169357334335
1249:[7.07418805e+11 2.97556611e+11]:[ 6.24397959e-02 -2.70886029e-12 -2.71606239e-13  1.87789678e-11 -1.91074390e-10 -1.31662034e-15  8.10641975e-16  2.55411641e-05 -2.14036846e-06 -1.09046515e-08  8.72711077e-10]:11.473569603165068
1240:[7.65334483e+11 3.33684321e+11]:[ 6.06368628e-02 -2.70428705e-12 -2.10718727e-13  1.90026009e-11 -1.86095883e-10 -1.32486015e-15  7.96226511e-16  2.55616092e-05 -2.13975178e-06 -1.07685772e-08  8.67950345e-10]:11.523335800712035
1244:[5.01616508e+11 4.13400453e+11]:[ 5.97734581e-02 -2.73019575e-12 -1.60438030e-13  1.61941998e-11 -1.83448036e-10 -1.16396159e-15  8.27342638e-16  2.42200505e-05 -2.14045886e-06 -9.29733710e-09  8.78215039e-10]:11.6163709477303
1242:[5.60893739e+11 7.09876804e+11]:[ 5.96563506e-02 -2.70666584e-12 -1.61005717e-13  1.60074953e-11 -1.86747156e-10 -1.29123619e-15  8.04044785e-16  2.11500325e-05 -2.14027512e-06 -7.29701821e-09  8.74012248e-10]:11.851182985248224
1247:[6.21772867e+11 7.85522479e+11]:[ 6.00160379e-02 -2.71867874e-12 -1.60402206e-13  1.62349394e-11 -1.83337672e-10 -1.18069511e-15  7.45364963e-16  2.45837354e-05 -2.13952364e-06 -9.14550278e-09  8.81919151e-10]:11.89515861757474
1243:[8.50351241e+11 1.26826477e+12]:[ 5.96844468e-02 -2.73238060e-12 -1.55367350e-13  1.72467872e-11 -1.83940490e-10 -1.21266674e-15  7.95153584e-16  2.50259639e-05 -2.13970265e-06 -8.66144677e-09  8.77798101e-10]:12.103209929209035
*******************************
***iteration: 2 Population is***
*******************************
Population scores:
1227:[5.49226196e+11 1.57752170e+11]:[ 5.96456883e-02 -2.70791594e-12 -1.51671462e-13  1.47923322e-11 -1.79487498e-10 -1.32658705e-15  7.97830464e-16  2.50318963e-05 -2.13954709e-06 -9.53517631e-09  8.65544041e-10]:11.19797534089183
1236:[4.69053981e+11 1.59966839e+11]:[ 5.98727622e-02 -2.73489984e-12 -2.05855087e-13  1.87570409e-11 -1.90697866e-10 -1.30993144e-15  8.07042101e-16  2.53664481e-05 -2.14138355e-06 -1.05327879e-08  8.82835820e-10]:11.204029962474227
1237:[4.62991938e+11 1.85561306e+11]:[ 6.00319004e-02 -2.73751485e-12 -1.51879799e-13  1.56976109e-11 -1.88683699e-10 -1.32847623e-15  8.46558805e-16  2.53138700e-05 -2.14045377e-06 -1.02805620e-08  8.81598872e-10]:11.268487421581812
1231:[5.23353564e+11 1.86401301e+11]:[ 6.23675704e-02 -2.74491476e-12 -3.01722450e-13  1.87764742e-11 -1.95770966e-10 -1.30022373e-15  8.45224534e-16  2.55347246e-05 -2.14213015e-06 -1.12168911e-08  8.87005320e-10]:11.270448939069686
1246:[5.18971973e+11 1.89787387e+11]:[ 5.98953123e-02 -2.72397490e-12 -1.84018455e-13  1.60223330e-11 -1.85575817e-10 -1.31546004e-15  8.02793385e-16  2.53505540e-05 -2.14138898e-06 -9.77082006e-09  8.71673048e-10]:11.278267346055156
1238:[5.23562822e+11 1.98995657e+11]:[ 6.01847557e-02 -2.74723639e-12 -1.55844141e-13  1.73179704e-11 -1.83881997e-10 -1.29971344e-15  7.98908377e-16  2.50847525e-05 -2.13930647e-06 -1.10430128e-08  8.85517576e-10]:11.298843598365131
1234:[5.96725417e+11 2.00557474e+11]:[ 5.96374054e-02 -2.70677678e-12 -1.64451320e-13  1.48266082e-11 -1.79462927e-10 -1.32049880e-15  7.76330810e-16  2.38422653e-05 -2.13990288e-06 -9.55404616e-09  8.66805569e-10]:11.302238851162787
1248:[6.71270551e+11 2.82201430e+11]:[ 6.24183908e-02 -2.74211610e-12 -2.29821174e-13  1.87941378e-11 -1.95387731e-10 -1.31466628e-15  8.11200328e-16  2.55513770e-05 -2.14041130e-06 -1.10671337e-08  8.76771191e-10]:11.450559209807546
Selected: [7 1]
***************
***CROSSOVER***
***************
parents:
[ 6.24183908e-02 -2.74211610e-12 -2.29821174e-13  1.87941378e-11 -1.95387731e-10 -1.31466628e-15  8.11200328e-16  2.55513770e-05 -2.14041130e-06 -1.10671337e-08  8.76771191e-10]
[ 5.98727622e-02 -2.73489984e-12 -2.05855087e-13  1.87570409e-11 -1.90697866e-10 -1.30993144e-15  8.07042101e-16  2.53664481e-05 -2.14138355e-06 -1.05327879e-08  8.82835820e-10]
children:
[ 6.13866498e-02 -2.74007107e-12 -2.16992632e-13  1.87543107e-11 -1.94814577e-10 -1.31460439e-15  8.10363826e-16  2.54944608e-05 -2.14133478e-06 -1.07397733e-08  8.77648609e-10]
[ 6.02151425e-02 -2.73639291e-12 -2.05491304e-13  1.87971120e-11 -1.90693887e-10 -1.31340471e-15  8.11484395e-16  2.53706545e-05 -2.14039949e-06 -1.08118127e-08  8.80155082e-10]
Selected: [2 5]
***************
***CROSSOVER***
***************
parents:
[ 6.00319004e-02 -2.73751485e-12 -1.51879799e-13  1.56976109e-11 -1.88683699e-10 -1.32847623e-15  8.46558805e-16  2.53138700e-05 -2.14045377e-06 -1.02805620e-08  8.81598872e-10]
[ 6.01847557e-02 -2.74723639e-12 -1.55844141e-13  1.73179704e-11 -1.83881997e-10 -1.29971344e-15  7.98908377e-16  2.50847525e-05 -2.13930647e-06 -1.10430128e-08  8.85517576e-10]
children:
[ 6.00402436e-02 -2.74685861e-12 -1.56021601e-13  1.71523441e-11 -1.84014576e-10 -1.29691735e-15  8.36035655e-16  2.51554264e-05 -2.14050050e-06 -1.09801436e-08  8.81946921e-10]
[ 6.00864784e-02 -2.74113394e-12 -1.54541454e-13  1.68624036e-11 -1.89157569e-10 -1.30195480e-15  8.00022421e-16  2.50692304e-05 -2.13947132e-06 -1.09069412e-08  8.81730635e-10]
Selected: [5 6]
***************
***CROSSOVER***
***************
parents:
[ 6.01847557e-02 -2.74723639e-12 -1.55844141e-13  1.73179704e-11 -1.83881997e-10 -1.29971344e-15  7.98908377e-16  2.50847525e-05 -2.13930647e-06 -1.10430128e-08  8.85517576e-10]
[ 5.96374054e-02 -2.70677678e-12 -1.64451320e-13  1.48266082e-11 -1.79462927e-10 -1.32049880e-15  7.76330810e-16  2.38422653e-05 -2.13990288e-06 -9.55404616e-09  8.66805569e-10]
children:
[ 5.97605388e-02 -2.73966411e-12 -1.59097002e-13  1.52763650e-11 -1.82127153e-10 -1.31884541e-15  7.76889644e-16  2.42850144e-05 -2.13951632e-06 -1.03082853e-08  8.75152237e-10]
[ 5.99554297e-02 -2.70536864e-12 -1.57119672e-13  1.64764696e-11 -1.83548308e-10 -1.30732514e-15  7.81936762e-16  2.43190965e-05 -2.13973022e-06 -1.03433290e-08  8.71081443e-10]
Selected: [4 5]
***************
***CROSSOVER***
***************
parents:
[ 5.98953123e-02 -2.72397490e-12 -1.84018455e-13  1.60223330e-11 -1.85575817e-10 -1.31546004e-15  8.02793385e-16  2.53505540e-05 -2.14138898e-06 -9.77082006e-09  8.71673048e-10]
[ 6.01847557e-02 -2.74723639e-12 -1.55844141e-13  1.73179704e-11 -1.83881997e-10 -1.29971344e-15  7.98908377e-16  2.50847525e-05 -2.13930647e-06 -1.10430128e-08  8.85517576e-10]
children:
[ 6.00241177e-02 -2.72190703e-12 -1.84349575e-13  1.59510996e-11 -1.83783584e-10 -1.31303421e-15  8.01633115e-16  2.53035028e-05 -2.13961576e-06 -9.81567375e-09  8.78546968e-10]
[ 5.99451251e-02 -2.73085399e-12 -1.84428090e-13  1.61006358e-11 -1.84581535e-10 -1.30916163e-15  8.01026989e-16  2.53103002e-05 -2.14103313e-06 -1.09660072e-08  8.73004460e-10]
@@@@@@@@@@@@@@@@@@@@@@@@@
@@@merging population@@@@
@@@@@@@@@@@@@@@@@@@@@@@@@
Population scores:
1227:[5.49226196e+11 1.57752170e+11]:[ 5.96456883e-02 -2.70791594e-12 -1.51671462e-13  1.47923322e-11 -1.79487498e-10 -1.32658705e-15  7.97830464e-16  2.50318963e-05 -2.13954709e-06 -9.53517631e-09  8.65544041e-10]:11.19797534089183
1236:[4.69053981e+11 1.59966839e+11]:[ 5.98727622e-02 -2.73489984e-12 -2.05855087e-13  1.87570409e-11 -1.90697866e-10 -1.30993144e-15  8.07042101e-16  2.53664481e-05 -2.14138355e-06 -1.05327879e-08  8.82835820e-10]:11.204029962474227
1256:[5.45130808e+11 1.77410040e+11]:[ 6.02151425e-02 -2.73639291e-12 -2.05491304e-13  1.87971120e-11 -1.90693887e-10 -1.31340471e-15  8.11484395e-16  2.53706545e-05 -2.14039949e-06 -1.08118127e-08  8.80155082e-10]:11.248978194932905
1257:[5.67250170e+11 1.77482056e+11]:[ 6.13866498e-02 -2.74007107e-12 -2.16992632e-13  1.87543107e-11 -1.94814577e-10 -1.31460439e-15  8.10363826e-16  2.54944608e-05 -2.14133478e-06 -1.07397733e-08  8.77648609e-10]:11.249154451467373
1237:[4.62991938e+11 1.85561306e+11]:[ 6.00319004e-02 -2.73751485e-12 -1.51879799e-13  1.56976109e-11 -1.88683699e-10 -1.32847623e-15  8.46558805e-16  2.53138700e-05 -2.14045377e-06 -1.02805620e-08  8.81598872e-10]:11.268487421581812
1231:[5.23353564e+11 1.86401301e+11]:[ 6.23675704e-02 -2.74491476e-12 -3.01722450e-13  1.87764742e-11 -1.95770966e-10 -1.30022373e-15  8.45224534e-16  2.55347246e-05 -2.14213015e-06 -1.12168911e-08  8.87005320e-10]:11.270448939069686
1246:[5.18971973e+11 1.89787387e+11]:[ 5.98953123e-02 -2.72397490e-12 -1.84018455e-13  1.60223330e-11 -1.85575817e-10 -1.31546004e-15  8.02793385e-16  2.53505540e-05 -2.14138898e-06 -9.77082006e-09  8.71673048e-10]:11.278267346055156
1238:[5.23562822e+11 1.98995657e+11]:[ 6.01847557e-02 -2.74723639e-12 -1.55844141e-13  1.73179704e-11 -1.83881997e-10 -1.29971344e-15  7.98908377e-16  2.50847525e-05 -2.13930647e-06 -1.10430128e-08  8.85517576e-10]:11.298843598365131
1234:[5.96725417e+11 2.00557474e+11]:[ 5.96374054e-02 -2.70677678e-12 -1.64451320e-13  1.48266082e-11 -1.79462927e-10 -1.32049880e-15  7.76330810e-16  2.38422653e-05 -2.13990288e-06 -9.55404616e-09  8.66805569e-10]:11.302238851162787
1255:[5.58988691e+11 2.12078038e+11]:[ 6.00864784e-02 -2.74113394e-12 -1.54541454e-13  1.68624036e-11 -1.89157569e-10 -1.30195480e-15  8.00022421e-16  2.50692304e-05 -2.13947132e-06 -1.09069412e-08  8.81730635e-10]:11.326495696994993
1254:[5.74022557e+11 2.24300302e+11]:[ 6.00402436e-02 -2.74685861e-12 -1.56021601e-13  1.71523441e-11 -1.84014576e-10 -1.29691735e-15  8.36035655e-16  2.51554264e-05 -2.14050050e-06 -1.09801436e-08  8.81946921e-10]:11.350829857623793
1250:[6.02572434e+11 2.41542515e+11]:[ 5.97605388e-02 -2.73966411e-12 -1.59097002e-13  1.52763650e-11 -1.82127153e-10 -1.31884541e-15  7.76889644e-16  2.42850144e-05 -2.13951632e-06 -1.03082853e-08  8.75152237e-10]:11.382993584515287
1248:[6.71270551e+11 2.82201430e+11]:[ 6.24183908e-02 -2.74211610e-12 -2.29821174e-13  1.87941378e-11 -1.95387731e-10 -1.31466628e-15  8.11200328e-16  2.55513770e-05 -2.14041130e-06 -1.10671337e-08  8.76771191e-10]:11.450559209807546
1253:[4.90163824e+11 3.04764575e+11]:[ 6.00241177e-02 -2.72190703e-12 -1.84349575e-13  1.59510996e-11 -1.83783584e-10 -1.31303421e-15  8.01633115e-16  2.53035028e-05 -2.13961576e-06 -9.81567375e-09  8.78546968e-10]:11.483964484155715
1252:[6.97436162e+11 3.26946260e+11]:[ 5.99554297e-02 -2.70536864e-12 -1.57119672e-13  1.64764696e-11 -1.83548308e-10 -1.30732514e-15  7.81936762e-16  2.43190965e-05 -2.13973022e-06 -1.03433290e-08  8.71081443e-10]:11.51447637333279
1251:[7.65645121e+11 3.83859779e+11]:[ 5.99451251e-02 -2.73085399e-12 -1.84428090e-13  1.61006358e-11 -1.84581535e-10 -1.30916163e-15  8.01026989e-16  2.53103002e-05 -2.14103313e-06 -1.09660072e-08  8.73004460e-10]:11.584172608851917
*******************************
***iteration: 3 Population is***
*******************************
Population scores:
1227:[5.49226196e+11 1.57752170e+11]:[ 5.96456883e-02 -2.70791594e-12 -1.51671462e-13  1.47923322e-11 -1.79487498e-10 -1.32658705e-15  7.97830464e-16  2.50318963e-05 -2.13954709e-06 -9.53517631e-09  8.65544041e-10]:11.19797534089183
1236:[4.69053981e+11 1.59966839e+11]:[ 5.98727622e-02 -2.73489984e-12 -2.05855087e-13  1.87570409e-11 -1.90697866e-10 -1.30993144e-15  8.07042101e-16  2.53664481e-05 -2.14138355e-06 -1.05327879e-08  8.82835820e-10]:11.204029962474227
1256:[5.45130808e+11 1.77410040e+11]:[ 6.02151425e-02 -2.73639291e-12 -2.05491304e-13  1.87971120e-11 -1.90693887e-10 -1.31340471e-15  8.11484395e-16  2.53706545e-05 -2.14039949e-06 -1.08118127e-08  8.80155082e-10]:11.248978194932905
1257:[5.67250170e+11 1.77482056e+11]:[ 6.13866498e-02 -2.74007107e-12 -2.16992632e-13  1.87543107e-11 -1.94814577e-10 -1.31460439e-15  8.10363826e-16  2.54944608e-05 -2.14133478e-06 -1.07397733e-08  8.77648609e-10]:11.249154451467373
1237:[4.62991938e+11 1.85561306e+11]:[ 6.00319004e-02 -2.73751485e-12 -1.51879799e-13  1.56976109e-11 -1.88683699e-10 -1.32847623e-15  8.46558805e-16  2.53138700e-05 -2.14045377e-06 -1.02805620e-08  8.81598872e-10]:11.268487421581812
1231:[5.23353564e+11 1.86401301e+11]:[ 6.23675704e-02 -2.74491476e-12 -3.01722450e-13  1.87764742e-11 -1.95770966e-10 -1.30022373e-15  8.45224534e-16  2.55347246e-05 -2.14213015e-06 -1.12168911e-08  8.87005320e-10]:11.270448939069686
1246:[5.18971973e+11 1.89787387e+11]:[ 5.98953123e-02 -2.72397490e-12 -1.84018455e-13  1.60223330e-11 -1.85575817e-10 -1.31546004e-15  8.02793385e-16  2.53505540e-05 -2.14138898e-06 -9.77082006e-09  8.71673048e-10]:11.278267346055156
1238:[5.23562822e+11 1.98995657e+11]:[ 6.01847557e-02 -2.74723639e-12 -1.55844141e-13  1.73179704e-11 -1.83881997e-10 -1.29971344e-15  7.98908377e-16  2.50847525e-05 -2.13930647e-06 -1.10430128e-08  8.85517576e-10]:11.298843598365131
Selected: [6 0]
***************
***CROSSOVER***
***************
parents:
[ 5.98953123e-02 -2.72397490e-12 -1.84018455e-13  1.60223330e-11 -1.85575817e-10 -1.31546004e-15  8.02793385e-16  2.53505540e-05 -2.14138898e-06 -9.77082006e-09  8.71673048e-10]
[ 5.96456883e-02 -2.70791594e-12 -1.51671462e-13  1.47923322e-11 -1.79487498e-10 -1.32658705e-15  7.97830464e-16  2.50318963e-05 -2.13954709e-06 -9.53517631e-09  8.65544041e-10]
children:
[ 5.99197794e-02 -2.72510848e-12 -1.81042367e-13  1.58235992e-11 -1.79792144e-10 -1.32352766e-15  8.02746806e-16  2.51157747e-05 -2.14094092e-06 -9.74187930e-09  8.66668599e-10]
[ 5.98791246e-02 -2.71245217e-12 -1.69280259e-13  1.49292223e-11 -1.84056070e-10 -1.32466571e-15  8.01788637e-16  2.50446773e-05 -2.13976222e-06 -9.77006923e-09  8.71826358e-10]
Selected: [5 1]
***************
***CROSSOVER***
***************
parents:
[ 6.23675704e-02 -2.74491476e-12 -3.01722450e-13  1.87764742e-11 -1.95770966e-10 -1.30022373e-15  8.45224534e-16  2.55347246e-05 -2.14213015e-06 -1.12168911e-08  8.87005320e-10]
[ 5.98727622e-02 -2.73489984e-12 -2.05855087e-13  1.87570409e-11 -1.90697866e-10 -1.30993144e-15  8.07042101e-16  2.53664481e-05 -2.14138355e-06 -1.05327879e-08  8.82835820e-10]
children:
[ 6.19228831e-02 -2.73738175e-12 -2.03572904e-13  1.87640019e-11 -1.90347382e-10 -1.30008887e-15  8.20991993e-16  2.53541622e-05 -2.14141363e-06 -1.07108214e-08  8.84266375e-10]
[ 6.21884287e-02 -2.73702921e-12 -1.97183479e-13  1.87631857e-11 -1.91570520e-10 -1.30814518e-15  8.20074482e-16  2.53962995e-05 -2.14140560e-06 -1.11347929e-08  8.84490143e-10]
Selected: [7 0]
***************
***CROSSOVER***
***************
parents:
[ 6.01847557e-02 -2.74723639e-12 -1.55844141e-13  1.73179704e-11 -1.83881997e-10 -1.29971344e-15  7.98908377e-16  2.50847525e-05 -2.13930647e-06 -1.10430128e-08  8.85517576e-10]
[ 5.96456883e-02 -2.70791594e-12 -1.51671462e-13  1.47923322e-11 -1.79487498e-10 -1.32658705e-15  7.97830464e-16  2.50318963e-05 -2.13954709e-06 -9.53517631e-09  8.65544041e-10]
children:
[ 5.97981451e-02 -2.74396805e-12 -1.53249527e-13  1.47824348e-11 -1.84007578e-10 -1.30158561e-15  7.98501689e-16  2.50857299e-05 -2.13952437e-06 -1.02130694e-08  8.78371382e-10]
[ 5.98645495e-02 -2.71513591e-12 -1.56073256e-13  1.49347539e-11 -1.81926565e-10 -1.32541576e-15  7.97915773e-16  2.50756595e-05 -2.13932520e-06 -9.97425736e-09  8.65573316e-10]
Selected: [5 6]
***************
***CROSSOVER***
***************
parents:
[ 6.23675704e-02 -2.74491476e-12 -3.01722450e-13  1.87764742e-11 -1.95770966e-10 -1.30022373e-15  8.45224534e-16  2.55347246e-05 -2.14213015e-06 -1.12168911e-08  8.87005320e-10]
[ 5.98953123e-02 -2.72397490e-12 -1.84018455e-13  1.60223330e-11 -1.85575817e-10 -1.31546004e-15  8.02793385e-16  2.53505540e-05 -2.14138898e-06 -9.77082006e-09  8.71673048e-10]
children:
[ 6.11466102e-02 -2.72407604e-12 -2.96524766e-13  1.74523333e-11 -1.95063503e-10 -1.30073564e-15  8.07690669e-16  2.53567324e-05 -2.14144291e-06 -1.08926595e-08  8.71888101e-10]
[ 6.06187140e-02 -2.73789384e-12 -2.06054132e-13  1.72128958e-11 -1.94138740e-10 -1.30666278e-15  8.09176780e-16  2.54000223e-05 -2.14181065e-06 -1.11658383e-08  8.85134986e-10]
@@@@@@@@@@@@@@@@@@@@@@@@@
@@@merging population@@@@
@@@@@@@@@@@@@@@@@@@@@@@@@
Population scores:
1261:[5.62829387e+11 1.47471406e+11]:[ 5.99197794e-02 -2.72510848e-12 -1.81042367e-13  1.58235992e-11 -1.79792144e-10 -1.32352766e-15  8.02746806e-16  2.51157747e-05 -2.14094092e-06 -9.74187930e-09  8.66668599e-10]:11.168707820573895
1264:[4.72513217e+11 1.56000284e+11]:[ 6.19228831e-02 -2.73738175e-12 -2.03572904e-13  1.87640019e-11 -1.90347382e-10 -1.30008887e-15  8.20991993e-16  2.53541622e-05 -2.14141363e-06 -1.07108214e-08  8.84266375e-10]:11.193125388283692
1227:[5.49226196e+11 1.57752170e+11]:[ 5.96456883e-02 -2.70791594e-12 -1.51671462e-13  1.47923322e-11 -1.79487498e-10 -1.32658705e-15  7.97830464e-16  2.50318963e-05 -2.13954709e-06 -9.53517631e-09  8.65544041e-10]:11.19797534089183
1236:[4.69053981e+11 1.59966839e+11]:[ 5.98727622e-02 -2.73489984e-12 -2.05855087e-13  1.87570409e-11 -1.90697866e-10 -1.30993144e-15  8.07042101e-16  2.53664481e-05 -2.14138355e-06 -1.05327879e-08  8.82835820e-10]:11.204029962474227
1258:[4.78870249e+11 1.64490946e+11]:[ 5.97981451e-02 -2.74396805e-12 -1.53249527e-13  1.47824348e-11 -1.84007578e-10 -1.30158561e-15  7.98501689e-16  2.50857299e-05 -2.13952437e-06 -1.02130694e-08  8.78371382e-10]:11.216141997487247
1259:[6.12037952e+11 1.68469784e+11]:[ 5.98645495e-02 -2.71513591e-12 -1.56073256e-13  1.49347539e-11 -1.81926565e-10 -1.32541576e-15  7.97915773e-16  2.50756595e-05 -2.13932520e-06 -9.97425736e-09  8.65573316e-10]:11.226522018989918
1260:[5.10547399e+11 1.72034851e+11]:[ 5.98791246e-02 -2.71245217e-12 -1.69280259e-13  1.49292223e-11 -1.84056070e-10 -1.32466571e-15  8.01788637e-16  2.50446773e-05 -2.13976222e-06 -9.77006923e-09  8.71826358e-10]:11.235616436193217
1256:[5.45130808e+11 1.77410040e+11]:[ 6.02151425e-02 -2.73639291e-12 -2.05491304e-13  1.87971120e-11 -1.90693887e-10 -1.31340471e-15  8.11484395e-16  2.53706545e-05 -2.14039949e-06 -1.08118127e-08  8.80155082e-10]:11.248978194932905
1257:[5.67250170e+11 1.77482056e+11]:[ 6.13866498e-02 -2.74007107e-12 -2.16992632e-13  1.87543107e-11 -1.94814577e-10 -1.31460439e-15  8.10363826e-16  2.54944608e-05 -2.14133478e-06 -1.07397733e-08  8.77648609e-10]:11.249154451467373
1237:[4.62991938e+11 1.85561306e+11]:[ 6.00319004e-02 -2.73751485e-12 -1.51879799e-13  1.56976109e-11 -1.88683699e-10 -1.32847623e-15  8.46558805e-16  2.53138700e-05 -2.14045377e-06 -1.02805620e-08  8.81598872e-10]:11.268487421581812
1231:[5.23353564e+11 1.86401301e+11]:[ 6.23675704e-02 -2.74491476e-12 -3.01722450e-13  1.87764742e-11 -1.95770966e-10 -1.30022373e-15  8.45224534e-16  2.55347246e-05 -2.14213015e-06 -1.12168911e-08  8.87005320e-10]:11.270448939069686
1246:[5.18971973e+11 1.89787387e+11]:[ 5.98953123e-02 -2.72397490e-12 -1.84018455e-13  1.60223330e-11 -1.85575817e-10 -1.31546004e-15  8.02793385e-16  2.53505540e-05 -2.14138898e-06 -9.77082006e-09  8.71673048e-10]:11.278267346055156
1238:[5.23562822e+11 1.98995657e+11]:[ 6.01847557e-02 -2.74723639e-12 -1.55844141e-13  1.73179704e-11 -1.83881997e-10 -1.29971344e-15  7.98908377e-16  2.50847525e-05 -2.13930647e-06 -1.10430128e-08  8.85517576e-10]:11.298843598365131
1265:[5.57033010e+11 2.08766693e+11]:[ 6.21884287e-02 -2.73702921e-12 -1.97183479e-13  1.87631857e-11 -1.91570520e-10 -1.30814518e-15  8.20074482e-16  2.53962995e-05 -2.14140560e-06 -1.11347929e-08  8.84490143e-10]:11.31966121210445
1262:[5.56325626e+11 2.10897791e+11]:[ 6.06187140e-02 -2.73789384e-12 -2.06054132e-13  1.72128958e-11 -1.94138740e-10 -1.30666278e-15  8.09176780e-16  2.54000223e-05 -2.14181065e-06 -1.11658383e-08  8.85134986e-10]:11.324072031139833
1263:[7.55106329e+11 3.61021429e+11]:[ 6.11466102e-02 -2.72407604e-12 -2.96524766e-13  1.74523333e-11 -1.95063503e-10 -1.30073564e-15  8.07690669e-16  2.53567324e-05 -2.14144291e-06 -1.08926595e-08  8.71888101e-10]:11.557532981197166
*******************************
***iteration: 4 Population is***
*******************************
Population scores:
1261:[5.62829387e+11 1.47471406e+11]:[ 5.99197794e-02 -2.72510848e-12 -1.81042367e-13  1.58235992e-11 -1.79792144e-10 -1.32352766e-15  8.02746806e-16  2.51157747e-05 -2.14094092e-06 -9.74187930e-09  8.66668599e-10]:11.168707820573895
1264:[4.72513217e+11 1.56000284e+11]:[ 6.19228831e-02 -2.73738175e-12 -2.03572904e-13  1.87640019e-11 -1.90347382e-10 -1.30008887e-15  8.20991993e-16  2.53541622e-05 -2.14141363e-06 -1.07108214e-08  8.84266375e-10]:11.193125388283692
1227:[5.49226196e+11 1.57752170e+11]:[ 5.96456883e-02 -2.70791594e-12 -1.51671462e-13  1.47923322e-11 -1.79487498e-10 -1.32658705e-15  7.97830464e-16  2.50318963e-05 -2.13954709e-06 -9.53517631e-09  8.65544041e-10]:11.19797534089183
1236:[4.69053981e+11 1.59966839e+11]:[ 5.98727622e-02 -2.73489984e-12 -2.05855087e-13  1.87570409e-11 -1.90697866e-10 -1.30993144e-15  8.07042101e-16  2.53664481e-05 -2.14138355e-06 -1.05327879e-08  8.82835820e-10]:11.204029962474227
1258:[4.78870249e+11 1.64490946e+11]:[ 5.97981451e-02 -2.74396805e-12 -1.53249527e-13  1.47824348e-11 -1.84007578e-10 -1.30158561e-15  7.98501689e-16  2.50857299e-05 -2.13952437e-06 -1.02130694e-08  8.78371382e-10]:11.216141997487247
1259:[6.12037952e+11 1.68469784e+11]:[ 5.98645495e-02 -2.71513591e-12 -1.56073256e-13  1.49347539e-11 -1.81926565e-10 -1.32541576e-15  7.97915773e-16  2.50756595e-05 -2.13932520e-06 -9.97425736e-09  8.65573316e-10]:11.226522018989918
1260:[5.10547399e+11 1.72034851e+11]:[ 5.98791246e-02 -2.71245217e-12 -1.69280259e-13  1.49292223e-11 -1.84056070e-10 -1.32466571e-15  8.01788637e-16  2.50446773e-05 -2.13976222e-06 -9.77006923e-09  8.71826358e-10]:11.235616436193217
1256:[5.45130808e+11 1.77410040e+11]:[ 6.02151425e-02 -2.73639291e-12 -2.05491304e-13  1.87971120e-11 -1.90693887e-10 -1.31340471e-15  8.11484395e-16  2.53706545e-05 -2.14039949e-06 -1.08118127e-08  8.80155082e-10]:11.248978194932905
Selected: [2 6]
***************
***CROSSOVER***
***************
parents:
[ 5.96456883e-02 -2.70791594e-12 -1.51671462e-13  1.47923322e-11 -1.79487498e-10 -1.32658705e-15  7.97830464e-16  2.50318963e-05 -2.13954709e-06 -9.53517631e-09  8.65544041e-10]
[ 5.98791246e-02 -2.71245217e-12 -1.69280259e-13  1.49292223e-11 -1.84056070e-10 -1.32466571e-15  8.01788637e-16  2.50446773e-05 -2.13976222e-06 -9.77006923e-09  8.71826358e-10]
children:
[ 5.97233687e-02 -2.71272147e-12 -1.70796654e-13  1.47915745e-11 -1.80112133e-10 -1.32471028e-15  8.00208938e-16  2.50377982e-05 -2.13970487e-06 -9.52065181e-09  8.70433042e-10]
[ 5.97163506e-02 -2.71095522e-12 -1.67572197e-13  1.49124481e-11 -1.82377349e-10 -1.32563173e-15  7.98340484e-16  2.50385013e-05 -2.13977361e-06 -9.73759264e-09  8.68985244e-10]
Selected: [6 5]
***************
***CROSSOVER***
***************
parents:
[ 5.98791246e-02 -2.71245217e-12 -1.69280259e-13  1.49292223e-11 -1.84056070e-10 -1.32466571e-15  8.01788637e-16  2.50446773e-05 -2.13976222e-06 -9.77006923e-09  8.71826358e-10]
[ 5.98645495e-02 -2.71513591e-12 -1.56073256e-13  1.49347539e-11 -1.81926565e-10 -1.32541576e-15  7.97915773e-16  2.50756595e-05 -2.13932520e-06 -9.97425736e-09  8.65573316e-10]
children:
[ 5.98681484e-02 -2.71434388e-12 -1.61460549e-13  1.49338763e-11 -1.82772688e-10 -1.32521516e-15  7.99893614e-16  2.50732786e-05 -2.13931139e-06 -9.94145121e-09  8.68301324e-10]
[ 5.98743368e-02 -2.71421254e-12 -1.58747013e-13  1.49308295e-11 -1.83668656e-10 -1.32474203e-15  7.97884633e-16  2.50540177e-05 -2.13937941e-06 -9.82305003e-09  8.72148483e-10]
Selected: [6 3]
***************
***CROSSOVER***
***************
parents:
[ 5.98791246e-02 -2.71245217e-12 -1.69280259e-13  1.49292223e-11 -1.84056070e-10 -1.32466571e-15  8.01788637e-16  2.50446773e-05 -2.13976222e-06 -9.77006923e-09  8.71826358e-10]
[ 5.98727622e-02 -2.73489984e-12 -2.05855087e-13  1.87570409e-11 -1.90697866e-10 -1.30993144e-15  8.07042101e-16  2.53664481e-05 -2.14138355e-06 -1.05327879e-08  8.82835820e-10]
children:
[ 5.98779318e-02 -2.72647542e-12 -1.77534349e-13  1.58694629e-11 -1.84993011e-10 -1.31631051e-15  8.05654019e-16  2.50312698e-05 -2.14038840e-06 -9.95518073e-09  8.82406029e-10]
[ 5.98746390e-02 -2.71848173e-12 -1.68017063e-13  1.76771509e-11 -1.87323033e-10 -1.31980554e-15  8.06063640e-16  2.50328329e-05 -2.14082459e-06 -9.75440355e-09  8.71388699e-10]
Selected: [3 5]
***************
***CROSSOVER***
***************
parents:
[ 5.98727622e-02 -2.73489984e-12 -2.05855087e-13  1.87570409e-11 -1.90697866e-10 -1.30993144e-15  8.07042101e-16  2.53664481e-05 -2.14138355e-06 -1.05327879e-08  8.82835820e-10]
[ 5.98645495e-02 -2.71513591e-12 -1.56073256e-13  1.49347539e-11 -1.81926565e-10 -1.32541576e-15  7.97915773e-16  2.50756595e-05 -2.13932520e-06 -9.97425736e-09  8.65573316e-10]
children:
[ 5.98703467e-02 -2.73169363e-12 -1.85759918e-13  1.45928057e-11 -1.88675864e-10 -1.31365335e-15  8.05909979e-16  2.52539317e-05 -2.14017880e-06 -1.01580313e-08  8.75963856e-10]
[ 5.98734026e-02 -2.73166487e-12 -2.01961086e-13  1.66288524e-11 -1.82460602e-10 -1.32342420e-15  8.07172464e-16  2.52081603e-05 -2.14017701e-06 -1.04522991e-08  8.68807661e-10]
@@@@@@@@@@@@@@@@@@@@@@@@@
@@@merging population@@@@
@@@@@@@@@@@@@@@@@@@@@@@@@
Population scores:
1261:[5.62829387e+11 1.47471406e+11]:[ 5.99197794e-02 -2.72510848e-12 -1.81042367e-13  1.58235992e-11 -1.79792144e-10 -1.32352766e-15  8.02746806e-16  2.51157747e-05 -2.14094092e-06 -9.74187930e-09  8.66668599e-10]:11.168707820573895
1268:[5.63829672e+11 1.50494480e+11]:[ 5.98681484e-02 -2.71434388e-12 -1.61460549e-13  1.49338763e-11 -1.82772688e-10 -1.32521516e-15  7.99893614e-16  2.50732786e-05 -2.13931139e-06 -9.94145121e-09  8.68301324e-10]:11.177520570734162
1266:[5.33573334e+11 1.55557649e+11]:[ 5.97163506e-02 -2.71095522e-12 -1.67572197e-13  1.49124481e-11 -1.82377349e-10 -1.32563173e-15  7.98340484e-16  2.50385013e-05 -2.13977361e-06 -9.73759264e-09  8.68985244e-10]:11.191891371892526
1264:[4.72513217e+11 1.56000284e+11]:[ 6.19228831e-02 -2.73738175e-12 -2.03572904e-13  1.87640019e-11 -1.90347382e-10 -1.30008887e-15  8.20991993e-16  2.53541622e-05 -2.14141363e-06 -1.07108214e-08  8.84266375e-10]:11.193125388283692
1227:[5.49226196e+11 1.57752170e+11]:[ 5.96456883e-02 -2.70791594e-12 -1.51671462e-13  1.47923322e-11 -1.79487498e-10 -1.32658705e-15  7.97830464e-16  2.50318963e-05 -2.13954709e-06 -9.53517631e-09  8.65544041e-10]:11.19797534089183
1269:[4.98632017e+11 1.58575123e+11]:[ 5.98703467e-02 -2.73169363e-12 -1.85759918e-13  1.45928057e-11 -1.88675864e-10 -1.31365335e-15  8.05909979e-16  2.52539317e-05 -2.14017880e-06 -1.01580313e-08  8.75963856e-10]:11.200235056160416
1236:[4.69053981e+11 1.59966839e+11]:[ 5.98727622e-02 -2.73489984e-12 -2.05855087e-13  1.87570409e-11 -1.90697866e-10 -1.30993144e-15  8.07042101e-16  2.53664481e-05 -2.14138355e-06 -1.05327879e-08  8.82835820e-10]:11.204029962474227
1258:[4.78870249e+11 1.64490946e+11]:[ 5.97981451e-02 -2.74396805e-12 -1.53249527e-13  1.47824348e-11 -1.84007578e-10 -1.30158561e-15  7.98501689e-16  2.50857299e-05 -2.13952437e-06 -1.02130694e-08  8.78371382e-10]:11.216141997487247
1271:[5.09093403e+11 1.67675516e+11]:[ 5.98743368e-02 -2.71421254e-12 -1.58747013e-13  1.49308295e-11 -1.83668656e-10 -1.32474203e-15  7.97884633e-16  2.50540177e-05 -2.13937941e-06 -9.82305003e-09  8.72148483e-10]:11.22446965176354
1272:[5.17127182e+11 1.67877898e+11]:[ 5.98746390e-02 -2.71848173e-12 -1.68017063e-13  1.76771509e-11 -1.87323033e-10 -1.31980554e-15  8.06063640e-16  2.50328329e-05 -2.14082459e-06 -9.75440355e-09  8.71388699e-10]:11.224993523970348
1259:[6.12037952e+11 1.68469784e+11]:[ 5.98645495e-02 -2.71513591e-12 -1.56073256e-13  1.49347539e-11 -1.81926565e-10 -1.32541576e-15  7.97915773e-16  2.50756595e-05 -2.13932520e-06 -9.97425736e-09  8.65573316e-10]:11.226522018989918
1260:[5.10547399e+11 1.72034851e+11]:[ 5.98791246e-02 -2.71245217e-12 -1.69280259e-13  1.49292223e-11 -1.84056070e-10 -1.32466571e-15  8.01788637e-16  2.50446773e-05 -2.13976222e-06 -9.77006923e-09  8.71826358e-10]:11.235616436193217
1256:[5.45130808e+11 1.77410040e+11]:[ 6.02151425e-02 -2.73639291e-12 -2.05491304e-13  1.87971120e-11 -1.90693887e-10 -1.31340471e-15  8.11484395e-16  2.53706545e-05 -2.14039949e-06 -1.08118127e-08  8.80155082e-10]:11.248978194932905
1267:[5.15902361e+11 2.15373795e+11]:[ 5.97233687e-02 -2.71272147e-12 -1.70796654e-13  1.47915745e-11 -1.80112133e-10 -1.32471028e-15  8.00208938e-16  2.50377982e-05 -2.13970487e-06 -9.52065181e-09  8.70433042e-10]:11.333192861486186
1270:[6.79461176e+11 2.48569583e+11]:[ 5.98734026e-02 -2.73166487e-12 -2.01961086e-13  1.66288524e-11 -1.82460602e-10 -1.32342420e-15  8.07172464e-16  2.52081603e-05 -2.14017701e-06 -1.04522991e-08  8.68807661e-10]:11.395447983115279
1273:[4.59156389e+11 2.71068214e+11]:[ 5.98779318e-02 -2.72647542e-12 -1.77534349e-13  1.58694629e-11 -1.84993011e-10 -1.31631051e-15  8.05654019e-16  2.50312698e-05 -2.14038840e-06 -9.95518073e-09  8.82406029e-10]:11.433078594136616
*******************************
***iteration: 5 Population is***
*******************************
Population scores:
1261:[5.62829387e+11 1.47471406e+11]:[ 5.99197794e-02 -2.72510848e-12 -1.81042367e-13  1.58235992e-11 -1.79792144e-10 -1.32352766e-15  8.02746806e-16  2.51157747e-05 -2.14094092e-06 -9.74187930e-09  8.66668599e-10]:11.168707820573895
1268:[5.63829672e+11 1.50494480e+11]:[ 5.98681484e-02 -2.71434388e-12 -1.61460549e-13  1.49338763e-11 -1.82772688e-10 -1.32521516e-15  7.99893614e-16  2.50732786e-05 -2.13931139e-06 -9.94145121e-09  8.68301324e-10]:11.177520570734162
1266:[5.33573334e+11 1.55557649e+11]:[ 5.97163506e-02 -2.71095522e-12 -1.67572197e-13  1.49124481e-11 -1.82377349e-10 -1.32563173e-15  7.98340484e-16  2.50385013e-05 -2.13977361e-06 -9.73759264e-09  8.68985244e-10]:11.191891371892526
1264:[4.72513217e+11 1.56000284e+11]:[ 6.19228831e-02 -2.73738175e-12 -2.03572904e-13  1.87640019e-11 -1.90347382e-10 -1.30008887e-15  8.20991993e-16  2.53541622e-05 -2.14141363e-06 -1.07108214e-08  8.84266375e-10]:11.193125388283692
1227:[5.49226196e+11 1.57752170e+11]:[ 5.96456883e-02 -2.70791594e-12 -1.51671462e-13  1.47923322e-11 -1.79487498e-10 -1.32658705e-15  7.97830464e-16  2.50318963e-05 -2.13954709e-06 -9.53517631e-09  8.65544041e-10]:11.19797534089183
1269:[4.98632017e+11 1.58575123e+11]:[ 5.98703467e-02 -2.73169363e-12 -1.85759918e-13  1.45928057e-11 -1.88675864e-10 -1.31365335e-15  8.05909979e-16  2.52539317e-05 -2.14017880e-06 -1.01580313e-08  8.75963856e-10]:11.200235056160416
1236:[4.69053981e+11 1.59966839e+11]:[ 5.98727622e-02 -2.73489984e-12 -2.05855087e-13  1.87570409e-11 -1.90697866e-10 -1.30993144e-15  8.07042101e-16  2.53664481e-05 -2.14138355e-06 -1.05327879e-08  8.82835820e-10]:11.204029962474227
1258:[4.78870249e+11 1.64490946e+11]:[ 5.97981451e-02 -2.74396805e-12 -1.53249527e-13  1.47824348e-11 -1.84007578e-10 -1.30158561e-15  7.98501689e-16  2.50857299e-05 -2.13952437e-06 -1.02130694e-08  8.78371382e-10]:11.216141997487247
Selected: [5 1]
***************
***CROSSOVER***
***************
parents:
[ 5.98703467e-02 -2.73169363e-12 -1.85759918e-13  1.45928057e-11 -1.88675864e-10 -1.31365335e-15  8.05909979e-16  2.52539317e-05 -2.14017880e-06 -1.01580313e-08  8.75963856e-10]
[ 5.98681484e-02 -2.71434388e-12 -1.61460549e-13  1.49338763e-11 -1.82772688e-10 -1.32521516e-15  7.99893614e-16  2.50732786e-05 -2.13931139e-06 -9.94145121e-09  8.68301324e-10]
children:
[ 5.98681129e-02 -2.73319093e-12 -1.71891200e-13  1.46815446e-11 -1.85383102e-10 -1.32592258e-15  7.99665140e-16  2.50630287e-05 -2.13943418e-06 -9.98590496e-09  8.69014565e-10]
[ 5.98680582e-02 -2.72839887e-12 -1.65610621e-13  1.49673152e-11 -1.85241228e-10 -1.31397537e-15  8.05834611e-16  2.50992994e-05 -2.13937097e-06 -9.96802963e-09  8.75203964e-10]
Selected: [5 0]
***************
***CROSSOVER***
***************
parents:
[ 5.98703467e-02 -2.73169363e-12 -1.85759918e-13  1.45928057e-11 -1.88675864e-10 -1.31365335e-15  8.05909979e-16  2.52539317e-05 -2.14017880e-06 -1.01580313e-08  8.75963856e-10]
[ 5.99197794e-02 -2.72510848e-12 -1.81042367e-13  1.58235992e-11 -1.79792144e-10 -1.32352766e-15  8.02746806e-16  2.51157747e-05 -2.14094092e-06 -9.74187930e-09  8.66668599e-10]
children:
[ 5.98987230e-02 -2.72672099e-12 -1.82683577e-13  1.51717093e-11 -1.85623394e-10 -1.32121089e-15  8.02691280e-16  2.51749620e-05 -2.14039127e-06 -9.74404383e-09  8.66016538e-10]
[ 5.98776143e-02 -2.73130571e-12 -1.84236180e-13  1.50455741e-11 -1.79965296e-10 -1.31983001e-15  8.02862207e-16  2.52497633e-05 -2.14091802e-06 -9.79758472e-09  8.67181012e-10]
Selected: [4 7]
***************
***CROSSOVER***
***************
parents:
[ 5.96456883e-02 -2.70791594e-12 -1.51671462e-13  1.47923322e-11 -1.79487498e-10 -1.32658705e-15  7.97830464e-16  2.50318963e-05 -2.13954709e-06 -9.53517631e-09  8.65544041e-10]
[ 5.97981451e-02 -2.74396805e-12 -1.53249527e-13  1.47824348e-11 -1.84007578e-10 -1.30158561e-15  7.98501689e-16  2.50857299e-05 -2.13952437e-06 -1.02130694e-08  8.78371382e-10]
children:
[ 5.96765171e-02 -2.71113331e-12 -1.53131880e-13  1.47899123e-11 -1.82210642e-10 -1.32376922e-15  7.98342410e-16  2.50450150e-05 -2.13953643e-06 -9.81531773e-09  8.66653406e-10]
[ 5.97374708e-02 -2.70723937e-12 -1.51628508e-13  1.47926440e-11 -1.80060851e-10 -1.31886595e-15  7.98522254e-16  2.50337747e-05 -2.13952358e-06 -9.85844780e-09  8.68603361e-10]
Selected: [4 6]
***************
***CROSSOVER***
***************
parents:
[ 5.96456883e-02 -2.70791594e-12 -1.51671462e-13  1.47923322e-11 -1.79487498e-10 -1.32658705e-15  7.97830464e-16  2.50318963e-05 -2.13954709e-06 -9.53517631e-09  8.65544041e-10]
[ 5.98727622e-02 -2.73489984e-12 -2.05855087e-13  1.87570409e-11 -1.90697866e-10 -1.30993144e-15  8.07042101e-16  2.53664481e-05 -2.14138355e-06 -1.05327879e-08  8.82835820e-10]
children:
[ 5.98111013e-02 -2.71510364e-12 -2.10263495e-13  1.85330876e-11 -1.88337082e-10 -1.31255384e-15  7.99374931e-16  2.51150491e-05 -2.14040928e-06 -1.01425377e-08  8.72506801e-10]
[ 5.98159429e-02 -2.70753859e-12 -1.57223431e-13  1.66999003e-11 -1.78659685e-10 -1.32746545e-15  8.03857490e-16  2.53443115e-05 -2.13952091e-06 -9.76794693e-09  8.66698825e-10]
@@@@@@@@@@@@@@@@@@@@@@@@@
@@@merging population@@@@
@@@@@@@@@@@@@@@@@@@@@@@@@
Population scores:
1281:[5.65055821e+11 1.46371634e+11]:[ 5.98987230e-02 -2.72672099e-12 -1.82683577e-13  1.51717093e-11 -1.85623394e-10 -1.32121089e-15  8.02691280e-16  2.51749620e-05 -2.14039127e-06 -9.74404383e-09  8.66016538e-10]:11.165456922502221
1280:[5.58416183e+11 1.47068919e+11]:[ 5.98776143e-02 -2.73130571e-12 -1.84236180e-13  1.50455741e-11 -1.79965296e-10 -1.31983001e-15  8.02862207e-16  2.52497633e-05 -2.14091802e-06 -9.79758472e-09  8.67181012e-10]:11.167520899667416
1261:[5.62829387e+11 1.47471406e+11]:[ 5.99197794e-02 -2.72510848e-12 -1.81042367e-13  1.58235992e-11 -1.79792144e-10 -1.32352766e-15  8.02746806e-16  2.51157747e-05 -2.14094092e-06 -9.74187930e-09  8.66668599e-10]:11.168707820573895
1274:[5.67931226e+11 1.48632300e+11]:[ 5.96765171e-02 -2.71113331e-12 -1.53131880e-13  1.47899123e-11 -1.82210642e-10 -1.32376922e-15  7.98342410e-16  2.50450150e-05 -2.13953643e-06 -9.81531773e-09  8.66653406e-10]:11.17211319894809
1275:[5.48808522e+11 1.49348952e+11]:[ 5.97374708e-02 -2.70723937e-12 -1.51628508e-13  1.47926440e-11 -1.80060851e-10 -1.31886595e-15  7.98522254e-16  2.50337747e-05 -2.13952358e-06 -9.85844780e-09  8.68603361e-10]:11.174202180253308
1277:[5.52242758e+11 1.49357138e+11]:[ 5.98159429e-02 -2.70753859e-12 -1.57223431e-13  1.66999003e-11 -1.78659685e-10 -1.32746545e-15  8.03857490e-16  2.53443115e-05 -2.13952091e-06 -9.76794693e-09  8.66698825e-10]:11.174225982601566
1268:[5.63829672e+11 1.50494480e+11]:[ 5.98681484e-02 -2.71434388e-12 -1.61460549e-13  1.49338763e-11 -1.82772688e-10 -1.32521516e-15  7.99893614e-16  2.50732786e-05 -2.13931139e-06 -9.94145121e-09  8.68301324e-10]:11.177520570734162
1279:[5.63189367e+11 1.52204282e+11]:[ 5.98681129e-02 -2.73319093e-12 -1.71891200e-13  1.46815446e-11 -1.85383102e-10 -1.32592258e-15  7.99665140e-16  2.50630287e-05 -2.13943418e-06 -9.98590496e-09  8.69014565e-10]:11.182426871566241
1276:[5.42052999e+11 1.53065518e+11]:[ 5.98111013e-02 -2.71510364e-12 -2.10263495e-13  1.85330876e-11 -1.88337082e-10 -1.31255384e-15  7.99374931e-16  2.51150491e-05 -2.14040928e-06 -1.01425377e-08  8.72506801e-10]:11.184877366342537
1266:[5.33573334e+11 1.55557649e+11]:[ 5.97163506e-02 -2.71095522e-12 -1.67572197e-13  1.49124481e-11 -1.82377349e-10 -1.32563173e-15  7.98340484e-16  2.50385013e-05 -2.13977361e-06 -9.73759264e-09  8.68985244e-10]:11.191891371892526
1264:[4.72513217e+11 1.56000284e+11]:[ 6.19228831e-02 -2.73738175e-12 -2.03572904e-13  1.87640019e-11 -1.90347382e-10 -1.30008887e-15  8.20991993e-16  2.53541622e-05 -2.14141363e-06 -1.07108214e-08  8.84266375e-10]:11.193125388283692
1227:[5.49226196e+11 1.57752170e+11]:[ 5.96456883e-02 -2.70791594e-12 -1.51671462e-13  1.47923322e-11 -1.79487498e-10 -1.32658705e-15  7.97830464e-16  2.50318963e-05 -2.13954709e-06 -9.53517631e-09  8.65544041e-10]:11.19797534089183
1269:[4.98632017e+11 1.58575123e+11]:[ 5.98703467e-02 -2.73169363e-12 -1.85759918e-13  1.45928057e-11 -1.88675864e-10 -1.31365335e-15  8.05909979e-16  2.52539317e-05 -2.14017880e-06 -1.01580313e-08  8.75963856e-10]:11.200235056160416
1236:[4.69053981e+11 1.59966839e+11]:[ 5.98727622e-02 -2.73489984e-12 -2.05855087e-13  1.87570409e-11 -1.90697866e-10 -1.30993144e-15  8.07042101e-16  2.53664481e-05 -2.14138355e-06 -1.05327879e-08  8.82835820e-10]:11.204029962474227
1258:[4.78870249e+11 1.64490946e+11]:[ 5.97981451e-02 -2.74396805e-12 -1.53249527e-13  1.47824348e-11 -1.84007578e-10 -1.30158561e-15  7.98501689e-16  2.50857299e-05 -2.13952437e-06 -1.02130694e-08  8.78371382e-10]:11.216141997487247
1278:[4.90929079e+11 1.74903785e+11]:[ 5.98680582e-02 -2.72839887e-12 -1.65610621e-13  1.49673152e-11 -1.85241228e-10 -1.31397537e-15  8.05834611e-16  2.50992994e-05 -2.13937097e-06 -9.96802963e-09  8.75203964e-10]:11.24279920828134
Population scores:
1281:[5.65055821e+11 1.46371634e+11]:[ 5.98987230e-02 -2.72672099e-12 -1.82683577e-13  1.51717093e-11 -1.85623394e-10 -1.32121089e-15  8.02691280e-16  2.51749620e-05 -2.14039127e-06 -9.74404383e-09  8.66016538e-10]:11.165456922502221
1280:[5.58416183e+11 1.47068919e+11]:[ 5.98776143e-02 -2.73130571e-12 -1.84236180e-13  1.50455741e-11 -1.79965296e-10 -1.31983001e-15  8.02862207e-16  2.52497633e-05 -2.14091802e-06 -9.79758472e-09  8.67181012e-10]:11.167520899667416
1261:[5.62829387e+11 1.47471406e+11]:[ 5.99197794e-02 -2.72510848e-12 -1.81042367e-13  1.58235992e-11 -1.79792144e-10 -1.32352766e-15  8.02746806e-16  2.51157747e-05 -2.14094092e-06 -9.74187930e-09  8.66668599e-10]:11.168707820573895
1274:[5.67931226e+11 1.48632300e+11]:[ 5.96765171e-02 -2.71113331e-12 -1.53131880e-13  1.47899123e-11 -1.82210642e-10 -1.32376922e-15  7.98342410e-16  2.50450150e-05 -2.13953643e-06 -9.81531773e-09  8.66653406e-10]:11.17211319894809
1275:[5.48808522e+11 1.49348952e+11]:[ 5.97374708e-02 -2.70723937e-12 -1.51628508e-13  1.47926440e-11 -1.80060851e-10 -1.31886595e-15  7.98522254e-16  2.50337747e-05 -2.13952358e-06 -9.85844780e-09  8.68603361e-10]:11.174202180253308
1277:[5.52242758e+11 1.49357138e+11]:[ 5.98159429e-02 -2.70753859e-12 -1.57223431e-13  1.66999003e-11 -1.78659685e-10 -1.32746545e-15  8.03857490e-16  2.53443115e-05 -2.13952091e-06 -9.76794693e-09  8.66698825e-10]:11.174225982601566
1268:[5.63829672e+11 1.50494480e+11]:[ 5.98681484e-02 -2.71434388e-12 -1.61460549e-13  1.49338763e-11 -1.82772688e-10 -1.32521516e-15  7.99893614e-16  2.50732786e-05 -2.13931139e-06 -9.94145121e-09  8.68301324e-10]:11.177520570734162
1279:[5.63189367e+11 1.52204282e+11]:[ 5.98681129e-02 -2.73319093e-12 -1.71891200e-13  1.46815446e-11 -1.85383102e-10 -1.32592258e-15  7.99665140e-16  2.50630287e-05 -2.13943418e-06 -9.98590496e-09  8.69014565e-10]:11.182426871566241
%%%%%%%%%%%%%%%%%%%%%%%%%
%%%final - population%%%%
%%%%%%%%%%%%%%%%%%%%%%%%%
1281:[5.65055821e+11 1.46371634e+11]:[ 5.98987230e-02 -2.72672099e-12 -1.82683577e-13  1.51717093e-11 -1.85623394e-10 -1.32121089e-15  8.02691280e-16  2.51749620e-05 -2.14039127e-06 -9.74404383e-09  8.66016538e-10]
1280:[5.58416183e+11 1.47068919e+11]:[ 5.98776143e-02 -2.73130571e-12 -1.84236180e-13  1.50455741e-11 -1.79965296e-10 -1.31983001e-15  8.02862207e-16  2.52497633e-05 -2.14091802e-06 -9.79758472e-09  8.67181012e-10]
1261:[5.62829387e+11 1.47471406e+11]:[ 5.99197794e-02 -2.72510848e-12 -1.81042367e-13  1.58235992e-11 -1.79792144e-10 -1.32352766e-15  8.02746806e-16  2.51157747e-05 -2.14094092e-06 -9.74187930e-09  8.66668599e-10]
1274:[5.67931226e+11 1.48632300e+11]:[ 5.96765171e-02 -2.71113331e-12 -1.53131880e-13  1.47899123e-11 -1.82210642e-10 -1.32376922e-15  7.98342410e-16  2.50450150e-05 -2.13953643e-06 -9.81531773e-09  8.66653406e-10]
1275:[5.48808522e+11 1.49348952e+11]:[ 5.97374708e-02 -2.70723937e-12 -1.51628508e-13  1.47926440e-11 -1.80060851e-10 -1.31886595e-15  7.98522254e-16  2.50337747e-05 -2.13952358e-06 -9.85844780e-09  8.68603361e-10]
1277:[5.52242758e+11 1.49357138e+11]:[ 5.98159429e-02 -2.70753859e-12 -1.57223431e-13  1.66999003e-11 -1.78659685e-10 -1.32746545e-15  8.03857490e-16  2.53443115e-05 -2.13952091e-06 -9.76794693e-09  8.66698825e-10]
1268:[5.63829672e+11 1.50494480e+11]:[ 5.98681484e-02 -2.71434388e-12 -1.61460549e-13  1.49338763e-11 -1.82772688e-10 -1.32521516e-15  7.99893614e-16  2.50732786e-05 -2.13931139e-06 -9.94145121e-09  8.68301324e-10]
1279:[5.63189367e+11 1.52204282e+11]:[ 5.98681129e-02 -2.73319093e-12 -1.71891200e-13  1.46815446e-11 -1.85383102e-10 -1.32592258e-15  7.99665140e-16  2.50630287e-05 -2.13943418e-06 -9.98590496e-09  8.69014565e-10]
