Generating Population from
[ 5.96130977e-02 -2.70398148e-12 -1.63299191e-13  1.62488253e-11 -1.80629580e-10 -1.17253853e-15  7.35985745e-16  1.93273422e-05 -2.14007186e-06 -7.31258974e-09  8.68674845e-10]
[ 5.96456883e-02 -2.70791594e-12 -1.51671462e-13  1.47923322e-11 -1.79487498e-10 -1.32658705e-15  7.97830464e-16  2.50318963e-05 -2.13954709e-06 -9.53517631e-09  8.65544041e-10]
*******************************
***iteration: 0 Population is***
*******************************
Population scores:
1227:[5.49226196e+11 1.57752170e+11]:[ 5.96456883e-02 -2.70791594e-12 -1.51671462e-13  1.47923322e-11 -1.79487498e-10 -1.32658705e-15  7.97830464e-16  2.50318963e-05 -2.13954709e-06 -9.53517631e-09  8.65544041e-10]:11.461748251697378
1193:[4.31480498e+11 2.82306121e+11]:[ 5.96130977e-02 -2.70398148e-12 -1.63299191e-13  1.62488253e-11 -1.80629580e-10 -1.17253853e-15  7.35985745e-16  1.93273422e-05 -2.14007186e-06 -7.31258974e-09  8.68674845e-10]:11.586431381609811
1287:[4.96559540e+12 6.40015798e+12]:[ 6.12622449e-02 -2.54070494e-12 -2.72406767e-13  3.09026937e-11 -1.85538130e-10 -2.03321765e-15  7.97442807e-16  2.76165243e-05 -1.94494023e-06 -1.57929119e-08  8.12205713e-10]:12.88035052902439
1283:[6.24933023e+12 9.43454075e+12]:[ 5.70205078e-02 -2.54031216e-12 -3.00123590e-13  2.46033059e-11 -1.59912281e-10 -1.44174319e-15  7.41143082e-16  2.21038401e-05 -2.19052181e-06 -1.16308196e-08  8.52181939e-10]:13.038794162935336
1282:[8.01333775e+12 9.93544102e+12]:[ 5.45491011e-02 -2.70511528e-12 -2.09800268e-13  2.84942766e-11 -1.11176778e-10 -1.12928900e-15  7.44333380e-16  2.90578613e-05 -2.59921399e-06 -7.89976520e-09  8.80644069e-10]:13.074034961255103
1285:[6.90446774e+12 1.56303487e+13]:[ 6.27990601e-02 -3.27871912e-12 -2.42410814e-13  2.74862938e-11 -1.81856214e-10 -1.41829241e-15  8.16147538e-16  1.97507935e-05 -1.33253706e-06 -1.54840586e-08  8.21004091e-10]:13.237730206858211
1284:[8.72142506e+12 2.08934765e+13]:[ 6.01858975e-02 -2.42185048e-12 -3.62398383e-13  2.10677242e-11 -1.52918645e-10 -1.85667994e-15  8.02446755e-16  2.55088334e-05 -1.84294774e-06 -1.09505920e-08  9.24530532e-10]:13.361475088424909
1286:[7.25271635e+13 1.50862129e+14]:[ 5.64283150e-02 -2.23210414e-12 -3.38525080e-13  2.18777389e-11 -1.38776044e-10 -1.45741796e-15  7.84388130e-16  2.59028300e-05 -1.46285609e-06 -6.21743063e-09  9.14895514e-10]:14.226003207151987
Selected: [6 0]
***************
***CROSSOVER***
***************
parents:
[ 6.01858975e-02 -2.42185048e-12 -3.62398383e-13  2.10677242e-11 -1.52918645e-10 -1.85667994e-15  8.02446755e-16  2.55088334e-05 -1.84294774e-06 -1.09505920e-08  9.24530532e-10]
[ 5.96456883e-02 -2.70791594e-12 -1.51671462e-13  1.47923322e-11 -1.79487498e-10 -1.32658705e-15  7.97830464e-16  2.50318963e-05 -2.13954709e-06 -9.53517631e-09  8.65544041e-10]
children:
[ 5.99659548e-02 -2.66098684e-12 -2.79035039e-13  1.45063922e-11 -1.53202442e-10 -1.88511373e-15  8.00446585e-16  2.52362723e-05 -1.96443801e-06 -1.08419653e-08  8.79987907e-10]
[ 6.01126172e-02 -2.70928119e-12 -3.12555409e-13  1.51280196e-11 -1.71569310e-10 -1.37241926e-15  8.00629534e-16  2.49883104e-05 -1.86925097e-06 -9.41244702e-09  8.86990914e-10]
Selected: [3 0]
***************
***CROSSOVER***
***************
parents:
[ 5.70205078e-02 -2.54031216e-12 -3.00123590e-13  2.46033059e-11 -1.59912281e-10 -1.44174319e-15  7.41143082e-16  2.21038401e-05 -2.19052181e-06 -1.16308196e-08  8.52181939e-10]
[ 5.96456883e-02 -2.70791594e-12 -1.51671462e-13  1.47923322e-11 -1.79487498e-10 -1.32658705e-15  7.97830464e-16  2.50318963e-05 -2.13954709e-06 -9.53517631e-09  8.65544041e-10]
children:
[ 5.98507453e-02 -2.60520144e-12 -2.22786270e-13  2.33746336e-11 -1.75410846e-10 -1.32486839e-15  7.69693149e-16  2.43226069e-05 -2.16835715e-06 -1.07701859e-08  8.56518938e-10]
[ 5.76242901e-02 -2.63833447e-12 -2.30759984e-13  1.53714677e-11 -1.59196495e-10 -1.31929615e-15  7.60021238e-16  2.35548164e-05 -2.18499234e-06 -9.54679179e-09  8.55875910e-10]
Selected: [4 1]
***************
***CROSSOVER***
***************
parents:
[ 5.45491011e-02 -2.70511528e-12 -2.09800268e-13  2.84942766e-11 -1.11176778e-10 -1.12928900e-15  7.44333380e-16  2.90578613e-05 -2.59921399e-06 -7.89976520e-09  8.80644069e-10]
[ 5.96130977e-02 -2.70398148e-12 -1.63299191e-13  1.62488253e-11 -1.80629580e-10 -1.17253853e-15  7.35985745e-16  1.93273422e-05 -2.14007186e-06 -7.31258974e-09  8.68674845e-10]
children:
[ 5.64076921e-02 -2.70401964e-12 -1.94626990e-13  1.90092727e-11 -1.83673808e-10 -1.14427935e-15  7.44694846e-16  2.77886644e-05 -2.14303004e-06 -7.92038739e-09  8.68898881e-10]
[ 5.93622136e-02 -2.70455249e-12 -1.87277046e-13  1.69224882e-11 -1.67754795e-10 -1.14966842e-15  7.40278814e-16  2.73007614e-05 -2.56359902e-06 -7.45514670e-09  8.78081717e-10]
Selected: [0 1]
***************
***CROSSOVER***
***************
parents:
[ 5.96456883e-02 -2.70791594e-12 -1.51671462e-13  1.47923322e-11 -1.79487498e-10 -1.32658705e-15  7.97830464e-16  2.50318963e-05 -2.13954709e-06 -9.53517631e-09  8.65544041e-10]
[ 5.96130977e-02 -2.70398148e-12 -1.63299191e-13  1.62488253e-11 -1.80629580e-10 -1.17253853e-15  7.35985745e-16  1.93273422e-05 -2.14007186e-06 -7.31258974e-09  8.68674845e-10]
children:
[ 5.96326633e-02 -2.70587641e-12 -1.55117896e-13  1.51280414e-11 -1.79903708e-10 -1.18408478e-15  7.55315763e-16  2.06058157e-05 -2.13983034e-06 -7.72968234e-09  8.66014126e-10]
[ 5.96431025e-02 -2.70400244e-12 -1.61009702e-13  1.61127901e-11 -1.80280428e-10 -1.33077709e-15  7.94202634e-16  2.02072348e-05 -2.14009196e-06 -8.40457148e-09  8.68974719e-10]
@@@@@@@@@@@@@@@@@@@@@@@@@
@@@merging population@@@@
@@@@@@@@@@@@@@@@@@@@@@@@@
Population scores:
1227:[5.49226196e+11 1.57752170e+11]:[ 5.96456883e-02 -2.70791594e-12 -1.51671462e-13  1.47923322e-11 -1.79487498e-10 -1.32658705e-15  7.97830464e-16  2.50318963e-05 -2.13954709e-06 -9.53517631e-09  8.65544041e-10]:11.461748251697378
1291:[4.62041602e+11 2.52036718e+11]:[ 5.96326633e-02 -2.70587641e-12 -1.55117896e-13  1.51280414e-11 -1.79903708e-10 -1.18408478e-15  7.55315763e-16  2.06058157e-05 -2.13983034e-06 -7.72968234e-09  8.66014126e-10]:11.559818922746391
1193:[4.31480498e+11 2.82306121e+11]:[ 5.96130977e-02 -2.70398148e-12 -1.63299191e-13  1.62488253e-11 -1.80629580e-10 -1.17253853e-15  7.35985745e-16  1.93273422e-05 -2.14007186e-06 -7.31258974e-09  8.68674845e-10]:11.586431381609811
1292:[6.26029265e+11 3.80634590e+11]:[ 5.96431025e-02 -2.70400244e-12 -1.61009702e-13  1.61127901e-11 -1.80280428e-10 -1.33077709e-15  7.94202634e-16  2.02072348e-05 -2.14009196e-06 -8.40457148e-09  8.68974719e-10]:11.724997684532159
1289:[1.65972275e+12 1.49384456e+12]:[ 5.76242901e-02 -2.63833447e-12 -2.30759984e-13  1.53714677e-11 -1.59196495e-10 -1.31929615e-15  7.60021238e-16  2.35548164e-05 -2.18499234e-06 -9.54679179e-09  8.55875910e-10]:12.27696199436773
1293:[2.12166242e+12 2.29951784e+12]:[ 5.98507453e-02 -2.60520144e-12 -2.22786270e-13  2.33746336e-11 -1.75410846e-10 -1.32486839e-15  7.69693149e-16  2.43226069e-05 -2.16835715e-06 -1.07701859e-08  8.56518938e-10]:12.448507955430069
1294:[9.88301384e+11 2.99740196e+12]:[ 5.99659548e-02 -2.66098684e-12 -2.79035039e-13  1.45063922e-11 -1.53202442e-10 -1.88511373e-15  8.00446585e-16  2.52362723e-05 -1.96443801e-06 -1.08419653e-08  8.79987907e-10]:12.50981981648782
1288:[2.22479300e+12 3.97938771e+12]:[ 5.64076921e-02 -2.70401964e-12 -1.94626990e-13  1.90092727e-11 -1.83673808e-10 -1.14427935e-15  7.44694846e-16  2.77886644e-05 -2.14303004e-06 -7.92038739e-09  8.68898881e-10]:12.654497861793732
1287:[4.96559540e+12 6.40015798e+12]:[ 6.12622449e-02 -2.54070494e-12 -2.72406767e-13  3.09026937e-11 -1.85538130e-10 -2.03321765e-15  7.97442807e-16  2.76165243e-05 -1.94494023e-06 -1.57929119e-08  8.12205713e-10]:12.88035052902439
1290:[7.21114372e+12 8.91389421e+12]:[ 5.93622136e-02 -2.70455249e-12 -1.87277046e-13  1.69224882e-11 -1.67754795e-10 -1.14966842e-15  7.40278814e-16  2.73007614e-05 -2.56359902e-06 -7.45514670e-09  8.78081717e-10]:13.027128069498259
1283:[6.24933023e+12 9.43454075e+12]:[ 5.70205078e-02 -2.54031216e-12 -3.00123590e-13  2.46033059e-11 -1.59912281e-10 -1.44174319e-15  7.41143082e-16  2.21038401e-05 -2.19052181e-06 -1.16308196e-08  8.52181939e-10]:13.038794162935336
1282:[8.01333775e+12 9.93544102e+12]:[ 5.45491011e-02 -2.70511528e-12 -2.09800268e-13  2.84942766e-11 -1.11176778e-10 -1.12928900e-15  7.44333380e-16  2.90578613e-05 -2.59921399e-06 -7.89976520e-09  8.80644069e-10]:13.074034961255103
1285:[6.90446774e+12 1.56303487e+13]:[ 6.27990601e-02 -3.27871912e-12 -2.42410814e-13  2.74862938e-11 -1.81856214e-10 -1.41829241e-15  8.16147538e-16  1.97507935e-05 -1.33253706e-06 -1.54840586e-08  8.21004091e-10]:13.237730206858211
1295:[7.68069563e+12 1.76211192e+13]:[ 6.01126172e-02 -2.70928119e-12 -3.12555409e-13  1.51280196e-11 -1.71569310e-10 -1.37241926e-15  8.00629534e-16  2.49883104e-05 -1.86925097e-06 -9.41244702e-09  8.86990914e-10]:13.28924294414549
1284:[8.72142506e+12 2.08934765e+13]:[ 6.01858975e-02 -2.42185048e-12 -3.62398383e-13  2.10677242e-11 -1.52918645e-10 -1.85667994e-15  8.02446755e-16  2.55088334e-05 -1.84294774e-06 -1.09505920e-08  9.24530532e-10]:13.361475088424909
1286:[7.25271635e+13 1.50862129e+14]:[ 5.64283150e-02 -2.23210414e-12 -3.38525080e-13  2.18777389e-11 -1.38776044e-10 -1.45741796e-15  7.84388130e-16  2.59028300e-05 -1.46285609e-06 -6.21743063e-09  9.14895514e-10]:14.226003207151987
*******************************
***iteration: 1 Population is***
*******************************
Population scores:
1227:[5.49226196e+11 1.57752170e+11]:[ 5.96456883e-02 -2.70791594e-12 -1.51671462e-13  1.47923322e-11 -1.79487498e-10 -1.32658705e-15  7.97830464e-16  2.50318963e-05 -2.13954709e-06 -9.53517631e-09  8.65544041e-10]:11.461748251697378
1291:[4.62041602e+11 2.52036718e+11]:[ 5.96326633e-02 -2.70587641e-12 -1.55117896e-13  1.51280414e-11 -1.79903708e-10 -1.18408478e-15  7.55315763e-16  2.06058157e-05 -2.13983034e-06 -7.72968234e-09  8.66014126e-10]:11.559818922746391
1193:[4.31480498e+11 2.82306121e+11]:[ 5.96130977e-02 -2.70398148e-12 -1.63299191e-13  1.62488253e-11 -1.80629580e-10 -1.17253853e-15  7.35985745e-16  1.93273422e-05 -2.14007186e-06 -7.31258974e-09  8.68674845e-10]:11.586431381609811
1292:[6.26029265e+11 3.80634590e+11]:[ 5.96431025e-02 -2.70400244e-12 -1.61009702e-13  1.61127901e-11 -1.80280428e-10 -1.33077709e-15  7.94202634e-16  2.02072348e-05 -2.14009196e-06 -8.40457148e-09  8.68974719e-10]:11.724997684532159
1289:[1.65972275e+12 1.49384456e+12]:[ 5.76242901e-02 -2.63833447e-12 -2.30759984e-13  1.53714677e-11 -1.59196495e-10 -1.31929615e-15  7.60021238e-16  2.35548164e-05 -2.18499234e-06 -9.54679179e-09  8.55875910e-10]:12.27696199436773
1293:[2.12166242e+12 2.29951784e+12]:[ 5.98507453e-02 -2.60520144e-12 -2.22786270e-13  2.33746336e-11 -1.75410846e-10 -1.32486839e-15  7.69693149e-16  2.43226069e-05 -2.16835715e-06 -1.07701859e-08  8.56518938e-10]:12.448507955430069
1294:[9.88301384e+11 2.99740196e+12]:[ 5.99659548e-02 -2.66098684e-12 -2.79035039e-13  1.45063922e-11 -1.53202442e-10 -1.88511373e-15  8.00446585e-16  2.52362723e-05 -1.96443801e-06 -1.08419653e-08  8.79987907e-10]:12.50981981648782
1288:[2.22479300e+12 3.97938771e+12]:[ 5.64076921e-02 -2.70401964e-12 -1.94626990e-13  1.90092727e-11 -1.83673808e-10 -1.14427935e-15  7.44694846e-16  2.77886644e-05 -2.14303004e-06 -7.92038739e-09  8.68898881e-10]:12.654497861793732
Selected: [5 0]
***************
***CROSSOVER***
***************
parents:
[ 5.98507453e-02 -2.60520144e-12 -2.22786270e-13  2.33746336e-11 -1.75410846e-10 -1.32486839e-15  7.69693149e-16  2.43226069e-05 -2.16835715e-06 -1.07701859e-08  8.56518938e-10]
[ 5.96456883e-02 -2.70791594e-12 -1.51671462e-13  1.47923322e-11 -1.79487498e-10 -1.32658705e-15  7.97830464e-16  2.50318963e-05 -2.13954709e-06 -9.53517631e-09  8.65544041e-10]
children:
[ 5.96311603e-02 -2.64435407e-12 -1.61746371e-13  1.75368136e-11 -1.77070759e-10 -1.32589619e-15  7.89950598e-16  2.50418789e-05 -2.15772689e-06 -1.02472529e-08  8.55869309e-10]
[ 5.96439841e-02 -2.68743687e-12 -1.80057620e-13  1.64274682e-11 -1.79264053e-10 -1.32662770e-15  7.83305195e-16  2.50443494e-05 -2.15340048e-06 -1.00313623e-08  8.62443103e-10]
Selected: [1 3]
***************
***CROSSOVER***
***************
parents:
[ 5.96326633e-02 -2.70587641e-12 -1.55117896e-13  1.51280414e-11 -1.79903708e-10 -1.18408478e-15  7.55315763e-16  2.06058157e-05 -2.13983034e-06 -7.72968234e-09  8.66014126e-10]
[ 5.96431025e-02 -2.70400244e-12 -1.61009702e-13  1.61127901e-11 -1.80280428e-10 -1.33077709e-15  7.94202634e-16  2.02072348e-05 -2.14009196e-06 -8.40457148e-09  8.68974719e-10]
children:
[ 5.96347851e-02 -2.70523439e-12 -1.58701733e-13  1.58639882e-11 -1.79874440e-10 -1.17542700e-15  7.87572504e-16  2.03170818e-05 -2.13998521e-06 -7.95888842e-09  8.66729292e-10]
[ 5.96331705e-02 -2.70514757e-12 -1.58672981e-13  1.58833021e-11 -1.80067735e-10 -1.33282192e-15  7.89254204e-16  2.02532642e-05 -2.13989424e-06 -8.12567218e-09  8.68193666e-10]
Selected: [0 4]
***************
***CROSSOVER***
***************
parents:
[ 5.96456883e-02 -2.70791594e-12 -1.51671462e-13  1.47923322e-11 -1.79487498e-10 -1.32658705e-15  7.97830464e-16  2.50318963e-05 -2.13954709e-06 -9.53517631e-09  8.65544041e-10]
[ 5.76242901e-02 -2.63833447e-12 -2.30759984e-13  1.53714677e-11 -1.59196495e-10 -1.31929615e-15  7.60021238e-16  2.35548164e-05 -2.18499234e-06 -9.54679179e-09  8.55875910e-10]
children:
[ 5.95831024e-02 -2.63490357e-12 -2.31045280e-13  1.49299418e-11 -1.79714083e-10 -1.32248738e-15  7.60181315e-16  2.48341308e-05 -2.17224495e-06 -9.54093820e-09  8.65633621e-10]
[ 5.75246868e-02 -2.63620656e-12 -2.04626611e-13  1.50256176e-11 -1.57354584e-10 -1.32215834e-15  7.65028262e-16  2.39532975e-05 -2.15335866e-06 -9.54729242e-09  8.59435324e-10]
Selected: [7 0]
***************
***CROSSOVER***
***************
parents:
[ 5.64076921e-02 -2.70401964e-12 -1.94626990e-13  1.90092727e-11 -1.83673808e-10 -1.14427935e-15  7.44694846e-16  2.77886644e-05 -2.14303004e-06 -7.92038739e-09  8.68898881e-10]
[ 5.96456883e-02 -2.70791594e-12 -1.51671462e-13  1.47923322e-11 -1.79487498e-10 -1.32658705e-15  7.97830464e-16  2.50318963e-05 -2.13954709e-06 -9.53517631e-09  8.65544041e-10]
children:
[ 5.78065716e-02 -2.70811469e-12 -1.49271122e-13  1.56479262e-11 -1.82913130e-10 -1.17043218e-15  7.46280563e-16  2.58348480e-05 -2.14000607e-06 -8.21204104e-09  8.68303792e-10]
[ 5.65716584e-02 -2.70508635e-12 -1.96036723e-13  1.89224785e-11 -1.82745216e-10 -1.28956464e-15  7.66156575e-16  2.53383673e-05 -2.14164728e-06 -9.58547627e-09  8.65475834e-10]
@@@@@@@@@@@@@@@@@@@@@@@@@
@@@merging population@@@@
@@@@@@@@@@@@@@@@@@@@@@@@@
Population scores:
1227:[5.49226196e+11 1.57752170e+11]:[ 5.96456883e-02 -2.70791594e-12 -1.51671462e-13  1.47923322e-11 -1.79487498e-10 -1.32658705e-15  7.97830464e-16  2.50318963e-05 -2.13954709e-06 -9.53517631e-09  8.65544041e-10]:11.461748251697378
1296:[5.55566228e+11 1.66719149e+11]:[ 5.65716584e-02 -2.70508635e-12 -1.96036723e-13  1.89224785e-11 -1.82745216e-10 -1.28956464e-15  7.66156575e-16  2.53383673e-05 -2.14164728e-06 -9.58547627e-09  8.65475834e-10]:11.477200930662432
1291:[4.62041602e+11 2.52036718e+11]:[ 5.96326633e-02 -2.70587641e-12 -1.55117896e-13  1.51280414e-11 -1.79903708e-10 -1.18408478e-15  7.55315763e-16  2.06058157e-05 -2.13983034e-06 -7.72968234e-09  8.66014126e-10]:11.559818922746391
1302:[4.83558001e+11 2.49461518e+11]:[ 5.96347851e-02 -2.70523439e-12 -1.58701733e-13  1.58639882e-11 -1.79874440e-10 -1.17542700e-15  7.87572504e-16  2.03170818e-05 -2.13998521e-06 -7.95888842e-09  8.66729292e-10]:11.562905724930744
1193:[4.31480498e+11 2.82306121e+11]:[ 5.96130977e-02 -2.70398148e-12 -1.63299191e-13  1.62488253e-11 -1.80629580e-10 -1.17253853e-15  7.35985745e-16  1.93273422e-05 -2.14007186e-06 -7.31258974e-09  8.68674845e-10]:11.586431381609811
1301:[5.44480648e+11 2.80014007e+11]:[ 5.96331705e-02 -2.70514757e-12 -1.58672981e-13  1.58833021e-11 -1.80067735e-10 -1.33282192e-15  7.89254204e-16  2.02532642e-05 -2.13989424e-06 -8.12567218e-09  8.68193666e-10]:11.613513454452056
1299:[8.13208081e+11 2.90965190e+11]:[ 5.95831024e-02 -2.63490357e-12 -2.31045280e-13  1.49299418e-11 -1.79714083e-10 -1.32248738e-15  7.60181315e-16  2.48341308e-05 -2.17224495e-06 -9.54093820e-09  8.65633621e-10]:11.68675700574927
1292:[6.26029265e+11 3.80634590e+11]:[ 5.96431025e-02 -2.70400244e-12 -1.61009702e-13  1.61127901e-11 -1.80280428e-10 -1.33077709e-15  7.94202634e-16  2.02072348e-05 -2.14009196e-06 -8.40457148e-09  8.68974719e-10]:11.724997684532159
1303:[8.42358068e+11 3.62226622e+11]:[ 5.96439841e-02 -2.68743687e-12 -1.80057620e-13  1.64274682e-11 -1.79264053e-10 -1.32662770e-15  7.83305195e-16  2.50443494e-05 -2.15340048e-06 -1.00313623e-08  8.62443103e-10]:11.75158127904717
1297:[8.91991686e+11 4.54976454e+11]:[ 5.75246868e-02 -2.63620656e-12 -2.04626611e-13  1.50256176e-11 -1.57354584e-10 -1.32215834e-15  7.65028262e-16  2.39532975e-05 -2.15335866e-06 -9.54729242e-09  8.59435324e-10]:11.825461468942814
1300:[1.23396688e+12 8.52773098e+11]:[ 5.96311603e-02 -2.64435407e-12 -1.61746371e-13  1.75368136e-11 -1.77070759e-10 -1.32589619e-15  7.89950598e-16  2.50418789e-05 -2.15772689e-06 -1.02472529e-08  8.55869309e-10]:12.060291735486246
1289:[1.65972275e+12 1.49384456e+12]:[ 5.76242901e-02 -2.63833447e-12 -2.30759984e-13  1.53714677e-11 -1.59196495e-10 -1.31929615e-15  7.60021238e-16  2.35548164e-05 -2.18499234e-06 -9.54679179e-09  8.55875910e-10]:12.27696199436773
1298:[1.15607781e+12 1.78274465e+12]:[ 5.78065716e-02 -2.70811469e-12 -1.49271122e-13  1.56479262e-11 -1.82913130e-10 -1.17043218e-15  7.46280563e-16  2.58348480e-05 -2.14000607e-06 -8.21204104e-09  8.68303792e-10]:12.313910083403524
1293:[2.12166242e+12 2.29951784e+12]:[ 5.98507453e-02 -2.60520144e-12 -2.22786270e-13  2.33746336e-11 -1.75410846e-10 -1.32486839e-15  7.69693149e-16  2.43226069e-05 -2.16835715e-06 -1.07701859e-08  8.56518938e-10]:12.448507955430069
1294:[9.88301384e+11 2.99740196e+12]:[ 5.99659548e-02 -2.66098684e-12 -2.79035039e-13  1.45063922e-11 -1.53202442e-10 -1.88511373e-15  8.00446585e-16  2.52362723e-05 -1.96443801e-06 -1.08419653e-08  8.79987907e-10]:12.50981981648782
1288:[2.22479300e+12 3.97938771e+12]:[ 5.64076921e-02 -2.70401964e-12 -1.94626990e-13  1.90092727e-11 -1.83673808e-10 -1.14427935e-15  7.44694846e-16  2.77886644e-05 -2.14303004e-06 -7.92038739e-09  8.68898881e-10]:12.654497861793732
*******************************
***iteration: 2 Population is***
*******************************
Population scores:
1227:[5.49226196e+11 1.57752170e+11]:[ 5.96456883e-02 -2.70791594e-12 -1.51671462e-13  1.47923322e-11 -1.79487498e-10 -1.32658705e-15  7.97830464e-16  2.50318963e-05 -2.13954709e-06 -9.53517631e-09  8.65544041e-10]:11.461748251697378
1296:[5.55566228e+11 1.66719149e+11]:[ 5.65716584e-02 -2.70508635e-12 -1.96036723e-13  1.89224785e-11 -1.82745216e-10 -1.28956464e-15  7.66156575e-16  2.53383673e-05 -2.14164728e-06 -9.58547627e-09  8.65475834e-10]:11.477200930662432
1291:[4.62041602e+11 2.52036718e+11]:[ 5.96326633e-02 -2.70587641e-12 -1.55117896e-13  1.51280414e-11 -1.79903708e-10 -1.18408478e-15  7.55315763e-16  2.06058157e-05 -2.13983034e-06 -7.72968234e-09  8.66014126e-10]:11.559818922746391
1302:[4.83558001e+11 2.49461518e+11]:[ 5.96347851e-02 -2.70523439e-12 -1.58701733e-13  1.58639882e-11 -1.79874440e-10 -1.17542700e-15  7.87572504e-16  2.03170818e-05 -2.13998521e-06 -7.95888842e-09  8.66729292e-10]:11.562905724930744
1193:[4.31480498e+11 2.82306121e+11]:[ 5.96130977e-02 -2.70398148e-12 -1.63299191e-13  1.62488253e-11 -1.80629580e-10 -1.17253853e-15  7.35985745e-16  1.93273422e-05 -2.14007186e-06 -7.31258974e-09  8.68674845e-10]:11.586431381609811
1301:[5.44480648e+11 2.80014007e+11]:[ 5.96331705e-02 -2.70514757e-12 -1.58672981e-13  1.58833021e-11 -1.80067735e-10 -1.33282192e-15  7.89254204e-16  2.02532642e-05 -2.13989424e-06 -8.12567218e-09  8.68193666e-10]:11.613513454452056
1299:[8.13208081e+11 2.90965190e+11]:[ 5.95831024e-02 -2.63490357e-12 -2.31045280e-13  1.49299418e-11 -1.79714083e-10 -1.32248738e-15  7.60181315e-16  2.48341308e-05 -2.17224495e-06 -9.54093820e-09  8.65633621e-10]:11.68675700574927
1292:[6.26029265e+11 3.80634590e+11]:[ 5.96431025e-02 -2.70400244e-12 -1.61009702e-13  1.61127901e-11 -1.80280428e-10 -1.33077709e-15  7.94202634e-16  2.02072348e-05 -2.14009196e-06 -8.40457148e-09  8.68974719e-10]:11.724997684532159
Selected: [5 6]
***************
***CROSSOVER***
***************
parents:
[ 5.96331705e-02 -2.70514757e-12 -1.58672981e-13  1.58833021e-11 -1.80067735e-10 -1.33282192e-15  7.89254204e-16  2.02532642e-05 -2.13989424e-06 -8.12567218e-09  8.68193666e-10]
[ 5.95831024e-02 -2.63490357e-12 -2.31045280e-13  1.49299418e-11 -1.79714083e-10 -1.32248738e-15  7.60181315e-16  2.48341308e-05 -2.17224495e-06 -9.54093820e-09  8.65633621e-10]
children:
[ 5.96332794e-02 -2.69134574e-12 -1.64008311e-13  1.54247242e-11 -1.79808259e-10 -1.33289782e-15  7.70418673e-16  2.24696099e-05 -2.14600606e-06 -9.09387469e-09  8.66145730e-10]
[ 5.96015391e-02 -2.69816507e-12 -1.91167966e-13  1.55638061e-11 -1.80016641e-10 -1.33141351e-15  7.57562691e-16  2.32730983e-05 -2.15536230e-06 -9.56299612e-09  8.65558256e-10]
Selected: [5 0]
***************
***CROSSOVER***
***************
parents:
[ 5.96331705e-02 -2.70514757e-12 -1.58672981e-13  1.58833021e-11 -1.80067735e-10 -1.33282192e-15  7.89254204e-16  2.02532642e-05 -2.13989424e-06 -8.12567218e-09  8.68193666e-10]
[ 5.96456883e-02 -2.70791594e-12 -1.51671462e-13  1.47923322e-11 -1.79487498e-10 -1.32658705e-15  7.97830464e-16  2.50318963e-05 -2.13954709e-06 -9.53517631e-09  8.65544041e-10]
children:
[ 5.96430031e-02 -2.70678149e-12 -1.56348441e-13  1.55770415e-11 -1.79647028e-10 -1.32753937e-15  7.91064697e-16  2.37826031e-05 -2.13986968e-06 -8.21576970e-09  8.67837422e-10]
[ 5.96330498e-02 -2.70675641e-12 -1.55912307e-13  1.59432282e-11 -1.79541142e-10 -1.33187768e-15  7.91894863e-16  2.28824548e-05 -2.13974379e-06 -9.65829463e-09  8.68160854e-10]
Selected: [3 0]
***************
***CROSSOVER***
***************
parents:
[ 5.96347851e-02 -2.70523439e-12 -1.58701733e-13  1.58639882e-11 -1.79874440e-10 -1.17542700e-15  7.87572504e-16  2.03170818e-05 -2.13998521e-06 -7.95888842e-09  8.66729292e-10]
[ 5.96456883e-02 -2.70791594e-12 -1.51671462e-13  1.47923322e-11 -1.79487498e-10 -1.32658705e-15  7.97830464e-16  2.50318963e-05 -2.13954709e-06 -9.53517631e-09  8.65544041e-10]
children:
[ 5.96377163e-02 -2.70653335e-12 -1.57369269e-13  1.51424958e-11 -1.79889276e-10 -1.25154029e-15  7.87504850e-16  2.53903599e-05 -2.13992413e-06 -8.23806776e-09  8.65929804e-10]
[ 5.96426368e-02 -2.70513454e-12 -1.51677809e-13  1.54920969e-11 -1.79827360e-10 -1.17703459e-15  7.95935655e-16  2.16977504e-05 -2.13975118e-06 -8.26434618e-09  8.66471830e-10]
Selected: [2 7]
***************
***CROSSOVER***
***************
parents:
[ 5.96326633e-02 -2.70587641e-12 -1.55117896e-13  1.51280414e-11 -1.79903708e-10 -1.18408478e-15  7.55315763e-16  2.06058157e-05 -2.13983034e-06 -7.72968234e-09  8.66014126e-10]
[ 5.96431025e-02 -2.70400244e-12 -1.61009702e-13  1.61127901e-11 -1.80280428e-10 -1.33077709e-15  7.94202634e-16  2.02072348e-05 -2.14009196e-06 -8.40457148e-09  8.68974719e-10]
children:
[ 5.96356928e-02 -2.70571680e-12 -1.56941776e-13  1.53984351e-11 -1.80085332e-10 -1.23916358e-15  7.54979613e-16  2.05552370e-05 -2.13989274e-06 -7.87598285e-09  8.65820136e-10]
[ 5.96427480e-02 -2.70536209e-12 -1.61589325e-13  1.51262029e-11 -1.80022291e-10 -1.21497648e-15  7.75538871e-16  2.04233574e-05 -2.14009881e-06 -8.21528305e-09  8.68111346e-10]
@@@@@@@@@@@@@@@@@@@@@@@@@
@@@merging population@@@@
@@@@@@@@@@@@@@@@@@@@@@@@@
Population scores:
1227:[5.49226196e+11 1.57752170e+11]:[ 5.96456883e-02 -2.70791594e-12 -1.51671462e-13  1.47923322e-11 -1.79487498e-10 -1.32658705e-15  7.97830464e-16  2.50318963e-05 -2.13954709e-06 -9.53517631e-09  8.65544041e-10]:11.461748251697378
1296:[5.55566228e+11 1.66719149e+11]:[ 5.65716584e-02 -2.70508635e-12 -1.96036723e-13  1.89224785e-11 -1.82745216e-10 -1.28956464e-15  7.66156575e-16  2.53383673e-05 -2.14164728e-06 -9.58547627e-09  8.65475834e-10]:11.477200930662432
1309:[4.77334845e+11 2.27496869e+11]:[ 5.96426368e-02 -2.70513454e-12 -1.51677809e-13  1.54920969e-11 -1.79827360e-10 -1.17703459e-15  7.95935655e-16  2.16977504e-05 -2.13975118e-06 -8.26434618e-09  8.66471830e-10]:11.534098777077322
1307:[4.82690728e+11 2.31222333e+11]:[ 5.96356928e-02 -2.70571680e-12 -1.56941776e-13  1.53984351e-11 -1.80085332e-10 -1.23916358e-15  7.54979613e-16  2.05552370e-05 -2.13989274e-06 -7.87598285e-09  8.65820136e-10]:11.540414707785088
1291:[4.62041602e+11 2.52036718e+11]:[ 5.96326633e-02 -2.70587641e-12 -1.55117896e-13  1.51280414e-11 -1.79903708e-10 -1.18408478e-15  7.55315763e-16  2.06058157e-05 -2.13983034e-06 -7.72968234e-09  8.66014126e-10]:11.559818922746391
1302:[4.83558001e+11 2.49461518e+11]:[ 5.96347851e-02 -2.70523439e-12 -1.58701733e-13  1.58639882e-11 -1.79874440e-10 -1.17542700e-15  7.87572504e-16  2.03170818e-05 -2.13998521e-06 -7.95888842e-09  8.66729292e-10]:11.562905724930744
1193:[4.31480498e+11 2.82306121e+11]:[ 5.96130977e-02 -2.70398148e-12 -1.63299191e-13  1.62488253e-11 -1.80629580e-10 -1.17253853e-15  7.35985745e-16  1.93273422e-05 -2.14007186e-06 -7.31258974e-09  8.68674845e-10]:11.586431381609811
1310:[5.16062319e+11 2.70739594e+11]:[ 5.96427480e-02 -2.70536209e-12 -1.61589325e-13  1.51262029e-11 -1.80022291e-10 -1.21497648e-15  7.75538871e-16  2.04233574e-05 -2.14009881e-06 -8.21528305e-09  8.68111346e-10]:11.596151083440436
1301:[5.44480648e+11 2.80014007e+11]:[ 5.96331705e-02 -2.70514757e-12 -1.58672981e-13  1.58833021e-11 -1.80067735e-10 -1.33282192e-15  7.89254204e-16  2.02532642e-05 -2.13989424e-06 -8.12567218e-09  8.68193666e-10]:11.613513454452056
1299:[8.13208081e+11 2.90965190e+11]:[ 5.95831024e-02 -2.63490357e-12 -2.31045280e-13  1.49299418e-11 -1.79714083e-10 -1.32248738e-15  7.60181315e-16  2.48341308e-05 -2.17224495e-06 -9.54093820e-09  8.65633621e-10]:11.68675700574927
1306:[6.87498421e+11 3.26261587e+11]:[ 5.96332794e-02 -2.69134574e-12 -1.64008311e-13  1.54247242e-11 -1.79808259e-10 -1.33289782e-15  7.70418673e-16  2.24696099e-05 -2.14600606e-06 -9.09387469e-09  8.66145730e-10]:11.691312471884682
1292:[6.26029265e+11 3.80634590e+11]:[ 5.96431025e-02 -2.70400244e-12 -1.61009702e-13  1.61127901e-11 -1.80280428e-10 -1.33077709e-15  7.94202634e-16  2.02072348e-05 -2.14009196e-06 -8.40457148e-09  8.68974719e-10]:11.724997684532159
1305:[7.30107605e+11 3.98769932e+11]:[ 5.96330498e-02 -2.70675641e-12 -1.55912307e-13  1.59432282e-11 -1.79541142e-10 -1.33187768e-15  7.91894863e-16  2.28824548e-05 -2.13974379e-06 -9.65829463e-09  8.68160854e-10]:11.758908682670427
1311:[6.01021478e+11 5.75325726e+11]:[ 5.96430031e-02 -2.70678149e-12 -1.56348441e-13  1.55770415e-11 -1.79647028e-10 -1.32753937e-15  7.91064697e-16  2.37826031e-05 -2.13986968e-06 -8.21576970e-09  8.67837422e-10]:11.857073580346619
1304:[8.82231193e+11 5.13943561e+11]:[ 5.96015391e-02 -2.69816507e-12 -1.91167966e-13  1.55638061e-11 -1.80016641e-10 -1.33141351e-15  7.57562691e-16  2.32730983e-05 -2.15536230e-06 -9.56299612e-09  8.65558256e-10]:11.860744584047131
1308:[9.03889082e+11 1.21495394e+12]:[ 5.96377163e-02 -2.70653335e-12 -1.57369269e-13  1.51424958e-11 -1.79889276e-10 -1.25154029e-15  7.87504850e-16  2.53903599e-05 -2.13992413e-06 -8.23806776e-09  8.65929804e-10]:12.155908844641099
*******************************
***iteration: 3 Population is***
*******************************
Population scores:
1227:[5.49226196e+11 1.57752170e+11]:[ 5.96456883e-02 -2.70791594e-12 -1.51671462e-13  1.47923322e-11 -1.79487498e-10 -1.32658705e-15  7.97830464e-16  2.50318963e-05 -2.13954709e-06 -9.53517631e-09  8.65544041e-10]:11.461748251697378
1296:[5.55566228e+11 1.66719149e+11]:[ 5.65716584e-02 -2.70508635e-12 -1.96036723e-13  1.89224785e-11 -1.82745216e-10 -1.28956464e-15  7.66156575e-16  2.53383673e-05 -2.14164728e-06 -9.58547627e-09  8.65475834e-10]:11.477200930662432
1309:[4.77334845e+11 2.27496869e+11]:[ 5.96426368e-02 -2.70513454e-12 -1.51677809e-13  1.54920969e-11 -1.79827360e-10 -1.17703459e-15  7.95935655e-16  2.16977504e-05 -2.13975118e-06 -8.26434618e-09  8.66471830e-10]:11.534098777077322
1307:[4.82690728e+11 2.31222333e+11]:[ 5.96356928e-02 -2.70571680e-12 -1.56941776e-13  1.53984351e-11 -1.80085332e-10 -1.23916358e-15  7.54979613e-16  2.05552370e-05 -2.13989274e-06 -7.87598285e-09  8.65820136e-10]:11.540414707785088
1291:[4.62041602e+11 2.52036718e+11]:[ 5.96326633e-02 -2.70587641e-12 -1.55117896e-13  1.51280414e-11 -1.79903708e-10 -1.18408478e-15  7.55315763e-16  2.06058157e-05 -2.13983034e-06 -7.72968234e-09  8.66014126e-10]:11.559818922746391
1302:[4.83558001e+11 2.49461518e+11]:[ 5.96347851e-02 -2.70523439e-12 -1.58701733e-13  1.58639882e-11 -1.79874440e-10 -1.17542700e-15  7.87572504e-16  2.03170818e-05 -2.13998521e-06 -7.95888842e-09  8.66729292e-10]:11.562905724930744
1193:[4.31480498e+11 2.82306121e+11]:[ 5.96130977e-02 -2.70398148e-12 -1.63299191e-13  1.62488253e-11 -1.80629580e-10 -1.17253853e-15  7.35985745e-16  1.93273422e-05 -2.14007186e-06 -7.31258974e-09  8.68674845e-10]:11.586431381609811
1310:[5.16062319e+11 2.70739594e+11]:[ 5.96427480e-02 -2.70536209e-12 -1.61589325e-13  1.51262029e-11 -1.80022291e-10 -1.21497648e-15  7.75538871e-16  2.04233574e-05 -2.14009881e-06 -8.21528305e-09  8.68111346e-10]:11.596151083440436
Selected: [2 7]
***************
***CROSSOVER***
***************
parents:
[ 5.96426368e-02 -2.70513454e-12 -1.51677809e-13  1.54920969e-11 -1.79827360e-10 -1.17703459e-15  7.95935655e-16  2.16977504e-05 -2.13975118e-06 -8.26434618e-09  8.66471830e-10]
[ 5.96427480e-02 -2.70536209e-12 -1.61589325e-13  1.51262029e-11 -1.80022291e-10 -1.21497648e-15  7.75538871e-16  2.04233574e-05 -2.14009881e-06 -8.21528305e-09  8.68111346e-10]
children:
[ 5.96426987e-02 -2.70532915e-12 -1.54829539e-13  1.50967687e-11 -1.79846155e-10 -1.19023782e-15  7.75580995e-16  2.15893852e-05 -2.14002907e-06 -8.25444324e-09  8.66959962e-10]
[ 5.96427269e-02 -2.70516979e-12 -1.61867087e-13  1.52410593e-11 -1.80011376e-10 -1.19692768e-15  7.97474951e-16  2.12042508e-05 -2.14012643e-06 -8.22009265e-09  8.67718456e-10]
Selected: [6 3]
***************
***CROSSOVER***
***************
parents:
[ 5.96130977e-02 -2.70398148e-12 -1.63299191e-13  1.62488253e-11 -1.80629580e-10 -1.17253853e-15  7.35985745e-16  1.93273422e-05 -2.14007186e-06 -7.31258974e-09  8.68674845e-10]
[ 5.96356928e-02 -2.70571680e-12 -1.56941776e-13  1.53984351e-11 -1.80085332e-10 -1.23916358e-15  7.54979613e-16  2.05552370e-05 -2.13989274e-06 -7.87598285e-09  8.65820136e-10]
children:
[ 5.96244776e-02 -2.70508353e-12 -1.59249250e-13  1.59234547e-11 -1.80507853e-10 -1.19672495e-15  7.44743459e-16  1.92397168e-05 -2.14005633e-06 -7.87338609e-09  8.65808194e-10]
[ 5.96123184e-02 -2.70438365e-12 -1.60556974e-13  1.62160217e-11 -1.80515342e-10 -1.19760586e-15  7.46706644e-16  2.02613879e-05 -2.13991004e-06 -7.52952502e-09  8.68088332e-10]
Selected: [1 6]
***************
***CROSSOVER***
***************
parents:
[ 5.65716584e-02 -2.70508635e-12 -1.96036723e-13  1.89224785e-11 -1.82745216e-10 -1.28956464e-15  7.66156575e-16  2.53383673e-05 -2.14164728e-06 -9.58547627e-09  8.65475834e-10]
[ 5.96130977e-02 -2.70398148e-12 -1.63299191e-13  1.62488253e-11 -1.80629580e-10 -1.17253853e-15  7.35985745e-16  1.93273422e-05 -2.14007186e-06 -7.31258974e-09  8.68674845e-10]
children:
[ 5.76205030e-02 -2.70473496e-12 -1.91778349e-13  1.75700150e-11 -1.81903744e-10 -1.27331964e-15  7.58442066e-16  2.55570395e-05 -2.14097639e-06 -8.47091575e-09  8.65664844e-10]
[ 5.79847255e-02 -2.70498054e-12 -1.75067281e-13  1.73122562e-11 -1.81416743e-10 -1.29971390e-15  7.45265912e-16  2.56396466e-05 -2.14144757e-06 -8.46706657e-09  8.68169393e-10]
Selected: [5 7]
***************
***CROSSOVER***
***************
parents:
[ 5.96347851e-02 -2.70523439e-12 -1.58701733e-13  1.58639882e-11 -1.79874440e-10 -1.17542700e-15  7.87572504e-16  2.03170818e-05 -2.13998521e-06 -7.95888842e-09  8.66729292e-10]
[ 5.96427480e-02 -2.70536209e-12 -1.61589325e-13  1.51262029e-11 -1.80022291e-10 -1.21497648e-15  7.75538871e-16  2.04233574e-05 -2.14009881e-06 -8.21528305e-09  8.68111346e-10]
children:
[ 5.96406029e-02 -2.70529659e-12 -1.61815223e-13  1.56597466e-11 -1.79967993e-10 -1.18966910e-15  7.76514797e-16  2.03875082e-05 -2.14000232e-06 -8.21051141e-09  8.67316588e-10]
[ 5.96376360e-02 -2.70525585e-12 -1.59632729e-13  1.56591501e-11 -1.79972913e-10 -1.18086211e-15  7.74717842e-16  2.04331221e-05 -2.14010740e-06 -8.11073271e-09  8.67508719e-10]
@@@@@@@@@@@@@@@@@@@@@@@@@
@@@merging population@@@@
@@@@@@@@@@@@@@@@@@@@@@@@@
Population scores:
1227:[5.49226196e+11 1.57752170e+11]:[ 5.96456883e-02 -2.70791594e-12 -1.51671462e-13  1.47923322e-11 -1.79487498e-10 -1.32658705e-15  7.97830464e-16  2.50318963e-05 -2.13954709e-06 -9.53517631e-09  8.65544041e-10]:11.461748251697378
1296:[5.55566228e+11 1.66719149e+11]:[ 5.65716584e-02 -2.70508635e-12 -1.96036723e-13  1.89224785e-11 -1.82745216e-10 -1.28956464e-15  7.66156575e-16  2.53383673e-05 -2.14164728e-06 -9.58547627e-09  8.65475834e-10]:11.477200930662432
1318:[4.75989538e+11 2.24943351e+11]:[ 5.96426987e-02 -2.70532915e-12 -1.54829539e-13  1.50967687e-11 -1.79846155e-10 -1.19023782e-15  7.75580995e-16  2.15893852e-05 -2.14002907e-06 -8.25444324e-09  8.66959962e-10]:11.53043131087638
1319:[4.74946273e+11 2.25530478e+11]:[ 5.96427269e-02 -2.70516979e-12 -1.61867087e-13  1.52410593e-11 -1.80011376e-10 -1.19692768e-15  7.97474951e-16  2.12042508e-05 -2.14012643e-06 -8.22009265e-09  8.67718456e-10]:11.530862271117892
1309:[4.77334845e+11 2.27496869e+11]:[ 5.96426368e-02 -2.70513454e-12 -1.51677809e-13  1.54920969e-11 -1.79827360e-10 -1.17703459e-15  7.95935655e-16  2.16977504e-05 -2.13975118e-06 -8.26434618e-09  8.66471830e-10]:11.534098777077322
1307:[4.82690728e+11 2.31222333e+11]:[ 5.96356928e-02 -2.70571680e-12 -1.56941776e-13  1.53984351e-11 -1.80085332e-10 -1.23916358e-15  7.54979613e-16  2.05552370e-05 -2.13989274e-06 -7.87598285e-09  8.65820136e-10]:11.540414707785088
1291:[4.62041602e+11 2.52036718e+11]:[ 5.96326633e-02 -2.70587641e-12 -1.55117896e-13  1.51280414e-11 -1.79903708e-10 -1.18408478e-15  7.55315763e-16  2.06058157e-05 -2.13983034e-06 -7.72968234e-09  8.66014126e-10]:11.559818922746391
1302:[4.83558001e+11 2.49461518e+11]:[ 5.96347851e-02 -2.70523439e-12 -1.58701733e-13  1.58639882e-11 -1.79874440e-10 -1.17542700e-15  7.87572504e-16  2.03170818e-05 -2.13998521e-06 -7.95888842e-09  8.66729292e-10]:11.562905724930744
1316:[4.94110755e+11 2.54973388e+11]:[ 5.96376360e-02 -2.70525585e-12 -1.59632729e-13  1.56591501e-11 -1.79972913e-10 -1.18086211e-15  7.74717842e-16  2.04331221e-05 -2.14010740e-06 -8.11073271e-09  8.67508719e-10]:11.57236033119968
1193:[4.31480498e+11 2.82306121e+11]:[ 5.96130977e-02 -2.70398148e-12 -1.63299191e-13  1.62488253e-11 -1.80629580e-10 -1.17253853e-15  7.35985745e-16  1.93273422e-05 -2.14007186e-06 -7.31258974e-09  8.68674845e-10]:11.586431381609811
1314:[4.45965317e+11 2.86476567e+11]:[ 5.96123184e-02 -2.70438365e-12 -1.60556974e-13  1.62160217e-11 -1.80515342e-10 -1.19760586e-15  7.46706644e-16  2.02613879e-05 -2.13991004e-06 -7.52952502e-09  8.68088332e-10]:11.594953834392935
1310:[5.16062319e+11 2.70739594e+11]:[ 5.96427480e-02 -2.70536209e-12 -1.61589325e-13  1.51262029e-11 -1.80022291e-10 -1.21497648e-15  7.75538871e-16  2.04233574e-05 -2.14009881e-06 -8.21528305e-09  8.68111346e-10]:11.596151083440436
1317:[5.22649346e+11 2.79607163e+11]:[ 5.96406029e-02 -2.70529659e-12 -1.61815223e-13  1.56597466e-11 -1.79967993e-10 -1.18966910e-15  7.76514797e-16  2.03875082e-05 -2.14000232e-06 -8.21051141e-09  8.67316588e-10]:11.607501137070962
1315:[5.80015717e+11 3.79279326e+11]:[ 5.96244776e-02 -2.70508353e-12 -1.59249250e-13  1.59234547e-11 -1.80507853e-10 -1.19672495e-15  7.44743459e-16  1.92397168e-05 -2.14005633e-06 -7.87338609e-09  8.65808194e-10]:11.714734603376572
1312:[8.05679823e+11 9.58557588e+11]:[ 5.76205030e-02 -2.70473496e-12 -1.91778349e-13  1.75700150e-11 -1.81903744e-10 -1.27331964e-15  7.58442066e-16  2.55570395e-05 -2.14097639e-06 -8.47091575e-09  8.65664844e-10]:12.061422599649196
1313:[8.49842935e+11 1.10263847e+12]:[ 5.79847255e-02 -2.70498054e-12 -1.75067281e-13  1.73122562e-11 -1.81416743e-10 -1.29971390e-15  7.45265912e-16  2.56396466e-05 -2.14144757e-06 -8.46706657e-09  8.68169393e-10]:12.116142911373728
*******************************
***iteration: 4 Population is***
*******************************
Population scores:
1227:[5.49226196e+11 1.57752170e+11]:[ 5.96456883e-02 -2.70791594e-12 -1.51671462e-13  1.47923322e-11 -1.79487498e-10 -1.32658705e-15  7.97830464e-16  2.50318963e-05 -2.13954709e-06 -9.53517631e-09  8.65544041e-10]:11.461748251697378
1296:[5.55566228e+11 1.66719149e+11]:[ 5.65716584e-02 -2.70508635e-12 -1.96036723e-13  1.89224785e-11 -1.82745216e-10 -1.28956464e-15  7.66156575e-16  2.53383673e-05 -2.14164728e-06 -9.58547627e-09  8.65475834e-10]:11.477200930662432
1318:[4.75989538e+11 2.24943351e+11]:[ 5.96426987e-02 -2.70532915e-12 -1.54829539e-13  1.50967687e-11 -1.79846155e-10 -1.19023782e-15  7.75580995e-16  2.15893852e-05 -2.14002907e-06 -8.25444324e-09  8.66959962e-10]:11.53043131087638
1319:[4.74946273e+11 2.25530478e+11]:[ 5.96427269e-02 -2.70516979e-12 -1.61867087e-13  1.52410593e-11 -1.80011376e-10 -1.19692768e-15  7.97474951e-16  2.12042508e-05 -2.14012643e-06 -8.22009265e-09  8.67718456e-10]:11.530862271117892
1309:[4.77334845e+11 2.27496869e+11]:[ 5.96426368e-02 -2.70513454e-12 -1.51677809e-13  1.54920969e-11 -1.79827360e-10 -1.17703459e-15  7.95935655e-16  2.16977504e-05 -2.13975118e-06 -8.26434618e-09  8.66471830e-10]:11.534098777077322
1307:[4.82690728e+11 2.31222333e+11]:[ 5.96356928e-02 -2.70571680e-12 -1.56941776e-13  1.53984351e-11 -1.80085332e-10 -1.23916358e-15  7.54979613e-16  2.05552370e-05 -2.13989274e-06 -7.87598285e-09  8.65820136e-10]:11.540414707785088
1291:[4.62041602e+11 2.52036718e+11]:[ 5.96326633e-02 -2.70587641e-12 -1.55117896e-13  1.51280414e-11 -1.79903708e-10 -1.18408478e-15  7.55315763e-16  2.06058157e-05 -2.13983034e-06 -7.72968234e-09  8.66014126e-10]:11.559818922746391
1302:[4.83558001e+11 2.49461518e+11]:[ 5.96347851e-02 -2.70523439e-12 -1.58701733e-13  1.58639882e-11 -1.79874440e-10 -1.17542700e-15  7.87572504e-16  2.03170818e-05 -2.13998521e-06 -7.95888842e-09  8.66729292e-10]:11.562905724930744
Selected: [1 3]
***************
***CROSSOVER***
***************
parents:
[ 5.65716584e-02 -2.70508635e-12 -1.96036723e-13  1.89224785e-11 -1.82745216e-10 -1.28956464e-15  7.66156575e-16  2.53383673e-05 -2.14164728e-06 -9.58547627e-09  8.65475834e-10]
[ 5.96427269e-02 -2.70516979e-12 -1.61867087e-13  1.52410593e-11 -1.80011376e-10 -1.19692768e-15  7.97474951e-16  2.12042508e-05 -2.14012643e-06 -8.22009265e-09  8.67718456e-10]
children:
[ 5.89918427e-02 -2.70514719e-12 -1.83766277e-13  1.54383355e-11 -1.82652682e-10 -1.27856189e-15  7.69174909e-16  2.54523872e-05 -2.14138174e-06 -9.57250455e-09  8.67125715e-10]
[ 5.84846296e-02 -2.70512682e-12 -1.88349574e-13  1.78817512e-11 -1.80028104e-10 -1.28390253e-15  7.99691557e-16  2.49239108e-05 -2.14011970e-06 -9.13788054e-09  8.66488139e-10]
Selected: [5 7]
***************
***CROSSOVER***
***************
parents:
[ 5.96356928e-02 -2.70571680e-12 -1.56941776e-13  1.53984351e-11 -1.80085332e-10 -1.23916358e-15  7.54979613e-16  2.05552370e-05 -2.13989274e-06 -7.87598285e-09  8.65820136e-10]
[ 5.96347851e-02 -2.70523439e-12 -1.58701733e-13  1.58639882e-11 -1.79874440e-10 -1.17542700e-15  7.87572504e-16  2.03170818e-05 -2.13998521e-06 -7.95888842e-09  8.66729292e-10]
children:
[ 5.96353817e-02 -2.70552712e-12 -1.58007430e-13  1.53945161e-11 -1.79956035e-10 -1.24177296e-15  7.88789369e-16  2.05166351e-05 -2.13989042e-06 -7.94925349e-09  8.65961503e-10]
[ 5.96354233e-02 -2.70531373e-12 -1.57939004e-13  1.54603920e-11 -1.80089998e-10 -1.16957240e-15  7.53308299e-16  2.04376537e-05 -2.13990300e-06 -7.90148400e-09  8.66045707e-10]
Selected: [4 0]
***************
***CROSSOVER***
***************
parents:
[ 5.96426368e-02 -2.70513454e-12 -1.51677809e-13  1.54920969e-11 -1.79827360e-10 -1.17703459e-15  7.95935655e-16  2.16977504e-05 -2.13975118e-06 -8.26434618e-09  8.66471830e-10]
[ 5.96456883e-02 -2.70791594e-12 -1.51671462e-13  1.47923322e-11 -1.79487498e-10 -1.32658705e-15  7.97830464e-16  2.50318963e-05 -2.13954709e-06 -9.53517631e-09  8.65544041e-10]
children:
[ 5.96435724e-02 -2.70734778e-12 -1.51673057e-13  1.50524538e-11 -1.79758779e-10 -1.33903150e-15  7.96561429e-16  2.40068756e-05 -2.13962951e-06 -8.32015257e-09  8.66248774e-10]
[ 5.96441122e-02 -2.70804495e-12 -1.51672375e-13  1.47642831e-11 -1.79851087e-10 -1.33654569e-15  7.96229141e-16  2.20253151e-05 -2.13960532e-06 -8.40921659e-09  8.65892929e-10]
Selected: [5 3]
***************
***CROSSOVER***
***************
parents:
[ 5.96356928e-02 -2.70571680e-12 -1.56941776e-13  1.53984351e-11 -1.80085332e-10 -1.23916358e-15  7.54979613e-16  2.05552370e-05 -2.13989274e-06 -7.87598285e-09  8.65820136e-10]
[ 5.96427269e-02 -2.70516979e-12 -1.61867087e-13  1.52410593e-11 -1.80011376e-10 -1.19692768e-15  7.97474951e-16  2.12042508e-05 -2.14012643e-06 -8.22009265e-09  8.67718456e-10]
children:
[ 5.96421279e-02 -2.70524449e-12 -1.60603487e-13  1.52667248e-11 -1.80013826e-10 -1.19653419e-15  7.81322951e-16  2.06206517e-05 -2.13995227e-06 -8.10887519e-09  8.66934324e-10]
[ 5.96367627e-02 -2.70548481e-12 -1.56620142e-13  1.53546344e-11 -1.80086312e-10 -1.20477516e-15  7.57417746e-16  2.12633494e-05 -2.13999239e-06 -8.08898805e-09  8.66768972e-10]
@@@@@@@@@@@@@@@@@@@@@@@@@
@@@merging population@@@@
@@@@@@@@@@@@@@@@@@@@@@@@@
Population scores:
1227:[5.49226196e+11 1.57752170e+11]:[ 5.96456883e-02 -2.70791594e-12 -1.51671462e-13  1.47923322e-11 -1.79487498e-10 -1.32658705e-15  7.97830464e-16  2.50318963e-05 -2.13954709e-06 -9.53517631e-09  8.65544041e-10]:11.461748251697378
1296:[5.55566228e+11 1.66719149e+11]:[ 5.65716584e-02 -2.70508635e-12 -1.96036723e-13  1.89224785e-11 -1.82745216e-10 -1.28956464e-15  7.66156575e-16  2.53383673e-05 -2.14164728e-06 -9.58547627e-09  8.65475834e-10]:11.477200930662432
1327:[5.09508070e+11 1.93568553e+11]:[ 5.96441122e-02 -2.70804495e-12 -1.51672375e-13  1.47642831e-11 -1.79851087e-10 -1.33654569e-15  7.96229141e-16  2.20253151e-05 -2.13960532e-06 -8.40921659e-09  8.65892929e-10]:11.499481555097997
1321:[5.45093283e+11 2.03462319e+11]:[ 5.89918427e-02 -2.70514719e-12 -1.83766277e-13  1.54383355e-11 -1.82652682e-10 -1.27856189e-15  7.69174909e-16  2.54523872e-05 -2.14138174e-06 -9.57250455e-09  8.67125715e-10]:11.524116508191637
1318:[4.75989538e+11 2.24943351e+11]:[ 5.96426987e-02 -2.70532915e-12 -1.54829539e-13  1.50967687e-11 -1.79846155e-10 -1.19023782e-15  7.75580995e-16  2.15893852e-05 -2.14002907e-06 -8.25444324e-09  8.66959962e-10]:11.53043131087638
1319:[4.74946273e+11 2.25530478e+11]:[ 5.96427269e-02 -2.70516979e-12 -1.61867087e-13  1.52410593e-11 -1.80011376e-10 -1.19692768e-15  7.97474951e-16  2.12042508e-05 -2.14012643e-06 -8.22009265e-09  8.67718456e-10]:11.530862271117892
1309:[4.77334845e+11 2.27496869e+11]:[ 5.96426368e-02 -2.70513454e-12 -1.51677809e-13  1.54920969e-11 -1.79827360e-10 -1.17703459e-15  7.95935655e-16  2.16977504e-05 -2.13975118e-06 -8.26434618e-09  8.66471830e-10]:11.534098777077322
1324:[4.72032308e+11 2.29585447e+11]:[ 5.96367627e-02 -2.70548481e-12 -1.56620142e-13  1.53546344e-11 -1.80086312e-10 -1.20477516e-15  7.57417746e-16  2.12633494e-05 -2.13999239e-06 -8.08898805e-09  8.66768972e-10]:11.535133541669923
1307:[4.82690728e+11 2.31222333e+11]:[ 5.96356928e-02 -2.70571680e-12 -1.56941776e-13  1.53984351e-11 -1.80085332e-10 -1.23916358e-15  7.54979613e-16  2.05552370e-05 -2.13989274e-06 -7.87598285e-09  8.65820136e-10]:11.540414707785088
1322:[4.93873449e+11 2.36124569e+11]:[ 5.96353817e-02 -2.70552712e-12 -1.58007430e-13  1.53945161e-11 -1.79956035e-10 -1.24177296e-15  7.88789369e-16  2.05166351e-05 -2.13989042e-06 -7.94925349e-09  8.65961503e-10]:11.549805102973679
1323:[4.76840847e+11 2.42711549e+11]:[ 5.96354233e-02 -2.70531373e-12 -1.57939004e-13  1.54603920e-11 -1.80089998e-10 -1.16957240e-15  7.53308299e-16  2.04376537e-05 -2.13990300e-06 -7.90148400e-09  8.66045707e-10]:11.552854730836332
1325:[4.92616031e+11 2.43209772e+11]:[ 5.96421279e-02 -2.70524449e-12 -1.60603487e-13  1.52667248e-11 -1.80013826e-10 -1.19653419e-15  7.81322951e-16  2.06206517e-05 -2.13995227e-06 -8.10887519e-09  8.66934324e-10]:11.558033353470526
1291:[4.62041602e+11 2.52036718e+11]:[ 5.96326633e-02 -2.70587641e-12 -1.55117896e-13  1.51280414e-11 -1.79903708e-10 -1.18408478e-15  7.55315763e-16  2.06058157e-05 -2.13983034e-06 -7.72968234e-09  8.66014126e-10]:11.559818922746391
1302:[4.83558001e+11 2.49461518e+11]:[ 5.96347851e-02 -2.70523439e-12 -1.58701733e-13  1.58639882e-11 -1.79874440e-10 -1.17542700e-15  7.87572504e-16  2.03170818e-05 -2.13998521e-06 -7.95888842e-09  8.66729292e-10]:11.562905724930744
1320:[5.46339192e+11 2.81653243e+11]:[ 5.84846296e-02 -2.70512682e-12 -1.88349574e-13  1.78817512e-11 -1.80028104e-10 -1.28390253e-15  7.99691557e-16  2.49239108e-05 -2.14011970e-06 -9.13788054e-09  8.66488139e-10]:11.615713016315937
1326:[5.90336984e+11 5.03762112e+11]:[ 5.96435724e-02 -2.70734778e-12 -1.51673057e-13  1.50524538e-11 -1.79758779e-10 -1.33903150e-15  7.96561429e-16  2.40068756e-05 -2.13962951e-06 -8.32015257e-09  8.66248774e-10]:11.809857886945109
*******************************
***iteration: 5 Population is***
*******************************
Population scores:
1227:[5.49226196e+11 1.57752170e+11]:[ 5.96456883e-02 -2.70791594e-12 -1.51671462e-13  1.47923322e-11 -1.79487498e-10 -1.32658705e-15  7.97830464e-16  2.50318963e-05 -2.13954709e-06 -9.53517631e-09  8.65544041e-10]:11.461748251697378
1296:[5.55566228e+11 1.66719149e+11]:[ 5.65716584e-02 -2.70508635e-12 -1.96036723e-13  1.89224785e-11 -1.82745216e-10 -1.28956464e-15  7.66156575e-16  2.53383673e-05 -2.14164728e-06 -9.58547627e-09  8.65475834e-10]:11.477200930662432
1327:[5.09508070e+11 1.93568553e+11]:[ 5.96441122e-02 -2.70804495e-12 -1.51672375e-13  1.47642831e-11 -1.79851087e-10 -1.33654569e-15  7.96229141e-16  2.20253151e-05 -2.13960532e-06 -8.40921659e-09  8.65892929e-10]:11.499481555097997
1321:[5.45093283e+11 2.03462319e+11]:[ 5.89918427e-02 -2.70514719e-12 -1.83766277e-13  1.54383355e-11 -1.82652682e-10 -1.27856189e-15  7.69174909e-16  2.54523872e-05 -2.14138174e-06 -9.57250455e-09  8.67125715e-10]:11.524116508191637
1318:[4.75989538e+11 2.24943351e+11]:[ 5.96426987e-02 -2.70532915e-12 -1.54829539e-13  1.50967687e-11 -1.79846155e-10 -1.19023782e-15  7.75580995e-16  2.15893852e-05 -2.14002907e-06 -8.25444324e-09  8.66959962e-10]:11.53043131087638
1319:[4.74946273e+11 2.25530478e+11]:[ 5.96427269e-02 -2.70516979e-12 -1.61867087e-13  1.52410593e-11 -1.80011376e-10 -1.19692768e-15  7.97474951e-16  2.12042508e-05 -2.14012643e-06 -8.22009265e-09  8.67718456e-10]:11.530862271117892
1309:[4.77334845e+11 2.27496869e+11]:[ 5.96426368e-02 -2.70513454e-12 -1.51677809e-13  1.54920969e-11 -1.79827360e-10 -1.17703459e-15  7.95935655e-16  2.16977504e-05 -2.13975118e-06 -8.26434618e-09  8.66471830e-10]:11.534098777077322
1324:[4.72032308e+11 2.29585447e+11]:[ 5.96367627e-02 -2.70548481e-12 -1.56620142e-13  1.53546344e-11 -1.80086312e-10 -1.20477516e-15  7.57417746e-16  2.12633494e-05 -2.13999239e-06 -8.08898805e-09  8.66768972e-10]:11.535133541669923
Selected: [4 5]
***************
***CROSSOVER***
***************
parents:
[ 5.96426987e-02 -2.70532915e-12 -1.54829539e-13  1.50967687e-11 -1.79846155e-10 -1.19023782e-15  7.75580995e-16  2.15893852e-05 -2.14002907e-06 -8.25444324e-09  8.66959962e-10]
[ 5.96427269e-02 -2.70516979e-12 -1.61867087e-13  1.52410593e-11 -1.80011376e-10 -1.19692768e-15  7.97474951e-16  2.12042508e-05 -2.14012643e-06 -8.22009265e-09  8.67718456e-10]
children:
[ 5.96427194e-02 -2.70517432e-12 -1.54231212e-13  1.51758324e-11 -1.79963593e-10 -1.19579787e-15  7.99660236e-16  2.14100578e-05 -2.14013610e-06 -8.24767772e-09  8.67204702e-10]
[ 5.96427010e-02 -2.70524146e-12 -1.58612012e-13  1.51107040e-11 -1.80013290e-10 -1.19457205e-15  7.91082136e-16  2.12491726e-05 -2.14009755e-06 -8.22009798e-09  8.67548197e-10]
Selected: [2 4]
***************
***CROSSOVER***
***************
parents:
[ 5.96441122e-02 -2.70804495e-12 -1.51672375e-13  1.47642831e-11 -1.79851087e-10 -1.33654569e-15  7.96229141e-16  2.20253151e-05 -2.13960532e-06 -8.40921659e-09  8.65892929e-10]
[ 5.96426987e-02 -2.70532915e-12 -1.54829539e-13  1.50967687e-11 -1.79846155e-10 -1.19023782e-15  7.75580995e-16  2.15893852e-05 -2.14002907e-06 -8.25444324e-09  8.66959962e-10]
children:
[ 5.96432901e-02 -2.70704266e-12 -1.52609555e-13  1.51046081e-11 -1.79849471e-10 -1.21618993e-15  7.90943649e-16  2.17963684e-05 -2.13999004e-06 -8.35445881e-09  8.66960480e-10]
[ 5.96442309e-02 -2.70508571e-12 -1.53742887e-13  1.47388559e-11 -1.79849048e-10 -1.28224550e-15  7.78243532e-16  2.19800411e-05 -2.13994744e-06 -8.39018099e-09  8.67062679e-10]
Selected: [5 2]
***************
***CROSSOVER***
***************
parents:
[ 5.96427269e-02 -2.70516979e-12 -1.61867087e-13  1.52410593e-11 -1.80011376e-10 -1.19692768e-15  7.97474951e-16  2.12042508e-05 -2.14012643e-06 -8.22009265e-09  8.67718456e-10]
[ 5.96441122e-02 -2.70804495e-12 -1.51672375e-13  1.47642831e-11 -1.79851087e-10 -1.33654569e-15  7.96229141e-16  2.20253151e-05 -2.13960532e-06 -8.40921659e-09  8.65892929e-10]
children:
[ 5.96433875e-02 -2.70730623e-12 -1.60002500e-13  1.51796610e-11 -1.80007186e-10 -1.31843461e-15  7.96114511e-16  2.16459218e-05 -2.14010465e-06 -8.34593359e-09  8.67529969e-10]
[ 5.96431187e-02 -2.70793112e-12 -1.62746403e-13  1.48176201e-11 -1.79938500e-10 -1.33228746e-15  7.96915388e-16  2.18208908e-05 -2.13976940e-06 -8.31622911e-09  8.67885016e-10]
Selected: [1 6]
***************
***CROSSOVER***
***************
parents:
[ 5.65716584e-02 -2.70508635e-12 -1.96036723e-13  1.89224785e-11 -1.82745216e-10 -1.28956464e-15  7.66156575e-16  2.53383673e-05 -2.14164728e-06 -9.58547627e-09  8.65475834e-10]
[ 5.96426368e-02 -2.70513454e-12 -1.51677809e-13  1.54920969e-11 -1.79827360e-10 -1.17703459e-15  7.95935655e-16  2.16977504e-05 -2.13975118e-06 -8.26434618e-09  8.66471830e-10]
children:
[ 5.95147470e-02 -2.70508274e-12 -1.89463885e-13  1.66687743e-11 -1.82663835e-10 -1.19148739e-15  7.67761095e-16  2.34051365e-05 -2.14033139e-06 -9.67379482e-09  8.66394322e-10]
[ 5.81231791e-02 -2.70511368e-12 -1.53653794e-13  1.84815698e-11 -1.82985920e-10 -1.19825266e-15  7.94052068e-16  2.38157216e-05 -2.14074712e-06 -8.52524832e-09  8.65490819e-10]
@@@@@@@@@@@@@@@@@@@@@@@@@
@@@merging population@@@@
@@@@@@@@@@@@@@@@@@@@@@@@@
Population scores:
1227:[5.49226196e+11 1.57752170e+11]:[ 5.96456883e-02 -2.70791594e-12 -1.51671462e-13  1.47923322e-11 -1.79487498e-10 -1.32658705e-15  7.97830464e-16  2.50318963e-05 -2.13954709e-06 -9.53517631e-09  8.65544041e-10]:11.461748251697378
1296:[5.55566228e+11 1.66719149e+11]:[ 5.65716584e-02 -2.70508635e-12 -1.96036723e-13  1.89224785e-11 -1.82745216e-10 -1.28956464e-15  7.66156575e-16  2.53383673e-05 -2.14164728e-06 -9.58547627e-09  8.65475834e-10]:11.477200930662432
1327:[5.09508070e+11 1.93568553e+11]:[ 5.96441122e-02 -2.70804495e-12 -1.51672375e-13  1.47642831e-11 -1.79851087e-10 -1.33654569e-15  7.96229141e-16  2.20253151e-05 -2.13960532e-06 -8.40921659e-09  8.65892929e-10]:11.499481555097997
1332:[4.84170045e+11 2.02758374e+11]:[ 5.96431187e-02 -2.70793112e-12 -1.62746403e-13  1.48176201e-11 -1.79938500e-10 -1.33228746e-15  7.96915388e-16  2.18208908e-05 -2.13976940e-06 -8.31622911e-09  8.67885016e-10]:11.503735112042941
1335:[4.88923342e+11 2.04022121e+11]:[ 5.96442309e-02 -2.70508571e-12 -1.53742887e-13  1.47388559e-11 -1.79849048e-10 -1.28224550e-15  7.78243532e-16  2.19800411e-05 -2.13994744e-06 -8.39018099e-09  8.67062679e-10]:11.506996849563903
1334:[4.96563020e+11 2.03369407e+11]:[ 5.96433875e-02 -2.70730623e-12 -1.60002500e-13  1.51796610e-11 -1.80007186e-10 -1.31843461e-15  7.96114511e-16  2.16459218e-05 -2.14010465e-06 -8.34593359e-09  8.67529969e-10]:11.508589683180146
1333:[4.82393289e+11 2.15054787e+11]:[ 5.96432901e-02 -2.70704266e-12 -1.52609555e-13  1.51046081e-11 -1.79849471e-10 -1.21618993e-15  7.90943649e-16  2.17963684e-05 -2.13999004e-06 -8.35445881e-09  8.66960480e-10]:11.519603803238162
1321:[5.45093283e+11 2.03462319e+11]:[ 5.89918427e-02 -2.70514719e-12 -1.83766277e-13  1.54383355e-11 -1.82652682e-10 -1.27856189e-15  7.69174909e-16  2.54523872e-05 -2.14138174e-06 -9.57250455e-09  8.67125715e-10]:11.524116508191637
1331:[4.77260073e+11 2.22772688e+11]:[ 5.96427194e-02 -2.70517432e-12 -1.54231212e-13  1.51758324e-11 -1.79963593e-10 -1.19579787e-15  7.99660236e-16  2.14100578e-05 -2.14013610e-06 -8.24767772e-09  8.67204702e-10]:11.528035790177226
1318:[4.75989538e+11 2.24943351e+11]:[ 5.96426987e-02 -2.70532915e-12 -1.54829539e-13  1.50967687e-11 -1.79846155e-10 -1.19023782e-15  7.75580995e-16  2.15893852e-05 -2.14002907e-06 -8.25444324e-09  8.66959962e-10]:11.53043131087638
1330:[4.74963466e+11 2.25228052e+11]:[ 5.96427010e-02 -2.70524146e-12 -1.58612012e-13  1.51107040e-11 -1.80013290e-10 -1.19457205e-15  7.91082136e-16  2.12491726e-05 -2.14009755e-06 -8.22009798e-09  8.67548197e-10]:11.530480532590982
1319:[4.74946273e+11 2.25530478e+11]:[ 5.96427269e-02 -2.70516979e-12 -1.61867087e-13  1.52410593e-11 -1.80011376e-10 -1.19692768e-15  7.97474951e-16  2.12042508e-05 -2.14012643e-06 -8.22009265e-09  8.67718456e-10]:11.530862271117892
1309:[4.77334845e+11 2.27496869e+11]:[ 5.96426368e-02 -2.70513454e-12 -1.51677809e-13  1.54920969e-11 -1.79827360e-10 -1.17703459e-15  7.95935655e-16  2.16977504e-05 -2.13975118e-06 -8.26434618e-09  8.66471830e-10]:11.534098777077322
1324:[4.72032308e+11 2.29585447e+11]:[ 5.96367627e-02 -2.70548481e-12 -1.56620142e-13  1.53546344e-11 -1.80086312e-10 -1.20477516e-15  7.57417746e-16  2.12633494e-05 -2.13999239e-06 -8.08898805e-09  8.66768972e-10]:11.535133541669923
1329:[6.38138751e+11 2.87967939e+11]:[ 5.95147470e-02 -2.70508274e-12 -1.89463885e-13  1.66687743e-11 -1.82663835e-10 -1.19148739e-15  7.67761095e-16  2.34051365e-05 -2.14033139e-06 -9.67379482e-09  8.66394322e-10]:11.644557968457946
1328:[5.54395682e+11 3.78442743e+11]:[ 5.81231791e-02 -2.70511368e-12 -1.53653794e-13  1.84815698e-11 -1.82985920e-10 -1.19825266e-15  7.94052068e-16  2.38157216e-05 -2.14074712e-06 -8.52524832e-09  8.65490819e-10]:11.708843690912339
Population scores:
1227:[5.49226196e+11 1.57752170e+11]:[ 5.96456883e-02 -2.70791594e-12 -1.51671462e-13  1.47923322e-11 -1.79487498e-10 -1.32658705e-15  7.97830464e-16  2.50318963e-05 -2.13954709e-06 -9.53517631e-09  8.65544041e-10]:11.461748251697378
1296:[5.55566228e+11 1.66719149e+11]:[ 5.65716584e-02 -2.70508635e-12 -1.96036723e-13  1.89224785e-11 -1.82745216e-10 -1.28956464e-15  7.66156575e-16  2.53383673e-05 -2.14164728e-06 -9.58547627e-09  8.65475834e-10]:11.477200930662432
1327:[5.09508070e+11 1.93568553e+11]:[ 5.96441122e-02 -2.70804495e-12 -1.51672375e-13  1.47642831e-11 -1.79851087e-10 -1.33654569e-15  7.96229141e-16  2.20253151e-05 -2.13960532e-06 -8.40921659e-09  8.65892929e-10]:11.499481555097997
1332:[4.84170045e+11 2.02758374e+11]:[ 5.96431187e-02 -2.70793112e-12 -1.62746403e-13  1.48176201e-11 -1.79938500e-10 -1.33228746e-15  7.96915388e-16  2.18208908e-05 -2.13976940e-06 -8.31622911e-09  8.67885016e-10]:11.503735112042941
1335:[4.88923342e+11 2.04022121e+11]:[ 5.96442309e-02 -2.70508571e-12 -1.53742887e-13  1.47388559e-11 -1.79849048e-10 -1.28224550e-15  7.78243532e-16  2.19800411e-05 -2.13994744e-06 -8.39018099e-09  8.67062679e-10]:11.506996849563903
1334:[4.96563020e+11 2.03369407e+11]:[ 5.96433875e-02 -2.70730623e-12 -1.60002500e-13  1.51796610e-11 -1.80007186e-10 -1.31843461e-15  7.96114511e-16  2.16459218e-05 -2.14010465e-06 -8.34593359e-09  8.67529969e-10]:11.508589683180146
1333:[4.82393289e+11 2.15054787e+11]:[ 5.96432901e-02 -2.70704266e-12 -1.52609555e-13  1.51046081e-11 -1.79849471e-10 -1.21618993e-15  7.90943649e-16  2.17963684e-05 -2.13999004e-06 -8.35445881e-09  8.66960480e-10]:11.519603803238162
1321:[5.45093283e+11 2.03462319e+11]:[ 5.89918427e-02 -2.70514719e-12 -1.83766277e-13  1.54383355e-11 -1.82652682e-10 -1.27856189e-15  7.69174909e-16  2.54523872e-05 -2.14138174e-06 -9.57250455e-09  8.67125715e-10]:11.524116508191637
%%%%%%%%%%%%%%%%%%%%%%%%%
%%%final - population%%%%
%%%%%%%%%%%%%%%%%%%%%%%%%
1227:[5.49226196e+11 1.57752170e+11]:[ 5.96456883e-02 -2.70791594e-12 -1.51671462e-13  1.47923322e-11 -1.79487498e-10 -1.32658705e-15  7.97830464e-16  2.50318963e-05 -2.13954709e-06 -9.53517631e-09  8.65544041e-10]
1296:[5.55566228e+11 1.66719149e+11]:[ 5.65716584e-02 -2.70508635e-12 -1.96036723e-13  1.89224785e-11 -1.82745216e-10 -1.28956464e-15  7.66156575e-16  2.53383673e-05 -2.14164728e-06 -9.58547627e-09  8.65475834e-10]
1327:[5.09508070e+11 1.93568553e+11]:[ 5.96441122e-02 -2.70804495e-12 -1.51672375e-13  1.47642831e-11 -1.79851087e-10 -1.33654569e-15  7.96229141e-16  2.20253151e-05 -2.13960532e-06 -8.40921659e-09  8.65892929e-10]
1332:[4.84170045e+11 2.02758374e+11]:[ 5.96431187e-02 -2.70793112e-12 -1.62746403e-13  1.48176201e-11 -1.79938500e-10 -1.33228746e-15  7.96915388e-16  2.18208908e-05 -2.13976940e-06 -8.31622911e-09  8.67885016e-10]
1335:[4.88923342e+11 2.04022121e+11]:[ 5.96442309e-02 -2.70508571e-12 -1.53742887e-13  1.47388559e-11 -1.79849048e-10 -1.28224550e-15  7.78243532e-16  2.19800411e-05 -2.13994744e-06 -8.39018099e-09  8.67062679e-10]
1334:[4.96563020e+11 2.03369407e+11]:[ 5.96433875e-02 -2.70730623e-12 -1.60002500e-13  1.51796610e-11 -1.80007186e-10 -1.31843461e-15  7.96114511e-16  2.16459218e-05 -2.14010465e-06 -8.34593359e-09  8.67529969e-10]
1333:[4.82393289e+11 2.15054787e+11]:[ 5.96432901e-02 -2.70704266e-12 -1.52609555e-13  1.51046081e-11 -1.79849471e-10 -1.21618993e-15  7.90943649e-16  2.17963684e-05 -2.13999004e-06 -8.35445881e-09  8.66960480e-10]
1321:[5.45093283e+11 2.03462319e+11]:[ 5.89918427e-02 -2.70514719e-12 -1.83766277e-13  1.54383355e-11 -1.82652682e-10 -1.27856189e-15  7.69174909e-16  2.54523872e-05 -2.14138174e-06 -9.57250455e-09  8.67125715e-10]
