Generating Population from
[ 5.96431187e-02 -2.70793112e-12 -1.62746403e-13  1.48176201e-11 -1.79938500e-10 -1.33228746e-15  7.96915388e-16  2.18208908e-05 -2.13976940e-06 -8.31622911e-09  8.67885016e-10]
[ 6.00241177e-02 -2.72190703e-12 -1.84349575e-13  1.59510996e-11 -1.83783584e-10 -1.31303421e-15  8.01633115e-16  2.53035028e-05 -2.13961576e-06 -9.81567375e-09  8.78546968e-10]
*******************************
***iteration: 0 Population is***
*******************************
Population scores:
1332:[4.84170045e+11 2.02758374e+11]:[ 5.96431187e-02 -2.70793112e-12 -1.62746403e-13  1.48176201e-11 -1.79938500e-10 -1.33228746e-15  7.96915388e-16  2.18208908e-05 -2.13976940e-06 -8.31622911e-09  8.67885016e-10]:11.503735112042941
1253:[4.90163824e+11 3.04764575e+11]:[ 6.00241177e-02 -2.72190703e-12 -1.84349575e-13  1.59510996e-11 -1.83783584e-10 -1.31303421e-15  8.01633115e-16  2.53035028e-05 -2.13961576e-06 -9.81567375e-09  8.78546968e-10]:11.625727911608557
1338:[4.89786752e+11 9.33807106e+11]:[ 5.87349943e-02 -3.29877932e-12 -2.36932399e-13  1.88535099e-11 -1.52328428e-10 -7.52260426e-16  7.88391772e-16  1.21961054e-05 -1.98840471e-06 -9.23662515e-09  8.71703392e-10]:12.021749767190201
1341:[3.98001210e+12 3.17723725e+12]:[ 5.34720012e-02 -2.65718050e-12 -1.03761692e-13  1.12387325e-11 -1.52852230e-10 -8.65593433e-16  8.09332718e-16  3.20113576e-05 -2.57991703e-06 -9.11697752e-09  9.14235322e-10]:12.616206572735694
1337:[3.95224910e+12 6.73245828e+12]:[ 6.93712431e-02 -2.67926017e-12 -7.20058149e-14  1.97997257e-11 -1.16802571e-10 -6.96216813e-16  7.26070270e-16  1.46153986e-05 -2.12403496e-06 -8.48777078e-09  8.29889036e-10]:12.885417655797886
1336:[5.80085291e+12 1.22440907e+13]:[ 5.78680749e-02 -3.48875237e-12 -1.33931114e-13  1.42111977e-11 -1.68888259e-10 -4.25387175e-16  7.62230859e-16  1.30904383e-05 -1.54361573e-06 -8.36642165e-09  7.89850866e-10]:13.134696401516436
1340:[7.37595036e+12 1.70690973e+13]:[ 5.93734992e-02 -2.92222828e-12 -1.64750361e-13  1.77672967e-11 -1.01046858e-10 -1.81836969e-15  8.87562766e-16  2.98343774e-05 -1.99511302e-06 -8.93622675e-09  8.93795522e-10]:13.275065347819668
1339:[5.96055023e+13 1.29285848e+14]:[ 5.06716156e-02 -2.16907984e-12 -1.40952481e-13  1.89045281e-11 -1.33210795e-10 -2.10277949e-15  7.82289838e-16  2.92549511e-05 -1.20927479e-06 -9.88459442e-09  8.31726912e-10]:14.157127729125296
Selected: [1 0]
***************
***CROSSOVER***
***************
parents:
[ 6.00241177e-02 -2.72190703e-12 -1.84349575e-13  1.59510996e-11 -1.83783584e-10 -1.31303421e-15  8.01633115e-16  2.53035028e-05 -2.13961576e-06 -9.81567375e-09  8.78546968e-10]
[ 5.96431187e-02 -2.70793112e-12 -1.62746403e-13  1.48176201e-11 -1.79938500e-10 -1.33228746e-15  7.96915388e-16  2.18208908e-05 -2.13976940e-06 -8.31622911e-09  8.67885016e-10]
children:
[ 5.96385635e-02 -2.71433127e-12 -1.85042424e-13  1.53801599e-11 -1.81747739e-10 -1.32260826e-15  7.97746216e-16  2.14789735e-05 -2.13963008e-06 -9.88095728e-09  8.67772123e-10]
[ 6.00107581e-02 -2.71806710e-12 -1.86225084e-13  1.60503898e-11 -1.82578874e-10 -1.32473116e-15  8.01569852e-16  2.48264961e-05 -2.13964267e-06 -9.26307390e-09  8.73799336e-10]
Selected: [0 1]
***************
***CROSSOVER***
***************
parents:
[ 5.96431187e-02 -2.70793112e-12 -1.62746403e-13  1.48176201e-11 -1.79938500e-10 -1.33228746e-15  7.96915388e-16  2.18208908e-05 -2.13976940e-06 -8.31622911e-09  8.67885016e-10]
[ 6.00241177e-02 -2.72190703e-12 -1.84349575e-13  1.59510996e-11 -1.83783584e-10 -1.31303421e-15  8.01633115e-16  2.53035028e-05 -2.13961576e-06 -9.81567375e-09  8.78546968e-10]
children:
[ 5.97889232e-02 -2.71940908e-12 -1.62829151e-13  1.47062235e-11 -1.80101222e-10 -1.33103652e-15  8.00179547e-16  2.26709350e-05 -2.13964904e-06 -8.68622323e-09  8.79056743e-10]
[ 5.97673683e-02 -2.72085156e-12 -1.71155539e-13  1.58188330e-11 -1.83366859e-10 -1.32178446e-15  8.01031186e-16  2.26651183e-05 -2.13974938e-06 -9.35083958e-09  8.67116842e-10]
Selected: [0 1]
***************
***CROSSOVER***
***************
parents:
[ 5.96431187e-02 -2.70793112e-12 -1.62746403e-13  1.48176201e-11 -1.79938500e-10 -1.33228746e-15  7.96915388e-16  2.18208908e-05 -2.13976940e-06 -8.31622911e-09  8.67885016e-10]
[ 6.00241177e-02 -2.72190703e-12 -1.84349575e-13  1.59510996e-11 -1.83783584e-10 -1.31303421e-15  8.01633115e-16  2.53035028e-05 -2.13961576e-06 -9.81567375e-09  8.78546968e-10]
children:
[ 5.96219787e-02 -2.72079137e-12 -1.66262484e-13  1.50060448e-11 -1.79874488e-10 -1.32850620e-15  7.96744528e-16  2.21516203e-05 -2.13972126e-06 -9.68029800e-09  8.76377071e-10]
[ 6.00049874e-02 -2.72086284e-12 -1.79805411e-13  1.58288501e-11 -1.81483075e-10 -1.31580125e-15  7.99039907e-16  2.46801313e-05 -2.13973293e-06 -8.53856134e-09  8.68330494e-10]
Selected: [2 0]
***************
***CROSSOVER***
***************
parents:
[ 5.87349943e-02 -3.29877932e-12 -2.36932399e-13  1.88535099e-11 -1.52328428e-10 -7.52260426e-16  7.88391772e-16  1.21961054e-05 -1.98840471e-06 -9.23662515e-09  8.71703392e-10]
[ 5.96431187e-02 -2.70793112e-12 -1.62746403e-13  1.48176201e-11 -1.79938500e-10 -1.33228746e-15  7.96915388e-16  2.18208908e-05 -2.13976940e-06 -8.31622911e-09  8.67885016e-10]
children:
[ 5.96712480e-02 -3.15723144e-12 -1.81817339e-13  1.44582142e-11 -1.50271698e-10 -7.37908385e-16  7.93563758e-16  2.19940129e-05 -2.12308409e-06 -8.36682955e-09  8.70599353e-10]
[ 5.93040966e-02 -2.72643264e-12 -1.83105023e-13  1.69507692e-11 -1.80880353e-10 -1.04968461e-15  7.97121452e-16  1.92123646e-05 -2.13829085e-06 -9.13566496e-09  8.68359555e-10]
@@@@@@@@@@@@@@@@@@@@@@@@@
@@@merging population@@@@
@@@@@@@@@@@@@@@@@@@@@@@@@
Population scores:
1332:[4.84170045e+11 2.02758374e+11]:[ 5.96431187e-02 -2.70793112e-12 -1.62746403e-13  1.48176201e-11 -1.79938500e-10 -1.33228746e-15  7.96915388e-16  2.18208908e-05 -2.13976940e-06 -8.31622911e-09  8.67885016e-10]:11.503735112042941
1253:[4.90163824e+11 3.04764575e+11]:[ 6.00241177e-02 -2.72190703e-12 -1.84349575e-13  1.59510996e-11 -1.83783584e-10 -1.31303421e-15  8.01633115e-16  2.53035028e-05 -2.13961576e-06 -9.81567375e-09  8.78546968e-10]:11.625727911608557
1347:[4.44459243e+11 3.44098405e+11]:[ 5.97889232e-02 -2.71940908e-12 -1.62829151e-13  1.47062235e-11 -1.80101222e-10 -1.33103652e-15  8.00179547e-16  2.26709350e-05 -2.13964904e-06 -8.68622323e-09  8.79056743e-10]:11.653953678171115
1346:[6.61288307e+11 3.15944096e+11]:[ 5.97673683e-02 -2.72085156e-12 -1.71155539e-13  1.58188330e-11 -1.83366859e-10 -1.32178446e-15  8.01031186e-16  2.26651183e-05 -2.13974938e-06 -9.35083958e-09  8.67116842e-10]:11.67637649517369
1349:[5.21769465e+11 3.62969480e+11]:[ 6.00107581e-02 -2.71806710e-12 -1.86225084e-13  1.60503898e-11 -1.82578874e-10 -1.32473116e-15  8.01569852e-16  2.48264961e-05 -2.13964267e-06 -9.26307390e-09  8.73799336e-10]:11.688592572702133
1343:[6.49423828e+11 3.84125840e+11]:[ 5.96219787e-02 -2.72079137e-12 -1.66262484e-13  1.50060448e-11 -1.79874488e-10 -1.32850620e-15  7.96744528e-16  2.21516203e-05 -2.13972126e-06 -9.68029800e-09  8.76377071e-10]:11.73238375373376
1348:[6.43292747e+11 6.46730584e+11]:[ 6.00049874e-02 -2.72086284e-12 -1.79805411e-13  1.58288501e-11 -1.81483075e-10 -1.31580125e-15  7.99039907e-16  2.46801313e-05 -2.13973293e-06 -8.53856134e-09  8.68330494e-10]:11.90369803109404
1345:[6.04746228e+11 7.46985189e+11]:[ 5.96712480e-02 -3.15723144e-12 -1.81817339e-13  1.44582142e-11 -1.50271698e-10 -7.37908385e-16  7.93563758e-16  2.19940129e-05 -2.12308409e-06 -8.36682955e-09  8.70599353e-10]:11.950425361086609
1338:[4.89786752e+11 9.33807106e+11]:[ 5.87349943e-02 -3.29877932e-12 -2.36932399e-13  1.88535099e-11 -1.52328428e-10 -7.52260426e-16  7.88391772e-16  1.21961054e-05 -1.98840471e-06 -9.23662515e-09  8.71703392e-10]:12.021749767190201
1342:[1.03787838e+12 1.16907945e+12]:[ 5.93040966e-02 -2.72643264e-12 -1.83105023e-13  1.69507692e-11 -1.80880353e-10 -1.04968461e-15  7.97121452e-16  1.92123646e-05 -2.13829085e-06 -9.13566496e-09  8.68359555e-10]:12.151728373736892
1344:[1.1972878e+12 1.1590328e+12]:[ 5.96385635e-02 -2.71433127e-12 -1.85042424e-13  1.53801599e-11 -1.81747739e-10 -1.32260826e-15  7.97746216e-16  2.14789735e-05 -2.13963008e-06 -9.88095728e-09  8.67772123e-10]:12.160282971108419
1341:[3.98001210e+12 3.17723725e+12]:[ 5.34720012e-02 -2.65718050e-12 -1.03761692e-13  1.12387325e-11 -1.52852230e-10 -8.65593433e-16  8.09332718e-16  3.20113576e-05 -2.57991703e-06 -9.11697752e-09  9.14235322e-10]:12.616206572735694
1337:[3.95224910e+12 6.73245828e+12]:[ 6.93712431e-02 -2.67926017e-12 -7.20058149e-14  1.97997257e-11 -1.16802571e-10 -6.96216813e-16  7.26070270e-16  1.46153986e-05 -2.12403496e-06 -8.48777078e-09  8.29889036e-10]:12.885417655797886
1336:[5.80085291e+12 1.22440907e+13]:[ 5.78680749e-02 -3.48875237e-12 -1.33931114e-13  1.42111977e-11 -1.68888259e-10 -4.25387175e-16  7.62230859e-16  1.30904383e-05 -1.54361573e-06 -8.36642165e-09  7.89850866e-10]:13.134696401516436
1340:[7.37595036e+12 1.70690973e+13]:[ 5.93734992e-02 -2.92222828e-12 -1.64750361e-13  1.77672967e-11 -1.01046858e-10 -1.81836969e-15  8.87562766e-16  2.98343774e-05 -1.99511302e-06 -8.93622675e-09  8.93795522e-10]:13.275065347819668
1339:[5.96055023e+13 1.29285848e+14]:[ 5.06716156e-02 -2.16907984e-12 -1.40952481e-13  1.89045281e-11 -1.33210795e-10 -2.10277949e-15  7.82289838e-16  2.92549511e-05 -1.20927479e-06 -9.88459442e-09  8.31726912e-10]:14.157127729125296
*******************************
***iteration: 1 Population is***
*******************************
Population scores:
1332:[4.84170045e+11 2.02758374e+11]:[ 5.96431187e-02 -2.70793112e-12 -1.62746403e-13  1.48176201e-11 -1.79938500e-10 -1.33228746e-15  7.96915388e-16  2.18208908e-05 -2.13976940e-06 -8.31622911e-09  8.67885016e-10]:11.503735112042941
1253:[4.90163824e+11 3.04764575e+11]:[ 6.00241177e-02 -2.72190703e-12 -1.84349575e-13  1.59510996e-11 -1.83783584e-10 -1.31303421e-15  8.01633115e-16  2.53035028e-05 -2.13961576e-06 -9.81567375e-09  8.78546968e-10]:11.625727911608557
1347:[4.44459243e+11 3.44098405e+11]:[ 5.97889232e-02 -2.71940908e-12 -1.62829151e-13  1.47062235e-11 -1.80101222e-10 -1.33103652e-15  8.00179547e-16  2.26709350e-05 -2.13964904e-06 -8.68622323e-09  8.79056743e-10]:11.653953678171115
1346:[6.61288307e+11 3.15944096e+11]:[ 5.97673683e-02 -2.72085156e-12 -1.71155539e-13  1.58188330e-11 -1.83366859e-10 -1.32178446e-15  8.01031186e-16  2.26651183e-05 -2.13974938e-06 -9.35083958e-09  8.67116842e-10]:11.67637649517369
1349:[5.21769465e+11 3.62969480e+11]:[ 6.00107581e-02 -2.71806710e-12 -1.86225084e-13  1.60503898e-11 -1.82578874e-10 -1.32473116e-15  8.01569852e-16  2.48264961e-05 -2.13964267e-06 -9.26307390e-09  8.73799336e-10]:11.688592572702133
1343:[6.49423828e+11 3.84125840e+11]:[ 5.96219787e-02 -2.72079137e-12 -1.66262484e-13  1.50060448e-11 -1.79874488e-10 -1.32850620e-15  7.96744528e-16  2.21516203e-05 -2.13972126e-06 -9.68029800e-09  8.76377071e-10]:11.73238375373376
1348:[6.43292747e+11 6.46730584e+11]:[ 6.00049874e-02 -2.72086284e-12 -1.79805411e-13  1.58288501e-11 -1.81483075e-10 -1.31580125e-15  7.99039907e-16  2.46801313e-05 -2.13973293e-06 -8.53856134e-09  8.68330494e-10]:11.90369803109404
1345:[6.04746228e+11 7.46985189e+11]:[ 5.96712480e-02 -3.15723144e-12 -1.81817339e-13  1.44582142e-11 -1.50271698e-10 -7.37908385e-16  7.93563758e-16  2.19940129e-05 -2.12308409e-06 -8.36682955e-09  8.70599353e-10]:11.950425361086609
Selected: [0 2]
***************
***CROSSOVER***
***************
parents:
[ 5.96431187e-02 -2.70793112e-12 -1.62746403e-13  1.48176201e-11 -1.79938500e-10 -1.33228746e-15  7.96915388e-16  2.18208908e-05 -2.13976940e-06 -8.31622911e-09  8.67885016e-10]
[ 5.97889232e-02 -2.71940908e-12 -1.62829151e-13  1.47062235e-11 -1.80101222e-10 -1.33103652e-15  8.00179547e-16  2.26709350e-05 -2.13964904e-06 -8.68622323e-09  8.79056743e-10]
children:
[ 5.97760694e-02 -2.71185066e-12 -1.62772468e-13  1.48284430e-11 -1.80000209e-10 -1.33163658e-15  7.99302837e-16  2.17637664e-05 -2.13971881e-06 -8.70760086e-09  8.74104184e-10]
[ 5.97742082e-02 -2.71670204e-12 -1.62746832e-13  1.47897482e-11 -1.79980688e-10 -1.33094778e-15  7.97123828e-16  2.23268484e-05 -2.13964811e-06 -8.54875088e-09  8.74014775e-10]
Selected: [5 0]
***************
***CROSSOVER***
***************
parents:
[ 5.96219787e-02 -2.72079137e-12 -1.66262484e-13  1.50060448e-11 -1.79874488e-10 -1.32850620e-15  7.96744528e-16  2.21516203e-05 -2.13972126e-06 -9.68029800e-09  8.76377071e-10]
[ 5.96431187e-02 -2.70793112e-12 -1.62746403e-13  1.48176201e-11 -1.79938500e-10 -1.33228746e-15  7.96915388e-16  2.18208908e-05 -2.13976940e-06 -8.31622911e-09  8.67885016e-10]
children:
[ 5.96298498e-02 -2.70823670e-12 -1.62878547e-13  1.49195884e-11 -1.79932772e-10 -1.33072228e-15  7.96843266e-16  2.17926239e-05 -2.13973448e-06 -8.21958137e-09  8.71081149e-10]
[ 5.96253109e-02 -2.70937698e-12 -1.62911164e-13  1.48568904e-11 -1.79901294e-10 -1.32921928e-15  7.96752442e-16  2.18075438e-05 -2.13975765e-06 -8.84634707e-09  8.75387013e-10]
Selected: [2 0]
***************
***CROSSOVER***
***************
parents:
[ 5.97889232e-02 -2.71940908e-12 -1.62829151e-13  1.47062235e-11 -1.80101222e-10 -1.33103652e-15  8.00179547e-16  2.26709350e-05 -2.13964904e-06 -8.68622323e-09  8.79056743e-10]
[ 5.96431187e-02 -2.70793112e-12 -1.62746403e-13  1.48176201e-11 -1.79938500e-10 -1.33228746e-15  7.96915388e-16  2.18208908e-05 -2.13976940e-06 -8.31622911e-09  8.67885016e-10]
children:
[ 5.96348830e-02 -2.70956977e-12 -1.62826140e-13  1.46989012e-11 -1.79986034e-10 -1.33227461e-15  7.97519811e-16  2.24723584e-05 -2.13971409e-06 -8.51278557e-09  8.79485027e-10]
[ 5.96467920e-02 -2.71807473e-12 -1.62772964e-13  1.47982642e-11 -1.80089875e-10 -1.33155580e-15  7.99456160e-16  2.26352496e-05 -2.13976088e-06 -8.52052339e-09  8.68557447e-10]
Selected: [3 2]
***************
***CROSSOVER***
***************
parents:
[ 5.97673683e-02 -2.72085156e-12 -1.71155539e-13  1.58188330e-11 -1.83366859e-10 -1.32178446e-15  8.01031186e-16  2.26651183e-05 -2.13974938e-06 -9.35083958e-09  8.67116842e-10]
[ 5.97889232e-02 -2.71940908e-12 -1.62829151e-13  1.47062235e-11 -1.80101222e-10 -1.33103652e-15  8.00179547e-16  2.26709350e-05 -2.13964904e-06 -8.68622323e-09  8.79056743e-10]
children:
[ 5.97675777e-02 -2.72030466e-12 -1.67710431e-13  1.48200532e-11 -1.82318427e-10 -1.32559680e-15  8.00482759e-16  2.26656954e-05 -2.13969254e-06 -9.39786610e-09  8.73296231e-10]
[ 5.97874127e-02 -2.71996581e-12 -1.71691913e-13  1.55493987e-11 -1.81141494e-10 -1.33123319e-15  8.00660957e-16  2.26660635e-05 -2.13971027e-06 -8.81854435e-09  8.67085702e-10]
@@@@@@@@@@@@@@@@@@@@@@@@@
@@@merging population@@@@
@@@@@@@@@@@@@@@@@@@@@@@@@
Population scores:
1357:[5.25155786e+11 1.85982385e+11]:[ 5.97874127e-02 -2.71996581e-12 -1.71691913e-13  1.55493987e-11 -1.81141494e-10 -1.33123319e-15  8.00660957e-16  2.26660635e-05 -2.13971027e-06 -8.81854435e-09  8.67085702e-10]:11.494182118192093
1356:[4.64772998e+11 2.04606251e+11]:[ 5.97760694e-02 -2.71185066e-12 -1.62772468e-13  1.48284430e-11 -1.80000209e-10 -1.33163658e-15  7.99302837e-16  2.17637664e-05 -2.13971881e-06 -8.70760086e-09  8.74104184e-10]:11.499895618250173
1332:[4.84170045e+11 2.02758374e+11]:[ 5.96431187e-02 -2.70793112e-12 -1.62746403e-13  1.48176201e-11 -1.79938500e-10 -1.33228746e-15  7.96915388e-16  2.18208908e-05 -2.13976940e-06 -8.31622911e-09  8.67885016e-10]:11.503735112042941
1350:[4.67590712e+11 2.06785112e+11]:[ 5.96253109e-02 -2.70937698e-12 -1.62911164e-13  1.48568904e-11 -1.79901294e-10 -1.32921928e-15  7.96752442e-16  2.18075438e-05 -2.13975765e-06 -8.84634707e-09  8.75387013e-10]:11.503800053377036
1353:[4.83673896e+11 2.15132432e+11]:[ 5.96467920e-02 -2.71807473e-12 -1.62772964e-13  1.47982642e-11 -1.80089875e-10 -1.33155580e-15  7.99456160e-16  2.26352496e-05 -2.13976088e-06 -8.52052339e-09  8.68557447e-10]:11.520108903910465
1351:[4.55395805e+11 2.45052287e+11]:[ 5.96298498e-02 -2.70823670e-12 -1.62878547e-13  1.49195884e-11 -1.79932772e-10 -1.33072228e-15  7.96843266e-16  2.17926239e-05 -2.13973448e-06 -8.21958137e-09  8.71081149e-10]:11.549429104419703
1355:[4.48976669e+11 2.49888281e+11]:[ 5.97742082e-02 -2.71670204e-12 -1.62746832e-13  1.47897482e-11 -1.79980688e-10 -1.33094778e-15  7.97123828e-16  2.23268484e-05 -2.13964811e-06 -8.54875088e-09  8.74014775e-10]:11.553449342073144
1354:[5.51552690e+11 2.33246812e+11]:[ 5.97675777e-02 -2.72030466e-12 -1.67710431e-13  1.48200532e-11 -1.82318427e-10 -1.32559680e-15  8.00482759e-16  2.26656954e-05 -2.13969254e-06 -9.39786610e-09  8.73296231e-10]:11.56302930016684
1253:[4.90163824e+11 3.04764575e+11]:[ 6.00241177e-02 -2.72190703e-12 -1.84349575e-13  1.59510996e-11 -1.83783584e-10 -1.31303421e-15  8.01633115e-16  2.53035028e-05 -2.13961576e-06 -9.81567375e-09  8.78546968e-10]:11.625727911608557
1347:[4.44459243e+11 3.44098405e+11]:[ 5.97889232e-02 -2.71940908e-12 -1.62829151e-13  1.47062235e-11 -1.80101222e-10 -1.33103652e-15  8.00179547e-16  2.26709350e-05 -2.13964904e-06 -8.68622323e-09  8.79056743e-10]:11.653953678171115
1346:[6.61288307e+11 3.15944096e+11]:[ 5.97673683e-02 -2.72085156e-12 -1.71155539e-13  1.58188330e-11 -1.83366859e-10 -1.32178446e-15  8.01031186e-16  2.26651183e-05 -2.13974938e-06 -9.35083958e-09  8.67116842e-10]:11.67637649517369
1349:[5.21769465e+11 3.62969480e+11]:[ 6.00107581e-02 -2.71806710e-12 -1.86225084e-13  1.60503898e-11 -1.82578874e-10 -1.32473116e-15  8.01569852e-16  2.48264961e-05 -2.13964267e-06 -9.26307390e-09  8.73799336e-10]:11.688592572702133
1352:[4.53262576e+11 4.01914487e+11]:[ 5.96348830e-02 -2.70956977e-12 -1.62826140e-13  1.46989012e-11 -1.79986034e-10 -1.33227461e-15  7.97519811e-16  2.24723584e-05 -2.13971409e-06 -8.51278557e-09  8.79485027e-10]:11.708163736589164
1343:[6.49423828e+11 3.84125840e+11]:[ 5.96219787e-02 -2.72079137e-12 -1.66262484e-13  1.50060448e-11 -1.79874488e-10 -1.32850620e-15  7.96744528e-16  2.21516203e-05 -2.13972126e-06 -9.68029800e-09  8.76377071e-10]:11.73238375373376
1348:[6.43292747e+11 6.46730584e+11]:[ 6.00049874e-02 -2.72086284e-12 -1.79805411e-13  1.58288501e-11 -1.81483075e-10 -1.31580125e-15  7.99039907e-16  2.46801313e-05 -2.13973293e-06 -8.53856134e-09  8.68330494e-10]:11.90369803109404
1345:[6.04746228e+11 7.46985189e+11]:[ 5.96712480e-02 -3.15723144e-12 -1.81817339e-13  1.44582142e-11 -1.50271698e-10 -7.37908385e-16  7.93563758e-16  2.19940129e-05 -2.12308409e-06 -8.36682955e-09  8.70599353e-10]:11.950425361086609
*******************************
***iteration: 2 Population is***
*******************************
Population scores:
1357:[5.25155786e+11 1.85982385e+11]:[ 5.97874127e-02 -2.71996581e-12 -1.71691913e-13  1.55493987e-11 -1.81141494e-10 -1.33123319e-15  8.00660957e-16  2.26660635e-05 -2.13971027e-06 -8.81854435e-09  8.67085702e-10]:11.494182118192093
1356:[4.64772998e+11 2.04606251e+11]:[ 5.97760694e-02 -2.71185066e-12 -1.62772468e-13  1.48284430e-11 -1.80000209e-10 -1.33163658e-15  7.99302837e-16  2.17637664e-05 -2.13971881e-06 -8.70760086e-09  8.74104184e-10]:11.499895618250173
1332:[4.84170045e+11 2.02758374e+11]:[ 5.96431187e-02 -2.70793112e-12 -1.62746403e-13  1.48176201e-11 -1.79938500e-10 -1.33228746e-15  7.96915388e-16  2.18208908e-05 -2.13976940e-06 -8.31622911e-09  8.67885016e-10]:11.503735112042941
1350:[4.67590712e+11 2.06785112e+11]:[ 5.96253109e-02 -2.70937698e-12 -1.62911164e-13  1.48568904e-11 -1.79901294e-10 -1.32921928e-15  7.96752442e-16  2.18075438e-05 -2.13975765e-06 -8.84634707e-09  8.75387013e-10]:11.503800053377036
1353:[4.83673896e+11 2.15132432e+11]:[ 5.96467920e-02 -2.71807473e-12 -1.62772964e-13  1.47982642e-11 -1.80089875e-10 -1.33155580e-15  7.99456160e-16  2.26352496e-05 -2.13976088e-06 -8.52052339e-09  8.68557447e-10]:11.520108903910465
1351:[4.55395805e+11 2.45052287e+11]:[ 5.96298498e-02 -2.70823670e-12 -1.62878547e-13  1.49195884e-11 -1.79932772e-10 -1.33072228e-15  7.96843266e-16  2.17926239e-05 -2.13973448e-06 -8.21958137e-09  8.71081149e-10]:11.549429104419703
1355:[4.48976669e+11 2.49888281e+11]:[ 5.97742082e-02 -2.71670204e-12 -1.62746832e-13  1.47897482e-11 -1.79980688e-10 -1.33094778e-15  7.97123828e-16  2.23268484e-05 -2.13964811e-06 -8.54875088e-09  8.74014775e-10]:11.553449342073144
1354:[5.51552690e+11 2.33246812e+11]:[ 5.97675777e-02 -2.72030466e-12 -1.67710431e-13  1.48200532e-11 -1.82318427e-10 -1.32559680e-15  8.00482759e-16  2.26656954e-05 -2.13969254e-06 -9.39786610e-09  8.73296231e-10]:11.56302930016684
Selected: [6 7]
***************
***CROSSOVER***
***************
parents:
[ 5.97742082e-02 -2.71670204e-12 -1.62746832e-13  1.47897482e-11 -1.79980688e-10 -1.33094778e-15  7.97123828e-16  2.23268484e-05 -2.13964811e-06 -8.54875088e-09  8.74014775e-10]
[ 5.97675777e-02 -2.72030466e-12 -1.67710431e-13  1.48200532e-11 -1.82318427e-10 -1.32559680e-15  8.00482759e-16  2.26656954e-05 -2.13969254e-06 -9.39786610e-09  8.73296231e-10]
children:
[ 5.97742449e-02 -2.71981546e-12 -1.62312505e-13  1.48081891e-11 -1.82049121e-10 -1.32987950e-15  8.00599176e-16  2.25137946e-05 -2.13967034e-06 -8.92688845e-09  8.73524352e-10]
[ 5.97740401e-02 -2.71884656e-12 -1.66265327e-13  1.47914608e-11 -1.82438864e-10 -1.33104692e-15  7.98323675e-16  2.23813419e-05 -2.13965106e-06 -9.19232878e-09  8.73732802e-10]
Selected: [2 4]
***************
***CROSSOVER***
***************
parents:
[ 5.96431187e-02 -2.70793112e-12 -1.62746403e-13  1.48176201e-11 -1.79938500e-10 -1.33228746e-15  7.96915388e-16  2.18208908e-05 -2.13976940e-06 -8.31622911e-09  8.67885016e-10]
[ 5.96467920e-02 -2.71807473e-12 -1.62772964e-13  1.47982642e-11 -1.80089875e-10 -1.33155580e-15  7.99456160e-16  2.26352496e-05 -2.13976088e-06 -8.52052339e-09  8.68557447e-10]
children:
[ 5.96447078e-02 -2.71440952e-12 -1.62764640e-13  1.47974366e-11 -1.80069946e-10 -1.33203877e-15  7.99050136e-16  2.23344543e-05 -2.13976584e-06 -8.31811140e-09  8.67843949e-10]
[ 5.96465250e-02 -2.71867040e-12 -1.62745018e-13  1.48087221e-11 -1.80021248e-10 -1.33174961e-15  7.97217879e-16  2.20320436e-05 -2.13976894e-06 -8.52279776e-09  8.68006446e-10]
Selected: [0 5]
***************
***CROSSOVER***
***************
parents:
[ 5.97874127e-02 -2.71996581e-12 -1.71691913e-13  1.55493987e-11 -1.81141494e-10 -1.33123319e-15  8.00660957e-16  2.26660635e-05 -2.13971027e-06 -8.81854435e-09  8.67085702e-10]
[ 5.96298498e-02 -2.70823670e-12 -1.62878547e-13  1.49195884e-11 -1.79932772e-10 -1.33072228e-15  7.96843266e-16  2.17926239e-05 -2.13973448e-06 -8.21958137e-09  8.71081149e-10]
children:
[ 5.97800069e-02 -2.71908571e-12 -1.68893873e-13  1.50840658e-11 -1.79865217e-10 -1.33124361e-15  7.99211590e-16  2.19403617e-05 -2.13971715e-06 -8.64565436e-09  8.71117243e-10]
[ 5.97475790e-02 -2.70817168e-12 -1.67884174e-13  1.49581587e-11 -1.81044679e-10 -1.33110075e-15  8.01018609e-16  2.24251548e-05 -2.13971220e-06 -8.81500916e-09  8.70844036e-10]
Selected: [6 2]
***************
***CROSSOVER***
***************
parents:
[ 5.97742082e-02 -2.71670204e-12 -1.62746832e-13  1.47897482e-11 -1.79980688e-10 -1.33094778e-15  7.97123828e-16  2.23268484e-05 -2.13964811e-06 -8.54875088e-09  8.74014775e-10]
[ 5.96431187e-02 -2.70793112e-12 -1.62746403e-13  1.48176201e-11 -1.79938500e-10 -1.33228746e-15  7.96915388e-16  2.18208908e-05 -2.13976940e-06 -8.31622911e-09  8.67885016e-10]
children:
[ 5.96859714e-02 -2.70783076e-12 -1.62746434e-13  1.48016031e-11 -1.79952080e-10 -1.33151123e-15  7.97022095e-16  2.18102444e-05 -2.13966092e-06 -8.35406270e-09  8.73246688e-10]
[ 5.97746415e-02 -2.70952931e-12 -1.62746784e-13  1.47908794e-11 -1.79958710e-10 -1.33125296e-15  7.96943208e-16  2.22936127e-05 -2.13964397e-06 -8.39599120e-09  8.74621496e-10]
@@@@@@@@@@@@@@@@@@@@@@@@@
@@@merging population@@@@
@@@@@@@@@@@@@@@@@@@@@@@@@
Population scores:
1363:[4.69972304e+11 1.92805076e+11]:[ 5.97742449e-02 -2.71981546e-12 -1.62312505e-13  1.48081891e-11 -1.82049121e-10 -1.32987950e-15  8.00599176e-16  2.25137946e-05 -2.13967034e-06 -8.92688845e-09  8.73524352e-10]:11.485151116731634
1361:[4.89383240e+11 1.90756394e+11]:[ 5.97475790e-02 -2.70817168e-12 -1.67884174e-13  1.49581587e-11 -1.81044679e-10 -1.33110075e-15  8.01018609e-16  2.24251548e-05 -2.13971220e-06 -8.81500916e-09  8.70844036e-10]:11.488844430256133
1357:[5.25155786e+11 1.85982385e+11]:[ 5.97874127e-02 -2.71996581e-12 -1.71691913e-13  1.55493987e-11 -1.81141494e-10 -1.33123319e-15  8.00660957e-16  2.26660635e-05 -2.13971027e-06 -8.81854435e-09  8.67085702e-10]:11.494182118192093
1359:[4.99698240e+11 1.95463453e+11]:[ 5.96465250e-02 -2.71867040e-12 -1.62745018e-13  1.48087221e-11 -1.80021248e-10 -1.33174961e-15  7.97217879e-16  2.20320436e-05 -2.13976894e-06 -8.52279776e-09  8.68006446e-10]:11.498849338209709
1365:[4.83448294e+11 1.99415189e+11]:[ 5.97800069e-02 -2.71908571e-12 -1.68893873e-13  1.50840658e-11 -1.79865217e-10 -1.33124361e-15  7.99211590e-16  2.19403617e-05 -2.13971715e-06 -8.64565436e-09  8.71117243e-10]:11.49892059131144
1356:[4.64772998e+11 2.04606251e+11]:[ 5.97760694e-02 -2.71185066e-12 -1.62772468e-13  1.48284430e-11 -1.80000209e-10 -1.33163658e-15  7.99302837e-16  2.17637664e-05 -2.13971881e-06 -8.70760086e-09  8.74104184e-10]:11.499895618250173
1332:[4.84170045e+11 2.02758374e+11]:[ 5.96431187e-02 -2.70793112e-12 -1.62746403e-13  1.48176201e-11 -1.79938500e-10 -1.33228746e-15  7.96915388e-16  2.18208908e-05 -2.13976940e-06 -8.31622911e-09  8.67885016e-10]:11.503735112042941
1350:[4.67590712e+11 2.06785112e+11]:[ 5.96253109e-02 -2.70937698e-12 -1.62911164e-13  1.48568904e-11 -1.79901294e-10 -1.32921928e-15  7.96752442e-16  2.18075438e-05 -2.13975765e-06 -8.84634707e-09  8.75387013e-10]:11.503800053377036
1353:[4.83673896e+11 2.15132432e+11]:[ 5.96467920e-02 -2.71807473e-12 -1.62772964e-13  1.47982642e-11 -1.80089875e-10 -1.33155580e-15  7.99456160e-16  2.26352496e-05 -2.13976088e-06 -8.52052339e-09  8.68557447e-10]:11.520108903910465
1362:[5.20049250e+11 2.16057776e+11]:[ 5.97740401e-02 -2.71884656e-12 -1.66265327e-13  1.47914608e-11 -1.82438864e-10 -1.33104692e-15  7.98323675e-16  2.23813419e-05 -2.13965106e-06 -9.19232878e-09  8.73732802e-10]:11.532588265986954
1358:[4.81658748e+11 2.27966188e+11]:[ 5.96447078e-02 -2.71440952e-12 -1.62764640e-13  1.47974366e-11 -1.80069946e-10 -1.33203877e-15  7.99050136e-16  2.23344543e-05 -2.13976584e-06 -8.31811140e-09  8.67843949e-10]:11.53600801392362
1360:[4.44547816e+11 2.40895197e+11]:[ 5.96859714e-02 -2.70783076e-12 -1.62746434e-13  1.48016031e-11 -1.79952080e-10 -1.33151123e-15  7.97022095e-16  2.18102444e-05 -2.13966092e-06 -8.35406270e-09  8.73246688e-10]:11.541063116827376
1351:[4.55395805e+11 2.45052287e+11]:[ 5.96298498e-02 -2.70823670e-12 -1.62878547e-13  1.49195884e-11 -1.79932772e-10 -1.33072228e-15  7.96843266e-16  2.17926239e-05 -2.13973448e-06 -8.21958137e-09  8.71081149e-10]:11.549429104419703
1355:[4.48976669e+11 2.49888281e+11]:[ 5.97742082e-02 -2.71670204e-12 -1.62746832e-13  1.47897482e-11 -1.79980688e-10 -1.33094778e-15  7.97123828e-16  2.23268484e-05 -2.13964811e-06 -8.54875088e-09  8.74014775e-10]:11.553449342073144
1354:[5.51552690e+11 2.33246812e+11]:[ 5.97675777e-02 -2.72030466e-12 -1.67710431e-13  1.48200532e-11 -1.82318427e-10 -1.32559680e-15  8.00482759e-16  2.26656954e-05 -2.13969254e-06 -9.39786610e-09  8.73296231e-10]:11.56302930016684
1364:[4.53031621e+11 3.09082374e+11]:[ 5.97746415e-02 -2.70952931e-12 -1.62746784e-13  1.47908794e-11 -1.79958710e-10 -1.33125296e-15  7.96943208e-16  2.22936127e-05 -2.13964397e-06 -8.39599120e-09  8.74621496e-10]:11.620978791368607
*******************************
***iteration: 3 Population is***
*******************************
Population scores:
1363:[4.69972304e+11 1.92805076e+11]:[ 5.97742449e-02 -2.71981546e-12 -1.62312505e-13  1.48081891e-11 -1.82049121e-10 -1.32987950e-15  8.00599176e-16  2.25137946e-05 -2.13967034e-06 -8.92688845e-09  8.73524352e-10]:11.485151116731634
1361:[4.89383240e+11 1.90756394e+11]:[ 5.97475790e-02 -2.70817168e-12 -1.67884174e-13  1.49581587e-11 -1.81044679e-10 -1.33110075e-15  8.01018609e-16  2.24251548e-05 -2.13971220e-06 -8.81500916e-09  8.70844036e-10]:11.488844430256133
1357:[5.25155786e+11 1.85982385e+11]:[ 5.97874127e-02 -2.71996581e-12 -1.71691913e-13  1.55493987e-11 -1.81141494e-10 -1.33123319e-15  8.00660957e-16  2.26660635e-05 -2.13971027e-06 -8.81854435e-09  8.67085702e-10]:11.494182118192093
1359:[4.99698240e+11 1.95463453e+11]:[ 5.96465250e-02 -2.71867040e-12 -1.62745018e-13  1.48087221e-11 -1.80021248e-10 -1.33174961e-15  7.97217879e-16  2.20320436e-05 -2.13976894e-06 -8.52279776e-09  8.68006446e-10]:11.498849338209709
1365:[4.83448294e+11 1.99415189e+11]:[ 5.97800069e-02 -2.71908571e-12 -1.68893873e-13  1.50840658e-11 -1.79865217e-10 -1.33124361e-15  7.99211590e-16  2.19403617e-05 -2.13971715e-06 -8.64565436e-09  8.71117243e-10]:11.49892059131144
1356:[4.64772998e+11 2.04606251e+11]:[ 5.97760694e-02 -2.71185066e-12 -1.62772468e-13  1.48284430e-11 -1.80000209e-10 -1.33163658e-15  7.99302837e-16  2.17637664e-05 -2.13971881e-06 -8.70760086e-09  8.74104184e-10]:11.499895618250173
1332:[4.84170045e+11 2.02758374e+11]:[ 5.96431187e-02 -2.70793112e-12 -1.62746403e-13  1.48176201e-11 -1.79938500e-10 -1.33228746e-15  7.96915388e-16  2.18208908e-05 -2.13976940e-06 -8.31622911e-09  8.67885016e-10]:11.503735112042941
1350:[4.67590712e+11 2.06785112e+11]:[ 5.96253109e-02 -2.70937698e-12 -1.62911164e-13  1.48568904e-11 -1.79901294e-10 -1.32921928e-15  7.96752442e-16  2.18075438e-05 -2.13975765e-06 -8.84634707e-09  8.75387013e-10]:11.503800053377036
Selected: [7 5]
***************
***CROSSOVER***
***************
parents:
[ 5.96253109e-02 -2.70937698e-12 -1.62911164e-13  1.48568904e-11 -1.79901294e-10 -1.32921928e-15  7.96752442e-16  2.18075438e-05 -2.13975765e-06 -8.84634707e-09  8.75387013e-10]
[ 5.97760694e-02 -2.71185066e-12 -1.62772468e-13  1.48284430e-11 -1.80000209e-10 -1.33163658e-15  7.99302837e-16  2.17637664e-05 -2.13971881e-06 -8.70760086e-09  8.74104184e-10]
children:
[ 5.96348535e-02 -2.71055939e-12 -1.62829164e-13  1.48318674e-11 -1.79964043e-10 -1.32940467e-15  7.96852517e-16  2.17599789e-05 -2.13975582e-06 -8.80905519e-09  8.75482294e-10]
[ 5.97578622e-02 -2.71114633e-12 -1.62766758e-13  1.48568487e-11 -1.79926278e-10 -1.32996040e-15  7.97481674e-16  2.17941409e-05 -2.13971504e-06 -8.72140746e-09  8.74057418e-10]
Selected: [1 7]
***************
***CROSSOVER***
***************
parents:
[ 5.97475790e-02 -2.70817168e-12 -1.67884174e-13  1.49581587e-11 -1.81044679e-10 -1.33110075e-15  8.01018609e-16  2.24251548e-05 -2.13971220e-06 -8.81500916e-09  8.70844036e-10]
[ 5.96253109e-02 -2.70937698e-12 -1.62911164e-13  1.48568904e-11 -1.79901294e-10 -1.32921928e-15  7.96752442e-16  2.18075438e-05 -2.13975765e-06 -8.84634707e-09  8.75387013e-10]
children:
[ 5.96205291e-02 -2.70831989e-12 -1.65460264e-13  1.49138180e-11 -1.80134182e-10 -1.32976011e-15  8.01350964e-16  2.22602738e-05 -2.13973106e-06 -8.81586755e-09  8.74995512e-10]
[ 5.97047034e-02 -2.70811429e-12 -1.62853085e-13  1.49147648e-11 -1.80461696e-10 -1.32955775e-15  7.98609832e-16  2.17464755e-05 -2.13974682e-06 -8.83011611e-09  8.75559351e-10]
Selected: [6 5]
***************
***CROSSOVER***
***************
parents:
[ 5.96431187e-02 -2.70793112e-12 -1.62746403e-13  1.48176201e-11 -1.79938500e-10 -1.33228746e-15  7.96915388e-16  2.18208908e-05 -2.13976940e-06 -8.31622911e-09  8.67885016e-10]
[ 5.97760694e-02 -2.71185066e-12 -1.62772468e-13  1.48284430e-11 -1.80000209e-10 -1.33163658e-15  7.99302837e-16  2.17637664e-05 -2.13971881e-06 -8.70760086e-09  8.74104184e-10]
children:
[ 5.96976370e-02 -2.70784547e-12 -1.62755316e-13  1.48280314e-11 -1.79997444e-10 -1.33167435e-15  7.99009654e-16  2.17778546e-05 -2.13976754e-06 -8.46875097e-09  8.74214722e-10]
[ 5.96350490e-02 -2.70877941e-12 -1.62748772e-13  1.48211888e-11 -1.80004891e-10 -1.33212590e-15  7.96854827e-16  2.17689071e-05 -2.13977013e-06 -8.45604360e-09  8.69923934e-10]
Selected: [1 7]
***************
***CROSSOVER***
***************
parents:
[ 5.97475790e-02 -2.70817168e-12 -1.67884174e-13  1.49581587e-11 -1.81044679e-10 -1.33110075e-15  8.01018609e-16  2.24251548e-05 -2.13971220e-06 -8.81500916e-09  8.70844036e-10]
[ 5.96253109e-02 -2.70937698e-12 -1.62911164e-13  1.48568904e-11 -1.79901294e-10 -1.32921928e-15  7.96752442e-16  2.18075438e-05 -2.13975765e-06 -8.84634707e-09  8.75387013e-10]
children:
[ 5.97194890e-02 -2.70844159e-12 -1.67327044e-13  1.49014970e-11 -1.80618728e-10 -1.32960642e-15  7.99752578e-16  2.19865853e-05 -2.13975668e-06 -8.84194534e-09  8.75426388e-10]
[ 5.96236761e-02 -2.70914490e-12 -1.66047986e-13  1.49075618e-11 -1.81022126e-10 -1.32987059e-15  7.96872355e-16  2.20568988e-05 -2.13973615e-06 -8.83686460e-09  8.73676182e-10]
@@@@@@@@@@@@@@@@@@@@@@@@@
@@@merging population@@@@
@@@@@@@@@@@@@@@@@@@@@@@@@
Population scores:
1363:[4.69972304e+11 1.92805076e+11]:[ 5.97742449e-02 -2.71981546e-12 -1.62312505e-13  1.48081891e-11 -1.82049121e-10 -1.32987950e-15  8.00599176e-16  2.25137946e-05 -2.13967034e-06 -8.92688845e-09  8.73524352e-10]:11.485151116731634
1361:[4.89383240e+11 1.90756394e+11]:[ 5.97475790e-02 -2.70817168e-12 -1.67884174e-13  1.49581587e-11 -1.81044679e-10 -1.33110075e-15  8.01018609e-16  2.24251548e-05 -2.13971220e-06 -8.81500916e-09  8.70844036e-10]:11.488844430256133
1372:[4.58202696e+11 2.01814510e+11]:[ 5.97194890e-02 -2.70844159e-12 -1.67327044e-13  1.49014970e-11 -1.80618728e-10 -1.32960642e-15  7.99752578e-16  2.19865853e-05 -2.13975668e-06 -8.84194534e-09  8.75426388e-10]:11.493852650700234
1366:[4.51625083e+11 2.03579179e+11]:[ 5.96205291e-02 -2.70831989e-12 -1.65460264e-13  1.49138180e-11 -1.80134182e-10 -1.32976011e-15  8.01350964e-16  2.22602738e-05 -2.13973106e-06 -8.81586755e-09  8.74995512e-10]:11.494111718097233
1357:[5.25155786e+11 1.85982385e+11]:[ 5.97874127e-02 -2.71996581e-12 -1.71691913e-13  1.55493987e-11 -1.81141494e-10 -1.33123319e-15  8.00660957e-16  2.26660635e-05 -2.13971027e-06 -8.81854435e-09  8.67085702e-10]:11.494182118192093
1367:[4.74826790e+11 1.99684331e+11]:[ 5.96236761e-02 -2.70914490e-12 -1.66047986e-13  1.49075618e-11 -1.81022126e-10 -1.32987059e-15  7.96872355e-16  2.20568988e-05 -2.13973615e-06 -8.83686460e-09  8.73676182e-10]:11.496435267576308
1359:[4.99698240e+11 1.95463453e+11]:[ 5.96465250e-02 -2.71867040e-12 -1.62745018e-13  1.48087221e-11 -1.80021248e-10 -1.33174961e-15  7.97217879e-16  2.20320436e-05 -2.13976894e-06 -8.52279776e-09  8.68006446e-10]:11.498849338209709
1365:[4.83448294e+11 1.99415189e+11]:[ 5.97800069e-02 -2.71908571e-12 -1.68893873e-13  1.50840658e-11 -1.79865217e-10 -1.33124361e-15  7.99211590e-16  2.19403617e-05 -2.13971715e-06 -8.64565436e-09  8.71117243e-10]:11.49892059131144
1373:[4.65555138e+11 2.04207687e+11]:[ 5.97578622e-02 -2.71114633e-12 -1.62766758e-13  1.48568487e-11 -1.79926278e-10 -1.32996040e-15  7.97481674e-16  2.17941409e-05 -2.13971504e-06 -8.72140746e-09  8.74057418e-10]:11.499605878530502
1356:[4.64772998e+11 2.04606251e+11]:[ 5.97760694e-02 -2.71185066e-12 -1.62772468e-13  1.48284430e-11 -1.80000209e-10 -1.33163658e-15  7.99302837e-16  2.17637664e-05 -2.13971881e-06 -8.70760086e-09  8.74104184e-10]:11.499895618250173
1369:[4.79564343e+11 2.01884072e+11]:[ 5.96350490e-02 -2.70877941e-12 -1.62748772e-13  1.48211888e-11 -1.80004891e-10 -1.33212590e-15  7.96854827e-16  2.17689071e-05 -2.13977013e-06 -8.45604360e-09  8.69923934e-10]:11.501031195270118
1368:[4.63020569e+11 2.06750215e+11]:[ 5.96348535e-02 -2.71055939e-12 -1.62829164e-13  1.48318674e-11 -1.79964043e-10 -1.32940467e-15  7.96852517e-16  2.17599789e-05 -2.13975582e-06 -8.80905519e-09  8.75482294e-10]:11.502256580147792
1332:[4.84170045e+11 2.02758374e+11]:[ 5.96431187e-02 -2.70793112e-12 -1.62746403e-13  1.48176201e-11 -1.79938500e-10 -1.33228746e-15  7.96915388e-16  2.18208908e-05 -2.13976940e-06 -8.31622911e-09  8.67885016e-10]:11.503735112042941
1350:[4.67590712e+11 2.06785112e+11]:[ 5.96253109e-02 -2.70937698e-12 -1.62911164e-13  1.48568904e-11 -1.79901294e-10 -1.32921928e-15  7.96752442e-16  2.18075438e-05 -2.13975765e-06 -8.84634707e-09  8.75387013e-10]:11.503800053377036
1371:[4.66061014e+11 2.08073423e+11]:[ 5.97047034e-02 -2.70811429e-12 -1.62853085e-13  1.49147648e-11 -1.80461696e-10 -1.32955775e-15  7.98609832e-16  2.17464755e-05 -2.13974682e-06 -8.83011611e-09  8.75559351e-10]:11.505052341354807
1370:[4.41751764e+11 2.24865789e+11]:[ 5.96976370e-02 -2.70784547e-12 -1.62755316e-13  1.48280314e-11 -1.79997444e-10 -1.33167435e-15  7.99009654e-16  2.17778546e-05 -2.13976754e-06 -8.46875097e-09  8.74214722e-10]:11.519678671076875
*******************************
***iteration: 4 Population is***
*******************************
Population scores:
1363:[4.69972304e+11 1.92805076e+11]:[ 5.97742449e-02 -2.71981546e-12 -1.62312505e-13  1.48081891e-11 -1.82049121e-10 -1.32987950e-15  8.00599176e-16  2.25137946e-05 -2.13967034e-06 -8.92688845e-09  8.73524352e-10]:11.485151116731634
1361:[4.89383240e+11 1.90756394e+11]:[ 5.97475790e-02 -2.70817168e-12 -1.67884174e-13  1.49581587e-11 -1.81044679e-10 -1.33110075e-15  8.01018609e-16  2.24251548e-05 -2.13971220e-06 -8.81500916e-09  8.70844036e-10]:11.488844430256133
1372:[4.58202696e+11 2.01814510e+11]:[ 5.97194890e-02 -2.70844159e-12 -1.67327044e-13  1.49014970e-11 -1.80618728e-10 -1.32960642e-15  7.99752578e-16  2.19865853e-05 -2.13975668e-06 -8.84194534e-09  8.75426388e-10]:11.493852650700234
1366:[4.51625083e+11 2.03579179e+11]:[ 5.96205291e-02 -2.70831989e-12 -1.65460264e-13  1.49138180e-11 -1.80134182e-10 -1.32976011e-15  8.01350964e-16  2.22602738e-05 -2.13973106e-06 -8.81586755e-09  8.74995512e-10]:11.494111718097233
1357:[5.25155786e+11 1.85982385e+11]:[ 5.97874127e-02 -2.71996581e-12 -1.71691913e-13  1.55493987e-11 -1.81141494e-10 -1.33123319e-15  8.00660957e-16  2.26660635e-05 -2.13971027e-06 -8.81854435e-09  8.67085702e-10]:11.494182118192093
1367:[4.74826790e+11 1.99684331e+11]:[ 5.96236761e-02 -2.70914490e-12 -1.66047986e-13  1.49075618e-11 -1.81022126e-10 -1.32987059e-15  7.96872355e-16  2.20568988e-05 -2.13973615e-06 -8.83686460e-09  8.73676182e-10]:11.496435267576308
1359:[4.99698240e+11 1.95463453e+11]:[ 5.96465250e-02 -2.71867040e-12 -1.62745018e-13  1.48087221e-11 -1.80021248e-10 -1.33174961e-15  7.97217879e-16  2.20320436e-05 -2.13976894e-06 -8.52279776e-09  8.68006446e-10]:11.498849338209709
1365:[4.83448294e+11 1.99415189e+11]:[ 5.97800069e-02 -2.71908571e-12 -1.68893873e-13  1.50840658e-11 -1.79865217e-10 -1.33124361e-15  7.99211590e-16  2.19403617e-05 -2.13971715e-06 -8.64565436e-09  8.71117243e-10]:11.49892059131144
Selected: [6 3]
***************
***CROSSOVER***
***************
parents:
[ 5.96465250e-02 -2.71867040e-12 -1.62745018e-13  1.48087221e-11 -1.80021248e-10 -1.33174961e-15  7.97217879e-16  2.20320436e-05 -2.13976894e-06 -8.52279776e-09  8.68006446e-10]
[ 5.96205291e-02 -2.70831989e-12 -1.65460264e-13  1.49138180e-11 -1.80134182e-10 -1.32976011e-15  8.01350964e-16  2.22602738e-05 -2.13973106e-06 -8.81586755e-09  8.74995512e-10]
children:
[ 5.96441029e-02 -2.70963822e-12 -1.62658868e-13  1.48560662e-11 -1.80043908e-10 -1.33145975e-15  7.99396892e-16  2.21026706e-05 -2.13977202e-06 -8.77534912e-09  8.72548388e-10]
[ 5.96273305e-02 -2.71297684e-12 -1.65263078e-13  1.48821336e-11 -1.80060282e-10 -1.33119969e-15  7.97296611e-16  2.20477871e-05 -2.13974332e-06 -8.81019117e-09  8.73762097e-10]
Selected: [1 7]
***************
***CROSSOVER***
***************
parents:
[ 5.97475790e-02 -2.70817168e-12 -1.67884174e-13  1.49581587e-11 -1.81044679e-10 -1.33110075e-15  8.01018609e-16  2.24251548e-05 -2.13971220e-06 -8.81500916e-09  8.70844036e-10]
[ 5.97800069e-02 -2.71908571e-12 -1.68893873e-13  1.50840658e-11 -1.79865217e-10 -1.33124361e-15  7.99211590e-16  2.19403617e-05 -2.13971715e-06 -8.64565436e-09  8.71117243e-10]
children:
[ 5.97510380e-02 -2.71388699e-12 -1.68666411e-13  1.50953116e-11 -1.81006723e-10 -1.33120031e-15  8.00816773e-16  2.20316131e-05 -2.13971326e-06 -8.63706746e-09  8.71081364e-10]
[ 5.97559458e-02 -2.71863747e-12 -1.68244464e-13  1.50744331e-11 -1.79763791e-10 -1.33118880e-15  7.99712538e-16  2.22746251e-05 -2.13971253e-06 -8.76415406e-09  8.70962114e-10]
Selected: [5 1]
***************
***CROSSOVER***
***************
parents:
[ 5.96236761e-02 -2.70914490e-12 -1.66047986e-13  1.49075618e-11 -1.81022126e-10 -1.32987059e-15  7.96872355e-16  2.20568988e-05 -2.13973615e-06 -8.83686460e-09  8.73676182e-10]
[ 5.97475790e-02 -2.70817168e-12 -1.67884174e-13  1.49581587e-11 -1.81044679e-10 -1.33110075e-15  8.01018609e-16  2.24251548e-05 -2.13971220e-06 -8.81500916e-09  8.70844036e-10]
children:
[ 5.97297425e-02 -2.70819827e-12 -1.66444194e-13  1.49319751e-11 -1.81043584e-10 -1.33086546e-15  7.97058148e-16  2.20314684e-05 -2.13971474e-06 -8.81715662e-09  8.71377822e-10]
[ 5.96526355e-02 -2.70857766e-12 -1.68026995e-13  1.49392572e-11 -1.81046836e-10 -1.33090078e-15  7.96922886e-16  2.22174483e-05 -2.13971156e-06 -8.82225769e-09  8.73267092e-10]
Selected: [6 0]
***************
***CROSSOVER***
***************
parents:
[ 5.96465250e-02 -2.71867040e-12 -1.62745018e-13  1.48087221e-11 -1.80021248e-10 -1.33174961e-15  7.97217879e-16  2.20320436e-05 -2.13976894e-06 -8.52279776e-09  8.68006446e-10]
[ 5.97742449e-02 -2.71981546e-12 -1.62312505e-13  1.48081891e-11 -1.82049121e-10 -1.32987950e-15  8.00599176e-16  2.25137946e-05 -2.13967034e-06 -8.92688845e-09  8.73524352e-10]
children:
[ 5.97744962e-02 -2.71963026e-12 -1.62372952e-13  1.48085225e-11 -1.80379877e-10 -1.33103403e-15  8.00874816e-16  2.21356582e-05 -2.13975290e-06 -8.64610075e-09  8.71361613e-10]
[ 5.97333728e-02 -2.71859639e-12 -1.62524303e-13  1.48083136e-11 -1.79923575e-10 -1.33110787e-15  7.97706482e-16  2.20800587e-05 -2.13972316e-06 -8.92926732e-09  8.70316684e-10]
@@@@@@@@@@@@@@@@@@@@@@@@@
@@@merging population@@@@
@@@@@@@@@@@@@@@@@@@@@@@@@
Population scores:
1363:[4.69972304e+11 1.92805076e+11]:[ 5.97742449e-02 -2.71981546e-12 -1.62312505e-13  1.48081891e-11 -1.82049121e-10 -1.32987950e-15  8.00599176e-16  2.25137946e-05 -2.13967034e-06 -8.92688845e-09  8.73524352e-10]:11.485151116731634
1361:[4.89383240e+11 1.90756394e+11]:[ 5.97475790e-02 -2.70817168e-12 -1.67884174e-13  1.49581587e-11 -1.81044679e-10 -1.33110075e-15  8.01018609e-16  2.24251548e-05 -2.13971220e-06 -8.81500916e-09  8.70844036e-10]:11.488844430256133
1376:[4.70888033e+11 1.96316285e+11]:[ 5.96526355e-02 -2.70857766e-12 -1.68026995e-13  1.49392572e-11 -1.81046836e-10 -1.33090078e-15  7.96922886e-16  2.22174483e-05 -2.13971156e-06 -8.82225769e-09  8.73267092e-10]:11.490421218066778
1380:[4.87338652e+11 1.93375984e+11]:[ 5.97559458e-02 -2.71863747e-12 -1.68244464e-13  1.50744331e-11 -1.79763791e-10 -1.33118880e-15  7.99712538e-16  2.22746251e-05 -2.13971253e-06 -8.76415406e-09  8.70962114e-10]:11.491833922007732
1372:[4.58202696e+11 2.01814510e+11]:[ 5.97194890e-02 -2.70844159e-12 -1.67327044e-13  1.49014970e-11 -1.80618728e-10 -1.32960642e-15  7.99752578e-16  2.19865853e-05 -2.13975668e-06 -8.84194534e-09  8.75426388e-10]:11.493852650700234
1366:[4.51625083e+11 2.03579179e+11]:[ 5.96205291e-02 -2.70831989e-12 -1.65460264e-13  1.49138180e-11 -1.80134182e-10 -1.32976011e-15  8.01350964e-16  2.22602738e-05 -2.13973106e-06 -8.81586755e-09  8.74995512e-10]:11.494111718097233
1381:[4.73864809e+11 1.98245782e+11]:[ 5.97744962e-02 -2.71963026e-12 -1.62372952e-13  1.48085225e-11 -1.80379877e-10 -1.33103403e-15  8.00874816e-16  2.21356582e-05 -2.13975290e-06 -8.64610075e-09  8.71361613e-10]:11.494117476566762
1357:[5.25155786e+11 1.85982385e+11]:[ 5.97874127e-02 -2.71996581e-12 -1.71691913e-13  1.55493987e-11 -1.81141494e-10 -1.33123319e-15  8.00660957e-16  2.26660635e-05 -2.13971027e-06 -8.81854435e-09  8.67085702e-10]:11.494182118192093
1375:[4.77953445e+11 1.97513580e+11]:[ 5.96441029e-02 -2.70963822e-12 -1.62658868e-13  1.48560662e-11 -1.80043908e-10 -1.33145975e-15  7.99396892e-16  2.21026706e-05 -2.13977202e-06 -8.77534912e-09  8.72548388e-10]:11.49446406679315
1374:[4.70706119e+11 1.99350967e+11]:[ 5.96273305e-02 -2.71297684e-12 -1.65263078e-13  1.48821336e-11 -1.80060282e-10 -1.33119969e-15  7.97296611e-16  2.20477871e-05 -2.13974332e-06 -8.81019117e-09  8.73762097e-10]:11.494600401927247
1379:[4.79011935e+11 1.97946350e+11]:[ 5.97510380e-02 -2.71388699e-12 -1.68666411e-13  1.50953116e-11 -1.81006723e-10 -1.33120031e-15  8.00816773e-16  2.20316131e-05 -2.13971326e-06 -8.63706746e-09  8.71081364e-10]:11.495418352340648
1367:[4.74826790e+11 1.99684331e+11]:[ 5.96236761e-02 -2.70914490e-12 -1.66047986e-13  1.49075618e-11 -1.81022126e-10 -1.32987059e-15  7.96872355e-16  2.20568988e-05 -2.13973615e-06 -8.83686460e-09  8.73676182e-10]:11.496435267576308
1359:[4.99698240e+11 1.95463453e+11]:[ 5.96465250e-02 -2.71867040e-12 -1.62745018e-13  1.48087221e-11 -1.80021248e-10 -1.33174961e-15  7.97217879e-16  2.20320436e-05 -2.13976894e-06 -8.52279776e-09  8.68006446e-10]:11.498849338209709
1365:[4.83448294e+11 1.99415189e+11]:[ 5.97800069e-02 -2.71908571e-12 -1.68893873e-13  1.50840658e-11 -1.79865217e-10 -1.33124361e-15  7.99211590e-16  2.19403617e-05 -2.13971715e-06 -8.64565436e-09  8.71117243e-10]:11.49892059131144
1377:[5.03219864e+11 2.04954073e+11]:[ 5.97297425e-02 -2.70819827e-12 -1.66444194e-13  1.49319751e-11 -1.81043584e-10 -1.33086546e-15  7.97058148e-16  2.20314684e-05 -2.13971474e-06 -8.81715662e-09  8.71377822e-10]:11.512853547085482
1378:[5.40141578e+11 2.25398062e+11]:[ 5.97333728e-02 -2.71859639e-12 -1.62524303e-13  1.48083136e-11 -1.79923575e-10 -1.33110787e-15  7.97706482e-16  2.20800587e-05 -2.13972316e-06 -8.92926732e-09  8.70316684e-10]:11.550267549193121
*******************************
***iteration: 5 Population is***
*******************************
Population scores:
1363:[4.69972304e+11 1.92805076e+11]:[ 5.97742449e-02 -2.71981546e-12 -1.62312505e-13  1.48081891e-11 -1.82049121e-10 -1.32987950e-15  8.00599176e-16  2.25137946e-05 -2.13967034e-06 -8.92688845e-09  8.73524352e-10]:11.485151116731634
1361:[4.89383240e+11 1.90756394e+11]:[ 5.97475790e-02 -2.70817168e-12 -1.67884174e-13  1.49581587e-11 -1.81044679e-10 -1.33110075e-15  8.01018609e-16  2.24251548e-05 -2.13971220e-06 -8.81500916e-09  8.70844036e-10]:11.488844430256133
1376:[4.70888033e+11 1.96316285e+11]:[ 5.96526355e-02 -2.70857766e-12 -1.68026995e-13  1.49392572e-11 -1.81046836e-10 -1.33090078e-15  7.96922886e-16  2.22174483e-05 -2.13971156e-06 -8.82225769e-09  8.73267092e-10]:11.490421218066778
1380:[4.87338652e+11 1.93375984e+11]:[ 5.97559458e-02 -2.71863747e-12 -1.68244464e-13  1.50744331e-11 -1.79763791e-10 -1.33118880e-15  7.99712538e-16  2.22746251e-05 -2.13971253e-06 -8.76415406e-09  8.70962114e-10]:11.491833922007732
1372:[4.58202696e+11 2.01814510e+11]:[ 5.97194890e-02 -2.70844159e-12 -1.67327044e-13  1.49014970e-11 -1.80618728e-10 -1.32960642e-15  7.99752578e-16  2.19865853e-05 -2.13975668e-06 -8.84194534e-09  8.75426388e-10]:11.493852650700234
1366:[4.51625083e+11 2.03579179e+11]:[ 5.96205291e-02 -2.70831989e-12 -1.65460264e-13  1.49138180e-11 -1.80134182e-10 -1.32976011e-15  8.01350964e-16  2.22602738e-05 -2.13973106e-06 -8.81586755e-09  8.74995512e-10]:11.494111718097233
1381:[4.73864809e+11 1.98245782e+11]:[ 5.97744962e-02 -2.71963026e-12 -1.62372952e-13  1.48085225e-11 -1.80379877e-10 -1.33103403e-15  8.00874816e-16  2.21356582e-05 -2.13975290e-06 -8.64610075e-09  8.71361613e-10]:11.494117476566762
1357:[5.25155786e+11 1.85982385e+11]:[ 5.97874127e-02 -2.71996581e-12 -1.71691913e-13  1.55493987e-11 -1.81141494e-10 -1.33123319e-15  8.00660957e-16  2.26660635e-05 -2.13971027e-06 -8.81854435e-09  8.67085702e-10]:11.494182118192093
Selected: [2 4]
***************
***CROSSOVER***
***************
parents:
[ 5.96526355e-02 -2.70857766e-12 -1.68026995e-13  1.49392572e-11 -1.81046836e-10 -1.33090078e-15  7.96922886e-16  2.22174483e-05 -2.13971156e-06 -8.82225769e-09  8.73267092e-10]
[ 5.97194890e-02 -2.70844159e-12 -1.67327044e-13  1.49014970e-11 -1.80618728e-10 -1.32960642e-15  7.99752578e-16  2.19865853e-05 -2.13975668e-06 -8.84194534e-09  8.75426388e-10]
children:
[ 5.97206092e-02 -2.70858031e-12 -1.67842839e-13  1.49102007e-11 -1.80629452e-10 -1.32962987e-15  7.99845834e-16  2.21570781e-05 -2.13973030e-06 -8.83478382e-09  8.73230013e-10]
[ 5.97215394e-02 -2.70849298e-12 -1.68085210e-13  1.49369978e-11 -1.80939801e-10 -1.33006911e-15  7.98601485e-16  2.19998471e-05 -2.13973154e-06 -8.83352587e-09  8.73403040e-10]
Selected: [4 0]
***************
***CROSSOVER***
***************
parents:
[ 5.97194890e-02 -2.70844159e-12 -1.67327044e-13  1.49014970e-11 -1.80618728e-10 -1.32960642e-15  7.99752578e-16  2.19865853e-05 -2.13975668e-06 -8.84194534e-09  8.75426388e-10]
[ 5.97742449e-02 -2.71981546e-12 -1.62312505e-13  1.48081891e-11 -1.82049121e-10 -1.32987950e-15  8.00599176e-16  2.25137946e-05 -2.13967034e-06 -8.92688845e-09  8.73524352e-10]
children:
[ 5.97299681e-02 -2.71947656e-12 -1.64729978e-13  1.48175564e-11 -1.82134233e-10 -1.32982006e-15  7.99698214e-16  2.21431795e-05 -2.13969756e-06 -8.90952136e-09  8.74455505e-10]
[ 5.97441873e-02 -2.71526877e-12 -1.62153784e-13  1.48934095e-11 -1.81791442e-10 -1.32963009e-15  8.00058349e-16  2.19359644e-05 -2.13972868e-06 -8.92714353e-09  8.74930503e-10]
Selected: [5 2]
***************
***CROSSOVER***
***************
parents:
[ 5.96205291e-02 -2.70831989e-12 -1.65460264e-13  1.49138180e-11 -1.80134182e-10 -1.32976011e-15  8.01350964e-16  2.22602738e-05 -2.13973106e-06 -8.81586755e-09  8.74995512e-10]
[ 5.96526355e-02 -2.70857766e-12 -1.68026995e-13  1.49392572e-11 -1.81046836e-10 -1.33090078e-15  7.96922886e-16  2.22174483e-05 -2.13971156e-06 -8.82225769e-09  8.73267092e-10]
children:
[ 5.96269747e-02 -2.70846098e-12 -1.67070176e-13  1.49175236e-11 -1.80097238e-10 -1.33020327e-15  7.98337408e-16  2.22592332e-05 -2.13972308e-06 -8.81954802e-09  8.74210470e-10]
[ 5.96479790e-02 -2.70847410e-12 -1.66629423e-13  1.49274378e-11 -1.80275484e-10 -1.32994341e-15  8.00510274e-16  2.22507774e-05 -2.13972186e-06 -8.81649930e-09  8.74294644e-10]
Selected: [2 5]
***************
***CROSSOVER***
***************
parents:
[ 5.96526355e-02 -2.70857766e-12 -1.68026995e-13  1.49392572e-11 -1.81046836e-10 -1.33090078e-15  7.96922886e-16  2.22174483e-05 -2.13971156e-06 -8.82225769e-09  8.73267092e-10]
[ 5.96205291e-02 -2.70831989e-12 -1.65460264e-13  1.49138180e-11 -1.80134182e-10 -1.32976011e-15  8.01350964e-16  2.22602738e-05 -2.13973106e-06 -8.81586755e-09  8.74995512e-10]
children:
[ 5.96264236e-02 -2.70840743e-12 -1.66946580e-13  1.49145873e-11 -1.80399929e-10 -1.33011754e-15  8.00466079e-16  2.22607514e-05 -2.13972170e-06 -8.82089000e-09  8.73680545e-10]
[ 5.96404274e-02 -2.70839264e-12 -1.66548218e-13  1.49284947e-11 -1.81029941e-10 -1.33029728e-15  7.97567940e-16  2.22135490e-05 -2.13973134e-06 -8.81977812e-09  8.74902924e-10]
@@@@@@@@@@@@@@@@@@@@@@@@@
@@@merging population@@@@
@@@@@@@@@@@@@@@@@@@@@@@@@
Population scores:
1363:[4.69972304e+11 1.92805076e+11]:[ 5.97742449e-02 -2.71981546e-12 -1.62312505e-13  1.48081891e-11 -1.82049121e-10 -1.32987950e-15  8.00599176e-16  2.25137946e-05 -2.13967034e-06 -8.92688845e-09  8.73524352e-10]:11.485151116731634
1361:[4.89383240e+11 1.90756394e+11]:[ 5.97475790e-02 -2.70817168e-12 -1.67884174e-13  1.49581587e-11 -1.81044679e-10 -1.33110075e-15  8.01018609e-16  2.24251548e-05 -2.13971220e-06 -8.81500916e-09  8.70844036e-10]:11.488844430256133
1382:[4.64784936e+11 1.97395082e+11]:[ 5.96264236e-02 -2.70840743e-12 -1.66946580e-13  1.49145873e-11 -1.80399929e-10 -1.33011754e-15  8.00466079e-16  2.22607514e-05 -2.13972170e-06 -8.82089000e-09  8.73680545e-10]:11.489879015761712
1376:[4.70888033e+11 1.96316285e+11]:[ 5.96526355e-02 -2.70857766e-12 -1.68026995e-13  1.49392572e-11 -1.81046836e-10 -1.33090078e-15  7.96922886e-16  2.22174483e-05 -2.13971156e-06 -8.82225769e-09  8.73267092e-10]:11.490421218066778
1383:[4.59386641e+11 1.99372883e+11]:[ 5.96269747e-02 -2.70846098e-12 -1.67070176e-13  1.49175236e-11 -1.80097238e-10 -1.33020327e-15  7.98337408e-16  2.22592332e-05 -2.13972308e-06 -8.81954802e-09  8.74210470e-10]:11.490836968972918
1385:[4.58438814e+11 1.99868315e+11]:[ 5.96479790e-02 -2.70847410e-12 -1.66629423e-13  1.49274378e-11 -1.80275484e-10 -1.32994341e-15  8.00510274e-16  2.22507774e-05 -2.13972186e-06 -8.81649930e-09  8.74294644e-10]:11.491212650273525
1380:[4.87338652e+11 1.93375984e+11]:[ 5.97559458e-02 -2.71863747e-12 -1.68244464e-13  1.50744331e-11 -1.79763791e-10 -1.33118880e-15  7.99712538e-16  2.22746251e-05 -2.13971253e-06 -8.76415406e-09  8.70962114e-10]:11.491833922007732
1384:[4.53911056e+11 2.01637451e+11]:[ 5.96404274e-02 -2.70839264e-12 -1.66548218e-13  1.49284947e-11 -1.81029941e-10 -1.33029728e-15  7.97567940e-16  2.22135490e-05 -2.13973134e-06 -8.81977812e-09  8.74902924e-10]:11.49216803838841
1386:[4.75233670e+11 1.97213448e+11]:[ 5.97206092e-02 -2.70858031e-12 -1.67842839e-13  1.49102007e-11 -1.80629452e-10 -1.32962987e-15  7.99845834e-16  2.21570781e-05 -2.13973030e-06 -8.83478382e-09  8.73230013e-10]:11.493136608708413
1372:[4.58202696e+11 2.01814510e+11]:[ 5.97194890e-02 -2.70844159e-12 -1.67327044e-13  1.49014970e-11 -1.80618728e-10 -1.32960642e-15  7.99752578e-16  2.19865853e-05 -2.13975668e-06 -8.84194534e-09  8.75426388e-10]:11.493852650700234
1388:[4.71795759e+11 1.98645295e+11]:[ 5.97299681e-02 -2.71947656e-12 -1.64729978e-13  1.48175564e-11 -1.82134233e-10 -1.32982006e-15  7.99698214e-16  2.21431795e-05 -2.13969756e-06 -8.90952136e-09  8.74455505e-10]:11.493982341077903
1366:[4.51625083e+11 2.03579179e+11]:[ 5.96205291e-02 -2.70831989e-12 -1.65460264e-13  1.49138180e-11 -1.80134182e-10 -1.32976011e-15  8.01350964e-16  2.22602738e-05 -2.13973106e-06 -8.81586755e-09  8.74995512e-10]:11.494111718097233
1381:[4.73864809e+11 1.98245782e+11]:[ 5.97744962e-02 -2.71963026e-12 -1.62372952e-13  1.48085225e-11 -1.80379877e-10 -1.33103403e-15  8.00874816e-16  2.21356582e-05 -2.13975290e-06 -8.64610075e-09  8.71361613e-10]:11.494117476566762
1357:[5.25155786e+11 1.85982385e+11]:[ 5.97874127e-02 -2.71996581e-12 -1.71691913e-13  1.55493987e-11 -1.81141494e-10 -1.33123319e-15  8.00660957e-16  2.26660635e-05 -2.13971027e-06 -8.81854435e-09  8.67085702e-10]:11.494182118192093
1387:[4.80601859e+11 2.01822001e+11]:[ 5.97215394e-02 -2.70849298e-12 -1.68085210e-13  1.49369978e-11 -1.80939801e-10 -1.33006911e-15  7.98601485e-16  2.19998471e-05 -2.13973154e-06 -8.83352587e-09  8.73403040e-10]:11.501287237116745
1389:[4.79939732e+11 2.07375922e+11]:[ 5.97441873e-02 -2.71526877e-12 -1.62153784e-13  1.48934095e-11 -1.81791442e-10 -1.32963009e-15  8.00058349e-16  2.19359644e-05 -2.13972868e-06 -8.92714353e-09  8.74930503e-10]:11.508612472911114
Population scores:
1363:[4.69972304e+11 1.92805076e+11]:[ 5.97742449e-02 -2.71981546e-12 -1.62312505e-13  1.48081891e-11 -1.82049121e-10 -1.32987950e-15  8.00599176e-16  2.25137946e-05 -2.13967034e-06 -8.92688845e-09  8.73524352e-10]:11.485151116731634
1361:[4.89383240e+11 1.90756394e+11]:[ 5.97475790e-02 -2.70817168e-12 -1.67884174e-13  1.49581587e-11 -1.81044679e-10 -1.33110075e-15  8.01018609e-16  2.24251548e-05 -2.13971220e-06 -8.81500916e-09  8.70844036e-10]:11.488844430256133
1382:[4.64784936e+11 1.97395082e+11]:[ 5.96264236e-02 -2.70840743e-12 -1.66946580e-13  1.49145873e-11 -1.80399929e-10 -1.33011754e-15  8.00466079e-16  2.22607514e-05 -2.13972170e-06 -8.82089000e-09  8.73680545e-10]:11.489879015761712
1376:[4.70888033e+11 1.96316285e+11]:[ 5.96526355e-02 -2.70857766e-12 -1.68026995e-13  1.49392572e-11 -1.81046836e-10 -1.33090078e-15  7.96922886e-16  2.22174483e-05 -2.13971156e-06 -8.82225769e-09  8.73267092e-10]:11.490421218066778
1383:[4.59386641e+11 1.99372883e+11]:[ 5.96269747e-02 -2.70846098e-12 -1.67070176e-13  1.49175236e-11 -1.80097238e-10 -1.33020327e-15  7.98337408e-16  2.22592332e-05 -2.13972308e-06 -8.81954802e-09  8.74210470e-10]:11.490836968972918
1385:[4.58438814e+11 1.99868315e+11]:[ 5.96479790e-02 -2.70847410e-12 -1.66629423e-13  1.49274378e-11 -1.80275484e-10 -1.32994341e-15  8.00510274e-16  2.22507774e-05 -2.13972186e-06 -8.81649930e-09  8.74294644e-10]:11.491212650273525
1380:[4.87338652e+11 1.93375984e+11]:[ 5.97559458e-02 -2.71863747e-12 -1.68244464e-13  1.50744331e-11 -1.79763791e-10 -1.33118880e-15  7.99712538e-16  2.22746251e-05 -2.13971253e-06 -8.76415406e-09  8.70962114e-10]:11.491833922007732
1384:[4.53911056e+11 2.01637451e+11]:[ 5.96404274e-02 -2.70839264e-12 -1.66548218e-13  1.49284947e-11 -1.81029941e-10 -1.33029728e-15  7.97567940e-16  2.22135490e-05 -2.13973134e-06 -8.81977812e-09  8.74902924e-10]:11.49216803838841
%%%%%%%%%%%%%%%%%%%%%%%%%
%%%final - population%%%%
%%%%%%%%%%%%%%%%%%%%%%%%%
1363:[4.69972304e+11 1.92805076e+11]:[ 5.97742449e-02 -2.71981546e-12 -1.62312505e-13  1.48081891e-11 -1.82049121e-10 -1.32987950e-15  8.00599176e-16  2.25137946e-05 -2.13967034e-06 -8.92688845e-09  8.73524352e-10]
1361:[4.89383240e+11 1.90756394e+11]:[ 5.97475790e-02 -2.70817168e-12 -1.67884174e-13  1.49581587e-11 -1.81044679e-10 -1.33110075e-15  8.01018609e-16  2.24251548e-05 -2.13971220e-06 -8.81500916e-09  8.70844036e-10]
1382:[4.64784936e+11 1.97395082e+11]:[ 5.96264236e-02 -2.70840743e-12 -1.66946580e-13  1.49145873e-11 -1.80399929e-10 -1.33011754e-15  8.00466079e-16  2.22607514e-05 -2.13972170e-06 -8.82089000e-09  8.73680545e-10]
1376:[4.70888033e+11 1.96316285e+11]:[ 5.96526355e-02 -2.70857766e-12 -1.68026995e-13  1.49392572e-11 -1.81046836e-10 -1.33090078e-15  7.96922886e-16  2.22174483e-05 -2.13971156e-06 -8.82225769e-09  8.73267092e-10]
1383:[4.59386641e+11 1.99372883e+11]:[ 5.96269747e-02 -2.70846098e-12 -1.67070176e-13  1.49175236e-11 -1.80097238e-10 -1.33020327e-15  7.98337408e-16  2.22592332e-05 -2.13972308e-06 -8.81954802e-09  8.74210470e-10]
1385:[4.58438814e+11 1.99868315e+11]:[ 5.96479790e-02 -2.70847410e-12 -1.66629423e-13  1.49274378e-11 -1.80275484e-10 -1.32994341e-15  8.00510274e-16  2.22507774e-05 -2.13972186e-06 -8.81649930e-09  8.74294644e-10]
1380:[4.87338652e+11 1.93375984e+11]:[ 5.97559458e-02 -2.71863747e-12 -1.68244464e-13  1.50744331e-11 -1.79763791e-10 -1.33118880e-15  7.99712538e-16  2.22746251e-05 -2.13971253e-06 -8.76415406e-09  8.70962114e-10]
1384:[4.53911056e+11 2.01637451e+11]:[ 5.96404274e-02 -2.70839264e-12 -1.66548218e-13  1.49284947e-11 -1.81029941e-10 -1.33029728e-15  7.97567940e-16  2.22135490e-05 -2.13973134e-06 -8.81977812e-09  8.74902924e-10]
