Generating Population from
[ 5.96431187e-02 -2.70793112e-12 -1.62746403e-13  1.48176201e-11 -1.79938500e-10 -1.33228746e-15  7.96915388e-16  2.18208908e-05 -2.13976940e-06 -8.31622911e-09  8.67885016e-10]
[ 5.98681129e-02 -2.73319093e-12 -1.71891200e-13  1.46815446e-11 -1.85383102e-10 -1.32592258e-15  7.99665140e-16  2.50630287e-05 -2.13943418e-06 -9.98590496e-09  8.69014565e-10]
*******************************
***iteration: 0 Population is***
*******************************
Population scores:
1279:[5.63189367e+11 1.52204282e+11]:[ 5.98681129e-02 -2.73319093e-12 -1.71891200e-13  1.46815446e-11 -1.85383102e-10 -1.32592258e-15  7.99665140e-16  2.50630287e-05 -2.13943418e-06 -9.98590496e-09  8.69014565e-10]:11.44984517557073
1332:[4.84170045e+11 2.02758374e+11]:[ 5.96431187e-02 -2.70793112e-12 -1.62746403e-13  1.48176201e-11 -1.79938500e-10 -1.33228746e-15  7.96915388e-16  2.18208908e-05 -2.13976940e-06 -8.31622911e-09  8.67885016e-10]:11.497092110042665
1393:[2.15989764e+12 4.99112028e+12]:[ 5.41994277e-02 -2.17505546e-12 -1.13181992e-13  9.28074008e-12 -2.82806466e-10 -2.12836344e-15  7.63727719e-16  2.95520897e-05 -2.19430498e-06 -9.80920772e-09  9.40693226e-10]:12.73940593077764
1391:[6.78997885e+12 8.80850417e+12]:[ 5.73708574e-02 -2.98180603e-12 -2.15795184e-13  1.11710097e-11 -1.44359814e-10 -2.14262366e-15  7.03008139e-16  2.18337315e-05 -2.33261922e-06 -8.34183778e-09  8.64326628e-10]:13.015787103424522
1395:[9.18773671e+12 1.61762580e+13]:[ 5.08997893e-02 -3.15029902e-12 -8.41409712e-14  1.97959683e-11 -2.48823781e-10 -4.71450294e-16  7.42409315e-16  1.82672497e-05 -2.34807186e-06 -9.06640100e-09  8.52452536e-10]:13.262200346405947
1392:[1.75421192e+13 4.05208339e+13]:[ 6.08266900e-02 -2.32570551e-12 -1.15066310e-13  1.29006130e-11 -8.09895934e-11 -1.96578359e-15  8.22143378e-16  2.28744625e-05 -1.53586688e-06 -7.57329448e-09  8.08818909e-10]:13.648901529652264
1394:[4.13829955e+13 8.34039699e+13]:[ 5.34406598e-02 -1.77513571e-12 -2.25808280e-13  1.85651330e-11 -2.64525776e-10 -4.51970700e-16  8.86740014e-16  3.10140107e-05 -1.76413454e-06 -1.04160403e-08  9.60022733e-10]:13.968118823705279
1390:[7.73642777e+13 1.56253923e+14]:[ 6.12256966e-02 -2.45087130e-12 -1.06359166e-13  8.82351840e-12 -1.34668759e-10 -3.43549210e-16  8.26147703e-16  3.06550914e-05 -1.26089757e-06 -8.00676129e-09  8.09082709e-10]:14.2406683050822
Selected: [1 0]
***************
***CROSSOVER***
***************
parents:
[ 5.96431187e-02 -2.70793112e-12 -1.62746403e-13  1.48176201e-11 -1.79938500e-10 -1.33228746e-15  7.96915388e-16  2.18208908e-05 -2.13976940e-06 -8.31622911e-09  8.67885016e-10]
[ 5.98681129e-02 -2.73319093e-12 -1.71891200e-13  1.46815446e-11 -1.85383102e-10 -1.32592258e-15  7.99665140e-16  2.50630287e-05 -2.13943418e-06 -9.98590496e-09  8.69014565e-10]
children:
[ 5.98081582e-02 -2.70719442e-12 -1.72356164e-13  1.48028523e-11 -1.84834367e-10 -1.32747375e-15  7.96736220e-16  2.21390289e-05 -2.13951858e-06 -1.00218492e-08  8.67795176e-10]
[ 5.96635291e-02 -2.73464512e-12 -1.66599507e-13  1.48091580e-11 -1.81845337e-10 -1.32990478e-15  7.98266253e-16  2.20940850e-05 -2.13966054e-06 -9.65667509e-09  8.68533850e-10]
Selected: [0 1]
***************
***CROSSOVER***
***************
parents:
[ 5.98681129e-02 -2.73319093e-12 -1.71891200e-13  1.46815446e-11 -1.85383102e-10 -1.32592258e-15  7.99665140e-16  2.50630287e-05 -2.13943418e-06 -9.98590496e-09  8.69014565e-10]
[ 5.96431187e-02 -2.70793112e-12 -1.62746403e-13  1.48176201e-11 -1.79938500e-10 -1.33228746e-15  7.96915388e-16  2.18208908e-05 -2.13976940e-06 -8.31622911e-09  8.67885016e-10]
children:
[ 5.98731105e-02 -2.73558517e-12 -1.66959239e-13  1.47061142e-11 -1.81027713e-10 -1.33229255e-15  7.98871537e-16  2.52671436e-05 -2.13971881e-06 -9.18094909e-09  8.68163664e-10]
[ 5.98045310e-02 -2.72855398e-12 -1.70564601e-13  1.47480810e-11 -1.85197353e-10 -1.32951035e-15  7.98639421e-16  2.28490903e-05 -2.13951524e-06 -9.36862256e-09  8.68632915e-10]
Selected: [1 0]
***************
***CROSSOVER***
***************
parents:
[ 5.96431187e-02 -2.70793112e-12 -1.62746403e-13  1.48176201e-11 -1.79938500e-10 -1.33228746e-15  7.96915388e-16  2.18208908e-05 -2.13976940e-06 -8.31622911e-09  8.67885016e-10]
[ 5.98681129e-02 -2.73319093e-12 -1.71891200e-13  1.46815446e-11 -1.85383102e-10 -1.32592258e-15  7.99665140e-16  2.50630287e-05 -2.13943418e-06 -9.98590496e-09  8.69014565e-10]
children:
[ 5.98591301e-02 -2.72635491e-12 -1.68521449e-13  1.46710796e-11 -1.84463571e-10 -1.33188186e-15  7.97164215e-16  2.27191298e-05 -2.13979382e-06 -8.30858732e-09  8.69062174e-10]
[ 5.96979023e-02 -2.71904074e-12 -1.68051755e-13  1.47850221e-11 -1.81718358e-10 -1.33103976e-15  7.99625262e-16  2.45272956e-05 -2.13953585e-06 -9.84482010e-09  8.69015893e-10]
Selected: [0 1]
***************
***CROSSOVER***
***************
parents:
[ 5.98681129e-02 -2.73319093e-12 -1.71891200e-13  1.46815446e-11 -1.85383102e-10 -1.32592258e-15  7.99665140e-16  2.50630287e-05 -2.13943418e-06 -9.98590496e-09  8.69014565e-10]
[ 5.96431187e-02 -2.70793112e-12 -1.62746403e-13  1.48176201e-11 -1.79938500e-10 -1.33228746e-15  7.96915388e-16  2.18208908e-05 -2.13976940e-06 -8.31622911e-09  8.67885016e-10]
children:
[ 5.96268610e-02 -2.73001523e-12 -1.61854557e-13  1.47927029e-11 -1.85749837e-10 -1.33092998e-15  7.99834606e-16  2.26024581e-05 -2.13972788e-06 -9.72100941e-09  8.68042856e-10]
[ 5.98401629e-02 -2.72746727e-12 -1.62156042e-13  1.46715777e-11 -1.83954907e-10 -1.33193069e-15  7.98729724e-16  2.52384987e-05 -2.13972398e-06 -8.64734760e-09  8.67906394e-10]
@@@@@@@@@@@@@@@@@@@@@@@@@
@@@merging population@@@@
@@@@@@@@@@@@@@@@@@@@@@@@@
Population scores:
1279:[5.63189367e+11 1.52204282e+11]:[ 5.98681129e-02 -2.73319093e-12 -1.71891200e-13  1.46815446e-11 -1.85383102e-10 -1.32592258e-15  7.99665140e-16  2.50630287e-05 -2.13943418e-06 -9.98590496e-09  8.69014565e-10]:11.44984517557073
1398:[5.72590965e+11 1.70203707e+11]:[ 5.96979023e-02 -2.71904074e-12 -1.68051755e-13  1.47850221e-11 -1.81718358e-10 -1.33103976e-15  7.99625262e-16  2.45272956e-05 -2.13953585e-06 -9.84482010e-09  8.69015893e-10]:11.479862579368005
1332:[4.84170045e+11 2.02758374e+11]:[ 5.96431187e-02 -2.70793112e-12 -1.62746403e-13  1.48176201e-11 -1.79938500e-10 -1.33228746e-15  7.96915388e-16  2.18208908e-05 -2.13976940e-06 -8.31622911e-09  8.67885016e-10]:11.497092110042665
1399:[6.12523250e+11 2.61201689e+11]:[ 5.98045310e-02 -2.72855398e-12 -1.70564601e-13  1.47480810e-11 -1.85197353e-10 -1.32951035e-15  7.98639421e-16  2.28490903e-05 -2.13951524e-06 -9.36862256e-09  8.68632915e-10]:11.604314670722413
1402:[4.89697999e+11 2.98103315e+11]:[ 5.98591301e-02 -2.72635491e-12 -1.68521449e-13  1.46710796e-11 -1.84463571e-10 -1.33188186e-15  7.97164215e-16  2.27191298e-05 -2.13979382e-06 -8.30858732e-09  8.69062174e-10]:11.613560500763999
1403:[5.60804427e+11 3.49193154e+11]:[ 5.98731105e-02 -2.73558517e-12 -1.66959239e-13  1.47061142e-11 -1.81027713e-10 -1.33229255e-15  7.98871537e-16  2.52671436e-05 -2.13971881e-06 -9.18094909e-09  8.68163664e-10]:11.679589747849104
1396:[8.13034391e+11 5.23443867e+11]:[ 5.96268610e-02 -2.73001523e-12 -1.61854557e-13  1.47927029e-11 -1.85749837e-10 -1.33092998e-15  7.99834606e-16  2.26024581e-05 -2.13972788e-06 -9.72100941e-09  8.68042856e-10]:11.851528491850928
1397:[8.68744293e+11 6.30467976e+11]:[ 5.96635291e-02 -2.73464512e-12 -1.66599507e-13  1.48091580e-11 -1.81845337e-10 -1.32990478e-15  7.98266253e-16  2.20940850e-05 -2.13966054e-06 -9.65667509e-09  8.68533850e-10]:11.9192241391154
1401:[6.86601983e+11 7.24995631e+11]:[ 5.98401629e-02 -2.72746727e-12 -1.62156042e-13  1.46715777e-11 -1.83954907e-10 -1.33193069e-15  7.98729724e-16  2.52384987e-05 -2.13972398e-06 -8.64734760e-09  8.67906394e-10]:11.945918446435126
1400:[1.10729177e+12 9.83602423e+11]:[ 5.98081582e-02 -2.70719442e-12 -1.72356164e-13  1.48028523e-11 -1.84834367e-10 -1.32747375e-15  7.96736220e-16  2.21390289e-05 -2.13951858e-06 -1.00218492e-08  8.67795176e-10]:12.092818693596774
1393:[2.15989764e+12 4.99112028e+12]:[ 5.41994277e-02 -2.17505546e-12 -1.13181992e-13  9.28074008e-12 -2.82806466e-10 -2.12836344e-15  7.63727719e-16  2.95520897e-05 -2.19430498e-06 -9.80920772e-09  9.40693226e-10]:12.73940593077764
1391:[6.78997885e+12 8.80850417e+12]:[ 5.73708574e-02 -2.98180603e-12 -2.15795184e-13  1.11710097e-11 -1.44359814e-10 -2.14262366e-15  7.03008139e-16  2.18337315e-05 -2.33261922e-06 -8.34183778e-09  8.64326628e-10]:13.015787103424522
1395:[9.18773671e+12 1.61762580e+13]:[ 5.08997893e-02 -3.15029902e-12 -8.41409712e-14  1.97959683e-11 -2.48823781e-10 -4.71450294e-16  7.42409315e-16  1.82672497e-05 -2.34807186e-06 -9.06640100e-09  8.52452536e-10]:13.262200346405947
1392:[1.75421192e+13 4.05208339e+13]:[ 6.08266900e-02 -2.32570551e-12 -1.15066310e-13  1.29006130e-11 -8.09895934e-11 -1.96578359e-15  8.22143378e-16  2.28744625e-05 -1.53586688e-06 -7.57329448e-09  8.08818909e-10]:13.648901529652264
1394:[4.13829955e+13 8.34039699e+13]:[ 5.34406598e-02 -1.77513571e-12 -2.25808280e-13  1.85651330e-11 -2.64525776e-10 -4.51970700e-16  8.86740014e-16  3.10140107e-05 -1.76413454e-06 -1.04160403e-08  9.60022733e-10]:13.968118823705279
1390:[7.73642777e+13 1.56253923e+14]:[ 6.12256966e-02 -2.45087130e-12 -1.06359166e-13  8.82351840e-12 -1.34668759e-10 -3.43549210e-16  8.26147703e-16  3.06550914e-05 -1.26089757e-06 -8.00676129e-09  8.09082709e-10]:14.2406683050822
*******************************
***iteration: 1 Population is***
*******************************
Population scores:
1279:[5.63189367e+11 1.52204282e+11]:[ 5.98681129e-02 -2.73319093e-12 -1.71891200e-13  1.46815446e-11 -1.85383102e-10 -1.32592258e-15  7.99665140e-16  2.50630287e-05 -2.13943418e-06 -9.98590496e-09  8.69014565e-10]:11.44984517557073
1398:[5.72590965e+11 1.70203707e+11]:[ 5.96979023e-02 -2.71904074e-12 -1.68051755e-13  1.47850221e-11 -1.81718358e-10 -1.33103976e-15  7.99625262e-16  2.45272956e-05 -2.13953585e-06 -9.84482010e-09  8.69015893e-10]:11.479862579368005
1332:[4.84170045e+11 2.02758374e+11]:[ 5.96431187e-02 -2.70793112e-12 -1.62746403e-13  1.48176201e-11 -1.79938500e-10 -1.33228746e-15  7.96915388e-16  2.18208908e-05 -2.13976940e-06 -8.31622911e-09  8.67885016e-10]:11.497092110042665
1399:[6.12523250e+11 2.61201689e+11]:[ 5.98045310e-02 -2.72855398e-12 -1.70564601e-13  1.47480810e-11 -1.85197353e-10 -1.32951035e-15  7.98639421e-16  2.28490903e-05 -2.13951524e-06 -9.36862256e-09  8.68632915e-10]:11.604314670722413
1402:[4.89697999e+11 2.98103315e+11]:[ 5.98591301e-02 -2.72635491e-12 -1.68521449e-13  1.46710796e-11 -1.84463571e-10 -1.33188186e-15  7.97164215e-16  2.27191298e-05 -2.13979382e-06 -8.30858732e-09  8.69062174e-10]:11.613560500763999
1403:[5.60804427e+11 3.49193154e+11]:[ 5.98731105e-02 -2.73558517e-12 -1.66959239e-13  1.47061142e-11 -1.81027713e-10 -1.33229255e-15  7.98871537e-16  2.52671436e-05 -2.13971881e-06 -9.18094909e-09  8.68163664e-10]:11.679589747849104
1396:[8.13034391e+11 5.23443867e+11]:[ 5.96268610e-02 -2.73001523e-12 -1.61854557e-13  1.47927029e-11 -1.85749837e-10 -1.33092998e-15  7.99834606e-16  2.26024581e-05 -2.13972788e-06 -9.72100941e-09  8.68042856e-10]:11.851528491850928
1397:[8.68744293e+11 6.30467976e+11]:[ 5.96635291e-02 -2.73464512e-12 -1.66599507e-13  1.48091580e-11 -1.81845337e-10 -1.32990478e-15  7.98266253e-16  2.20940850e-05 -2.13966054e-06 -9.65667509e-09  8.68533850e-10]:11.9192241391154
Selected: [1 0]
***************
***CROSSOVER***
***************
parents:
[ 5.96979023e-02 -2.71904074e-12 -1.68051755e-13  1.47850221e-11 -1.81718358e-10 -1.33103976e-15  7.99625262e-16  2.45272956e-05 -2.13953585e-06 -9.84482010e-09  8.69015893e-10]
[ 5.98681129e-02 -2.73319093e-12 -1.71891200e-13  1.46815446e-11 -1.85383102e-10 -1.32592258e-15  7.99665140e-16  2.50630287e-05 -2.13943418e-06 -9.98590496e-09  8.69014565e-10]
children:
[ 5.97554174e-02 -2.72941086e-12 -1.70747256e-13  1.46938299e-11 -1.84937702e-10 -1.32854969e-15  7.99643625e-16  2.47930395e-05 -2.13948338e-06 -9.98483054e-09  8.69015251e-10]
[ 5.98529192e-02 -2.72448095e-12 -1.68696743e-13  1.47601151e-11 -1.82430382e-10 -1.32737389e-15  7.99661369e-16  2.47961540e-05 -2.13945434e-06 -9.97317534e-09  8.69014857e-10]
Selected: [5 1]
***************
***CROSSOVER***
***************
parents:
[ 5.98731105e-02 -2.73558517e-12 -1.66959239e-13  1.47061142e-11 -1.81027713e-10 -1.33229255e-15  7.98871537e-16  2.52671436e-05 -2.13971881e-06 -9.18094909e-09  8.68163664e-10]
[ 5.96979023e-02 -2.71904074e-12 -1.68051755e-13  1.47850221e-11 -1.81718358e-10 -1.33103976e-15  7.99625262e-16  2.45272956e-05 -2.13953585e-06 -9.84482010e-09  8.69015893e-10]
children:
[ 5.97956516e-02 -2.73135391e-12 -1.67670640e-13  1.47642962e-11 -1.81772494e-10 -1.33236718e-15  7.98828288e-16  2.48623776e-05 -2.13962162e-06 -9.35031253e-09  8.68737182e-10]
[ 5.97152577e-02 -2.72964863e-12 -1.67987702e-13  1.47649259e-11 -1.81418304e-10 -1.33126139e-15  7.98907803e-16  2.52567351e-05 -2.13962465e-06 -9.14929873e-09  8.68652888e-10]
Selected: [1 0]
***************
***CROSSOVER***
***************
parents:
[ 5.96979023e-02 -2.71904074e-12 -1.68051755e-13  1.47850221e-11 -1.81718358e-10 -1.33103976e-15  7.99625262e-16  2.45272956e-05 -2.13953585e-06 -9.84482010e-09  8.69015893e-10]
[ 5.98681129e-02 -2.73319093e-12 -1.71891200e-13  1.46815446e-11 -1.85383102e-10 -1.32592258e-15  7.99665140e-16  2.50630287e-05 -2.13943418e-06 -9.98590496e-09  8.69014565e-10]
children:
[ 5.96946932e-02 -2.72006543e-12 -1.67986788e-13  1.47261967e-11 -1.85516927e-10 -1.32991994e-15  7.99665956e-16  2.45782864e-05 -2.13948866e-06 -9.90628143e-09  8.69014733e-10]
[ 5.98154860e-02 -2.73078279e-12 -1.67673184e-13  1.47892810e-11 -1.84424274e-10 -1.33129040e-15  7.99636085e-16  2.50846763e-05 -2.13953036e-06 -9.88848193e-09  8.69015751e-10]
Selected: [4 0]
***************
***CROSSOVER***
***************
parents:
[ 5.98591301e-02 -2.72635491e-12 -1.68521449e-13  1.46710796e-11 -1.84463571e-10 -1.33188186e-15  7.97164215e-16  2.27191298e-05 -2.13979382e-06 -8.30858732e-09  8.69062174e-10]
[ 5.98681129e-02 -2.73319093e-12 -1.71891200e-13  1.46815446e-11 -1.85383102e-10 -1.32592258e-15  7.99665140e-16  2.50630287e-05 -2.13943418e-06 -9.98590496e-09  8.69014565e-10]
children:
[ 5.98590955e-02 -2.72595736e-12 -1.71254302e-13  1.46707571e-11 -1.85310096e-10 -1.32787187e-15  7.97612976e-16  2.28255542e-05 -2.13964727e-06 -8.42252501e-09  8.69048008e-10]
[ 5.98587288e-02 -2.72714627e-12 -1.70760738e-13  1.46824933e-11 -1.85408630e-10 -1.32833623e-15  7.99446361e-16  2.46859217e-05 -2.13969238e-06 -9.09059272e-09  8.69045042e-10]
@@@@@@@@@@@@@@@@@@@@@@@@@
@@@merging population@@@@
@@@@@@@@@@@@@@@@@@@@@@@@@
Population scores:
1408:[5.48742519e+11 1.48057503e+11]:[ 5.98154860e-02 -2.73078279e-12 -1.67673184e-13  1.47892810e-11 -1.84424274e-10 -1.33129040e-15  7.99636085e-16  2.50846763e-05 -2.13953036e-06 -9.88848193e-09  8.69015751e-10]:11.438175586965878
1279:[5.63189367e+11 1.52204282e+11]:[ 5.98681129e-02 -2.73319093e-12 -1.71891200e-13  1.46815446e-11 -1.85383102e-10 -1.32592258e-15  7.99665140e-16  2.50630287e-05 -2.13943418e-06 -9.98590496e-09  8.69014565e-10]:11.44984517557073
1409:[5.78684488e+11 1.67533540e+11]:[ 5.98529192e-02 -2.72448095e-12 -1.68696743e-13  1.47601151e-11 -1.82430382e-10 -1.32737389e-15  7.99661369e-16  2.47961540e-05 -2.13945434e-06 -9.97317534e-09  8.69014857e-10]:11.47803372125622
1398:[5.72590965e+11 1.70203707e+11]:[ 5.96979023e-02 -2.71904074e-12 -1.68051755e-13  1.47850221e-11 -1.81718358e-10 -1.33103976e-15  7.99625262e-16  2.45272956e-05 -2.13953585e-06 -9.84482010e-09  8.69015893e-10]:11.479862579368005
1406:[5.82071768e+11 1.69775763e+11]:[ 5.97554174e-02 -2.72941086e-12 -1.70747256e-13  1.46938299e-11 -1.84937702e-10 -1.32854969e-15  7.99643625e-16  2.47930395e-05 -2.13948338e-06 -9.98483054e-09  8.69015251e-10]:11.482376531760774
1404:[5.81587392e+11 1.75440266e+11]:[ 5.96946932e-02 -2.72006543e-12 -1.67986788e-13  1.47261967e-11 -1.85516927e-10 -1.32991994e-15  7.99665956e-16  2.45782864e-05 -2.13948866e-06 -9.90628143e-09  8.69014733e-10]:11.490247022045434
1332:[4.84170045e+11 2.02758374e+11]:[ 5.96431187e-02 -2.70793112e-12 -1.62746403e-13  1.48176201e-11 -1.79938500e-10 -1.33228746e-15  7.96915388e-16  2.18208908e-05 -2.13976940e-06 -8.31622911e-09  8.67885016e-10]:11.497092110042665
1407:[5.22442399e+11 2.18776130e+11]:[ 5.97956516e-02 -2.73135391e-12 -1.67670640e-13  1.47642962e-11 -1.81772494e-10 -1.33236718e-15  7.98828288e-16  2.48623776e-05 -2.13962162e-06 -9.35031253e-09  8.68737182e-10]:11.530120111013757
1411:[4.86909611e+11 2.72657769e+11]:[ 5.98590955e-02 -2.72595736e-12 -1.71254302e-13  1.46707571e-11 -1.85310096e-10 -1.32787187e-15  7.97612976e-16  2.28255542e-05 -2.13964727e-06 -8.42252501e-09  8.69048008e-10]:11.585062326057486
1399:[6.12523250e+11 2.61201689e+11]:[ 5.98045310e-02 -2.72855398e-12 -1.70564601e-13  1.47480810e-11 -1.85197353e-10 -1.32951035e-15  7.98639421e-16  2.28490903e-05 -2.13951524e-06 -9.36862256e-09  8.68632915e-10]:11.604314670722413
1402:[4.89697999e+11 2.98103315e+11]:[ 5.98591301e-02 -2.72635491e-12 -1.68521449e-13  1.46710796e-11 -1.84463571e-10 -1.33188186e-15  7.97164215e-16  2.27191298e-05 -2.13979382e-06 -8.30858732e-09  8.69062174e-10]:11.613560500763999
1410:[5.30563014e+11 3.00016869e+11]:[ 5.98587288e-02 -2.72714627e-12 -1.70760738e-13  1.46824933e-11 -1.85408630e-10 -1.32833623e-15  7.99446361e-16  2.46859217e-05 -2.13969238e-06 -9.09059272e-09  8.69045042e-10]:11.62536016132221
1403:[5.60804427e+11 3.49193154e+11]:[ 5.98731105e-02 -2.73558517e-12 -1.66959239e-13  1.47061142e-11 -1.81027713e-10 -1.33229255e-15  7.98871537e-16  2.52671436e-05 -2.13971881e-06 -9.18094909e-09  8.68163664e-10]:11.679589747849104
1405:[5.65898615e+11 3.80152034e+11]:[ 5.97152577e-02 -2.72964863e-12 -1.67987702e-13  1.47649259e-11 -1.81418304e-10 -1.33126139e-15  7.98907803e-16  2.52567351e-05 -2.13962465e-06 -9.14929873e-09  8.68652888e-10]:11.707832985360586
1396:[8.13034391e+11 5.23443867e+11]:[ 5.96268610e-02 -2.73001523e-12 -1.61854557e-13  1.47927029e-11 -1.85749837e-10 -1.33092998e-15  7.99834606e-16  2.26024581e-05 -2.13972788e-06 -9.72100941e-09  8.68042856e-10]:11.851528491850928
1397:[8.68744293e+11 6.30467976e+11]:[ 5.96635291e-02 -2.73464512e-12 -1.66599507e-13  1.48091580e-11 -1.81845337e-10 -1.32990478e-15  7.98266253e-16  2.20940850e-05 -2.13966054e-06 -9.65667509e-09  8.68533850e-10]:11.9192241391154
*******************************
***iteration: 2 Population is***
*******************************
Population scores:
1408:[5.48742519e+11 1.48057503e+11]:[ 5.98154860e-02 -2.73078279e-12 -1.67673184e-13  1.47892810e-11 -1.84424274e-10 -1.33129040e-15  7.99636085e-16  2.50846763e-05 -2.13953036e-06 -9.88848193e-09  8.69015751e-10]:11.438175586965878
1279:[5.63189367e+11 1.52204282e+11]:[ 5.98681129e-02 -2.73319093e-12 -1.71891200e-13  1.46815446e-11 -1.85383102e-10 -1.32592258e-15  7.99665140e-16  2.50630287e-05 -2.13943418e-06 -9.98590496e-09  8.69014565e-10]:11.44984517557073
1409:[5.78684488e+11 1.67533540e+11]:[ 5.98529192e-02 -2.72448095e-12 -1.68696743e-13  1.47601151e-11 -1.82430382e-10 -1.32737389e-15  7.99661369e-16  2.47961540e-05 -2.13945434e-06 -9.97317534e-09  8.69014857e-10]:11.47803372125622
1398:[5.72590965e+11 1.70203707e+11]:[ 5.96979023e-02 -2.71904074e-12 -1.68051755e-13  1.47850221e-11 -1.81718358e-10 -1.33103976e-15  7.99625262e-16  2.45272956e-05 -2.13953585e-06 -9.84482010e-09  8.69015893e-10]:11.479862579368005
1406:[5.82071768e+11 1.69775763e+11]:[ 5.97554174e-02 -2.72941086e-12 -1.70747256e-13  1.46938299e-11 -1.84937702e-10 -1.32854969e-15  7.99643625e-16  2.47930395e-05 -2.13948338e-06 -9.98483054e-09  8.69015251e-10]:11.482376531760774
1404:[5.81587392e+11 1.75440266e+11]:[ 5.96946932e-02 -2.72006543e-12 -1.67986788e-13  1.47261967e-11 -1.85516927e-10 -1.32991994e-15  7.99665956e-16  2.45782864e-05 -2.13948866e-06 -9.90628143e-09  8.69014733e-10]:11.490247022045434
1332:[4.84170045e+11 2.02758374e+11]:[ 5.96431187e-02 -2.70793112e-12 -1.62746403e-13  1.48176201e-11 -1.79938500e-10 -1.33228746e-15  7.96915388e-16  2.18208908e-05 -2.13976940e-06 -8.31622911e-09  8.67885016e-10]:11.497092110042665
1407:[5.22442399e+11 2.18776130e+11]:[ 5.97956516e-02 -2.73135391e-12 -1.67670640e-13  1.47642962e-11 -1.81772494e-10 -1.33236718e-15  7.98828288e-16  2.48623776e-05 -2.13962162e-06 -9.35031253e-09  8.68737182e-10]:11.530120111013757
Selected: [2 5]
***************
***CROSSOVER***
***************
parents:
[ 5.98529192e-02 -2.72448095e-12 -1.68696743e-13  1.47601151e-11 -1.82430382e-10 -1.32737389e-15  7.99661369e-16  2.47961540e-05 -2.13945434e-06 -9.97317534e-09  8.69014857e-10]
[ 5.96946932e-02 -2.72006543e-12 -1.67986788e-13  1.47261967e-11 -1.85516927e-10 -1.32991994e-15  7.99665956e-16  2.45782864e-05 -2.13948866e-06 -9.90628143e-09  8.69014733e-10]
children:
[ 5.98548382e-02 -2.72367814e-12 -1.68202243e-13  1.47351623e-11 -1.85712305e-10 -1.32834379e-15  7.99665885e-16  2.47177777e-05 -2.13946817e-06 -9.92741386e-09  8.69014757e-10]
[ 5.98538264e-02 -2.72276876e-12 -1.68445245e-13  1.47387556e-11 -1.83925178e-10 -1.32863436e-15  7.99663981e-16  2.46298688e-05 -2.13948711e-06 -9.94712853e-09  8.69014782e-10]
Selected: [5 6]
***************
***CROSSOVER***
***************
parents:
[ 5.96946932e-02 -2.72006543e-12 -1.67986788e-13  1.47261967e-11 -1.85516927e-10 -1.32991994e-15  7.99665956e-16  2.45782864e-05 -2.13948866e-06 -9.90628143e-09  8.69014733e-10]
[ 5.96431187e-02 -2.70793112e-12 -1.62746403e-13  1.48176201e-11 -1.79938500e-10 -1.33228746e-15  7.96915388e-16  2.18208908e-05 -2.13976940e-06 -8.31622911e-09  8.67885016e-10]
children:
[ 5.96893068e-02 -2.70763018e-12 -1.65642596e-13  1.47534915e-11 -1.80824544e-10 -1.33023899e-15  7.98213901e-16  2.46374151e-05 -2.13953115e-06 -9.02217881e-09  8.69000780e-10]
[ 5.96792822e-02 -2.71573664e-12 -1.65763276e-13  1.47756746e-11 -1.79933740e-10 -1.33214081e-15  7.99233812e-16  2.38980500e-05 -2.13953278e-06 -9.86293804e-09  8.68944082e-10]
Selected: [1 7]
***************
***CROSSOVER***
***************
parents:
[ 5.98681129e-02 -2.73319093e-12 -1.71891200e-13  1.46815446e-11 -1.85383102e-10 -1.32592258e-15  7.99665140e-16  2.50630287e-05 -2.13943418e-06 -9.98590496e-09  8.69014565e-10]
[ 5.97956516e-02 -2.73135391e-12 -1.67670640e-13  1.47642962e-11 -1.81772494e-10 -1.33236718e-15  7.98828288e-16  2.48623776e-05 -2.13962162e-06 -9.35031253e-09  8.68737182e-10]
children:
[ 5.98154980e-02 -2.73273190e-12 -1.71593252e-13  1.47529524e-11 -1.83742791e-10 -1.32652984e-15  7.99566218e-16  2.49087846e-05 -2.13949187e-06 -9.60640006e-09  8.69006710e-10]
[ 5.98632525e-02 -2.73306929e-12 -1.69617276e-13  1.47143052e-11 -1.85589203e-10 -1.32831025e-15  7.99718530e-16  2.49962968e-05 -2.13945326e-06 -9.33571673e-09  8.68946921e-10]
Selected: [1 2]
***************
***CROSSOVER***
***************
parents:
[ 5.98681129e-02 -2.73319093e-12 -1.71891200e-13  1.46815446e-11 -1.85383102e-10 -1.32592258e-15  7.99665140e-16  2.50630287e-05 -2.13943418e-06 -9.98590496e-09  8.69014565e-10]
[ 5.98529192e-02 -2.72448095e-12 -1.68696743e-13  1.47601151e-11 -1.82430382e-10 -1.32737389e-15  7.99661369e-16  2.47961540e-05 -2.13945434e-06 -9.97317534e-09  8.69014857e-10]
children:
[ 5.98645515e-02 -2.72879212e-12 -1.69513371e-13  1.47287220e-11 -1.83313701e-10 -1.32682584e-15  7.99663998e-16  2.50395648e-05 -2.13944096e-06 -9.98233990e-09  8.69014799e-10]
[ 5.98620338e-02 -2.72552086e-12 -1.71089488e-13  1.47490276e-11 -1.82476407e-10 -1.32733034e-15  7.99662555e-16  2.47738758e-05 -2.13945413e-06 -9.97506957e-09  8.69014629e-10]
@@@@@@@@@@@@@@@@@@@@@@@@@
@@@merging population@@@@
@@@@@@@@@@@@@@@@@@@@@@@@@
Population scores:
1408:[5.48742519e+11 1.48057503e+11]:[ 5.98154860e-02 -2.73078279e-12 -1.67673184e-13  1.47892810e-11 -1.84424274e-10 -1.33129040e-15  7.99636085e-16  2.50846763e-05 -2.13953036e-06 -9.88848193e-09  8.69015751e-10]:11.438175586965878
1279:[5.63189367e+11 1.52204282e+11]:[ 5.98681129e-02 -2.73319093e-12 -1.71891200e-13  1.46815446e-11 -1.85383102e-10 -1.32592258e-15  7.99665140e-16  2.50630287e-05 -2.13943418e-06 -9.98590496e-09  8.69014565e-10]:11.44984517557073
1419:[5.64191377e+11 1.53046225e+11]:[ 5.98645515e-02 -2.72879212e-12 -1.69513371e-13  1.47287220e-11 -1.83313701e-10 -1.32682584e-15  7.99663998e-16  2.50395648e-05 -2.13944096e-06 -9.98233990e-09  8.69014799e-10]:11.451495132456076
1414:[5.24313181e+11 1.67621953e+11]:[ 5.98154980e-02 -2.73273190e-12 -1.71593252e-13  1.47529524e-11 -1.83742791e-10 -1.32652984e-15  7.99566218e-16  2.49087846e-05 -2.13949187e-06 -9.60640006e-09  8.69006710e-10]:11.459715049420845
1416:[5.75017568e+11 1.67057295e+11]:[ 5.98548382e-02 -2.72367814e-12 -1.68202243e-13  1.47351623e-11 -1.85712305e-10 -1.32834379e-15  7.99665885e-16  2.47177777e-05 -2.13946817e-06 -9.92741386e-09  8.69014757e-10]:11.476123165014577
1409:[5.78684488e+11 1.67533540e+11]:[ 5.98529192e-02 -2.72448095e-12 -1.68696743e-13  1.47601151e-11 -1.82430382e-10 -1.32737389e-15  7.99661369e-16  2.47961540e-05 -2.13945434e-06 -9.97317534e-09  8.69014857e-10]:11.47803372125622
1398:[5.72590965e+11 1.70203707e+11]:[ 5.96979023e-02 -2.71904074e-12 -1.68051755e-13  1.47850221e-11 -1.81718358e-10 -1.33103976e-15  7.99625262e-16  2.45272956e-05 -2.13953585e-06 -9.84482010e-09  8.69015893e-10]:11.479862579368005
1417:[5.80755034e+11 1.69628935e+11]:[ 5.98620338e-02 -2.72552086e-12 -1.71089488e-13  1.47490276e-11 -1.82476407e-10 -1.32733034e-15  7.99662555e-16  2.47738758e-05 -2.13945413e-06 -9.97506957e-09  8.69014629e-10]:11.481732910291646
1406:[5.82071768e+11 1.69775763e+11]:[ 5.97554174e-02 -2.72941086e-12 -1.70747256e-13  1.46938299e-11 -1.84937702e-10 -1.32854969e-15  7.99643625e-16  2.47930395e-05 -2.13948338e-06 -9.98483054e-09  8.69015251e-10]:11.482376531760774
1404:[5.81587392e+11 1.75440266e+11]:[ 5.96946932e-02 -2.72006543e-12 -1.67986788e-13  1.47261967e-11 -1.85516927e-10 -1.32991994e-15  7.99665956e-16  2.45782864e-05 -2.13948866e-06 -9.90628143e-09  8.69014733e-10]:11.490247022045434
1415:[5.86438136e+11 1.77864568e+11]:[ 5.98538264e-02 -2.72276876e-12 -1.68445245e-13  1.47387556e-11 -1.83925178e-10 -1.32863436e-15  7.99663981e-16  2.46298688e-05 -2.13948711e-06 -9.94712853e-09  8.69014782e-10]:11.495190845869859
1332:[4.84170045e+11 2.02758374e+11]:[ 5.96431187e-02 -2.70793112e-12 -1.62746403e-13  1.48176201e-11 -1.79938500e-10 -1.33228746e-15  7.96915388e-16  2.18208908e-05 -2.13976940e-06 -8.31622911e-09  8.67885016e-10]:11.497092110042665
1407:[5.22442399e+11 2.18776130e+11]:[ 5.97956516e-02 -2.73135391e-12 -1.67670640e-13  1.47642962e-11 -1.81772494e-10 -1.33236718e-15  7.98828288e-16  2.48623776e-05 -2.13962162e-06 -9.35031253e-09  8.68737182e-10]:11.530120111013757
1418:[5.26948050e+11 2.48596539e+11]:[ 5.98632525e-02 -2.73306929e-12 -1.69617276e-13  1.47143052e-11 -1.85589203e-10 -1.32831025e-15  7.99718530e-16  2.49962968e-05 -2.13945326e-06 -9.33571673e-09  8.68946921e-10]:11.567960554462108
1412:[6.40435113e+11 2.54285269e+11]:[ 5.96792822e-02 -2.71573664e-12 -1.65763276e-13  1.47756746e-11 -1.79933740e-10 -1.33214081e-15  7.99233812e-16  2.38980500e-05 -2.13953278e-06 -9.86293804e-09  8.68944082e-10]:11.603777855919372
1413:[5.34747658e+11 3.23144664e+11]:[ 5.96893068e-02 -2.70763018e-12 -1.65642596e-13  1.47534915e-11 -1.80824544e-10 -1.33023899e-15  7.98213901e-16  2.46374151e-05 -2.13953115e-06 -9.02217881e-09  8.69000780e-10]:11.649467878214125
*******************************
***iteration: 3 Population is***
******************1279:[5.63189367e+11 1.52204282e+11]:[*************
Population scores:
1408:[5.48742519e+11 1.48057503e+11]:[ 5.98154860e-02 -2.73078279e-12 -1.67673184e-13  1.47892810e-11 -1.84424274e-10 -1.33129040e-15  7.99636085e-16  2.50846763e-05 -2.13953036e-06 -9.88848193e-09  8.69015751e-10]:11.438175586965878
1279:[5.63189367e+11 1.52204282e+11]:[ 5.98681129e-02 -2.73319093e-12 -1.71891200e-13  1.46815446e-11 -1.85383102e-10 -1.32592258e-15  7.99665140e-16  2.50630287e-05 -2.13943418e-06 -9.98590496e-09  8.69014565e-10]:11.44984517557073
1419:[5.64191377e+11 1.53046225e+11]:[ 5.98645515e-02 -2.72879212e-12 -1.69513371e-13  1.47287220e-11 -1.83313701e-10 -1.32682584e-15  7.99663998e-16  2.50395648e-05 -2.13944096e-06 -9.98233990e-09  8.69014799e-10]:11.451495132456076
1414:[5.24313181e+11 1.67621953e+11]:[ 5.98154980e-02 -2.73273190e-12 -1.71593252e-13  1.47529524e-11 -1.83742791e-10 -1.32652984e-15  7.99566218e-16  2.49087846e-05 -2.13949187e-06 -9.60640006e-09  8.69006710e-10]:11.459715049420845
1416:[5.75017568e+11 1.67057295e+11]:[ 5.98548382e-02 -2.72367814e-12 -1.68202243e-13  1.47351623e-11 -1.85712305e-10 -1.32834379e-15  7.99665885e-16  2.47177777e-05 -2.13946817e-06 -9.92741386e-09  8.69014757e-10]:11.476123165014577
1409:[5.78684488e+11 1.67533540e+11]:[ 5.98529192e-02 -2.72448095e-12 -1.68696743e-13  1.47601151e-11 -1.82430382e-10 -1.32737389e-15  7.99661369e-16  2.47961540e-05 -2.13945434e-06 -9.97317534e-09  8.69014857e-10]:11.47803372125622
1398:[5.72590965e+11 1.70203707e+11]:[ 5.96979023e-02 -2.71904074e-12 -1.68051755e-13  1.47850221e-11 -1.81718358e-10 -1.33103976e-15  7.99625262e-16  2.45272956e-05 -2.13953585e-06 -9.84482010e-09  8.69015893e-10]:11.479862579368005
1417:[5.80755034e+11 1.69628935e+11]:[ 5.98620338e-02 -2.72552086e-12 -1.71089488e-13  1.47490276e-11 -1.82476407e-10 -1.32733034e-15  7.99662555e-16  2.47738758e-05 -2.13945413e-06 -9.97506957e-09  8.69014629e-10]:11.481732910291646
Selected: [1 7]
***************
***CROSSOVER***
***************
parents:
[ 5.98681129e-02 -2.73319093e-12 -1.71891200e-13  1.46815446e-11 -1.85383102e-10 -1.32592258e-15  7.99665140e-16  2.50630287e-05 -2.13943418e-06 -9.98590496e-09  8.69014565e-10]
[ 5.98620338e-02 -2.72552086e-12 -1.71089488e-13  1.47490276e-11 -1.82476407e-10 -1.32733034e-15  7.99662555e-16  2.47738758e-05 -2.13945413e-06 -9.97506957e-09  8.69014629e-10]
children:
[ 5.98636329e-02 -2.72741365e-12 -1.71717648e-13  1.47089226e-11 -1.82958105e-10 -1.32678182e-15  7.99662309e-16  2.49445017e-05 -2.13943308e-06 -9.97785872e-09  8.69014582e-10]
[ 5.98615886e-02 -2.72892023e-12 -1.71520123e-13  1.46790000e-11 -1.83894539e-10 -1.32600625e-15  7.99663363e-16  2.50825641e-05 -2.13943350e-06 -9.97994983e-09  8.69014619e-10]
Selected: [6 0]
***************
***CROSSOVER***
***************
parents:
[ 5.96979023e-02 -2.71904074e-12 -1.68051755e-13  1.47850221e-11 -1.81718358e-10 -1.33103976e-15  7.99625262e-16  2.45272956e-05 -2.13953585e-06 -9.84482010e-09  8.69015893e-10]
[ 5.98154860e-02 -2.73078279e-12 -1.67673184e-13  1.47892810e-11 -1.84424274e-10 -1.33129040e-15  7.99636085e-16  2.50846763e-05 -2.13953036e-06 -9.88848193e-09  8.69015751e-10]
children:
[ 5.97228434e-02 -2.72692568e-12 -1.67920126e-13  1.47857808e-11 -1.82943687e-10 -1.33114619e-15  7.99635807e-16  2.45545947e-05 -2.13953099e-06 -9.85670393e-09  8.69015804e-10]
[ 5.97450186e-02 -2.72634685e-12 -1.67682592e-13  1.47881344e-11 -1.81696364e-10 -1.33123534e-15  7.99635846e-16  2.51054746e-05 -2.13953412e-06 -9.89190631e-09  8.69015883e-10]
Selected: [2 4]
***************
***CROSSOVER***
***************
parents:
[ 5.98645515e-02 -2.72879212e-12 -1.69513371e-13  1.47287220e-11 -1.83313701e-10 -1.32682584e-15  7.99663998e-16  2.50395648e-05 -2.13944096e-06 -9.98233990e-09  8.69014799e-10]
[ 5.98548382e-02 -2.72367814e-12 -1.68202243e-13  1.47351623e-11 -1.85712305e-10 -1.32834379e-15  7.99665885e-16  2.47177777e-05 -2.13946817e-06 -9.92741386e-09  8.69014757e-10]
children:
[ 5.98645168e-02 -2.72473105e-12 -1.69070204e-13  1.47324867e-11 -1.85786175e-10 -1.32702346e-15  7.99665061e-16  2.48837762e-05 -2.13945374e-06 -9.95058303e-09  8.69014798e-10]
[ 5.98591596e-02 -2.72361582e-12 -1.68629529e-13  1.47291717e-11 -1.84715117e-10 -1.32736772e-15  7.99664347e-16  2.50476070e-05 -2.13944813e-06 -9.95294009e-09  8.69014775e-10]
Selected: [3 0]
***************
***CROSSOVER***1279:[5.63189367e+11 1.52204282e+11]:[
***************
parents:
[ 5.98154980e-02 -2.73273190e-12 -1.71593252e-13  1.47529524e-11 -1.83742791e-10 -1.32652984e-15  7.99566218e-16  2.49087846e-05 -2.13949187e-06 -9.60640006e-09  8.69006710e-10]
[ 5.98154860e-02 -2.73078279e-12 -1.67673184e-13  1.47892810e-11 -1.84424274e-10 -1.33129040e-15  7.99636085e-16  2.50846763e-05 -2.13953036e-06 -9.88848193e-09  8.69015751e-10]
children:
[ 5.98154937e-02 -2.73243286e-12 -1.69142811e-13  1.47909714e-11 -1.84223131e-10 -1.33105091e-15  7.99585965e-16  2.49343444e-05 -2.13949023e-06 -9.75049507e-09  8.69006071e-10]
[ 5.98154956e-02 -2.73161926e-12 -1.69731468e-13  1.47816426e-11 -1.84132272e-10 -1.32639730e-15  7.99617607e-16  2.49157854e-05 -2.13949802e-06 -9.74444495e-09  8.69006004e-10]
@@@@@@@@@@@@@@@@@@@@@@@@@
@@@merging population@@@@
@@@@@@@@@@@@@@@@@@@@@@@@@
Population scores:
1421:[5.48391994e+11 1.47789565e+11]:[ 5.97450186e-02 -2.72634685e-12 -1.67682592e-13  1.47881344e-11 -1.81696364e-10 -1.33123534e-15  7.99635846e-16  2.51054746e-05 -2.13953412e-06 -9.89190631e-09  8.69015883e-10]:11.437623303999468
1408:[5.48742519e+11 1.48057503e+11]:[ 5.98154860e-02 -2.73078279e-12 -1.67673184e-13  1.47892810e-11 -1.84424274e-10 -1.33129040e-15  7.99636085e-16  2.50846763e-05 -2.13953036e-06 -9.88848193e-09  8.69015751e-10]:11.438175586965878
1422:[5.36585464e+11 1.52322173e+11]:[ 5.98154937e-02 -2.73243286e-12 -1.69142811e-13  1.47909714e-11 -1.84223131e-10 -1.33105091e-15  7.99585965e-16  2.49343444e-05 -2.13949023e-06 -9.75049507e-09  8.69006071e-10]:11.440494777681844
1423:[5.35594480e+11 1.53009128e+11]:[ 5.98154956e-02 -2.73161926e-12 -1.69731468e-13  1.47816426e-11 -1.84132272e-10 -1.32639730e-15  7.99617607e-16  2.49157854e-05 -2.13949802e-06 -9.74444495e-09  8.69006004e-10]:11.44121716223447
1424:[5.58848737e+11 1.50774757e+11]:[ 5.98591596e-02 -2.72361582e-12 -1.68629529e-13  1.47291717e-11 -1.84715117e-10 -1.32736772e-15  7.99664347e-16  2.50476070e-05 -2.13944813e-06 -9.95294009e-09  8.69014775e-10]:11.446086432315623
1425:[5.61089453e+11 1.50960463e+11]:[ 5.98615886e-02 -2.72892023e-12 -1.71520123e-13  1.46790000e-11 -1.83894539e-10 -1.32600625e-15  7.99663363e-16  2.50825641e-05 -2.13943350e-06 -9.97994983e-09  8.69014619e-10]:11.447175149444844
1279:[5.63189367e+11 1.52204282e+11]:[ 5.98681129e-02 -2.73319093e-12 -1.71891200e-13  1.46815446e-11 -1.85383102e-10 -1.32592258e-15  7.99665140e-16  2.50630287e-05 -2.13943418e-06 -9.98590496e-09  8.69014565e-10]:11.44984517557073
1419:[5.64191377e+11 1.53046225e+11]:[ 5.98645515e-02 -2.72879212e-12 -1.69513371e-13  1.47287220e-11 -1.83313701e-10 -1.32682584e-15  7.99663998e-16  2.50395648e-05 -2.13944096e-06 -9.98233990e-09  8.69014799e-10]:11.451495132456076
1414:[5.24313181e+11 1.67621953e+11]:[ 5.98154980e-02 -2.73273190e-12 -1.71593252e-13  1.47529524e-11 -1.83742791e-10 -1.32652984e-15  7.99566218e-16  2.49087846e-05 -2.13949187e-06 -9.60640006e-09  8.69006710e-10]:11.459715049420845
1426:[5.69083776e+11 1.57735391e+11]:[ 5.98636329e-02 -2.72741365e-12 -1.71717648e-13  1.47089226e-11 -1.82958105e-10 -1.32678182e-15  7.99662309e-16  2.49445017e-05 -2.13943308e-06 -9.97785872e-09  8.69014582e-10]:11.460333433328874
1427:[5.67908292e+11 1.58562068e+11]:[ 5.98645168e-02 -2.72473105e-12 -1.69070204e-13  1.47324867e-11 -1.85786175e-10 -1.32702346e-15  7.99665061e-16  2.48837762e-05 -2.13945374e-06 -9.95058303e-09  8.69014798e-10]:11.461169718526818
1416:[5.75017568e+11 1.67057295e+11]:[ 5.98548382e-02 -2.72367814e-12 -1.68202243e-13  1.47351623e-11 -1.85712305e-10 -1.32834379e-15  7.99665885e-16  2.47177777e-05 -2.13946817e-06 -9.92741386e-09  8.69014757e-10]:11.476123165014577
1409:[5.78684488e+11 1.67533540e+11]:[ 5.98529192e-02 -2.72448095e-12 -1.68696743e-13  1.47601151e-11 -1.82430382e-10 -1.32737389e-15  7.99661369e-16  2.47961540e-05 -2.13945434e-06 -9.97317534e-09  8.69014857e-10]:11.47803372125622
1420:[5.73138675e+11 1.69801708e+11]:[ 5.97228434e-02 -2.72692568e-12 -1.67920126e-13  1.47857808e-11 -1.82943687e-10 -1.33114619e-15  7.99635807e-16  2.45545947e-05 -2.13953099e-06 -9.85670393e-09  8.69015804e-10]:11.479465324152025
1398:[5.72590965e+11 1.70203707e+11]:[ 5.96979023e-02 -2.71904074e-12 -1.68051755e-13  1.47850221e-11 -1.81718358e-10 -1.33103976e-15  7.99625262e-16  2.45272956e-05 -2.13953585e-06 -9.84482010e-09  8.69015893e-10]:11.479862579368005
1417:[5.80755034e+11 1.69628935e+11]:[ 5.98620338e-02 -2.72552086e-12 -1.71089488e-13  1.47490276e-11 -1.82476407e-10 -1.32733034e-15  7.99662555e-16  2.47738758e-05 -2.13945413e-06 -9.97506957e-09  8.69014629e-10]:11.481732910291646
*******************************
***iteration: 4 Population is***
*******************************
Population scores:
1421:[5.48391994e+11 1.47789565e+11]:[ 5.97450186e-02 -2.72634685e-12 -1.67682592e-13  1.47881344e-11 -1.81696364e-10 -1.33123534e-15  7.99635846e-16  2.51054746e-05 -2.13953412e-06 -9.89190631e-09  8.69015883e-10]:11.437623303999468
1408:[5.48742519e+11 1.48057503e+11]:[ 5.98154860e-02 -2.73078279e-12 -1.67673184e-13  1.47892810e-11 -1.84424274e-10 -1.33129040e-15  7.99636085e-16  2.50846763e-05 -2.13953036e-06 -9.88848193e-09  8.69015751e-10]:11.438175586965878
1422:[5.36585464e+11 1.52322173e+11]:[ 5.98154937e-02 -2.73243286e-12 -1.69142811e-13  1.47909714e-11 -1.84223131e-10 -1.33105091e-15  7.99585965e-16  2.49343444e-05 -2.13949023e-06 -9.75049507e-09  8.69006071e-10]:11.440494777681844
1423:[5.35594480e+11 1.53009128e+11]:[ 5.98154956e-02 -2.73161926e-12 -1.69731468e-13  1.47816426e-11 -1.84132272e-10 -1.32639730e-15  7.99617607e-16  2.49157854e-05 -2.13949802e-06 -9.74444495e-09  8.69006004e-10]:11.44121716223447
1424:[5.58848737e+11 1.50774757e+11]:[ 5.98591596e-02 -2.72361582e-12 -1.68629529e-13  1.47291717e-11 -1.84715117e-10 -1.32736772e-15  7.99664347e-16  2.50476070e-05 -2.13944813e-06 -9.95294009e-09  8.69014775e-10]:11.446086432315623
1425:[5.61089453e+11 1.50960463e+11]:[ 5.98615886e-02 -2.72892023e-12 -1.71520123e-13  1.46790000e-11 -1.83894539e-10 -1.32600625e-15  7.99663363e-16  2.50825641e-05 -2.13943350e-06 -9.97994983e-09  8.69014619e-10]:11.447175149444844
1279:[5.63189367e+11 1.52204282e+11]:[ 5.98681129e-02 -2.73319093e-12 -1.71891200e-13  1.46815446e-11 -1.85383102e-10 -1.32592258e-15  7.99665140e-16  2.50630287e-05 -2.13943418e-06 -9.98590496e-09  8.69014565e-10]:11.44984517557073
1419:[5.64191377e+11 1.53046225e+11]:[ 5.98645515e-02 -2.72879212e-12 -1.69513371e-13  1.47287220e-11 -1.83313701e-10 -1.32682584e-15  7.99663998e-16  2.50395648e-05 -2.13944096e-06 -9.98233990e-09  8.69014799e-10]:11.451495132456076
Selected: [0 4]
***************
***CROSSOVER***
***************
parents:
[ 5.97450186e-02 -2.72634685e-12 -1.67682592e-13  1.47881344e-11 -1.81696364e-10 -1.33123534e-15  7.99635846e-16  2.51054746e-05 -2.13953412e-06 -9.89190631e-09  8.69015883e-10]
[ 5.98591596e-02 -2.72361582e-12 -1.68629529e-13  1.47291717e-11 -1.84715117e-10 -1.32736772e-15  7.99664347e-16  2.50476070e-05 -2.13944813e-06 -9.95294009e-09  8.69014775e-10]
children:
[ 5.98451160e-02 -2.72351790e-12 -1.67680521e-13  1.47558623e-11 -1.84297976e-10 -1.32777884e-15  7.99637521e-16  2.50920909e-05 -2.13944473e-06 -9.91173792e-09  8.69015233e-10]
[ 5.97869737e-02 -2.72378290e-12 -1.68697710e-13  1.47870339e-11 -1.81755940e-10 -1.32829581e-15  7.99639266e-16  2.50609057e-05 -2.13954221e-06 -9.88680076e-09  8.69015599e-10]
Selected: [6 0]
***************
***CROSSOVER***
***************
parents:
[ 5.98681129e-02 -2.73319093e-12 -1.71891200e-13  1.46815446e-11 -1.85383102e-10 -1.32592258e-15  7.99665140e-16  2.50630287e-05 -2.13943418e-06 -9.98590496e-09  8.69014565e-10]
[ 5.97450186e-02 -2.72634685e-12 -1.67682592e-13  1.47881344e-11 -1.81696364e-10 -1.33123534e-15  7.99635846e-16  2.51054746e-05 -2.13953412e-06 -9.89190631e-09  8.69015883e-10]
children:
[ 5.98513751e-02 -2.73282894e-12 -1.71822926e-13  1.47636240e-11 -1.83938093e-10 -1.33044602e-15  7.99646297e-16  2.50794373e-05 -2.13946746e-06 -9.94578411e-09  8.69015405e-10]
[ 5.98427818e-02 -2.73370119e-12 -1.69522656e-13  1.47313650e-11 -1.84846884e-10 -1.32683109e-15  7.99665443e-16  2.50690592e-05 -2.13951078e-06 -9.95382344e-09  8.69014845e-10]
Selected: [5 4]
***************
***CROSSOVER***
***************
parents:
[ 5.98615886e-02 -2.72892023e-12 -1.71520123e-13  1.46790000e-11 -1.83894539e-10 -1.32600625e-15  7.99663363e-16  2.50825641e-05 -2.13943350e-06 -9.97994983e-09  8.69014619e-10]
[ 5.98591596e-02 -2.72361582e-12 -1.68629529e-13  1.47291717e-11 -1.84715117e-10 -1.32736772e-15  7.99664347e-16  2.50476070e-05 -2.13944813e-06 -9.95294009e-09  8.69014775e-10]
children:
[ 5.98593039e-02 -2.72350385e-12 -1.70740081e-13  1.46934695e-11 -1.84500488e-10 -1.32602632e-15  7.99663872e-16  2.50527780e-05 -2.13943418e-06 -9.96074290e-09  8.69014769e-10]
[ 5.98595442e-02 -2.72713154e-12 -1.68909308e-13  1.47326438e-11 -1.84662214e-10 -1.32589298e-15  7.99663776e-16  2.50608822e-05 -2.13943668e-06 -9.97739922e-09  8.69014632e-10]
Selected: [3 0]
***************
***CROSSOVER***
***************
parents:
[ 5.98154956e-02 -2.73161926e-12 -1.69731468e-13  1.47816426e-11 -1.84132272e-10 -1.32639730e-15  7.99617607e-16  2.49157854e-05 -2.13949802e-06 -9.74444495e-09  8.69006004e-10]
[ 5.97450186e-02 -2.72634685e-12 -1.67682592e-13  1.47881344e-11 -1.81696364e-10 -1.33123534e-15  7.99635846e-16  2.51054746e-05 -2.13953412e-06 -9.89190631e-09  8.69015883e-10]
children:
[ 5.97757831e-02 -2.73107849e-12 -1.68175547e-13  1.47845238e-11 -1.82605676e-10 -1.32729980e-15  7.99631666e-16  2.49537180e-05 -2.13953771e-06 -9.85960581e-09  8.69013514e-10]
[ 5.97925834e-02 -2.72593476e-12 -1.69699709e-13  1.47849662e-11 -1.83943723e-10 -1.32982447e-15  7.99623555e-16  2.50326062e-05 -2.13951593e-06 -9.79767793e-09  8.69008000e-10]
@@@@@@@@@@@@@@@@@@@@@@@@@
@@@merging population@@@@
@@@@@@@@@@@@@@@@@@@@@@@@@
Population scores:
1421:[5.48391994e+11 1.47789565e+11]:[ 5.97450186e-02 -2.72634685e-12 -1.67682592e-13  1.47881344e-11 -1.81696364e-10 -1.33123534e-15  7.99635846e-16  2.51054746e-05 -2.13953412e-06 -9.89190631e-09  8.69015883e-10]:11.437623303999468
1408:[5.48742519e+11 1.48057503e+11]:[ 5.98154860e-02 -2.73078279e-12 -1.67673184e-13  1.47892810e-11 -1.84424274e-10 -1.33129040e-15  7.99636085e-16  2.50846763e-05 -2.13953036e-06 -9.88848193e-09  8.69015751e-10]:11.438175586965878
1430:[5.38887490e+11 1.50791343e+11]:[ 5.97925834e-02 -2.72593476e-12 -1.69699709e-13  1.47849662e-11 -1.83943723e-10 -1.32982447e-15  7.99623555e-16  2.50326062e-05 -2.13951593e-06 -9.79767793e-09  8.69008000e-10]:11.438914726632694
1432:[5.50396599e+11 1.48208976e+11]:[ 5.98451160e-02 -2.72351790e-12 -1.67680521e-13  1.47558623e-11 -1.84297976e-10 -1.32777884e-15  7.99637521e-16  2.50920909e-05 -2.13944473e-06 -9.91173792e-09  8.69015233e-10]:11.4390170352421
1429:[5.48860398e+11 1.48593276e+11]:[ 5.97869737e-02 -2.72378290e-12 -1.68697710e-13  1.47870339e-11 -1.81755940e-10 -1.32829581e-15  7.99639266e-16  2.50609057e-05 -2.13954221e-06 -9.88680076e-09  8.69015599e-10]:11.439065982492103
1422:[5.36585464e+11 1.52322173e+11]:[ 5.98154937e-02 -2.73243286e-12 -1.69142811e-13  1.47909714e-11 -1.84223131e-10 -1.33105091e-15  7.99585965e-16  2.49343444e-05 -2.13949023e-06 -9.75049507e-09  8.69006071e-10]:11.440494777681844
1423:[5.35594480e+11 1.53009128e+11]:[ 5.98154956e-02 -2.73161926e-12 -1.69731468e-13  1.47816426e-11 -1.84132272e-10 -1.32639730e-15  7.99617607e-16  2.49157854e-05 -2.13949802e-06 -9.74444495e-09  8.69006004e-10]:11.44121716223447
1428:[5.49290201e+11 1.50360162e+11]:[ 5.97757831e-02 -2.73107849e-12 -1.68175547e-13  1.47845238e-11 -1.82605676e-10 -1.32729980e-15  7.99631666e-16  2.49537180e-05 -2.13953771e-06 -9.85960581e-09  8.69013514e-10]:11.442004306868778
1433:[5.56962964e+11 1.49286672e+11]:[ 5.98513751e-02 -2.73282894e-12 -1.71822926e-13  1.47636240e-11 -1.83938093e-10 -1.33044602e-15  7.99646297e-16  2.50794373e-05 -2.13946746e-06 -9.94578411e-09  8.69015405e-10]:11.44308791059353
1431:[5.58144943e+11 1.50135977e+11]:[ 5.98427818e-02 -2.73370119e-12 -1.69522656e-13  1.47313650e-11 -1.84846884e-10 -1.32683109e-15  7.99665443e-16  2.50690592e-05 -2.13951078e-06 -9.95382344e-09  8.69014845e-10]:11.44483972301697
1424:[5.58848737e+11 1.50774757e+11]:[ 5.98591596e-02 -2.72361582e-12 -1.68629529e-13  1.47291717e-11 -1.84715117e-10 -1.32736772e-15  7.99664347e-16  2.50476070e-05 -2.13944813e-06 -9.95294009e-09  8.69014775e-10]:11.446086432315623
1434:[5.59438376e+11 1.51010367e+11]:[ 5.98593039e-02 -2.72350385e-12 -1.70740081e-13  1.46934695e-11 -1.84500488e-10 -1.32602632e-15  7.99663872e-16  2.50527780e-05 -2.13943418e-06 -9.96074290e-09  8.69014769e-10]:11.446663264529773
1425:[5.61089453e+11 1.50960463e+11]:[ 5.98615886e-02 -2.72892023e-12 -1.71520123e-13  1.46790000e-11 -1.83894539e-10 -1.32600625e-15  7.99663363e-16  2.50825641e-05 -2.13943350e-06 -9.97994983e-09  8.69014619e-10]:11.447175149444844
1435:[5.61828942e+11 1.51713111e+11]:[ 5.98595442e-02 -2.72713154e-12 -1.68909308e-13  1.47326438e-11 -1.84662214e-10 -1.32589298e-15  7.99663776e-16  2.50608822e-05 -2.13943668e-06 -9.97739922e-09  8.69014632e-10]:11.448603942928829
1279:[5.63189367e+11 1.52204282e+11]:[ 5.98681129e-02 -2.73319093e-12 -1.71891200e-13  1.46815446e-11 -1.85383102e-10 -1.32592258e-15  7.99665140e-16  2.50630287e-05 -2.13943418e-06 -9.98590496e-09  8.69014565e-10]:11.44984517557073
1419:[5.64191377e+11 1.53046225e+11]:[ 5.98645515e-02 -2.72879212e-12 -1.69513371e-13  1.47287220e-11 -1.83313701e-10 -1.32682584e-15  7.99663998e-16  2.50395648e-05 -2.13944096e-06 -9.98233990e-09  8.69014799e-10]:11.451495132456076
*******************************
***iteration: 5 Population is***
*******************************
Population scores:
1421:[5.48391994e+11 1.47789565e+11]:[ 5.97450186e-02 -2.72634685e-12 -1.67682592e-13  1.47881344e-11 -1.81696364e-10 -1.33123534e-15  7.99635846e-16  2.51054746e-05 -2.13953412e-06 -9.89190631e-09  8.69015883e-10]:11.437623303999468
1408:[5.48742519e+11 1.48057503e+11]:[ 5.98154860e-02 -2.73078279e-12 -1.67673184e-13  1.47892810e-11 -1.84424274e-10 -1.33129040e-15  7.99636085e-16  2.50846763e-05 -2.13953036e-06 -9.88848193e-09  8.69015751e-10]:11.438175586965878
1430:[5.38887490e+11 1.50791343e+11]:[ 5.97925834e-02 -2.72593476e-12 -1.69699709e-13  1.47849662e-11 -1.83943723e-10 -1.32982447e-15  7.99623555e-16  2.50326062e-05 -2.13951593e-06 -9.79767793e-09  8.69008000e-10]:11.438914726632694
1432:[5.50396599e+11 1.48208976e+11]:[ 5.98451160e-02 -2.72351790e-12 -1.67680521e-13  1.47558623e-11 -1.84297976e-10 -1.32777884e-15  7.99637521e-16  2.50920909e-05 -2.13944473e-06 -9.91173792e-09  8.69015233e-10]:11.4390170352421
1429:[5.48860398e+11 1.48593276e+11]:[ 5.97869737e-02 -2.72378290e-12 -1.68697710e-13  1.47870339e-11 -1.81755940e-10 -1.32829581e-15  7.99639266e-16  2.50609057e-05 -2.13954221e-06 -9.88680076e-09  8.69015599e-10]:11.439065982492103
1422:[5.36585464e+11 1.52322173e+11]:[ 5.98154937e-02 -2.73243286e-12 -1.69142811e-13  1.47909714e-11 -1.84223131e-10 -1.33105091e-15  7.99585965e-16  2.49343444e-05 -2.13949023e-06 -9.75049507e-09  8.69006071e-10]:11.440494777681844
1423:[5.35594480e+11 1.53009128e+11]:[ 5.98154956e-02 -2.73161926e-12 -1.69731468e-13  1.47816426e-11 -1.84132272e-10 -1.32639730e-15  7.99617607e-16  2.49157854e-05 -2.13949802e-06 -9.74444495e-09  8.69006004e-10]:11.44121716223447
1428:[5.49290201e+11 1.50360162e+11]:[ 5.97757831e-02 -2.73107849e-12 -1.68175547e-13  1.47845238e-11 -1.82605676e-10 -1.32729980e-15  7.99631666e-16  2.49537180e-05 -2.13953771e-06 -9.85960581e-09  8.69013514e-10]:11.442004306868778
Selected: [1 4]
***************
***CROSSOVER***
***************
parents:
[ 5.98154860e-02 -2.73078279e-12 -1.67673184e-13  1.47892810e-11 -1.84424274e-10 -1.33129040e-15  7.99636085e-16  2.50846763e-05 -2.13953036e-06 -9.88848193e-09  8.69015751e-10]
[ 5.97869737e-02 -2.72378290e-12 -1.68697710e-13  1.47870339e-11 -1.81755940e-10 -1.32829581e-15  7.99639266e-16  2.50609057e-05 -2.13954221e-06 -9.88680076e-09  8.69015599e-10]
children:
[ 5.98029772e-02 -2.72445306e-12 -1.68670200e-13  1.47878778e-11 -1.83644061e-10 -1.32990330e-15  7.99635915e-16  2.50725272e-05 -2.13954178e-06 -9.88726452e-09  8.69015763e-10]
[ 5.98044583e-02 -2.72660475e-12 -1.68249101e-13  1.47881679e-11 -1.83594647e-10 -1.33021974e-15  7.99638198e-16  2.50851021e-05 -2.13952983e-06 -9.88715661e-09  8.69015658e-10]
Selected: [0 1]
***************
***CROSSOVER***
***************
parents:
[ 5.97450186e-02 -2.72634685e-12 -1.67682592e-13  1.47881344e-11 -1.81696364e-10 -1.33123534e-15  7.99635846e-16  2.51054746e-05 -2.13953412e-06 -9.89190631e-09  8.69015883e-10]
[ 5.98154860e-02 -2.73078279e-12 -1.67673184e-13  1.47892810e-11 -1.84424274e-10 -1.33129040e-15  7.99636085e-16  2.50846763e-05 -2.13953036e-06 -9.88848193e-09  8.69015751e-10]
children:
[ 5.97956821e-02 -2.72913691e-12 -1.67682825e-13  1.47890953e-11 -1.81980216e-10 -1.33128097e-15  7.99635880e-16  2.50898654e-05 -2.13953286e-06 -9.88825038e-09  8.69015842e-10]
[ 5.97826575e-02 -2.72641426e-12 -1.67681099e-13  1.47880756e-11 -1.83735746e-10 -1.33125495e-15  7.99636076e-16  2.50942895e-05 -2.13953251e-06 -9.88821860e-09  8.69015883e-10]
Selected: [4 5]
***************
***CROSSOVER***
***************
parents:
[ 5.97869737e-02 -2.72378290e-12 -1.68697710e-13  1.47870339e-11 -1.81755940e-10 -1.32829581e-15  7.99639266e-16  2.50609057e-05 -2.13954221e-06 -9.88680076e-09  8.69015599e-10]
[ 5.98154937e-02 -2.73243286e-12 -1.69142811e-13  1.47909714e-11 -1.84223131e-10 -1.33105091e-15  7.99585965e-16  2.49343444e-05 -2.13949023e-06 -9.75049507e-09  8.69006071e-10]
children:
[ 5.98044779e-02 -2.72612452e-12 -1.69098152e-13  1.47880178e-11 -1.81797759e-10 -1.33110614e-15  7.99596135e-16  2.50190240e-05 -2.13952347e-06 -9.75245270e-09  8.69014192e-10]
[ 5.98073108e-02 -2.73125944e-12 -1.68937428e-13  1.47898340e-11 -1.84386283e-10 -1.32995569e-15  7.99617722e-16  2.50542855e-05 -2.13954247e-06 -9.75480934e-09  8.69006546e-10]
Selected: [0 3]
***************
***CROSSOVER***
***************
parents:
[ 5.97450186e-02 -2.72634685e-12 -1.67682592e-13  1.47881344e-11 -1.81696364e-10 -1.33123534e-15  7.99635846e-16  2.51054746e-05 -2.13953412e-06 -9.89190631e-09  8.69015883e-10]
[ 5.98451160e-02 -2.72351790e-12 -1.67680521e-13  1.47558623e-11 -1.84297976e-10 -1.32777884e-15  7.99637521e-16  2.50920909e-05 -2.13944473e-06 -9.91173792e-09  8.69015233e-10]
children:
[ 5.97675568e-02 -2.72339076e-12 -1.67682234e-13  1.47674554e-11 -1.82589285e-10 -1.32750877e-15  7.99636351e-16  2.50915573e-05 -2.13952697e-06 -9.90511545e-09  8.69015686e-10]
[ 5.98396909e-02 -2.72358271e-12 -1.67682662e-13  1.47886997e-11 -1.82191540e-10 -1.33137680e-15  7.99637553e-16  2.51012246e-05 -2.13951387e-06 -9.90223144e-09  8.69015194e-10]
@@@@@@@@@@@@@@@@@@@@@@@@@
@@@merging population@@@@
@@@@@@@@@@@@@@@@@@@@@@@@@
Population scores:
1421:[5.48391994e+11 1.47789565e+11]:[ 5.97450186e-02 -2.72634685e-12 -1.67682592e-13  1.47881344e-11 -1.81696364e-10 -1.33123534e-15  7.99635846e-16  2.51054746e-05 -2.13953412e-06 -9.89190631e-09  8.69015883e-10]:11.437623303999468
1437:[5.48324975e+11 1.47939674e+11]:[ 5.97826575e-02 -2.72641426e-12 -1.67681099e-13  1.47880756e-11 -1.83735746e-10 -1.33125495e-15  7.99636076e-16  2.50942895e-05 -2.13953251e-06 -9.88821860e-09  8.69015883e-10]:11.437836807867138
1438:[5.48513841e+11 1.47992087e+11]:[ 5.97956821e-02 -2.72913691e-12 -1.67682825e-13  1.47890953e-11 -1.81980216e-10 -1.33128097e-15  7.99635880e-16  2.50898654e-05 -2.13953286e-06 -9.88825038e-09  8.69015842e-10]:11.437988679029925
1440:[5.48295775e+11 1.48126355e+11]:[ 5.98044583e-02 -2.72660475e-12 -1.68249101e-13  1.47881679e-11 -1.83594647e-10 -1.33021974e-15  7.99638198e-16  2.50851021e-05 -2.13952983e-06 -9.88715661e-09  8.69015658e-10]:11.43812190494927
1408:[5.48742519e+11 1.48057503e+11]:[ 5.98154860e-02 -2.73078279e-12 -1.67673184e-13  1.47892810e-11 -1.84424274e-10 -1.33129040e-15  7.99636085e-16  2.50846763e-05 -2.13953036e-06 -9.88848193e-09  8.69015751e-10]:11.438175586965878
1443:[5.49916847e+11 1.47816153e+11]:[ 5.98396909e-02 -2.72358271e-12 -1.67682662e-13  1.47886997e-11 -1.82191540e-10 -1.33137680e-15  7.99637553e-16  2.51012246e-05 -2.13951387e-06 -9.90223144e-09  8.69015194e-10]:11.438221100996232
1439:[5.4881513e+11 1.4831976e+11]:[ 5.98029772e-02 -2.72445306e-12 -1.68670200e-13  1.47878778e-11 -1.83644061e-10 -1.32990330e-15  7.99635915e-16  2.50725272e-05 -2.13954178e-06 -9.88726452e-09  8.69015763e-10]:11.43861708262352
1436:[5.49899352e+11 1.48221641e+11]:[ 5.97675568e-02 -2.72339076e-12 -1.67682234e-13  1.47674554e-11 -1.82589285e-10 -1.32750877e-15  7.99636351e-16  2.50915573e-05 -2.13952697e-06 -9.90511545e-09  8.69015686e-10]:11.43885627474559
1430:[5.38887490e+11 1.50791343e+11]:[ 5.97925834e-02 -2.72593476e-12 -1.69699709e-13  1.47849662e-11 -1.83943723e-10 -1.32982447e-15  7.99623555e-16  2.50326062e-05 -2.13951593e-06 -9.79767793e-09  8.69008000e-10]:11.438914726632694
1432:[5.50396599e+11 1.48208976e+11]:[ 5.98451160e-02 -2.72351790e-12 -1.67680521e-13  1.47558623e-11 -1.84297976e-10 -1.32777884e-15  7.99637521e-16  2.50920909e-05 -2.13944473e-06 -9.91173792e-09  8.69015233e-10]:11.4390170352421
1429:[5.48860398e+11 1.48593276e+11]:[ 5.97869737e-02 -2.72378290e-12 -1.68697710e-13  1.47870339e-11 -1.81755940e-10 -1.32829581e-15  7.99639266e-16  2.50609057e-05 -2.13954221e-06 -9.88680076e-09  8.69015599e-10]:11.439065982492103
1422:[5.36585464e+11 1.52322173e+11]:[ 5.98154937e-02 -2.73243286e-12 -1.69142811e-13  1.47909714e-11 -1.84223131e-10 -1.33105091e-15  7.99585965e-16  2.49343444e-05 -2.13949023e-06 -9.75049507e-09  8.69006071e-10]:11.440494777681844
1423:[5.35594480e+11 1.53009128e+11]:[ 5.98154956e-02 -2.73161926e-12 -1.69731468e-13  1.47816426e-11 -1.84132272e-10 -1.32639730e-15  7.99617607e-16  2.49157854e-05 -2.13949802e-06 -9.74444495e-09  8.69006004e-10]:11.44121716223447
1441:[5.34738635e+11 1.53490729e+11]:[ 5.98044779e-02 -2.72612452e-12 -1.69098152e-13  1.47880178e-11 -1.81797759e-10 -1.33110614e-15  7.99596135e-16  2.50190240e-05 -2.13952347e-06 -9.75245270e-09  8.69014192e-10]:11.441664687305336
1428:[5.49290201e+11 1.50360162e+11]:[ 5.97757831e-02 -2.73107849e-12 -1.68175547e-13  1.47845238e-11 -1.82605676e-10 -1.32729980e-15  7.99631666e-16  2.49537180e-05 -2.13953771e-06 -9.85960581e-09  8.69013514e-10]:11.442004306868778
1442:[5.34179068e+11 1.54203185e+11]:[ 5.98073108e-02 -2.73125944e-12 -1.68937428e-13  1.47898340e-11 -1.84386283e-10 -1.32995569e-15  7.99617722e-16  2.50542855e-05 -2.13954247e-06 -9.75480934e-09  8.69006546e-10]:11.44258068031498
Population scores:
1421:[5.48391994e+11 1.47789565e+11]:[ 5.97450186e-02 -2.72634685e-12 -1.67682592e-13  1.47881344e-11 -1.81696364e-10 -1.33123534e-15  7.99635846e-16  2.51054746e-05 -2.13953412e-06 -9.89190631e-09  8.69015883e-10]:11.437623303999468
1437:[5.48324975e+11 1.47939674e+11]:[ 5.97826575e-02 -2.72641426e-12 -1.67681099e-13  1.47880756e-11 -1.83735746e-10 -1.33125495e-15  7.99636076e-16  2.50942895e-05 -2.13953251e-06 -9.88821860e-09  8.69015883e-10]:11.437836807867138
1438:[5.48513841e+11 1.47992087e+11]:[ 5.97956821e-02 -2.72913691e-12 -1.67682825e-13  1.47890953e-11 -1.81980216e-10 -1.33128097e-15  7.99635880e-16  2.50898654e-05 -2.13953286e-06 -9.88825038e-09  8.69015842e-10]:11.437988679029925
1440:[5.48295775e+11 1.48126355e+11]:[ 5.98044583e-02 -2.72660475e-12 -1.68249101e-13  1.47881679e-11 -1.83594647e-10 -1.33021974e-15  7.99638198e-16  2.50851021e-05 -2.13952983e-06 -9.88715661e-09  8.69015658e-10]:11.43812190494927
1408:[5.48742519e+11 1.48057503e+11]:[ 5.98154860e-02 -2.73078279e-12 -1.67673184e-13  1.47892810e-11 -1.84424274e-10 -1.33129040e-15  7.99636085e-16  2.50846763e-05 -2.13953036e-06 -9.88848193e-09  8.69015751e-10]:11.438175586965878
1443:[5.49916847e+11 1.47816153e+11]:[ 5.98396909e-02 -2.72358271e-12 -1.67682662e-13  1.47886997e-11 -1.82191540e-10 -1.33137680e-15  7.99637553e-16  2.51012246e-05 -2.13951387e-06 -9.90223144e-09  8.69015194e-10]:11.438221100996232
1439:[5.4881513e+11 1.4831976e+11]:[ 5.98029772e-02 -2.72445306e-12 -1.68670200e-13  1.47878778e-11 -1.83644061e-10 -1.32990330e-15  7.99635915e-16  2.50725272e-05 -2.13954178e-06 -9.88726452e-09  8.69015763e-10]:11.43861708262352
1436:[5.49899352e+11 1.48221641e+11]:[ 5.97675568e-02 -2.72339076e-12 -1.67682234e-13  1.47674554e-11 -1.82589285e-10 -1.32750877e-15  7.99636351e-16  2.50915573e-05 -2.13952697e-06 -9.90511545e-09  8.69015686e-10]:11.43885627474559
%%%%%%%%%%%%%%%%%%%%%%%%%
%%%final - population%%%%
%%%%%%%%%%%%%%%%%%%%%%%%%
1421:[5.48391994e+11 1.47789565e+11]:[ 5.97450186e-02 -2.72634685e-12 -1.67682592e-13  1.47881344e-11 -1.81696364e-10 -1.33123534e-15  7.99635846e-16  2.51054746e-05 -2.13953412e-06 -9.89190631e-09  8.69015883e-10]
1437:[5.48324975e+11 1.47939674e+11]:[ 5.97826575e-02 -2.72641426e-12 -1.67681099e-13  1.47880756e-11 -1.83735746e-10 -1.33125495e-15  7.99636076e-16  2.50942895e-05 -2.13953251e-06 -9.88821860e-09  8.69015883e-10]
1438:[5.48513841e+11 1.47992087e+11]:[ 5.97956821e-02 -2.72913691e-12 -1.67682825e-13  1.47890953e-11 -1.81980216e-10 -1.33128097e-15  7.99635880e-16  2.50898654e-05 -2.13953286e-06 -9.88825038e-09  8.69015842e-10]
1440:[5.48295775e+11 1.48126355e+11]:[ 5.98044583e-02 -2.72660475e-12 -1.68249101e-13  1.47881679e-11 -1.83594647e-10 -1.33021974e-15  7.99638198e-16  2.50851021e-05 -2.13952983e-06 -9.88715661e-09  8.69015658e-10]
1408:[5.48742519e+11 1.48057503e+11]:[ 5.98154860e-02 -2.73078279e-12 -1.67673184e-13  1.47892810e-11 -1.84424274e-10 -1.33129040e-15  7.99636085e-16  2.50846763e-05 -2.13953036e-06 -9.88848193e-09  8.69015751e-10]
1443:[5.49916847e+11 1.47816153e+11]:[ 5.98396909e-02 -2.72358271e-12 -1.67682662e-13  1.47886997e-11 -1.82191540e-10 -1.33137680e-15  7.99637553e-16  2.51012246e-05 -2.13951387e-06 -9.90223144e-09  8.69015194e-10]
1439:[5.4881513e+11 1.4831976e+11]:[ 5.98029772e-02 -2.72445306e-12 -1.68670200e-13  1.47878778e-11 -1.83644061e-10 -1.32990330e-15  7.99635915e-16  2.50725272e-05 -2.13954178e-06 -9.88726452e-09  8.69015763e-10]
1436:[5.49899352e+11 1.48221641e+11]:[ 5.97675568e-02 -2.72339076e-12 -1.67682234e-13  1.47674554e-11 -1.82589285e-10 -1.32750877e-15  7.99636351e-16  2.50915573e-05 -2.13952697e-06 -9.90511545e-09  8.69015686e-10]
