Generating Population from
[ 5.96431187e-02 -2.70793112e-12 -1.62746403e-13  1.48176201e-11 -1.79938500e-10 -1.33228746e-15  7.96915388e-16  2.18208908e-05 -2.13976940e-06 -8.31622911e-09  8.67885016e-10]
[ 5.98681129e-02 -2.73319093e-12 -1.71891200e-13  1.46815446e-11 -1.85383102e-10 -1.32592258e-15  7.99665140e-16  2.50630287e-05 -2.13943418e-06 -9.98590496e-09  8.69014565e-10]
*******************************
***iteration: 0 Population is***
*******************************
Population scores:
1279:[5.63189367e+11 1.52204282e+11]:[ 5.98681129e-02 -2.73319093e-12 -1.71891200e-13  1.46815446e-11 -1.85383102e-10 -1.32592258e-15  7.99665140e-16  2.50630287e-05 -2.13943418e-06 -9.98590496e-09  8.69014565e-10]:11.48325258493771
1332:[4.84170045e+11 2.02758374e+11]:[ 5.96431187e-02 -2.70793112e-12 -1.62746403e-13  1.48176201e-11 -1.79938500e-10 -1.33228746e-15  7.96915388e-16  2.18208908e-05 -2.13976940e-06 -8.31622911e-09  8.67885016e-10]:11.52307537408163
1445:[1.89409784e+12 1.26601269e+12]:[ 6.72830941e-02 -3.22745323e-12 -8.82200626e-14  1.21350875e-11 -2.02682465e-10 -9.81102154e-16  7.44921127e-16  3.13299814e-05 -2.35279138e-06 -7.71835501e-09  8.89159828e-10]:12.249789845298341
1448:[3.77465808e+12 3.81061937e+12]:[ 6.13405486e-02 -2.42209280e-12 -1.96346470e-13  9.45175098e-12 -2.20899547e-10 -8.32130848e-16  7.85160188e-16  2.93190139e-05 -2.42128490e-06 -9.45152809e-09  8.69739101e-10]:12.683927083565122
1444:[5.18952248e+12 8.56163229e+12]:[ 5.18880176e-02 -2.44662628e-12 -2.54210529e-13  1.32784151e-11 -1.76983796e-10 -9.62257761e-16  8.85772943e-16  1.40904574e-05 -1.99731789e-06 -8.43734329e-09  7.71075544e-10]:12.998381558315698
1449:[1.15915498e+13 2.45932019e+13]:[ 5.79292452e-02 -3.20067116e-12 -1.41077213e-13  1.70992231e-11 -1.04294728e-10 -7.22057251e-16  8.65049165e-16  3.19030258e-05 -1.74879064e-06 -9.58050592e-09  7.90596481e-10]:13.44283897654094
1446:[1.64349262e+13 3.41445433e+13]:[ 6.31452276e-02 -2.21406202e-12 -1.03382899e-13  1.22078702e-11 -2.35344941e-10 -8.01975015e-16  6.98494271e-16  1.30707385e-05 -1.44309400e-06 -8.95445132e-09  8.46306470e-10]:13.586384436967696
1447:[9.20693014e+13 1.91041271e+14]:[ 6.20156806e-02 -3.46510608e-12 -1.41372867e-13  1.19932328e-11 -1.37792013e-10 -1.58799631e-15  8.45243809e-16  2.75605040e-05 -1.29201910e-06 -9.28310407e-09  9.44825246e-10]:14.334252606193456
Selected: [0 1]
***************
***CROSSOVER***
***************
parents:
[ 5.98681129e-02 -2.73319093e-12 -1.71891200e-13  1.46815446e-11 -1.85383102e-10 -1.32592258e-15  7.99665140e-16  2.50630287e-05 -2.13943418e-06 -9.98590496e-09  8.69014565e-10]
[ 5.96431187e-02 -2.70793112e-12 -1.62746403e-13  1.48176201e-11 -1.79938500e-10 -1.33228746e-15  7.96915388e-16  2.18208908e-05 -2.13976940e-06 -8.31622911e-09  8.67885016e-10]
children:
[ 5.98803781e-02 -2.73026397e-12 -1.64703932e-13  1.47071326e-11 -1.83595691e-10 -1.32788651e-15  7.97005545e-16  2.18775803e-05 -2.13976646e-06 -8.70148579e-09  8.67910174e-10]
[ 5.97044155e-02 -2.71843443e-12 -1.71760856e-13  1.48309986e-11 -1.81661218e-10 -1.32688188e-15  7.96938794e-16  2.50714329e-05 -2.13970830e-06 -1.00311686e-08  8.68769594e-10]
Selected: [0 1]
***************
***CROSSOVER***
***************
parents:
[ 5.98681129e-02 -2.73319093e-12 -1.71891200e-13  1.46815446e-11 -1.85383102e-10 -1.32592258e-15  7.99665140e-16  2.50630287e-05 -2.13943418e-06 -9.98590496e-09  8.69014565e-10]
[ 5.96431187e-02 -2.70793112e-12 -1.62746403e-13  1.48176201e-11 -1.79938500e-10 -1.33228746e-15  7.96915388e-16  2.18208908e-05 -2.13976940e-06 -8.31622911e-09  8.67885016e-10]
children:
[ 5.98341843e-02 -2.73499398e-12 -1.71934743e-13  1.48008043e-11 -1.80307951e-10 -1.33229329e-15  7.98082700e-16  2.26499745e-05 -2.13954462e-06 -9.45312137e-09  8.67979105e-10]
[ 5.98322338e-02 -2.70781473e-12 -1.70646925e-13  1.47738105e-11 -1.79972489e-10 -1.33159412e-15  7.96989672e-16  2.37381692e-05 -2.13946998e-06 -8.77363950e-09  8.68842677e-10]
Selected: [0 1]
***************
***CROSSOVER***
***************
parents:
[ 5.98681129e-02 -2.73319093e-12 -1.71891200e-13  1.46815446e-11 -1.85383102e-10 -1.32592258e-15  7.99665140e-16  2.50630287e-05 -2.13943418e-06 -9.98590496e-09  8.69014565e-10]
[ 5.96431187e-02 -2.70793112e-12 -1.62746403e-13  1.48176201e-11 -1.79938500e-10 -1.33228746e-15  7.96915388e-16  2.18208908e-05 -2.13976940e-06 -8.31622911e-09  8.67885016e-10]
children:
[ 5.98273601e-02 -2.70547411e-12 -1.65349567e-13  1.47948164e-11 -1.85871937e-10 -1.33268688e-15  7.96934551e-16  2.32004758e-05 -2.13951245e-06 -9.83642990e-09  8.68118870e-10]
[ 5.96356098e-02 -2.71562274e-12 -1.68485107e-13  1.47971967e-11 -1.83139740e-10 -1.32780795e-15  7.99427180e-16  2.46382837e-05 -2.13976544e-06 -9.45124663e-09  8.68122002e-10]
Selected: [0 1]
***************
***CROSSOVER***
***************
parents:
[ 5.98681129e-02 -2.73319093e-12 -1.71891200e-13  1.46815446e-11 -1.85383102e-10 -1.32592258e-15  7.99665140e-16  2.50630287e-05 -2.13943418e-06 -9.98590496e-09  8.69014565e-10]
[ 5.96431187e-02 -2.70793112e-12 -1.62746403e-13  1.48176201e-11 -1.79938500e-10 -1.33228746e-15  7.96915388e-16  2.18208908e-05 -2.13976940e-06 -8.31622911e-09  8.67885016e-10]
children:
[ 5.97322500e-02 -2.70981810e-12 -1.67271760e-13  1.46807335e-11 -1.84463513e-10 -1.32626673e-15  7.99305331e-16  2.28841895e-05 -2.13964175e-06 -9.71109547e-09  8.68633015e-10]
[ 5.97594979e-02 -2.70728578e-12 -1.72124647e-13  1.47819146e-11 -1.85034614e-10 -1.33047398e-15  7.97540417e-16  2.32313303e-05 -2.13979385e-06 -8.53876438e-09  8.67774056e-10]
@@@@@@@@@@@@@@@@@@@@@@@@@
@@@merging population@@@@
@@@@@@@@@@@@@@@@@@@@@@@@@
Population scores:
1279:[5.63189367e+11 1.52204282e+11]:[ 5.98681129e-02 -2.73319093e-12 -1.71891200e-13  1.46815446e-11 -1.85383102e-10 -1.32592258e-15  7.99665140e-16  2.50630287e-05 -2.13943418e-06 -9.98590496e-09  8.69014565e-10]:11.48325258493771
1450:[5.25710614e+11 1.69275920e+11]:[ 5.96356098e-02 -2.71562274e-12 -1.68485107e-13  1.47971967e-11 -1.83139740e-10 -1.32780795e-15  7.99427180e-16  2.46382837e-05 -2.13976544e-06 -9.45124663e-09  8.68122002e-10]:11.493064408434197
1451:[5.76936516e+11 1.57626919e+11]:[ 5.97044155e-02 -2.71843443e-12 -1.71760856e-13  1.48309986e-11 -1.81661218e-10 -1.32688188e-15  7.96938794e-16  2.50714329e-05 -2.13970830e-06 -1.00311686e-08  8.68769594e-10]:11.496098684845352
1332:[4.84170045e+11 2.02758374e+11]:[ 5.96431187e-02 -2.70793112e-12 -1.62746403e-13  1.48176201e-11 -1.79938500e-10 -1.33228746e-15  7.96915388e-16  2.18208908e-05 -2.13976940e-06 -8.31622911e-09  8.67885016e-10]:11.52307537408163
1457:[5.42419639e+11 2.22351599e+11]:[ 5.98803781e-02 -2.73026397e-12 -1.64703932e-13  1.47071326e-11 -1.83595691e-10 -1.32788651e-15  7.97005545e-16  2.18775803e-05 -2.13976646e-06 -8.70148579e-09  8.67910174e-10]:11.566796684767791
1453:[5.00940776e+11 2.62416385e+11]:[ 5.97594979e-02 -2.70728578e-12 -1.72124647e-13  1.47819146e-11 -1.85034614e-10 -1.33047398e-15  7.97540417e-16  2.32313303e-05 -2.13979385e-06 -8.53876438e-09  8.67774056e-10]:11.599523259725782
1455:[5.05448116e+11 2.70539042e+11]:[ 5.98322338e-02 -2.70781473e-12 -1.70646925e-13  1.47738105e-11 -1.79972489e-10 -1.33159412e-15  7.96989672e-16  2.37381692e-05 -2.13946998e-06 -8.77363950e-09  8.68842677e-10]:11.60960511486274
1456:[6.85097927e+11 3.49587450e+11]:[ 5.98341843e-02 -2.73499398e-12 -1.71934743e-13  1.48008043e-11 -1.80307951e-10 -1.33229329e-15  7.98082700e-16  2.26499745e-05 -2.13954462e-06 -9.45312137e-09  8.67979105e-10]:11.727999619306429
1452:[7.36013154e+11 4.12280310e+11]:[ 5.97322500e-02 -2.70981810e-12 -1.67271760e-13  1.46807335e-11 -1.84463513e-10 -1.32626673e-15  7.99305331e-16  2.28841895e-05 -2.13964175e-06 -9.71109547e-09  8.68633015e-10]:11.786043955273236
1454:[7.52937805e+11 4.15734755e+11]:[ 5.98273601e-02 -2.70547411e-12 -1.65349567e-13  1.47948164e-11 -1.85871937e-10 -1.33268688e-15  7.96934551e-16  2.32004758e-05 -2.13951245e-06 -9.83642990e-09  8.68118870e-10]:11.791710266886948
1445:[1.89409784e+12 1.26601269e+12]:[ 6.72830941e-02 -3.22745323e-12 -8.82200626e-14  1.21350875e-11 -2.02682465e-10 -9.81102154e-16  7.44921127e-16  3.13299814e-05 -2.35279138e-06 -7.71835501e-09  8.89159828e-10]:12.249789845298341
1448:[3.77465808e+12 3.81061937e+12]:[ 6.13405486e-02 -2.42209280e-12 -1.96346470e-13  9.45175098e-12 -2.20899547e-10 -8.32130848e-16  7.85160188e-16  2.93190139e-05 -2.42128490e-06 -9.45152809e-09  8.69739101e-10]:12.683927083565122
1444:[5.18952248e+12 8.56163229e+12]:[ 5.18880176e-02 -2.44662628e-12 -2.54210529e-13  1.32784151e-11 -1.76983796e-10 -9.62257761e-16  8.85772943e-16  1.40904574e-05 -1.99731789e-06 -8.43734329e-09  7.71075544e-10]:12.998381558315698
1449:[1.15915498e+13 2.45932019e+13]:[ 5.79292452e-02 -3.20067116e-12 -1.41077213e-13  1.70992231e-11 -1.04294728e-10 -7.22057251e-16  8.65049165e-16  3.19030258e-05 -1.74879064e-06 -9.58050592e-09  7.90596481e-10]:13.44283897654094
1446:[1.64349262e+13 3.41445433e+13]:[ 6.31452276e-02 -2.21406202e-12 -1.03382899e-13  1.22078702e-11 -2.35344941e-10 -8.01975015e-16  6.98494271e-16  1.30707385e-05 -1.44309400e-06 -8.95445132e-09  8.46306470e-10]:13.586384436967696
1447:[9.20693014e+13 1.91041271e+14]:[ 6.20156806e-02 -3.46510608e-12 -1.41372867e-13  1.19932328e-11 -1.37792013e-10 -1.58799631e-15  8.45243809e-16  2.75605040e-05 -1.29201910e-06 -9.28310407e-09  9.44825246e-10]:14.334252606193456
*******************************
***iteration: 1 Population is***
*******************************
Population scores:
1279:[5.63189367e+11 1.52204282e+11]:[ 5.98681129e-02 -2.73319093e-12 -1.71891200e-13  1.46815446e-11 -1.85383102e-10 -1.32592258e-15  7.99665140e-16  2.50630287e-05 -2.13943418e-06 -9.98590496e-09  8.69014565e-10]:11.48325258493771
1450:[5.25710614e+11 1.69275920e+11]:[ 5.96356098e-02 -2.71562274e-12 -1.68485107e-13  1.47971967e-11 -1.83139740e-10 -1.32780795e-15  7.99427180e-16  2.46382837e-05 -2.13976544e-06 -9.45124663e-09  8.68122002e-10]:11.493064408434197
1451:[5.76936516e+11 1.57626919e+11]:[ 5.97044155e-02 -2.71843443e-12 -1.71760856e-13  1.48309986e-11 -1.81661218e-10 -1.32688188e-15  7.96938794e-16  2.50714329e-05 -2.13970830e-06 -1.00311686e-08  8.68769594e-10]:11.496098684845352
1332:[4.84170045e+11 2.02758374e+11]:[ 5.96431187e-02 -2.70793112e-12 -1.62746403e-13  1.48176201e-11 -1.79938500e-10 -1.33228746e-15  7.96915388e-16  2.18208908e-05 -2.13976940e-06 -8.31622911e-09  8.67885016e-10]:11.52307537408163
1457:[5.42419639e+11 2.22351599e+11]:[ 5.98803781e-02 -2.73026397e-12 -1.64703932e-13  1.47071326e-11 -1.83595691e-10 -1.32788651e-15  7.97005545e-16  2.18775803e-05 -2.13976646e-06 -8.70148579e-09  8.67910174e-10]:11.566796684767791
1453:[5.00940776e+11 2.62416385e+11]:[ 5.97594979e-02 -2.70728578e-12 -1.72124647e-13  1.47819146e-11 -1.85034614e-10 -1.33047398e-15  7.97540417e-16  2.32313303e-05 -2.13979385e-06 -8.53876438e-09  8.67774056e-10]:11.599523259725782
1455:[5.05448116e+11 2.70539042e+11]:[ 5.98322338e-02 -2.70781473e-12 -1.70646925e-13  1.47738105e-11 -1.79972489e-10 -1.33159412e-15  7.96989672e-16  2.37381692e-05 -2.13946998e-06 -8.77363950e-09  8.68842677e-10]:11.60960511486274
1456:[6.85097927e+11 3.49587450e+11]:[ 5.98341843e-02 -2.73499398e-12 -1.71934743e-13  1.48008043e-11 -1.80307951e-10 -1.33229329e-15  7.98082700e-16  2.26499745e-05 -2.13954462e-06 -9.45312137e-09  8.67979105e-10]:11.727999619306429
Selected: [0 4]
***************
***CROSSOVER***
***************
parents:
[ 5.98681129e-02 -2.73319093e-12 -1.71891200e-13  1.46815446e-11 -1.85383102e-10 -1.32592258e-15  7.99665140e-16  2.50630287e-05 -2.13943418e-06 -9.98590496e-09  8.69014565e-10]
[ 5.98803781e-02 -2.73026397e-12 -1.64703932e-13  1.47071326e-11 -1.83595691e-10 -1.32788651e-15  7.97005545e-16  2.18775803e-05 -2.13976646e-06 -8.70148579e-09  8.67910174e-10]
children:
[ 5.98808765e-02 -2.73232468e-12 -1.68467562e-13  1.46868622e-11 -1.84325780e-10 -1.32608907e-15  7.98064587e-16  2.16424155e-05 -2.13947759e-06 -8.71373881e-09  8.68939734e-10]
[ 5.98720065e-02 -2.73293104e-12 -1.69626777e-13  1.47022446e-11 -1.84447013e-10 -1.32629183e-15  7.99667539e-16  2.24107580e-05 -2.13957844e-06 -9.78768428e-09  8.68378910e-10]
Selected: [7 3]
***************
***CROSSOVER***
***************
parents:
[ 5.98341843e-02 -2.73499398e-12 -1.71934743e-13  1.48008043e-11 -1.80307951e-10 -1.33229329e-15  7.98082700e-16  2.26499745e-05 -2.13954462e-06 -9.45312137e-09  8.67979105e-10]
[ 5.96431187e-02 -2.70793112e-12 -1.62746403e-13  1.48176201e-11 -1.79938500e-10 -1.33228746e-15  7.96915388e-16  2.18208908e-05 -2.13976940e-06 -8.31622911e-09  8.67885016e-10]
children:
[ 5.97967673e-02 -2.72546914e-12 -1.66609173e-13  1.48178641e-11 -1.80160421e-10 -1.33229228e-15  7.97879990e-16  2.24434015e-05 -2.13963014e-06 -8.98991226e-09  8.67958869e-10]
[ 5.98275013e-02 -2.72551854e-12 -1.67488292e-13  1.48178307e-11 -1.80143651e-10 -1.33229089e-15  7.97009583e-16  2.24027228e-05 -2.13976448e-06 -8.21498233e-09  8.67967804e-10]
Selected: [4 1]
***************
***CROSSOVER***
***************
parents:
[ 5.98803781e-02 -2.73026397e-12 -1.64703932e-13  1.47071326e-11 -1.83595691e-10 -1.32788651e-15  7.97005545e-16  2.18775803e-05 -2.13976646e-06 -8.70148579e-09  8.67910174e-10]
[ 5.96356098e-02 -2.71562274e-12 -1.68485107e-13  1.47971967e-11 -1.83139740e-10 -1.32780795e-15  7.99427180e-16  2.46382837e-05 -2.13976544e-06 -9.45124663e-09  8.68122002e-10]
children:
[ 5.97838956e-02 -2.72874186e-12 -1.67450174e-13  1.47292683e-11 -1.83113233e-10 -1.32783287e-15  7.98316809e-16  2.46271692e-05 -2.13976561e-06 -8.71039838e-09  8.68051412e-10]
[ 5.98531540e-02 -2.72401187e-12 -1.68200666e-13  1.47312117e-11 -1.83340333e-10 -1.32780934e-15  7.99215449e-16  2.24197276e-05 -2.13976618e-06 -8.72658627e-09  8.67997395e-10]
Selected: [2 0]
***************
***CROSSOVER***
***************
parents:
[ 5.97044155e-02 -2.71843443e-12 -1.71760856e-13  1.48309986e-11 -1.81661218e-10 -1.32688188e-15  7.96938794e-16  2.50714329e-05 -2.13970830e-06 -1.00311686e-08  8.68769594e-10]
[ 5.98681129e-02 -2.73319093e-12 -1.71891200e-13  1.46815446e-11 -1.85383102e-10 -1.32592258e-15  7.99665140e-16  2.50630287e-05 -2.13943418e-06 -9.98590496e-09  8.69014565e-10]
children:
[ 5.98756905e-02 -2.71797146e-12 -1.71754083e-13  1.47945730e-11 -1.81540319e-10 -1.32642722e-15  7.99180963e-16  2.50707499e-05 -2.13945179e-06 -1.00129685e-08  8.68872220e-10]
[ 5.98207023e-02 -2.73341911e-12 -1.71882681e-13  1.48380883e-11 -1.84948378e-10 -1.32603179e-15  7.99702771e-16  2.50700384e-05 -2.13967104e-06 -1.00075809e-08  8.69020624e-10]
@@@@@@@@@@@@@@@@@@@@@@@@@
@@@merging population@@@@
@@@@@@@@@@@@@@@@@@@@@@@@@
Population scores:
1279:[5.63189367e+11 1.52204282e+11]:[ 5.98681129e-02 -2.73319093e-12 -1.71891200e-13  1.46815446e-11 -1.85383102e-10 -1.32592258e-15  7.99665140e-16  2.50630287e-05 -2.13943418e-06 -9.98590496e-09  8.69014565e-10]:11.48325258493771
1460:[5.68253879e+11 1.54063016e+11]:[ 5.98207023e-02 -2.73341911e-12 -1.71882681e-13  1.48380883e-11 -1.84948378e-10 -1.32603179e-15  7.99702771e-16  2.50700384e-05 -2.13967104e-06 -1.00075809e-08  8.69020624e-10]:11.4878332041244
1464:[5.69973987e+11 1.54616806e+11]:[ 5.98756905e-02 -2.71797146e-12 -1.71754083e-13  1.47945730e-11 -1.81540319e-10 -1.32642722e-15  7.99180963e-16  2.50707499e-05 -2.13945179e-06 -1.00129685e-08  8.68872220e-10]:11.489268939589545
1450:[5.25710614e+11 1.69275920e+11]:[ 5.96356098e-02 -2.71562274e-12 -1.68485107e-13  1.47971967e-11 -1.83139740e-10 -1.32780795e-15  7.99427180e-16  2.46382837e-05 -2.13976544e-06 -9.45124663e-09  8.68122002e-10]:11.493064408434197
1451:[5.76936516e+11 1.57626919e+11]:[ 5.97044155e-02 -2.71843443e-12 -1.71760856e-13  1.48309986e-11 -1.81661218e-10 -1.32688188e-15  7.96938794e-16  2.50714329e-05 -2.13970830e-06 -1.00311686e-08  8.68769594e-10]:11.496098684845352
1462:[5.10917174e+11 1.89767505e+11]:[ 5.98531540e-02 -2.72401187e-12 -1.68200666e-13  1.47312117e-11 -1.83340333e-10 -1.32780934e-15  7.99215449e-16  2.24197276e-05 -2.13976618e-06 -8.72658627e-09  8.67997395e-10]:11.515496507615605
1332:[4.84170045e+11 2.02758374e+11]:[ 5.96431187e-02 -2.70793112e-12 -1.62746403e-13  1.48176201e-11 -1.79938500e-10 -1.33228746e-15  7.96915388e-16  2.18208908e-05 -2.13976940e-06 -8.31622911e-09  8.67885016e-10]:11.52307537408163
1457:[5.42419639e+11 2.22351599e+11]:[ 5.98803781e-02 -2.73026397e-12 -1.64703932e-13  1.47071326e-11 -1.83595691e-10 -1.32788651e-15  7.97005545e-16  2.18775803e-05 -2.13976646e-06 -8.70148579e-09  8.67910174e-10]:11.566796684767791
1459:[5.62623134e+11 2.20805217e+11]:[ 5.97967673e-02 -2.72546914e-12 -1.66609173e-13  1.48178641e-11 -1.80160421e-10 -1.33229228e-15  7.97879990e-16  2.24434015e-05 -2.13963014e-06 -8.98991226e-09  8.67958869e-10]:11.571375080437083
1465:[5.45741468e+11 2.39207046e+11]:[ 5.98808765e-02 -2.73232468e-12 -1.68467562e-13  1.46868622e-11 -1.84325780e-10 -1.32608907e-15  7.98064587e-16  2.16424155e-05 -2.13947759e-06 -8.71373881e-09  8.68939734e-10]:11.58721381416693
1461:[4.84357019e+11 2.66718666e+11]:[ 5.98275013e-02 -2.72551854e-12 -1.67488292e-13  1.48178307e-11 -1.80143651e-10 -1.33229089e-15  7.97009583e-16  2.24027228e-05 -2.13976448e-06 -8.21498233e-09  8.67967804e-10]:11.599331737324922
1453:[5.00940776e+11 2.62416385e+11]:[ 5.97594979e-02 -2.70728578e-12 -1.72124647e-13  1.47819146e-11 -1.85034614e-10 -1.33047398e-15  7.97540417e-16  2.32313303e-05 -2.13979385e-06 -8.53876438e-09  8.67774056e-10]:11.599523259725782
1455:[5.05448116e+11 2.70539042e+11]:[ 5.98322338e-02 -2.70781473e-12 -1.70646925e-13  1.47738105e-11 -1.79972489e-10 -1.33159412e-15  7.96989672e-16  2.37381692e-05 -2.13946998e-06 -8.77363950e-09  8.68842677e-10]:11.60960511486274
1456:[6.85097927e+11 3.49587450e+11]:[ 5.98341843e-02 -2.73499398e-12 -1.71934743e-13  1.48008043e-11 -1.80307951e-10 -1.33229329e-15  7.98082700e-16  2.26499745e-05 -2.13954462e-06 -9.45312137e-09  8.67979105e-10]:11.727999619306429
1458:[5.85324587e+11 4.77022088e+11]:[ 5.97838956e-02 -2.72874186e-12 -1.67450174e-13  1.47292683e-11 -1.83113233e-10 -1.32783287e-15  7.98316809e-16  2.46271692e-05 -2.13976561e-06 -8.71039838e-09  8.68051412e-10]:11.802814571967678
1463:[8.72698723e+11 6.22383822e+11]:[ 5.98720065e-02 -2.73293104e-12 -1.69626777e-13  1.47022446e-11 -1.84447013e-10 -1.32629183e-15  7.99667539e-16  2.24107580e-05 -2.13957844e-06 -9.78768428e-09  8.68378910e-10]:11.933493603623774
*******************************
***iteration: 2 Population is***
*******************************
Population scores:
1279:[5.63189367e+11 1.52204282e+11]:[ 5.98681129e-02 -2.73319093e-12 -1.71891200e-13  1.46815446e-11 -1.85383102e-10 -1.32592258e-15  7.99665140e-16  2.50630287e-05 -2.13943418e-06 -9.98590496e-09  8.69014565e-10]:11.48325258493771
1460:[5.68253879e+11 1.54063016e+11]:[ 5.98207023e-02 -2.73341911e-12 -1.71882681e-13  1.48380883e-11 -1.84948378e-10 -1.32603179e-15  7.99702771e-16  2.50700384e-05 -2.13967104e-06 -1.00075809e-08  8.69020624e-10]:11.4878332041244
1464:[5.69973987e+11 1.54616806e+11]:[ 5.98756905e-02 -2.71797146e-12 -1.71754083e-13  1.47945730e-11 -1.81540319e-10 -1.32642722e-15  7.99180963e-16  2.50707499e-05 -2.13945179e-06 -1.00129685e-08  8.68872220e-10]:11.489268939589545
1450:[5.25710614e+11 1.69275920e+11]:[ 5.96356098e-02 -2.71562274e-12 -1.68485107e-13  1.47971967e-11 -1.83139740e-10 -1.32780795e-15  7.99427180e-16  2.46382837e-05 -2.13976544e-06 -9.45124663e-09  8.68122002e-10]:11.493064408434197
1451:[5.76936516e+11 1.57626919e+11]:[ 5.97044155e-02 -2.71843443e-12 -1.71760856e-13  1.48309986e-11 -1.81661218e-10 -1.32688188e-15  7.96938794e-16  2.50714329e-05 -2.13970830e-06 -1.00311686e-08  8.68769594e-10]:11.496098684845352
1462:[5.10917174e+11 1.89767505e+11]:[ 5.98531540e-02 -2.72401187e-12 -1.68200666e-13  1.47312117e-11 -1.83340333e-10 -1.32780934e-15  7.99215449e-16  2.24197276e-05 -2.13976618e-06 -8.72658627e-09  8.67997395e-10]:11.515496507615605
1332:[4.84170045e+11 2.02758374e+11]:[ 5.96431187e-02 -2.70793112e-12 -1.62746403e-13  1.48176201e-11 -1.79938500e-10 -1.33228746e-15  7.96915388e-16  2.18208908e-05 -2.13976940e-06 -8.31622911e-09  8.67885016e-10]:11.52307537408163
1457:[5.42419639e+11 2.22351599e+11]:[ 5.98803781e-02 -2.73026397e-12 -1.64703932e-13  1.47071326e-11 -1.83595691e-10 -1.32788651e-15  7.97005545e-16  2.18775803e-05 -2.13976646e-06 -8.70148579e-09  8.67910174e-10]:11.566796684767791
Selected: [4 5]
***************
***CROSSOVER***
***************
parents:
[ 5.97044155e-02 -2.71843443e-12 -1.71760856e-13  1.48309986e-11 -1.81661218e-10 -1.32688188e-15  7.96938794e-16  2.50714329e-05 -2.13970830e-06 -1.00311686e-08  8.68769594e-10]
[ 5.98531540e-02 -2.72401187e-12 -1.68200666e-13  1.47312117e-11 -1.83340333e-10 -1.32780934e-15  7.99215449e-16  2.24197276e-05 -2.13976618e-06 -8.72658627e-09  8.67997395e-10]
children:
[ 5.97491336e-02 -2.72010101e-12 -1.71907065e-13  1.47741722e-11 -1.83060624e-10 -1.32692892e-15  7.98744544e-16  2.38093598e-05 -2.13972182e-06 -9.36207681e-09  8.68288169e-10]
[ 5.97048341e-02 -2.72106707e-12 -1.68370260e-13  1.47487102e-11 -1.83147831e-10 -1.32721644e-15  7.99206283e-16  2.39964218e-05 -2.13975615e-06 -9.89927274e-09  8.68782995e-10]
Selected: [3 5]
***************
***CROSSOVER***
***************
parents:
[ 5.96356098e-02 -2.71562274e-12 -1.68485107e-13  1.47971967e-11 -1.83139740e-10 -1.32780795e-15  7.99427180e-16  2.46382837e-05 -2.13976544e-06 -9.45124663e-09  8.68122002e-10]
[ 5.98531540e-02 -2.72401187e-12 -1.68200666e-13  1.47312117e-11 -1.83340333e-10 -1.32780934e-15  7.99215449e-16  2.24197276e-05 -2.13976618e-06 -8.72658627e-09  8.67997395e-10]
children:
[ 5.98270366e-02 -2.72251572e-12 -1.68405507e-13  1.47472030e-11 -1.83122473e-10 -1.32780874e-15  7.99410883e-16  2.26493679e-05 -2.13976619e-06 -9.15228665e-09  8.68050103e-10]
[ 5.96306003e-02 -2.71765504e-12 -1.68306729e-13  1.47852818e-11 -1.83264055e-10 -1.32780911e-15  7.99354839e-16  2.42935207e-05 -2.13976566e-06 -8.95245439e-09  8.68056592e-10]
Selected: [6 2]
***************
***CROSSOVER***
***************
parents:
[ 5.96431187e-02 -2.70793112e-12 -1.62746403e-13  1.48176201e-11 -1.79938500e-10 -1.33228746e-15  7.96915388e-16  2.18208908e-05 -2.13976940e-06 -8.31622911e-09  8.67885016e-10]
[ 5.98756905e-02 -2.71797146e-12 -1.71754083e-13  1.47945730e-11 -1.81540319e-10 -1.32642722e-15  7.99180963e-16  2.50707499e-05 -2.13945179e-06 -1.00129685e-08  8.68872220e-10]
children:
[ 5.97480027e-02 -2.70845811e-12 -1.69290823e-13  1.48163994e-11 -1.80000910e-10 -1.33234245e-15  7.98261561e-16  2.49513416e-05 -2.13952789e-06 -8.32377502e-09  8.68681930e-10]
[ 5.98478347e-02 -2.71480880e-12 -1.71308760e-13  1.47967452e-11 -1.80233088e-10 -1.33183201e-15  7.97584635e-16  2.17874998e-05 -2.13942829e-06 -9.95451528e-09  8.67989882e-10]
Selected: [1 6]
***************
***CROSSOVER***
***************
parents:
[ 5.98207023e-02 -2.73341911e-12 -1.71882681e-13  1.48380883e-11 -1.84948378e-10 -1.32603179e-15  7.99702771e-16  2.50700384e-05 -2.13967104e-06 -1.00075809e-08  8.69020624e-10]
[ 5.96431187e-02 -2.70793112e-12 -1.62746403e-13  1.48176201e-11 -1.79938500e-10 -1.33228746e-15  7.96915388e-16  2.18208908e-05 -2.13976940e-06 -8.31622911e-09  8.67885016e-10]
children:
[ 5.98119444e-02 -2.73337750e-12 -1.69361010e-13  1.48323526e-11 -1.83591762e-10 -1.32721794e-15  7.98766638e-16  2.36326465e-05 -2.13967340e-06 -9.50229824e-09  8.69060323e-10]
[ 5.97383167e-02 -2.72262442e-12 -1.71688396e-13  1.48399044e-11 -1.79484543e-10 -1.33001805e-15  7.97859451e-16  2.27193970e-05 -2.13974361e-06 -8.87219856e-09  8.68204947e-10]
@@@@@@@@@@@@@@@@@@@@@@@@@
@@@merging population@@@@
@@@@@@@@@@@@@@@@@@@@@@@@@
Population scores:
1279:[5.63189367e+11 1.52204282e+11]:[ 5.98681129e-02 -2.73319093e-12 -1.71891200e-13  1.46815446e-11 -1.85383102e-10 -1.32592258e-15  7.99665140e-16  2.50630287e-05 -2.13943418e-06 -9.98590496e-09  8.69014565e-10]:11.48325258493771
1460:[5.68253879e+11 1.54063016e+11]:[ 5.98207023e-02 -2.73341911e-12 -1.71882681e-13  1.48380883e-11 -1.84948378e-10 -1.32603179e-15  7.99702771e-16  2.50700384e-05 -2.13967104e-06 -1.00075809e-08  8.69020624e-10]:11.4878332041244
1464:[5.69973987e+11 1.54616806e+11]:[ 5.98756905e-02 -2.71797146e-12 -1.71754083e-13  1.47945730e-11 -1.81540319e-10 -1.32642722e-15  7.99180963e-16  2.50707499e-05 -2.13945179e-06 -1.00129685e-08  8.68872220e-10]:11.489268939589545
1450:[5.25710614e+11 1.69275920e+11]:[ 5.96356098e-02 -2.71562274e-12 -1.68485107e-13  1.47971967e-11 -1.83139740e-10 -1.32780795e-15  7.99427180e-16  2.46382837e-05 -2.13976544e-06 -9.45124663e-09  8.68122002e-10]:11.493064408434197
1470:[5.37379756e+11 1.68155241e+11]:[ 5.97491336e-02 -2.72010101e-12 -1.71907065e-13  1.47741722e-11 -1.83060624e-10 -1.32692892e-15  7.98744544e-16  2.38093598e-05 -2.13972182e-06 -9.36207681e-09  8.68288169e-10]:11.495887994981667
1451:[5.76936516e+11 1.57626919e+11]:[ 5.97044155e-02 -2.71843443e-12 -1.71760856e-13  1.48309986e-11 -1.81661218e-10 -1.32688188e-15  7.96938794e-16  2.50714329e-05 -2.13970830e-06 -1.00311686e-08  8.68769594e-10]:11.496098684845352
1468:[5.16433757e+11 1.84924569e+11]:[ 5.97383167e-02 -2.72262442e-12 -1.71688396e-13  1.48399044e-11 -1.79484543e-10 -1.33001805e-15  7.97859451e-16  2.27193970e-05 -2.13974361e-06 -8.87219856e-09  8.68204947e-10]:11.511029545073702
1462:[5.10917174e+11 1.89767505e+11]:[ 5.98531540e-02 -2.72401187e-12 -1.68200666e-13  1.47312117e-11 -1.83340333e-10 -1.32780934e-15  7.99215449e-16  2.24197276e-05 -2.13976618e-06 -8.72658627e-09  8.67997395e-10]:11.515496507615605
1332:[4.84170045e+11 2.02758374e+11]:[ 5.96431187e-02 -2.70793112e-12 -1.62746403e-13  1.48176201e-11 -1.79938500e-10 -1.33228746e-15  7.96915388e-16  2.18208908e-05 -2.13976940e-06 -8.31622911e-09  8.67885016e-10]:11.52307537408163
1471:[5.64350434e+11 1.90924393e+11]:[ 5.98119444e-02 -2.73337750e-12 -1.69361010e-13  1.48323526e-11 -1.83591762e-10 -1.32721794e-15  7.98766638e-16  2.36326465e-05 -2.13967340e-06 -9.50229824e-09  8.69060323e-10]:11.535672550983438
1457:[5.42419639e+11 2.22351599e+11]:[ 5.98803781e-02 -2.73026397e-12 -1.64703932e-13  1.47071326e-11 -1.83595691e-10 -1.32788651e-15  7.97005545e-16  2.18775803e-05 -2.13976646e-06 -8.70148579e-09  8.67910174e-10]:11.566796684767791
1472:[5.83458233e+11 2.34384417e+11]:[ 5.98270366e-02 -2.72251572e-12 -1.68405507e-13  1.47472030e-11 -1.83122473e-10 -1.32780874e-15  7.99410883e-16  2.26493679e-05 -2.13976619e-06 -9.15228665e-09  8.68050103e-10]:11.593195365125771
1466:[5.22068692e+11 2.70306517e+11]:[ 5.96306003e-02 -2.71765504e-12 -1.68306729e-13  1.47852818e-11 -1.83264055e-10 -1.32780911e-15  7.99354839e-16  2.42935207e-05 -2.13976566e-06 -8.95245439e-09  8.68056592e-10]:11.614121818604751
1467:[6.43648085e+11 2.53761180e+11]:[ 5.97048341e-02 -2.72106707e-12 -1.68370260e-13  1.47487102e-11 -1.83147831e-10 -1.32721644e-15  7.99206283e-16  2.39964218e-05 -2.13975615e-06 -9.89927274e-09  8.68782995e-10]:11.630983012980156
1469:[7.70077987e+11 9.73246337e+11]:[ 5.97480027e-02 -2.70845811e-12 -1.69290823e-13  1.48163994e-11 -1.80000910e-10 -1.33234245e-15  7.98261561e-16  2.49513416e-05 -2.13952789e-06 -8.32377502e-09  8.68681930e-10]:12.072311449598034
1473:[1.15542965e+12 1.07538320e+12]:[ 5.98478347e-02 -2.71480880e-12 -1.71308760e-13  1.47967452e-11 -1.80233088e-10 -1.33183201e-15  7.97584635e-16  2.17874998e-05 -2.13942829e-06 -9.95451528e-09  8.67989882e-10]:12.14218578914014
*******************************
***iteration: 3 Population is***
*******************************
Population scores:
1279:[5.63189367e+11 1.52204282e+11]:[ 5.98681129e-02 -2.73319093e-12 -1.71891200e-13  1.46815446e-11 -1.85383102e-10 -1.32592258e-15  7.99665140e-16  2.50630287e-05 -2.13943418e-06 -9.98590496e-09  8.69014565e-10]:11.48325258493771
1460:[5.68253879e+11 1.54063016e+11]:[ 5.98207023e-02 -2.73341911e-12 -1.71882681e-13  1.48380883e-11 -1.84948378e-10 -1.32603179e-15  7.99702771e-16  2.50700384e-05 -2.13967104e-06 -1.00075809e-08  8.69020624e-10]:11.4878332041244
1464:[5.69973987e+11 1.54616806e+11]:[ 5.98756905e-02 -2.71797146e-12 -1.71754083e-13  1.47945730e-11 -1.81540319e-10 -1.32642722e-15  7.99180963e-16  2.50707499e-05 -2.13945179e-06 -1.00129685e-08  8.68872220e-10]:11.489268939589545
1450:[5.25710614e+11 1.69275920e+11]:[ 5.96356098e-02 -2.71562274e-12 -1.68485107e-13  1.47971967e-11 -1.83139740e-10 -1.32780795e-15  7.99427180e-16  2.46382837e-05 -2.13976544e-06 -9.45124663e-09  8.68122002e-10]:11.493064408434197
1470:[5.37379756e+11 1.68155241e+11]:[ 5.97491336e-02 -2.72010101e-12 -1.71907065e-13  1.47741722e-11 -1.83060624e-10 -1.32692892e-15  7.98744544e-16  2.38093598e-05 -2.13972182e-06 -9.36207681e-09  8.68288169e-10]:11.495887994981667
1451:[5.76936516e+11 1.57626919e+11]:[ 5.97044155e-02 -2.71843443e-12 -1.71760856e-13  1.48309986e-11 -1.81661218e-10 -1.32688188e-15  7.96938794e-16  2.50714329e-05 -2.13970830e-06 -1.00311686e-08  8.68769594e-10]:11.496098684845352
1468:[5.16433757e+11 1.84924569e+11]:[ 5.97383167e-02 -2.72262442e-12 -1.71688396e-13  1.48399044e-11 -1.79484543e-10 -1.33001805e-15  7.97859451e-16  2.27193970e-05 -2.13974361e-06 -8.87219856e-09  8.68204947e-10]:11.511029545073702
1462:[5.10917174e+11 1.89767505e+11]:[ 5.98531540e-02 -2.72401187e-12 -1.68200666e-13  1.47312117e-11 -1.83340333e-10 -1.32780934e-15  7.99215449e-16  2.24197276e-05 -2.13976618e-06 -8.72658627e-09  8.67997395e-10]:11.515496507615605
Selected: [5 3]
***************
***CROSSOVER***
***************
parents:
[ 5.97044155e-02 -2.71843443e-12 -1.71760856e-13  1.48309986e-11 -1.81661218e-10 -1.32688188e-15  7.96938794e-16  2.50714329e-05 -2.13970830e-06 -1.00311686e-08  8.68769594e-10]
[ 5.96356098e-02 -2.71562274e-12 -1.68485107e-13  1.47971967e-11 -1.83139740e-10 -1.32780795e-15  7.99427180e-16  2.46382837e-05 -2.13976544e-06 -9.45124663e-09  8.68122002e-10]
children:
[ 5.96348232e-02 -2.71741719e-12 -1.71656269e-13  1.48024597e-11 -1.82336700e-10 -1.32681082e-15  7.98611320e-16  2.48143593e-05 -2.13970791e-06 -9.96980742e-09  8.68591363e-10]
[ 5.96402827e-02 -2.71695430e-12 -1.68259145e-13  1.48335355e-11 -1.81733226e-10 -1.32778259e-15  7.99197797e-16  2.50072845e-05 -2.13970840e-06 -9.42480627e-09  8.68436897e-10]
Selected: [6 3]
***************
***CROSSOVER***
***************
parents:
[ 5.97383167e-02 -2.72262442e-12 -1.71688396e-13  1.48399044e-11 -1.79484543e-10 -1.33001805e-15  7.97859451e-16  2.27193970e-05 -2.13974361e-06 -8.87219856e-09  8.68204947e-10]
[ 5.96356098e-02 -2.71562274e-12 -1.68485107e-13  1.47971967e-11 -1.83139740e-10 -1.32780795e-15  7.99427180e-16  2.46382837e-05 -2.13976544e-06 -9.45124663e-09  8.68122002e-10]
children:
[ 5.96693397e-02 -2.71587684e-12 -1.68546820e-13  1.48240732e-11 -1.79335125e-10 -1.33010898e-15  7.99128736e-16  2.33135484e-05 -2.13975848e-06 -9.07146006e-09  8.68175105e-10]
[ 5.97179358e-02 -2.72012137e-12 -1.70336319e-13  1.48082453e-11 -1.82266037e-10 -1.32926381e-15  7.98313321e-16  2.48215376e-05 -2.13975882e-06 -9.36522829e-09  8.68138607e-10]
Selected: [0 2]
***************
***CROSSOVER***
***************
parents:
[ 5.98681129e-02 -2.73319093e-12 -1.71891200e-13  1.46815446e-11 -1.85383102e-10 -1.32592258e-15  7.99665140e-16  2.50630287e-05 -2.13943418e-06 -9.98590496e-09  8.69014565e-10]
[ 5.98756905e-02 -2.71797146e-12 -1.71754083e-13  1.47945730e-11 -1.81540319e-10 -1.32642722e-15  7.99180963e-16  2.50707499e-05 -2.13945179e-06 -1.00129685e-08  8.68872220e-10]
children:
[ 5.98701443e-02 -2.73142305e-12 -1.71781531e-13  1.47713761e-11 -1.83963276e-10 -1.32591787e-15  7.99223112e-16  2.50679760e-05 -2.13944907e-06 -1.00073630e-08  8.68885597e-10]
[ 5.98677086e-02 -2.72438884e-12 -1.71772291e-13  1.46916829e-11 -1.84288007e-10 -1.32599696e-15  7.99589543e-16  2.50665626e-05 -2.13944428e-06 -1.00058001e-08  8.68900651e-10]
Selected: [7 6]
***************
***CROSSOVER***
***************
parents:
[ 5.98531540e-02 -2.72401187e-12 -1.68200666e-13  1.47312117e-11 -1.83340333e-10 -1.32780934e-15  7.99215449e-16  2.24197276e-05 -2.13976618e-06 -8.72658627e-09  8.67997395e-10]
[ 5.97383167e-02 -2.72262442e-12 -1.71688396e-13  1.48399044e-11 -1.79484543e-10 -1.33001805e-15  7.97859451e-16  2.27193970e-05 -2.13974361e-06 -8.87219856e-09  8.68204947e-10]
children:
[ 5.98139496e-02 -2.72297178e-12 -1.70388173e-13  1.47771143e-11 -1.81975671e-10 -1.32855010e-15  7.98198914e-16  2.25969584e-05 -2.13975506e-06 -8.80987618e-09  8.67987411e-10]
[ 5.98140462e-02 -2.72396223e-12 -1.71572316e-13  1.47654911e-11 -1.83265915e-10 -1.32775295e-15  7.98057565e-16  2.24126627e-05 -2.13975318e-06 -8.80194815e-09  8.68058230e-10]
@@@@@@@@@@@@@@@@@@@@@@@@@
@@@merging population@@@@
@@@@@@@@@@@@@@@@@@@@@@@@@
Population scores:
1279:[5.63189367e+11 1.52204282e+11]:[ 5.98681129e-02 -2.73319093e-12 -1.71891200e-13  1.46815446e-11 -1.85383102e-10 -1.32592258e-15  7.99665140e-16  2.50630287e-05 -2.13943418e-06 -9.98590496e-09  8.69014565e-10]:11.48325258493771
1480:[5.68298671e+11 1.54044583e+11]:[ 5.98677086e-02 -2.72438884e-12 -1.71772291e-13  1.46916829e-11 -1.84288007e-10 -1.32599696e-15  7.99589543e-16  2.50665626e-05 -2.13944428e-06 -1.00058001e-08  8.68900651e-10]:11.48782425151593
1460:[5.68253879e+11 1.54063016e+11]:[ 5.98207023e-02 -2.73341911e-12 -1.71882681e-13  1.48380883e-11 -1.84948378e-10 -1.32603179e-15  7.99702771e-16  2.50700384e-05 -2.13967104e-06 -1.00075809e-08  8.69020624e-10]:11.4878332041244
1481:[5.68732232e+11 1.54177116e+11]:[ 5.98701443e-02 -2.73142305e-12 -1.71781531e-13  1.47713761e-11 -1.83963276e-10 -1.32591787e-15  7.99223112e-16  2.50679760e-05 -2.13944907e-06 -1.00073630e-08  8.68885597e-10]:11.488176637600104
1464:[5.69973987e+11 1.54616806e+11]:[ 5.98756905e-02 -2.71797146e-12 -1.71754083e-13  1.47945730e-11 -1.81540319e-10 -1.32642722e-15  7.99180963e-16  2.50707499e-05 -2.13945179e-06 -1.00129685e-08  8.68872220e-10]:11.489268939589545
1450:[5.25710614e+11 1.69275920e+11]:[ 5.96356098e-02 -2.71562274e-12 -1.68485107e-13  1.47971967e-11 -1.83139740e-10 -1.32780795e-15  7.99427180e-16  2.46382837e-05 -2.13976544e-06 -9.45124663e-09  8.68122002e-10]:11.493064408434197
1470:[5.37379756e+11 1.68155241e+11]:[ 5.97491336e-02 -2.72010101e-12 -1.71907065e-13  1.47741722e-11 -1.83060624e-10 -1.32692892e-15  7.98744544e-16  2.38093598e-05 -2.13972182e-06 -9.36207681e-09  8.68288169e-10]:11.495887994981667
1451:[5.76936516e+11 1.57626919e+11]:[ 5.97044155e-02 -2.71843443e-12 -1.71760856e-13  1.48309986e-11 -1.81661218e-10 -1.32688188e-15  7.96938794e-16  2.50714329e-05 -2.13970830e-06 -1.00311686e-08  8.68769594e-10]:11.496098684845352
1476:[5.19431145e+11 1.74405537e+11]:[ 5.96693397e-02 -2.71587684e-12 -1.68546820e-13  1.48240732e-11 -1.79335125e-10 -1.33010898e-15  7.99128736e-16  2.33135484e-05 -2.13975848e-06 -9.07146006e-09  8.68175105e-10]:11.497830422263602
1468:[5.16433757e+11 1.84924569e+11]:[ 5.97383167e-02 -2.72262442e-12 -1.71688396e-13  1.48399044e-11 -1.79484543e-10 -1.33001805e-15  7.97859451e-16  2.27193970e-05 -2.13974361e-06 -8.87219856e-09  8.68204947e-10]:11.511029545073702
1478:[5.15295277e+11 1.86952550e+11]:[ 5.98139496e-02 -2.72297178e-12 -1.70388173e-13  1.47771143e-11 -1.81975671e-10 -1.32855010e-15  7.98198914e-16  2.25969584e-05 -2.13975506e-06 -8.80987618e-09  8.67987411e-10]:11.513327191948802
1474:[5.85104096e+11 1.69291300e+11]:[ 5.96348232e-02 -2.71741719e-12 -1.71656269e-13  1.48024597e-11 -1.82336700e-10 -1.32681082e-15  7.98611320e-16  2.48143593e-05 -2.13970791e-06 -9.96980742e-09  8.68591363e-10]:11.514905408287104
1462:[5.10917174e+11 1.89767505e+11]:[ 5.98531540e-02 -2.72401187e-12 -1.68200666e-13  1.47312117e-11 -1.83340333e-10 -1.32780934e-15  7.99215449e-16  2.24197276e-05 -2.13976618e-06 -8.72658627e-09  8.67997395e-10]:11.515496507615605
1479:[5.22748272e+11 1.94269177e+11]:[ 5.98140462e-02 -2.72396223e-12 -1.71572316e-13  1.47654911e-11 -1.83265915e-10 -1.32775295e-15  7.98057565e-16  2.24126627e-05 -2.13975318e-06 -8.80194815e-09  8.68058230e-10]:11.5255775738915
1477:[5.24437013e+11 2.01186369e+11]:[ 5.97179358e-02 -2.72012137e-12 -1.70336319e-13  1.48082453e-11 -1.82266037e-10 -1.32926381e-15  7.98313321e-16  2.48215376e-05 -2.13975882e-06 -9.36522829e-09  8.68138607e-10]:11.535021001028046
1475:[5.26397960e+11 2.09488231e+11]:[ 5.96402827e-02 -2.71695430e-12 -1.68259145e-13  1.48335355e-11 -1.81733226e-10 -1.32778259e-15  7.99197797e-16  2.50072845e-05 -2.13970840e-06 -9.42480627e-09  8.68436897e-10]:11.546068233576008
*******************************
***iteration: 4 Population is***
*******************************
Population scores:
1279:[5.63189367e+11 1.52204282e+11]:[ 5.98681129e-02 -2.73319093e-12 -1.71891200e-13  1.46815446e-11 -1.85383102e-10 -1.32592258e-15  7.99665140e-16  2.50630287e-05 -2.13943418e-06 -9.98590496e-09  8.69014565e-10]:11.48325258493771
1480:[5.68298671e+11 1.54044583e+11]:[ 5.98677086e-02 -2.72438884e-12 -1.71772291e-13  1.46916829e-11 -1.84288007e-10 -1.32599696e-15  7.99589543e-16  2.50665626e-05 -2.13944428e-06 -1.00058001e-08  8.68900651e-10]:11.48782425151593
1460:[5.68253879e+11 1.54063016e+11]:[ 5.98207023e-02 -2.73341911e-12 -1.71882681e-13  1.48380883e-11 -1.84948378e-10 -1.32603179e-15  7.99702771e-16  2.50700384e-05 -2.13967104e-06 -1.00075809e-08  8.69020624e-10]:11.4878332041244
1481:[5.68732232e+11 1.54177116e+11]:[ 5.98701443e-02 -2.73142305e-12 -1.71781531e-13  1.47713761e-11 -1.83963276e-10 -1.32591787e-15  7.99223112e-16  2.50679760e-05 -2.13944907e-06 -1.00073630e-08  8.68885597e-10]:11.488176637600104
1464:[5.69973987e+11 1.54616806e+11]:[ 5.98756905e-02 -2.71797146e-12 -1.71754083e-13  1.47945730e-11 -1.81540319e-10 -1.32642722e-15  7.99180963e-16  2.50707499e-05 -2.13945179e-06 -1.00129685e-08  8.68872220e-10]:11.489268939589545
1450:[5.25710614e+11 1.69275920e+11]:[ 5.96356098e-02 -2.71562274e-12 -1.68485107e-13  1.47971967e-11 -1.83139740e-10 -1.32780795e-15  7.99427180e-16  2.46382837e-05 -2.13976544e-06 -9.45124663e-09  8.68122002e-10]:11.493064408434197
1470:[5.37379756e+11 1.68155241e+11]:[ 5.97491336e-02 -2.72010101e-12 -1.71907065e-13  1.47741722e-11 -1.83060624e-10 -1.32692892e-15  7.98744544e-16  2.38093598e-05 -2.13972182e-06 -9.36207681e-09  8.68288169e-10]:11.495887994981667
1451:[5.76936516e+11 1.57626919e+11]:[ 5.97044155e-02 -2.71843443e-12 -1.71760856e-13  1.48309986e-11 -1.81661218e-10 -1.32688188e-15  7.96938794e-16  2.50714329e-05 -2.13970830e-06 -1.00311686e-08  8.68769594e-10]:11.496098684845352
Selected: [2 5]
***************
***CROSSOVER***
***************
parents:
[ 5.98207023e-02 -2.73341911e-12 -1.71882681e-13  1.48380883e-11 -1.84948378e-10 -1.32603179e-15  7.99702771e-16  2.50700384e-05 -2.13967104e-06 -1.00075809e-08  8.69020624e-10]
[ 5.96356098e-02 -2.71562274e-12 -1.68485107e-13  1.47971967e-11 -1.83139740e-10 -1.32780795e-15  7.99427180e-16  2.46382837e-05 -2.13976544e-06 -9.45124663e-09  8.68122002e-10]
children:
[ 5.96762141e-02 -2.72673854e-12 -1.69007799e-13  1.48411636e-11 -1.84019940e-10 -1.32748640e-15  7.99422275e-16  2.46603560e-05 -2.13968244e-06 -9.42425165e-09  8.69010400e-10]
[ 5.96540573e-02 -2.72509307e-12 -1.68282970e-13  1.48114537e-11 -1.83374223e-10 -1.32723677e-15  7.99548089e-16  2.50118933e-05 -2.13970830e-06 -9.83790196e-09  8.68416983e-10]
Selected: [7 6]
***************
***CROSSOVER***
***************
parents:
[ 5.97044155e-02 -2.71843443e-12 -1.71760856e-13  1.48309986e-11 -1.81661218e-10 -1.32688188e-15  7.96938794e-16  2.50714329e-05 -2.13970830e-06 -1.00311686e-08  8.68769594e-10]
[ 5.97491336e-02 -2.72010101e-12 -1.71907065e-13  1.47741722e-11 -1.83060624e-10 -1.32692892e-15  7.98744544e-16  2.38093598e-05 -2.13972182e-06 -9.36207681e-09  8.68288169e-10]
children:
[ 5.97369227e-02 -2.71987883e-12 -1.71865530e-13  1.47741309e-11 -1.81705798e-10 -1.32691197e-15  7.97520269e-16  2.46181421e-05 -2.13972152e-06 -9.97040695e-09  8.68795961e-10]
[ 5.97111574e-02 -2.71955495e-12 -1.71814483e-13  1.47863578e-11 -1.83123227e-10 -1.32691821e-15  7.98028207e-16  2.48084765e-05 -2.13971050e-06 -9.52399478e-09  8.68516880e-10]
Selected: [0 6]
***************
***CROSSOVER***
***************
parents:
[ 5.98681129e-02 -2.73319093e-12 -1.71891200e-13  1.46815446e-11 -1.85383102e-10 -1.32592258e-15  7.99665140e-16  2.50630287e-05 -2.13943418e-06 -9.98590496e-09  8.69014565e-10]
[ 5.97491336e-02 -2.72010101e-12 -1.71907065e-13  1.47741722e-11 -1.83060624e-10 -1.32692892e-15  7.98744544e-16  2.38093598e-05 -2.13972182e-06 -9.36207681e-09  8.68288169e-10]
children:
[ 5.98299120e-02 -2.72105714e-12 -1.71906088e-13  1.47031860e-11 -1.84662150e-10 -1.32648352e-15  7.99053487e-16  2.42930392e-05 -2.13961806e-06 -9.50335766e-09  8.69005258e-10]
[ 5.97547045e-02 -2.72396319e-12 -1.71896972e-13  1.46920156e-11 -1.84039925e-10 -1.32600574e-15  7.99729513e-16  2.41730193e-05 -2.13948334e-06 -9.56015835e-09  8.68356170e-10]
Selected: [1 7]
***************
***CROSSOVER***
***************
parents:
[ 5.98677086e-02 -2.72438884e-12 -1.71772291e-13  1.46916829e-11 -1.84288007e-10 -1.32599696e-15  7.99589543e-16  2.50665626e-05 -2.13944428e-06 -1.00058001e-08  8.68900651e-10]
[ 5.97044155e-02 -2.71843443e-12 -1.71760856e-13  1.48309986e-11 -1.81661218e-10 -1.32688188e-15  7.96938794e-16  2.50714329e-05 -2.13970830e-06 -1.00311686e-08  8.68769594e-10]
children:
[ 5.98556157e-02 -2.72463020e-12 -1.71772063e-13  1.47099279e-11 -1.82045021e-10 -1.32673949e-15  7.99334140e-16  2.50663732e-05 -2.13950443e-06 -1.00038357e-08  8.68814114e-10]
[ 5.98623535e-02 -2.72047787e-12 -1.71764862e-13  1.47417764e-11 -1.82986665e-10 -1.32679880e-15  7.99408805e-16  2.50664814e-05 -2.13962244e-06 -1.00250999e-08  8.68843698e-10]
@@@@@@@@@@@@@@@@@@@@@@@@@
@@@merging population@@@@
@@@@@@@@@@@@@@@@@@@@@@@@@
Population scores:
1482:[5.52143499e+11 1.49081266e+11]:[ 5.96540573e-02 -2.72509307e-12 -1.68282970e-13  1.48114537e-11 -1.83374223e-10 -1.32723677e-15  7.99548089e-16  2.50118933e-05 -2.13970830e-06 -9.83790196e-09  8.68416983e-10]:11.47444939545128
1487:[5.27610807e+11 1.60757444e+11]:[ 5.98299120e-02 -2.72105714e-12 -1.71906088e-13  1.47031860e-11 -1.84662150e-10 -1.32648352e-15  7.99053487e-16  2.42930392e-05 -2.13961806e-06 -9.50335766e-09  8.69005258e-10]:11.481746903506355
1279:[5.63189367e+11 1.52204282e+11]:[ 5.98681129e-02 -2.73319093e-12 -1.71891200e-13  1.46815446e-11 -1.85383102e-10 -1.32592258e-15  7.99665140e-16  2.50630287e-05 -2.13943418e-06 -9.98590496e-09  8.69014565e-10]:11.48325258493771
1480:[5.68298671e+11 1.54044583e+11]:[ 5.98677086e-02 -2.72438884e-12 -1.71772291e-13  1.46916829e-11 -1.84288007e-10 -1.32599696e-15  7.99589543e-16  2.50665626e-05 -2.13944428e-06 -1.00058001e-08  8.68900651e-10]:11.48782425151593
1460:[5.68253879e+11 1.54063016e+11]:[ 5.98207023e-02 -2.73341911e-12 -1.71882681e-13  1.48380883e-11 -1.84948378e-10 -1.32603179e-15  7.99702771e-16  2.50700384e-05 -2.13967104e-06 -1.00075809e-08  8.69020624e-10]:11.4878332041244
1481:[5.68732232e+11 1.54177116e+11]:[ 5.98701443e-02 -2.73142305e-12 -1.71781531e-13  1.47713761e-11 -1.83963276e-10 -1.32591787e-15  7.99223112e-16  2.50679760e-05 -2.13944907e-06 -1.00073630e-08  8.68885597e-10]:11.488176637600104
1488:[5.69829899e+11 1.54352237e+11]:[ 5.98556157e-02 -2.72463020e-12 -1.71772063e-13  1.47099279e-11 -1.82045021e-10 -1.32673949e-15  7.99334140e-16  2.50663732e-05 -2.13950443e-06 -1.00038357e-08  8.68814114e-10]:11.488841524688125
1464:[5.69973987e+11 1.54616806e+11]:[ 5.98756905e-02 -2.71797146e-12 -1.71754083e-13  1.47945730e-11 -1.81540319e-10 -1.32642722e-15  7.99180963e-16  2.50707499e-05 -2.13945179e-06 -1.00129685e-08  8.68872220e-10]:11.489268939589545
1450:[5.25710614e+11 1.69275920e+11]:[ 5.96356098e-02 -2.71562274e-12 -1.68485107e-13  1.47971967e-11 -1.83139740e-10 -1.32780795e-15  7.99427180e-16  2.46382837e-05 -2.13976544e-06 -9.45124663e-09  8.68122002e-10]:11.493064408434197
1489:[5.74307542e+11 1.56661067e+11]:[ 5.98623535e-02 -2.72047787e-12 -1.71764862e-13  1.47417764e-11 -1.82986665e-10 -1.32679880e-15  7.99408805e-16  2.50664814e-05 -2.13962244e-06 -1.00250999e-08  8.68843698e-10]:11.49377038404791
1484:[5.25279093e+11 1.70517253e+11]:[ 5.97111574e-02 -2.71955495e-12 -1.71814483e-13  1.47863578e-11 -1.83123227e-10 -1.32691821e-15  7.98028207e-16  2.48084765e-05 -2.13971050e-06 -9.52399478e-09  8.68516880e-10]:11.494631233065057
1486:[5.48323770e+11 1.64356047e+11]:[ 5.97547045e-02 -2.72396319e-12 -1.71896972e-13  1.46920156e-11 -1.84039925e-10 -1.32600574e-15  7.99729513e-16  2.41730193e-05 -2.13948334e-06 -9.56015835e-09  8.68356170e-10]:11.494715841537882
1470:[5.37379756e+11 1.68155241e+11]:[ 5.97491336e-02 -2.72010101e-12 -1.71907065e-13  1.47741722e-11 -1.83060624e-10 -1.32692892e-15  7.98744544e-16  2.38093598e-05 -2.13972182e-06 -9.36207681e-09  8.68288169e-10]:11.495887994981667
1451:[5.76936516e+11 1.57626919e+11]:[ 5.97044155e-02 -2.71843443e-12 -1.71760856e-13  1.48309986e-11 -1.81661218e-10 -1.32688188e-15  7.96938794e-16  2.50714329e-05 -2.13970830e-06 -1.00311686e-08  8.68769594e-10]:11.496098684845352
1483:[5.17262893e+11 1.84044721e+11]:[ 5.96762141e-02 -2.72673854e-12 -1.69007799e-13  1.48411636e-11 -1.84019940e-10 -1.32748640e-15  7.99422275e-16  2.46603560e-05 -2.13968244e-06 -9.42425165e-09  8.69010400e-10]:11.510150350045338
1485:[5.98106252e+11 1.86565936e+11]:[ 5.97369227e-02 -2.71987883e-12 -1.71865530e-13  1.47741309e-11 -1.81705798e-10 -1.32691197e-15  7.97520269e-16  2.46181421e-05 -2.13972152e-06 -9.97040695e-09  8.68795961e-10]:11.541647408316795
*******************************
***iteration: 5 Population is***
*******************************
Population scores:
1482:[5.52143499e+11 1.49081266e+11]:[ 5.96540573e-02 -2.72509307e-12 -1.68282970e-13  1.48114537e-11 -1.83374223e-10 -1.32723677e-15  7.99548089e-16  2.50118933e-05 -2.13970830e-06 -9.83790196e-09  8.68416983e-10]:11.47444939545128
1487:[5.27610807e+11 1.60757444e+11]:[ 5.98299120e-02 -2.72105714e-12 -1.71906088e-13  1.47031860e-11 -1.84662150e-10 -1.32648352e-15  7.99053487e-16  2.42930392e-05 -2.13961806e-06 -9.50335766e-09  8.69005258e-10]:11.481746903506355
1279:[5.63189367e+11 1.52204282e+11]:[ 5.98681129e-02 -2.73319093e-12 -1.71891200e-13  1.46815446e-11 -1.85383102e-10 -1.32592258e-15  7.99665140e-16  2.50630287e-05 -2.13943418e-06 -9.98590496e-09  8.69014565e-10]:11.48325258493771
1480:[5.68298671e+11 1.54044583e+11]:[ 5.98677086e-02 -2.72438884e-12 -1.71772291e-13  1.46916829e-11 -1.84288007e-10 -1.32599696e-15  7.99589543e-16  2.50665626e-05 -2.13944428e-06 -1.00058001e-08  8.68900651e-10]:11.48782425151593
1460:[5.68253879e+11 1.54063016e+11]:[ 5.98207023e-02 -2.73341911e-12 -1.71882681e-13  1.48380883e-11 -1.84948378e-10 -1.32603179e-15  7.99702771e-16  2.50700384e-05 -2.13967104e-06 -1.00075809e-08  8.69020624e-10]:11.4878332041244
1481:[5.68732232e+11 1.54177116e+11]:[ 5.98701443e-02 -2.73142305e-12 -1.71781531e-13  1.47713761e-11 -1.83963276e-10 -1.32591787e-15  7.99223112e-16  2.50679760e-05 -2.13944907e-06 -1.00073630e-08  8.68885597e-10]:11.488176637600104
1488:[5.69829899e+11 1.54352237e+11]:[ 5.98556157e-02 -2.72463020e-12 -1.71772063e-13  1.47099279e-11 -1.82045021e-10 -1.32673949e-15  7.99334140e-16  2.50663732e-05 -2.13950443e-06 -1.00038357e-08  8.68814114e-10]:11.488841524688125
1464:[5.69973987e+11 1.54616806e+11]:[ 5.98756905e-02 -2.71797146e-12 -1.71754083e-13  1.47945730e-11 -1.81540319e-10 -1.32642722e-15  7.99180963e-16  2.50707499e-05 -2.13945179e-06 -1.00129685e-08  8.68872220e-10]:11.489268939589545
Selected: [0 7]
***************
***CROSSOVER***
***************
parents:
[ 5.96540573e-02 -2.72509307e-12 -1.68282970e-13  1.48114537e-11 -1.83374223e-10 -1.32723677e-15  7.99548089e-16  2.50118933e-05 -2.13970830e-06 -9.83790196e-09  8.68416983e-10]
[ 5.98756905e-02 -2.71797146e-12 -1.71754083e-13  1.47945730e-11 -1.81540319e-10 -1.32642722e-15  7.99180963e-16  2.50707499e-05 -2.13945179e-06 -1.00129685e-08  8.68872220e-10]
children:
[ 5.97843189e-02 -2.72265340e-12 -1.68263686e-13  1.47973828e-11 -1.83426202e-10 -1.32664880e-15  7.99533506e-16  2.50600290e-05 -2.13969373e-06 -9.87737074e-09  8.68724627e-10]
[ 5.97210309e-02 -2.72233420e-12 -1.70408883e-13  1.48059934e-11 -1.83111392e-10 -1.32709090e-15  7.99159078e-16  2.50522659e-05 -2.13952658e-06 -9.95224194e-09  8.68535085e-10]
Selected: [2 0]
***************
***CROSSOVER***
***************
parents:
[ 5.98681129e-02 -2.73319093e-12 -1.71891200e-13  1.46815446e-11 -1.85383102e-10 -1.32592258e-15  7.99665140e-16  2.50630287e-05 -2.13943418e-06 -9.98590496e-09  8.69014565e-10]
[ 5.96540573e-02 -2.72509307e-12 -1.68282970e-13  1.48114537e-11 -1.83374223e-10 -1.32723677e-15  7.99548089e-16  2.50118933e-05 -2.13970830e-06 -9.83790196e-09  8.68416983e-10]
children:
[ 5.97543723e-02 -2.72831891e-12 -1.71803991e-13  1.47079347e-11 -1.84456878e-10 -1.32614411e-15  7.99597530e-16  2.50191755e-05 -2.13951206e-06 -9.83226184e-09  8.68610562e-10]
[ 5.97404005e-02 -2.73201358e-12 -1.70138621e-13  1.47539838e-11 -1.84305730e-10 -1.32604476e-15  7.99674218e-16  2.50377262e-05 -2.13967182e-06 -9.95581502e-09  8.68495230e-10]
Selected: [7 2]
***************
***CROSSOVER***
***************
parents:
[ 5.98756905e-02 -2.71797146e-12 -1.71754083e-13  1.47945730e-11 -1.81540319e-10 -1.32642722e-15  7.99180963e-16  2.50707499e-05 -2.13945179e-06 -1.00129685e-08  8.68872220e-10]
[ 5.98681129e-02 -2.73319093e-12 -1.71891200e-13  1.46815446e-11 -1.85383102e-10 -1.32592258e-15  7.99665140e-16  2.50630287e-05 -2.13943418e-06 -9.98590496e-09  8.69014565e-10]
children:
[ 5.98680722e-02 -2.71765671e-12 -1.71793289e-13  1.47045422e-11 -1.84741488e-10 -1.32627408e-15  7.99653722e-16  2.50639876e-05 -2.13943784e-06 -9.99062509e-09  8.68895672e-10]
[ 5.98753486e-02 -2.72387082e-12 -1.71880117e-13  1.47970561e-11 -1.84241712e-10 -1.32615065e-15  7.99604642e-16  2.50624295e-05 -2.13943455e-06 -9.99168539e-09  8.69018021e-10]
Selected: [6 4]
***************
***CROSSOVER***
***************
parents:
[ 5.98556157e-02 -2.72463020e-12 -1.71772063e-13  1.47099279e-11 -1.82045021e-10 -1.32673949e-15  7.99334140e-16  2.50663732e-05 -2.13950443e-06 -1.00038357e-08  8.68814114e-10]
[ 5.98207023e-02 -2.73341911e-12 -1.71882681e-13  1.48380883e-11 -1.84948378e-10 -1.32603179e-15  7.99702771e-16  2.50700384e-05 -2.13967104e-06 -1.00075809e-08  8.69020624e-10]
children:
[ 5.98267276e-02 -2.73342731e-12 -1.71855568e-13  1.47765826e-11 -1.82940453e-10 -1.32629160e-15  7.99710880e-16  2.50699851e-05 -2.13949766e-06 -1.00069336e-08  8.68942736e-10]
[ 5.98227774e-02 -2.72793111e-12 -1.71868647e-13  1.47257493e-11 -1.83993878e-10 -1.32671899e-15  7.99549133e-16  2.50666380e-05 -2.13951733e-06 -1.00065955e-08  8.68963617e-10]
@@@@@@@@@@@@@@@@@@@@@@@@@
@@@merging population@@@@
@@@@@@@@@@@@@@@@@@@@@@@@@
Population scores:
1492:[5.47316196e+11 1.49170755e+11]:[ 5.97543723e-02 -2.72831891e-12 -1.71803991e-13  1.47079347e-11 -1.84456878e-10 -1.32614411e-15  7.99597530e-16  2.50191755e-05 -2.13951206e-06 -9.83226184e-09  8.68610562e-10]:11.472677667187591
1493:[5.51692514e+11 1.48626486e+11]:[ 5.97843189e-02 -2.72265340e-12 -1.68263686e-13  1.47973828e-11 -1.83426202e-10 -1.32664880e-15  7.99533506e-16  2.50600290e-05 -2.13969373e-06 -9.87737074e-09  8.68724627e-10]:11.473608796198056
1482:[5.52143499e+11 1.49081266e+11]:[ 5.96540573e-02 -2.72509307e-12 -1.68282970e-13  1.48114537e-11 -1.83374223e-10 -1.32723677e-15  7.99548089e-16  2.50118933e-05 -2.13970830e-06 -9.83790196e-09  8.68416983e-10]:11.47444939545128
1487:[5.27610807e+11 1.60757444e+11]:[ 5.98299120e-02 -2.72105714e-12 -1.71906088e-13  1.47031860e-11 -1.84662150e-10 -1.32648352e-15  7.99053487e-16  2.42930392e-05 -2.13961806e-06 -9.50335766e-09  8.69005258e-10]:11.481746903506355
1279:[5.63189367e+11 1.52204282e+11]:[ 5.98681129e-02 -2.73319093e-12 -1.71891200e-13  1.46815446e-11 -1.85383102e-10 -1.32592258e-15  7.99665140e-16  2.50630287e-05 -2.13943418e-06 -9.98590496e-09  8.69014565e-10]:11.48325258493771
1490:[5.65535483e+11 1.51824784e+11]:[ 5.97210309e-02 -2.72233420e-12 -1.70408883e-13  1.48059934e-11 -1.83111392e-10 -1.32709090e-15  7.99159078e-16  2.50522659e-05 -2.13952658e-06 -9.95224194e-09  8.68535085e-10]:11.483614914185512
1497:[5.64267258e+11 1.52653139e+11]:[ 5.98753486e-02 -2.72387082e-12 -1.71880117e-13  1.47970561e-11 -1.84241712e-10 -1.32615065e-15  7.99604642e-16  2.50624295e-05 -2.13943455e-06 -9.99168539e-09  8.69018021e-10]:11.484307384321633
1496:[5.65779251e+11 1.52893341e+11]:[ 5.98680722e-02 -2.71765671e-12 -1.71793289e-13  1.47045422e-11 -1.84741488e-10 -1.32627408e-15  7.99653722e-16  2.50639876e-05 -2.13943784e-06 -9.99062509e-09  8.68895672e-10]:11.48522971177383
1491:[5.68253793e+11 1.53163950e+11]:[ 5.97404005e-02 -2.73201358e-12 -1.70138621e-13  1.47539838e-11 -1.84305730e-10 -1.32604476e-15  7.99674218e-16  2.50377262e-05 -2.13967182e-06 -9.95581502e-09  8.68495230e-10]:11.48656149011531
1495:[5.68144851e+11 1.53927242e+11]:[ 5.98267276e-02 -2.73342731e-12 -1.71855568e-13  1.47765826e-11 -1.82940453e-10 -1.32629160e-15  7.99710880e-16  2.50699851e-05 -2.13949766e-06 -1.00069336e-08  8.68942736e-10]:11.487599799927695
1494:[5.68240464e+11 1.54045256e+11]:[ 5.98227774e-02 -2.72793111e-12 -1.71868647e-13  1.47257493e-11 -1.83993878e-10 -1.32671899e-15  7.99549133e-16  2.50666380e-05 -2.13951733e-06 -1.00065955e-08  8.68963617e-10]:11.48780300395534
1480:[5.68298671e+11 1.54044583e+11]:[ 5.98677086e-02 -2.72438884e-12 -1.71772291e-13  1.46916829e-11 -1.84288007e-10 -1.32599696e-15  7.99589543e-16  2.50665626e-05 -2.13944428e-06 -1.00058001e-08  8.68900651e-10]:11.48782425151593
1460:[5.68253879e+11 1.54063016e+11]:[ 5.98207023e-02 -2.73341911e-12 -1.71882681e-13  1.48380883e-11 -1.84948378e-10 -1.32603179e-15  7.99702771e-16  2.50700384e-05 -2.13967104e-06 -1.00075809e-08  8.69020624e-10]:11.4878332041244
1481:[5.68732232e+11 1.54177116e+11]:[ 5.98701443e-02 -2.73142305e-12 -1.71781531e-13  1.47713761e-11 -1.83963276e-10 -1.32591787e-15  7.99223112e-16  2.50679760e-05 -2.13944907e-06 -1.00073630e-08  8.68885597e-10]:11.488176637600104
1488:[5.69829899e+11 1.54352237e+11]:[ 5.98556157e-02 -2.72463020e-12 -1.71772063e-13  1.47099279e-11 -1.82045021e-10 -1.32673949e-15  7.99334140e-16  2.50663732e-05 -2.13950443e-06 -1.00038357e-08  8.68814114e-10]:11.488841524688125
1464:[5.69973987e+11 1.54616806e+11]:[ 5.98756905e-02 -2.71797146e-12 -1.71754083e-13  1.47945730e-11 -1.81540319e-10 -1.32642722e-15  7.99180963e-16  2.50707499e-05 -2.13945179e-06 -1.00129685e-08  8.68872220e-10]:11.489268939589545
Population scores:
1492:[5.47316196e+11 1.49170755e+11]:[ 5.97543723e-02 -2.72831891e-12 -1.71803991e-13  1.47079347e-11 -1.84456878e-10 -1.32614411e-15  7.99597530e-16  2.50191755e-05 -2.13951206e-06 -9.83226184e-09  8.68610562e-10]:11.472677667187591
1493:[5.51692514e+11 1.48626486e+11]:[ 5.97843189e-02 -2.72265340e-12 -1.68263686e-13  1.47973828e-11 -1.83426202e-10 -1.32664880e-15  7.99533506e-16  2.50600290e-05 -2.13969373e-06 -9.87737074e-09  8.68724627e-10]:11.473608796198056
1482:[5.52143499e+11 1.49081266e+11]:[ 5.96540573e-02 -2.72509307e-12 -1.68282970e-13  1.48114537e-11 -1.83374223e-10 -1.32723677e-15  7.99548089e-16  2.50118933e-05 -2.13970830e-06 -9.83790196e-09  8.68416983e-10]:11.47444939545128
1487:[5.27610807e+11 1.60757444e+11]:[ 5.98299120e-02 -2.72105714e-12 -1.71906088e-13  1.47031860e-11 -1.84662150e-10 -1.32648352e-15  7.99053487e-16  2.42930392e-05 -2.13961806e-06 -9.50335766e-09  8.69005258e-10]:11.481746903506355
1279:[5.63189367e+11 1.52204282e+11]:[ 5.98681129e-02 -2.73319093e-12 -1.71891200e-13  1.46815446e-11 -1.85383102e-10 -1.32592258e-15  7.99665140e-16  2.50630287e-05 -2.13943418e-06 -9.98590496e-09  8.69014565e-10]:11.48325258493771
1490:[5.65535483e+11 1.51824784e+11]:[ 5.97210309e-02 -2.72233420e-12 -1.70408883e-13  1.48059934e-11 -1.83111392e-10 -1.32709090e-15  7.99159078e-16  2.50522659e-05 -2.13952658e-06 -9.95224194e-09  8.68535085e-10]:11.483614914185512
1497:[5.64267258e+11 1.52653139e+11]:[ 5.98753486e-02 -2.72387082e-12 -1.71880117e-13  1.47970561e-11 -1.84241712e-10 -1.32615065e-15  7.99604642e-16  2.50624295e-05 -2.13943455e-06 -9.99168539e-09  8.69018021e-10]:11.484307384321633
1496:[5.65779251e+11 1.52893341e+11]:[ 5.98680722e-02 -2.71765671e-12 -1.71793289e-13  1.47045422e-11 -1.84741488e-10 -1.32627408e-15  7.99653722e-16  2.50639876e-05 -2.13943784e-06 -9.99062509e-09  8.68895672e-10]:11.48522971177383
%%%%%%%%%%%%%%%%%%%%%%%%%
%%%final - population%%%%
%%%%%%%%%%%%%%%%%%%%%%%%%
1492:[5.47316196e+11 1.49170755e+11]:[ 5.97543723e-02 -2.72831891e-12 -1.71803991e-13  1.47079347e-11 -1.84456878e-10 -1.32614411e-15  7.99597530e-16  2.50191755e-05 -2.13951206e-06 -9.83226184e-09  8.68610562e-10]
1493:[5.51692514e+11 1.48626486e+11]:[ 5.97843189e-02 -2.72265340e-12 -1.68263686e-13  1.47973828e-11 -1.83426202e-10 -1.32664880e-15  7.99533506e-16  2.50600290e-05 -2.13969373e-06 -9.87737074e-09  8.68724627e-10]
1482:[5.52143499e+11 1.49081266e+11]:[ 5.96540573e-02 -2.72509307e-12 -1.68282970e-13  1.48114537e-11 -1.83374223e-10 -1.32723677e-15  7.99548089e-16  2.50118933e-05 -2.13970830e-06 -9.83790196e-09  8.68416983e-10]
1487:[5.27610807e+11 1.60757444e+11]:[ 5.98299120e-02 -2.72105714e-12 -1.71906088e-13  1.47031860e-11 -1.84662150e-10 -1.32648352e-15  7.99053487e-16  2.42930392e-05 -2.13961806e-06 -9.50335766e-09  8.69005258e-10]
1279:[5.63189367e+11 1.52204282e+11]:[ 5.98681129e-02 -2.73319093e-12 -1.71891200e-13  1.46815446e-11 -1.85383102e-10 -1.32592258e-15  7.99665140e-16  2.50630287e-05 -2.13943418e-06 -9.98590496e-09  8.69014565e-10]
1490:[5.65535483e+11 1.51824784e+11]:[ 5.97210309e-02 -2.72233420e-12 -1.70408883e-13  1.48059934e-11 -1.83111392e-10 -1.32709090e-15  7.99159078e-16  2.50522659e-05 -2.13952658e-06 -9.95224194e-09  8.68535085e-10]
1497:[5.64267258e+11 1.52653139e+11]:[ 5.98753486e-02 -2.72387082e-12 -1.71880117e-13  1.47970561e-11 -1.84241712e-10 -1.32615065e-15  7.99604642e-16  2.50624295e-05 -2.13943455e-06 -9.99168539e-09  8.69018021e-10]
1496:[5.65779251e+11 1.52893341e+11]:[ 5.98680722e-02 -2.71765671e-12 -1.71793289e-13  1.47045422e-11 -1.84741488e-10 -1.32627408e-15  7.99653722e-16  2.50639876e-05 -2.13943784e-06 -9.99062509e-09  8.68895672e-10]
