Generating Population from
[ 5.96374054e-02 -2.70677678e-12 -1.64451320e-13  1.48266082e-11 -1.79462927e-10 -1.32049880e-15  7.76330810e-16  2.38422653e-05 -2.13990288e-06 -9.55404616e-09  8.66805569e-10]
[ 5.98451160e-02 -2.72351790e-12 -1.67680521e-13  1.47558623e-11 -1.84297976e-10 -1.32777884e-15  7.99637521e-16  2.50920909e-05 -2.13944473e-06 -9.91173792e-09  8.69015233e-10]
[ 5.29386518e-02 -2.70888695e-12 -4.01311179e-13  2.65552121e-11 -1.77595146e-10 -1.49166597e-15  8.89646568e-16  3.18094952e-05 -2.14055331e-06 -1.24190588e-08  8.64237168e-10]
*******************************
***iteration: 0 Population is***
*******************************
Population scores:
1432:[5.50396599e+11 1.48208976e+11]:[ 5.98451160e-02 -2.72351790e-12 -1.67680521e-13  1.47558623e-11 -1.84297976e-10 -1.32777884e-15  7.99637521e-16  2.50920909e-05 -2.13944473e-06 -9.91173792e-09  8.69015233e-10]:11.626758316739512
1175:[7.64544144e+11 7.80037122e+10]:[ 5.29386518e-02 -2.70888695e-12 -4.01311179e-13  2.65552121e-11 -1.77595146e-10 -1.49166597e-15  8.89646568e-16  3.18094952e-05 -2.14055331e-06 -1.24190588e-08  8.64237168e-10]:11.663018126614398
1557:[4.89764057e+11 2.31594433e+11]:[ 6.02103778e-02 -2.79054154e-12 -4.65731231e-13  1.69506316e-11 -1.66443206e-10 -8.41008090e-16  9.09358974e-16  3.14262828e-05 -2.12557603e-06 -1.58953555e-08  9.10171606e-10]:11.678041451189102
1234:[5.96725417e+11 2.00557474e+11]:[ 5.96374054e-02 -2.70677678e-12 -1.64451320e-13  1.48266082e-11 -1.79462927e-10 -1.32049880e-15  7.76330810e-16  2.38422653e-05 -2.13990288e-06 -9.55404616e-09  8.66805569e-10]:11.698031072612885
1552:[2.32158765e+12 3.46930294e+12]:[ 5.16208673e-02 -2.14256144e-12 -1.51830268e-13  4.99795048e-12 -1.80806644e-10 -1.08627033e-15  8.59901859e-16  3.48380663e-05 -2.19522412e-06 -1.05767506e-08  8.78068280e-10]:12.665590067022478
1553:[1.74196439e+12 4.66943323e+12]:[ 6.22397716e-02 -2.55804744e-12 -2.49648263e-13  1.07057402e-11 -2.15209411e-10 -1.28537094e-15  7.19269204e-16  2.28141256e-05 -1.83511700e-06 -1.03767788e-08  8.40331623e-10]:12.743542329886722
1549:[2.43348677e+12 4.69078477e+12]:[ 6.95824542e-02 -3.36606067e-12 -2.32888267e-13  6.46496688e-12 -2.54060328e-10 -9.28952934e-16  7.79010041e-16  2.99494216e-05 -2.01568383e-06 -9.50058661e-09  8.29727413e-10]:12.771405799797169
1556:[1.31517312e+13 1.60578429e+13]:[ 5.09406617e-02 -1.90406060e-12 -3.89233934e-13  2.87096829e-11 -2.54123352e-10 -1.46505887e-15  8.61120009e-16  3.90633492e-05 -2.81541442e-06 -1.08571926e-08  9.21590398e-10]:13.354755718285237
1554:[1.53511639e+13 2.60163854e+13]:[ 6.38704087e-02 -2.09562344e-12 -7.99693999e-14  6.62977388e-12 -1.03603348e-10 -1.20341195e-15  7.82426167e-16  1.77648637e-05 -2.24618979e-06 -8.95875916e-09  7.85904123e-10]:13.527526371817324
1551:[2.83081724e+13 5.84172509e+13]:[ 6.34818915e-02 -3.49573936e-12 -8.73063735e-14  6.01667034e-12 -1.63754781e-10 -9.93354125e-16  6.91388216e-16  1.48926789e-05 -1.52177821e-06 -8.81357174e-09  9.25978923e-10]:13.860765124830277
1555:[6.05343572e+13 1.23348287e+14]:[ 5.65839580e-02 -1.83147989e-12 -4.63967470e-13  2.95968940e-11 -2.55750404e-10 -6.08478468e-16  9.06698916e-16  2.67783616e-05 -1.41939776e-06 -4.54498544e-09  7.97776696e-10]:14.186434942922618
1550:[6.84659614e+13 1.40220345e+14]:[ 5.96617501e-02 -1.79834699e-12 -2.32613079e-13  1.63098711e-11 -2.02840702e-10 -8.61614190e-16  8.58954016e-16  2.49877390e-05 -1.20034184e-06 -9.35962340e-09  8.49025117e-10]:14.241679253380624
Selected: [2 0]
***************
***CROSSOVER***
***************
parents:
1557[ 6.02103778e-02 -2.79054154e-12 -4.65731231e-13  1.69506316e-11 -1.66443206e-10 -8.41008090e-16  9.09358974e-16  3.14262828e-05 -2.12557603e-06 -1.58953555e-08  9.10171606e-10]
1432[ 5.98451160e-02 -2.72351790e-12 -1.67680521e-13  1.47558623e-11 -1.84297976e-10 -1.32777884e-15  7.99637521e-16  2.50920909e-05 -2.13944473e-06 -9.91173792e-09  8.69015233e-10]
children:
[ 6.00729164e-02 -2.75545160e-12 -4.18682786e-13  2.14885142e-11 -1.84319685e-10 -1.33320881e-15  8.38826180e-16  2.68111502e-05 -2.13992044e-06 -1.02080145e-08  8.71375058e-10]
[ 6.02137905e-02 -2.79414221e-12 -3.55994697e-13  1.50866662e-11 -1.40122390e-10 -1.39748931e-15  9.12126706e-16  2.47547513e-05 -2.12603376e-06 -7.37004809e-09  8.94372204e-10]
[ 5.94022559e-02 -2.71821777e-12 -3.98462512e-13  1.54194228e-11 -1.74387466e-10 -7.99283800e-16  8.66025063e-16  2.92734341e-05 -2.12652032e-06 -1.64523175e-08  8.98565526e-10]
@@@@@@@@@@@@@@@@@@@@@@@@@
@@@merging population@@@@
@@@@@@@@@@@@@@@@@@@@@@@@@
Population scores:
1432:[5.50396599e+11 1.48208976e+11]:[ 5.98451160e-02 -2.72351790e-12 -1.67680521e-13  1.47558623e-11 -1.84297976e-10 -1.32777884e-15  7.99637521e-16  2.50920909e-05 -2.13944473e-06 -9.91173792e-09  8.69015233e-10]:11.626758316739512
1175:[7.64544144e+11 7.80037122e+10]:[ 5.29386518e-02 -2.70888695e-12 -4.01311179e-13  2.65552121e-11 -1.77595146e-10 -1.49166597e-15  8.89646568e-16  3.18094952e-05 -2.14055331e-06 -1.24190588e-08  8.64237168e-10]:11.663018126614398
1557:[4.89764057e+11 2.31594433e+11]:[ 6.02103778e-02 -2.79054154e-12 -4.65731231e-13  1.69506316e-11 -1.66443206e-10 -8.41008090e-16  9.09358974e-16  3.14262828e-05 -2.12557603e-06 -1.58953555e-08  9.10171606e-10]:11.678041451189102
1234:[5.96725417e+11 2.00557474e+11]:[ 5.96374054e-02 -2.70677678e-12 -1.64451320e-13  1.48266082e-11 -1.79462927e-10 -1.32049880e-15  7.76330810e-16  2.38422653e-05 -2.13990288e-06 -9.55404616e-09  8.66805569e-10]:11.698031072612885
1559:[5.50524590e+11 2.31907018e+11]:[ 6.00729164e-02 -2.75545160e-12 -4.18682786e-13  2.14885142e-11 -1.84319685e-10 -1.33320881e-15  8.38826180e-16  2.68111502e-05 -2.13992044e-06 -1.02080145e-08  8.71375058e-10]:11.705152967531369
1558:[1.90606944e+12 2.61363643e+12]:[ 5.94022559e-02 -2.71821777e-12 -3.98462512e-13  1.54194228e-11 -1.74387466e-10 -7.99283800e-16  8.66025063e-16  2.92734341e-05 -2.12652032e-06 -1.64523175e-08  8.98565526e-10]:12.55226306905065
1552:[2.32158765e+12 3.46930294e+12]:[ 5.16208673e-02 -2.14256144e-12 -1.51830268e-13  4.99795048e-12 -1.80806644e-10 -1.08627033e-15  8.59901859e-16  3.48380663e-05 -2.19522412e-06 -1.05767506e-08  8.78068280e-10]:12.665590067022478
8:[2.03128028e+12 3.62497922e+12]:[0. 0. 0. 0. 0. 0. 0. 0. 0. 0. 0.]:12.666575947826004
1553:[1.74196439e+12 4.66943323e+12]:[ 6.22397716e-02 -2.55804744e-12 -2.49648263e-13  1.07057402e-11 -2.15209411e-10 -1.28537094e-15  7.19269204e-16  2.28141256e-05 -1.83511700e-06 -1.03767788e-08  8.40331623e-10]:12.743542329886722
1549:[2.43348677e+12 4.69078477e+12]:[ 6.95824542e-02 -3.36606067e-12 -2.32888267e-13  6.46496688e-12 -2.54060328e-10 -9.28952934e-16  7.79010041e-16  2.99494216e-05 -2.01568383e-06 -9.50058661e-09  8.29727413e-10]:12.771405799797169
1560:[2.60156934e+12 5.55751821e+12]:[ 6.02137905e-02 -2.79414221e-12 -3.55994697e-13  1.50866662e-11 -1.40122390e-10 -1.39748931e-15  9.12126706e-16  2.47547513e-05 -2.12603376e-06 -7.37004809e-09  8.94372204e-10]:12.836216660587306
1556:[1.31517312e+13 1.60578429e+13]:[ 5.09406617e-02 -1.90406060e-12 -3.89233934e-13  2.87096829e-11 -2.54123352e-10 -1.46505887e-15  8.61120009e-16  3.90633492e-05 -2.81541442e-06 -1.08571926e-08  9.21590398e-10]:13.354755718285237
1554:[1.53511639e+13 2.60163854e+13]:[ 6.38704087e-02 -2.09562344e-12 -7.99693999e-14  6.62977388e-12 -1.03603348e-10 -1.20341195e-15  7.82426167e-16  1.77648637e-05 -2.24618979e-06 -8.95875916e-09  7.85904123e-10]:13.527526371817324
1551:[2.83081724e+13 5.84172509e+13]:[ 6.34818915e-02 -3.49573936e-12 -8.73063735e-14  6.01667034e-12 -1.63754781e-10 -9.93354125e-16  6.91388216e-16  1.48926789e-05 -1.52177821e-06 -8.81357174e-09  9.25978923e-10]:13.860765124830277
1555:[6.05343572e+13 1.23348287e+14]:[ 5.65839580e-02 -1.83147989e-12 -4.63967470e-13  2.95968940e-11 -2.55750404e-10 -6.08478468e-16  9.06698916e-16  2.67783616e-05 -1.41939776e-06 -4.54498544e-09  7.97776696e-10]:14.186434942922618
1550:[6.84659614e+13 1.40220345e+14]:[ 5.96617501e-02 -1.79834699e-12 -2.32613079e-13  1.63098711e-11 -2.02840702e-10 -8.61614190e-16  8.58954016e-16  2.49877390e-05 -1.20034184e-06 -9.35962340e-09  8.49025117e-10]:14.241679253380624
Selected: [2 0]
***************
***CROSSOVER***
***************
parents:
1557[ 6.02103778e-02 -2.79054154e-12 -4.65731231e-13  1.69506316e-11 -1.66443206e-10 -8.41008090e-16  9.09358974e-16  3.14262828e-05 -2.12557603e-06 -1.58953555e-08  9.10171606e-10]
1432[ 5.98451160e-02 -2.72351790e-12 -1.67680521e-13  1.47558623e-11 -1.84297976e-10 -1.32777884e-15  7.99637521e-16  2.50920909e-05 -2.13944473e-06 -9.91173792e-09  8.69015233e-10]
children:
[ 6.00735870e-02 -2.74902186e-12 -4.70627467e-13  2.35617065e-11 -1.65951334e-10 -1.32357016e-15  8.13234350e-16  2.52108855e-05 -2.13585385e-06 -1.33201741e-08  8.79191920e-10]
[ 6.01382637e-02 -2.63094019e-12 -2.29340635e-13  1.46237128e-11 -1.70648857e-10 -9.99029524e-16  8.38796056e-16  3.05931353e-05 -2.13648925e-06 -1.28607972e-08  9.10760894e-10]
[ 6.10579676e-02 -2.71780479e-12 -2.74088532e-13  1.60942976e-11 -1.83573757e-10 -9.02737502e-16  8.06814186e-16  2.70857177e-05 -2.12553895e-06 -9.68380210e-09  9.05657408e-10]
@@@@@@@@@@@@@@@@@@@@@@@@@
@@@merging population@@@@
@@@@@@@@@@@@@@@@@@@@@@@@@
Population scores:
1432:[5.50396599e+11 1.48208976e+11]:[ 5.98451160e-02 -2.72351790e-12 -1.67680521e-13  1.47558623e-11 -1.84297976e-10 -1.32777884e-15  7.99637521e-16  2.50920909e-05 -2.13944473e-06 -9.91173792e-09  8.69015233e-10]:11.626758316739512
1175:[7.64544144e+11 7.80037122e+10]:[ 5.29386518e-02 -2.70888695e-12 -4.01311179e-13  2.65552121e-11 -1.77595146e-10 -1.49166597e-15  8.89646568e-16  3.18094952e-05 -2.14055331e-06 -1.24190588e-08  8.64237168e-10]:11.663018126614398
1557:[4.89764057e+11 2.31594433e+11]:[ 6.02103778e-02 -2.79054154e-12 -4.65731231e-13  1.69506316e-11 -1.66443206e-10 -8.41008090e-16  9.09358974e-16  3.14262828e-05 -2.12557603e-06 -1.58953555e-08  9.10171606e-10]:11.678041451189102
1234:[5.96725417e+11 2.00557474e+11]:[ 5.96374054e-02 -2.70677678e-12 -1.64451320e-13  1.48266082e-11 -1.79462927e-10 -1.32049880e-15  7.76330810e-16  2.38422653e-05 -2.13990288e-06 -9.55404616e-09  8.66805569e-10]:11.698031072612885
1559:[5.50524590e+11 2.31907018e+11]:[ 6.00729164e-02 -2.75545160e-12 -4.18682786e-13  2.14885142e-11 -1.84319685e-10 -1.33320881e-15  8.38826180e-16  2.68111502e-05 -2.13992044e-06 -1.02080145e-08  8.71375058e-10]:11.705152967531369
1562:[8.07276666e+11 1.29613676e+12]:[ 6.01382637e-02 -2.63094019e-12 -2.29340635e-13  1.46237128e-11 -1.70648857e-10 -9.99029524e-16  8.38796056e-16  3.05931353e-05 -2.13648925e-06 -1.28607972e-08  9.10760894e-10]:12.230391460050496
1558:[1.90606944e+12 2.61363643e+12]:[ 5.94022559e-02 -2.71821777e-12 -3.98462512e-13  1.54194228e-11 -1.74387466e-10 -7.99283800e-16  8.66025063e-16  2.92734341e-05 -2.12652032e-06 -1.64523175e-08  8.98565526e-10]:12.55226306905065
1561:[2.39586193e+12 3.05283022e+12]:[ 6.00735870e-02 -2.74902186e-12 -4.70627467e-13  2.35617065e-11 -1.65951334e-10 -1.32357016e-15  8.13234350e-16  2.52108855e-05 -2.13585385e-06 -1.33201741e-08  8.79191920e-10]:12.628466706307876
1552:[2.32158765e+12 3.46930294e+12]:[ 5.16208673e-02 -2.14256144e-12 -1.51830268e-13  4.99795048e-12 -1.80806644e-10 -1.08627033e-15  8.59901859e-16  3.48380663e-05 -2.19522412e-06 -1.05767506e-08  8.78068280e-10]:12.665590067022478
8:[2.03128028e+12 3.62497922e+12]:[0. 0. 0. 0. 0. 0. 0. 0. 0. 0. 0.]:12.666575947826004
1553:[1.74196439e+12 4.66943323e+12]:[ 6.22397716e-02 -2.55804744e-12 -2.49648263e-13  1.07057402e-11 -2.15209411e-10 -1.28537094e-15  7.19269204e-16  2.28141256e-05 -1.83511700e-06 -1.03767788e-08  8.40331623e-10]:12.743542329886722
1549:[2.43348677e+12 4.69078477e+12]:[ 6.95824542e-02 -3.36606067e-12 -2.32888267e-13  6.46496688e-12 -2.54060328e-10 -9.28952934e-16  7.79010041e-16  2.99494216e-05 -2.01568383e-06 -9.50058661e-09  8.29727413e-10]:12.771405799797169
1563:[2.37522979e+12 4.73093417e+12]:[ 6.10579676e-02 -2.71780479e-12 -2.74088532e-13  1.60942976e-11 -1.83573757e-10 -9.02737502e-16  8.06814186e-16  2.70857177e-05 -2.12553895e-06 -9.68380210e-09  9.05657408e-10]:12.772215252387694
1560:[2.60156934e+12 5.55751821e+12]:[ 6.02137905e-02 -2.79414221e-12 -3.55994697e-13  1.50866662e-11 -1.40122390e-10 -1.39748931e-15  9.12126706e-16  2.47547513e-05 -2.12603376e-06 -7.37004809e-09  8.94372204e-10]:12.836216660587306
1556:[1.31517312e+13 1.60578429e+13]:[ 5.09406617e-02 -1.90406060e-12 -3.89233934e-13  2.87096829e-11 -2.54123352e-10 -1.46505887e-15  8.61120009e-16  3.90633492e-05 -2.81541442e-06 -1.08571926e-08  9.21590398e-10]:13.354755718285237
Selected: [1 0]
***************
***CROSSOVER***
***************
parents:
1175[ 5.29386518e-02 -2.70888695e-12 -4.01311179e-13  2.65552121e-11 -1.77595146e-10 -1.49166597e-15  8.89646568e-16  3.18094952e-05 -2.14055331e-06 -1.24190588e-08  8.64237168e-10]
1432[ 5.98451160e-02 -2.72351790e-12 -1.67680521e-13  1.47558623e-11 -1.84297976e-10 -1.32777884e-15  7.99637521e-16  2.50920909e-05 -2.13944473e-06 -9.91173792e-09  8.69015233e-10]
children:
[ 5.35463187e-02 -2.74880050e-12 -3.89817422e-13  1.89153916e-11 -1.80638816e-10 -1.41717059e-15  8.02595768e-16  2.78231721e-05 -2.14061802e-06 -1.25705526e-08  8.74158375e-10]
[ 5.48444229e-02 -3.46593137e-12 -2.20015845e-13  2.43556336e-11 -1.82854377e-10 -1.39849946e-15  8.67948699e-16  3.23489730e-05 -2.14021167e-06 -9.39399315e-09  8.61429345e-10]
[ 5.94615329e-02 -2.71332342e-12 -1.69782282e-13  1.54505073e-11 -1.83115460e-10 -1.46828834e-15  7.97746346e-16  3.14042321e-05 -2.14046876e-06 -1.83644129e-08  8.55303772e-10]
@@@@@@@@@@@@@@@@@@@@@@@@@
@@@merging population@@@@
@@@@@@@@@@@@@@@@@@@@@@@@@
Population scores:
1432:[5.50396599e+11 1.48208976e+11]:[ 5.98451160e-02 -2.72351790e-12 -1.67680521e-13  1.47558623e-11 -1.84297976e-10 -1.32777884e-15  7.99637521e-16  2.50920909e-05 -2.13944473e-06 -9.91173792e-09  8.69015233e-10]:11.626758316739512
1175:[7.64544144e+11 7.80037122e+10]:[ 5.29386518e-02 -2.70888695e-12 -4.01311179e-13  2.65552121e-11 -1.77595146e-10 -1.49166597e-15  8.89646568e-16  3.18094952e-05 -2.14055331e-06 -1.24190588e-08  8.64237168e-10]:11.663018126614398
1557:[4.89764057e+11 2.31594433e+11]:[ 6.02103778e-02 -2.79054154e-12 -4.65731231e-13  1.69506316e-11 -1.66443206e-10 -8.41008090e-16  9.09358974e-16  3.14262828e-05 -2.12557603e-06 -1.58953555e-08  9.10171606e-10]:11.678041451189102
1234:[5.96725417e+11 2.00557474e+11]:[ 5.96374054e-02 -2.70677678e-12 -1.64451320e-13  1.48266082e-11 -1.79462927e-10 -1.32049880e-15  7.76330810e-16  2.38422653e-05 -2.13990288e-06 -9.55404616e-09  8.66805569e-10]:11.698031072612885
1559:[5.50524590e+11 2.31907018e+11]:[ 6.00729164e-02 -2.75545160e-12 -4.18682786e-13  2.14885142e-11 -1.84319685e-10 -1.33320881e-15  8.38826180e-16  2.68111502e-05 -2.13992044e-06 -1.02080145e-08  8.71375058e-10]:11.705152967531369
1564:[1.15079235e+12 7.81817010e+11]:[ 5.35463187e-02 -2.74880050e-12 -3.89817422e-13  1.89153916e-11 -1.80638816e-10 -1.41717059e-15  8.02595768e-16  2.78231721e-05 -2.14061802e-06 -1.25705526e-08  8.74158375e-10]:12.132648070221432
1562:[8.07276666e+11 1.29613676e+12]:[ 6.01382637e-02 -2.63094019e-12 -2.29340635e-13  1.46237128e-11 -1.70648857e-10 -9.99029524e-16  8.38796056e-16  3.05931353e-05 -2.13648925e-06 -1.28607972e-08  9.10760894e-10]:12.230391460050496
1558:[1.90606944e+12 2.61363643e+12]:[ 5.94022559e-02 -2.71821777e-12 -3.98462512e-13  1.54194228e-11 -1.74387466e-10 -7.99283800e-16  8.66025063e-16  2.92734341e-05 -2.12652032e-06 -1.64523175e-08  8.98565526e-10]:12.55226306905065
1561:[2.39586193e+12 3.05283022e+12]:[ 6.00735870e-02 -2.74902186e-12 -4.70627467e-13  2.35617065e-11 -1.65951334e-10 -1.32357016e-15  8.13234350e-16  2.52108855e-05 -2.13585385e-06 -1.33201741e-08  8.79191920e-10]:12.628466706307876
1552:[2.32158765e+12 3.46930294e+12]:[ 5.16208673e-02 -2.14256144e-12 -1.51830268e-13  4.99795048e-12 -1.80806644e-10 -1.08627033e-15  8.59901859e-16  3.48380663e-05 -2.19522412e-06 -1.05767506e-08  8.78068280e-10]:12.665590067022478
8:[2.03128028e+12 3.62497922e+12]:[0. 0. 0. 0. 0. 0. 0. 0. 0. 0. 0.]:12.666575947826004
1565:[2.24239785e+12 3.86601802e+12]:[ 5.48444229e-02 -3.46593137e-12 -2.20015845e-13  2.43556336e-11 -1.82854377e-10 -1.39849946e-15  8.67948699e-16  3.23489730e-05 -2.14021167e-06 -9.39399315e-09  8.61429345e-10]:12.69785826109447
1553:[1.74196439e+12 4.66943323e+12]:[ 6.22397716e-02 -2.55804744e-12 -2.49648263e-13  1.07057402e-11 -2.15209411e-10 -1.28537094e-15  7.19269204e-16  2.28141256e-05 -1.83511700e-06 -1.03767788e-08  8.40331623e-10]:12.743542329886722
1549:[2.43348677e+12 4.69078477e+12]:[ 6.95824542e-02 -3.36606067e-12 -2.32888267e-13  6.46496688e-12 -2.54060328e-10 -9.28952934e-16  7.79010041e-16  2.99494216e-05 -2.01568383e-06 -9.50058661e-09  8.29727413e-10]:12.771405799797169
1563:[2.37522979e+12 4.73093417e+12]:[ 6.10579676e-02 -2.71780479e-12 -2.74088532e-13  1.60942976e-11 -1.83573757e-10 -9.02737502e-16  8.06814186e-16  2.70857177e-05 -2.12553895e-06 -9.68380210e-09  9.05657408e-10]:12.772215252387694
1560:[2.60156934e+12 5.55751821e+12]:[ 6.02137905e-02 -2.79414221e-12 -3.55994697e-13  1.50866662e-11 -1.40122390e-10 -1.39748931e-15  9.12126706e-16  2.47547513e-05 -2.12603376e-06 -7.37004809e-09  8.94372204e-10]:12.836216660587306
1566:[1.01430815e+13 1.58851505e+13]:[ 5.94615329e-02 -2.71332342e-12 -1.69782282e-13  1.54505073e-11 -1.83115460e-10 -1.46828834e-15  7.97746346e-16  3.14042321e-05 -2.14046876e-06 -1.83644129e-08  8.55303772e-10]:13.321322715939063
Selected: [1 2]
***************
***CROSSOVER***
***************
parents:
1175[ 5.29386518e-02 -2.70888695e-12 -4.01311179e-13  2.65552121e-11 -1.77595146e-10 -1.49166597e-15  8.89646568e-16  3.18094952e-05 -2.14055331e-06 -1.24190588e-08  8.64237168e-10]
1557[ 6.02103778e-02 -2.79054154e-12 -4.65731231e-13  1.69506316e-11 -1.66443206e-10 -8.41008090e-16  9.09358974e-16  3.14262828e-05 -2.12557603e-06 -1.58953555e-08  9.10171606e-10]
children:
[ 5.51900229e-02 -2.70948453e-12 -4.17013045e-13  2.17462554e-11 -1.44456934e-10 -8.42122093e-16  9.02752861e-16  3.14637129e-05 -1.53734130e-06 -1.57505103e-08  8.73253104e-10]
[ 6.04056029e-02 -2.79098910e-12 -4.17783426e-13  2.52639027e-11 -1.06696762e-10 -8.95192761e-16  8.98718069e-16  3.14087069e-05 -1.26895321e-06 -1.38887064e-08  8.80467644e-10]
[ 6.14914478e-02 -2.76354192e-12 -4.48484863e-13  2.98503350e-11 -1.73897887e-10 -1.02239680e-15  8.94112246e-16  3.22499286e-05 -2.10913680e-06 -7.49892634e-09  9.49557020e-10]
@@@@@@@@@@@@@@@@@@@@@@@@@
@@@merging population@@@@
@@@@@@@@@@@@@@@@@@@@@@@@@
Population scores:
1432:[5.50396599e+11 1.48208976e+11]:[ 5.98451160e-02 -2.72351790e-12 -1.67680521e-13  1.47558623e-11 -1.84297976e-10 -1.32777884e-15  7.99637521e-16  2.50920909e-05 -2.13944473e-06 -9.91173792e-09  8.69015233e-10]:11.626758316739512
1175:[7.64544144e+11 7.80037122e+10]:[ 5.29386518e-02 -2.70888695e-12 -4.01311179e-13  2.65552121e-11 -1.77595146e-10 -1.49166597e-15  8.89646568e-16  3.18094952e-05 -2.14055331e-06 -1.24190588e-08  8.64237168e-10]:11.663018126614398
1557:[4.89764057e+11 2.31594433e+11]:[ 6.02103778e-02 -2.79054154e-12 -4.65731231e-13  1.69506316e-11 -1.66443206e-10 -8.41008090e-16  9.09358974e-16  3.14262828e-05 -2.12557603e-06 -1.58953555e-08  9.10171606e-10]:11.678041451189102
1234:[5.96725417e+11 2.00557474e+11]:[ 5.96374054e-02 -2.70677678e-12 -1.64451320e-13  1.48266082e-11 -1.79462927e-10 -1.32049880e-15  7.76330810e-16  2.38422653e-05 -2.13990288e-06 -9.55404616e-09  8.66805569e-10]:11.698031072612885
1559:[5.50524590e+11 2.31907018e+11]:[ 6.00729164e-02 -2.75545160e-12 -4.18682786e-13  2.14885142e-11 -1.84319685e-10 -1.33320881e-15  8.38826180e-16  2.68111502e-05 -2.13992044e-06 -1.02080145e-08  8.71375058e-10]:11.705152967531369
1564:[1.15079235e+12 7.81817010e+11]:[ 5.35463187e-02 -2.74880050e-12 -3.89817422e-13  1.89153916e-11 -1.80638816e-10 -1.41717059e-15  8.02595768e-16  2.78231721e-05 -2.14061802e-06 -1.25705526e-08  8.74158375e-10]:12.132648070221432
1562:[8.07276666e+11 1.29613676e+12]:[ 6.01382637e-02 -2.63094019e-12 -2.29340635e-13  1.46237128e-11 -1.70648857e-10 -9.99029524e-16  8.38796056e-16  3.05931353e-05 -2.13648925e-06 -1.28607972e-08  9.10760894e-10]:12.230391460050496
1558:[1.90606944e+12 2.61363643e+12]:[ 5.94022559e-02 -2.71821777e-12 -3.98462512e-13  1.54194228e-11 -1.74387466e-10 -7.99283800e-16  8.66025063e-16  2.92734341e-05 -2.12652032e-06 -1.64523175e-08  8.98565526e-10]:12.55226306905065
1561:[2.39586193e+12 3.05283022e+12]:[ 6.00735870e-02 -2.74902186e-12 -4.70627467e-13  2.35617065e-11 -1.65951334e-10 -1.32357016e-15  8.13234350e-16  2.52108855e-05 -2.13585385e-06 -1.33201741e-08  8.79191920e-10]:12.628466706307876
1552:[2.32158765e+12 3.46930294e+12]:[ 5.16208673e-02 -2.14256144e-12 -1.51830268e-13  4.99795048e-12 -1.80806644e-10 -1.08627033e-15  8.59901859e-16  3.48380663e-05 -2.19522412e-06 -1.05767506e-08  8.78068280e-10]:12.665590067022478
8:[2.03128028e+12 3.62497922e+12]:[0. 0. 0. 0. 0. 0. 0. 0. 0. 0. 0.]:12.666575947826004
1565:[2.24239785e+12 3.86601802e+12]:[ 5.48444229e-02 -3.46593137e-12 -2.20015845e-13  2.43556336e-11 -1.82854377e-10 -1.39849946e-15  8.67948699e-16  3.23489730e-05 -2.14021167e-06 -9.39399315e-09  8.61429345e-10]:12.69785826109447
1563:[2.37522979e+12 4.73093417e+12]:[ 6.10579676e-02 -2.71780479e-12 -2.74088532e-13  1.60942976e-11 -1.83573757e-10 -9.02737502e-16  8.06814186e-16  2.70857177e-05 -2.12553895e-06 -9.68380210e-09  9.05657408e-10]:12.772215252387694
1560:[2.60156934e+12 5.55751821e+12]:[ 6.02137905e-02 -2.79414221e-12 -3.55994697e-13  1.50866662e-11 -1.40122390e-10 -1.39748931e-15  9.12126706e-16  2.47547513e-05 -2.12603376e-06 -7.37004809e-09  8.94372204e-10]:12.836216660587306
1566:[1.01430815e+13 1.58851505e+13]:[ 5.94615329e-02 -2.71332342e-12 -1.69782282e-13  1.54505073e-11 -1.83115460e-10 -1.46828834e-15  7.97746346e-16  3.14042321e-05 -2.14046876e-06 -1.83644129e-08  8.55303772e-10]:13.321322715939063
1567:[1.73978321e+13 3.74629456e+13]:[ 5.51900229e-02 -2.70948453e-12 -4.17013045e-13  2.17462554e-11 -1.44456934e-10 -8.42122093e-16  9.02752861e-16  3.14637129e-05 -1.53734130e-06 -1.57505103e-08  8.73253104e-10]:13.664283315198121
1569:[1.91902946e+13 3.91798475e+13]:[ 6.14914478e-02 -2.76354192e-12 -4.48484863e-13  2.98503350e-11 -1.73897887e-10 -1.02239680e-15  8.94112246e-16  3.22499286e-05 -2.10913680e-06 -7.49892634e-09  9.49557020e-10]:13.688197232027465
1568:[5.65539579e+13 1.16953774e+14]:[ 6.04056029e-02 -2.79098910e-12 -4.17783426e-13  2.52639027e-11 -1.06696762e-10 -8.95192761e-16  8.98718069e-16  3.14087069e-05 -1.26895321e-06 -1.38887064e-08  8.80467644e-10]:14.162058590243493
Population scores:
1432:[5.50396599e+11 1.48208976e+11]:[ 5.98451160e-02 -2.72351790e-12 -1.67680521e-13  1.47558623e-11 -1.84297976e-10 -1.32777884e-15  7.99637521e-16  2.50920909e-05 -2.13944473e-06 -9.91173792e-09  8.69015233e-10]:11.626758316739512
1175:[7.64544144e+11 7.80037122e+10]:[ 5.29386518e-02 -2.70888695e-12 -4.01311179e-13  2.65552121e-11 -1.77595146e-10 -1.49166597e-15  8.89646568e-16  3.18094952e-05 -2.14055331e-06 -1.24190588e-08  8.64237168e-10]:11.663018126614398
1557:[4.89764057e+11 2.31594433e+11]:[ 6.02103778e-02 -2.79054154e-12 -4.65731231e-13  1.69506316e-11 -1.66443206e-10 -8.41008090e-16  9.09358974e-16  3.14262828e-05 -2.12557603e-06 -1.58953555e-08  9.10171606e-10]:11.678041451189102
1234:[5.96725417e+11 2.00557474e+11]:[ 5.96374054e-02 -2.70677678e-12 -1.64451320e-13  1.48266082e-11 -1.79462927e-10 -1.32049880e-15  7.76330810e-16  2.38422653e-05 -2.13990288e-06 -9.55404616e-09  8.66805569e-10]:11.698031072612885
1559:[5.50524590e+11 2.31907018e+11]:[ 6.00729164e-02 -2.75545160e-12 -4.18682786e-13  2.14885142e-11 -1.84319685e-10 -1.33320881e-15  8.38826180e-16  2.68111502e-05 -2.13992044e-06 -1.02080145e-08  8.71375058e-10]:11.705152967531369
1564:[1.15079235e+12 7.81817010e+11]:[ 5.35463187e-02 -2.74880050e-12 -3.89817422e-13  1.89153916e-11 -1.80638816e-10 -1.41717059e-15  8.02595768e-16  2.78231721e-05 -2.14061802e-06 -1.25705526e-08  8.74158375e-10]:12.132648070221432
1562:[8.07276666e+11 1.29613676e+12]:[ 6.01382637e-02 -2.63094019e-12 -2.29340635e-13  1.46237128e-11 -1.70648857e-10 -9.99029524e-16  8.38796056e-16  3.05931353e-05 -2.13648925e-06 -1.28607972e-08  9.10760894e-10]:12.230391460050496
1558:[1.90606944e+12 2.61363643e+12]:[ 5.94022559e-02 -2.71821777e-12 -3.98462512e-13  1.54194228e-11 -1.74387466e-10 -7.99283800e-16  8.66025063e-16  2.92734341e-05 -2.12652032e-06 -1.64523175e-08  8.98565526e-10]:12.55226306905065
1561:[2.39586193e+12 3.05283022e+12]:[ 6.00735870e-02 -2.74902186e-12 -4.70627467e-13  2.35617065e-11 -1.65951334e-10 -1.32357016e-15  8.13234350e-16  2.52108855e-05 -2.13585385e-06 -1.33201741e-08  8.79191920e-10]:12.628466706307876
1552:[2.32158765e+12 3.46930294e+12]:[ 5.16208673e-02 -2.14256144e-12 -1.51830268e-13  4.99795048e-12 -1.80806644e-10 -1.08627033e-15  8.59901859e-16  3.48380663e-05 -2.19522412e-06 -1.05767506e-08  8.78068280e-10]:12.665590067022478
8:[2.03128028e+12 3.62497922e+12]:[0. 0. 0. 0. 0. 0. 0. 0. 0. 0. 0.]:12.666575947826004
1565:[2.24239785e+12 3.86601802e+12]:[ 5.48444229e-02 -3.46593137e-12 -2.20015845e-13  2.43556336e-11 -1.82854377e-10 -1.39849946e-15  8.67948699e-16  3.23489730e-05 -2.14021167e-06 -9.39399315e-09  8.61429345e-10]:12.69785826109447
%%%%%%%%%%%%%%%%%%%%%%%%%
%%%final - population%%%%
%%%%%%%%%%%%%%%%%%%%%%%%%
1432:[5.50396599e+11 1.48208976e+11]:[ 5.98451160e-02 -2.72351790e-12 -1.67680521e-13  1.47558623e-11 -1.84297976e-10 -1.32777884e-15  7.99637521e-16  2.50920909e-05 -2.13944473e-06 -9.91173792e-09  8.69015233e-10]
1175:[7.64544144e+11 7.80037122e+10]:[ 5.29386518e-02 -2.70888695e-12 -4.01311179e-13  2.65552121e-11 -1.77595146e-10 -1.49166597e-15  8.89646568e-16  3.18094952e-05 -2.14055331e-06 -1.24190588e-08  8.64237168e-10]
1557:[4.89764057e+11 2.31594433e+11]:[ 6.02103778e-02 -2.79054154e-12 -4.65731231e-13  1.69506316e-11 -1.66443206e-10 -8.41008090e-16  9.09358974e-16  3.14262828e-05 -2.12557603e-06 -1.58953555e-08  9.10171606e-10]
1234:[5.96725417e+11 2.00557474e+11]:[ 5.96374054e-02 -2.70677678e-12 -1.64451320e-13  1.48266082e-11 -1.79462927e-10 -1.32049880e-15  7.76330810e-16  2.38422653e-05 -2.13990288e-06 -9.55404616e-09  8.66805569e-10]
1559:[5.50524590e+11 2.31907018e+11]:[ 6.00729164e-02 -2.75545160e-12 -4.18682786e-13  2.14885142e-11 -1.84319685e-10 -1.33320881e-15  8.38826180e-16  2.68111502e-05 -2.13992044e-06 -1.02080145e-08  8.71375058e-10]
1564:[1.15079235e+12 7.81817010e+11]:[ 5.35463187e-02 -2.74880050e-12 -3.89817422e-13  1.89153916e-11 -1.80638816e-10 -1.41717059e-15  8.02595768e-16  2.78231721e-05 -2.14061802e-06 -1.25705526e-08  8.74158375e-10]
1562:[8.07276666e+11 1.29613676e+12]:[ 6.01382637e-02 -2.63094019e-12 -2.29340635e-13  1.46237128e-11 -1.70648857e-10 -9.99029524e-16  8.38796056e-16  3.05931353e-05 -2.13648925e-06 -1.28607972e-08  9.10760894e-10]
1558:[1.90606944e+12 2.61363643e+12]:[ 5.94022559e-02 -2.71821777e-12 -3.98462512e-13  1.54194228e-11 -1.74387466e-10 -7.99283800e-16  8.66025063e-16  2.92734341e-05 -2.12652032e-06 -1.64523175e-08  8.98565526e-10]
1561:[2.39586193e+12 3.05283022e+12]:[ 6.00735870e-02 -2.74902186e-12 -4.70627467e-13  2.35617065e-11 -1.65951334e-10 -1.32357016e-15  8.13234350e-16  2.52108855e-05 -2.13585385e-06 -1.33201741e-08  8.79191920e-10]
1552:[2.32158765e+12 3.46930294e+12]:[ 5.16208673e-02 -2.14256144e-12 -1.51830268e-13  4.99795048e-12 -1.80806644e-10 -1.08627033e-15  8.59901859e-16  3.48380663e-05 -2.19522412e-06 -1.05767506e-08  8.78068280e-10]
8:[2.03128028e+12 3.62497922e+12]:[0. 0. 0. 0. 0. 0. 0. 0. 0. 0. 0.]
1565:[2.24239785e+12 3.86601802e+12]:[ 5.48444229e-02 -3.46593137e-12 -2.20015845e-13  2.43556336e-11 -1.82854377e-10 -1.39849946e-15  8.67948699e-16  3.23489730e-05 -2.14021167e-06 -9.39399315e-09  8.61429345e-10]
