Generating Population from
[ 5.74364843e-02 -2.75358909e-12 -4.39439898e-13  3.54566964e-11 -1.18553218e-10 -1.58030604e-15  8.41811506e-16  3.18072727e-05 -2.14001173e-06 -1.30930188e-08  8.75713826e-10]
[ 4.66780489e-02 -2.69032026e-12 -4.66648737e-13  5.07585325e-11 -2.03617388e-10 -1.47765832e-15  8.16263145e-16  3.49418259e-05 -2.14160601e-06 -1.27650081e-08  8.44644796e-10]
*******************************
***iteration: 0 Population is***
*******************************
Population scores:
733:[9.89670460e+11 6.57745331e+10]:[ 4.66780489e-02 -2.69032026e-12 -4.66648737e-13  5.07585325e-11 -2.03617388e-10 -1.47765832e-15  8.16263145e-16  3.49418259e-05 -2.14160601e-06 -1.27650081e-08  8.44644796e-10]:10.26564501700702
664:[7.48661451e+11 9.75603925e+10]:[ 5.74364843e-02 -2.75358909e-12 -4.39439898e-13  3.54566964e-11 -1.18553218e-10 -1.58030604e-15  8.41811506e-16  3.18072727e-05 -2.14001173e-06 -1.30930188e-08  8.75713826e-10]:10.44244248476384
820:[3.31538414e+12 2.01992776e+12]:[ 6.08353445e-02 -2.42265383e-12 -4.67859532e-13  3.02685648e-11 -1.20143119e-10 -2.54790624e-15  8.68408803e-16  2.42337889e-05 -2.60627791e-06 -5.71261857e-09  9.69488382e-10]:11.728743945747949
821:[5.19883413e+12 5.82959535e+12]:[ 6.51096114e-02 -2.85027554e-12 -4.95029017e-13  3.27705744e-11 -2.09316980e-10 -8.18654803e-16  7.98405382e-16  3.61811923e-05 -2.45990799e-06 -5.27167120e-09  8.83638350e-10]:12.180049299846276
819:[3.16283794e+12 8.30859811e+12]:[ 6.52111851e-02 -2.57635416e-12 -3.82858989e-13  3.28628665e-11 -2.94478370e-11 -1.61254985e-15  8.72177436e-16  3.16213789e-05 -1.42773523e-06 -2.09165877e-08  8.34477913e-10]:12.343877936030134
824:[1.64933713e+13 3.44908566e+13]:[ 5.32167300e-02 -2.54717255e-12 -5.45054994e-13  5.13237537e-11 -2.83362533e-10 -2.04103118e-15  9.16235030e-16  4.15965765e-05 -2.19852153e-06 -7.74695103e-09  9.14743066e-10]:12.929024386597073
826:[2.76971851e+13 4.77943379e+13]:[ 5.58431000e-02 -2.58544064e-12 -4.47302192e-13  5.08464825e-11 -2.83993554e-10 -1.38744820e-15  8.25112207e-16  3.16390079e-05 -2.06645017e-06 -2.22529794e-08  8.00333405e-10]:13.060329411558278
825:[3.71751295e+13 6.30711708e+13]:[ 4.39563318e-02 -2.52077419e-12 -3.98138475e-13  4.81682911e-11 -1.60091932e-10 -1.44407739e-15  8.37332110e-16  2.66915812e-05 -2.74655439e-06 -1.00011163e-08  8.50553432e-10]:13.174897671305072
828:[1.02457182e+14 2.09180434e+14]:[ 4.54043436e-02  2.09810213e-12 -1.08987572e-12  3.23681535e-11 -1.79380390e-10 -3.37751355e-15 -5.24143305e-16  4.16046585e-05 -3.49188205e-06 -9.50424338e-09  1.82616041e-09]:13.675311737857273
827:[6.95593943e+14 1.35694471e+15]:[ 5.27930621e-02 -6.19089377e-12  1.08915319e-13  1.59681649e-10 -2.25141957e-10 -1.46872952e-15  1.90272295e-15  6.71475531e-05 -2.92352317e-06 -1.69176076e-08  2.23506866e-09]:14.449046409259127
822:[7.74615219e+14 1.50529152e+15]:[-8.78658822e-03 -3.83849409e-12 -2.45102220e-13  1.34476796e-10 -7.81419498e-12 -1.52054649e-15 -1.95657255e-16 -4.35754505e-06 -4.15079407e-06 -2.55450841e-08  1.00767118e-09]:14.491952863882302
823:[1.43354582e+15 2.64909596e+15]:[-6.43491132e-02 -2.76327797e-12 -4.62343574e-13  9.37765384e-11 -6.91904310e-11 -3.82265010e-15  6.66050813e-16  4.28923211e-05 -4.48274326e-06 -2.25765787e-08  2.72459759e-10]:14.725119143728335
Selected: [1 0]
***************
***CROSSOVER***
***************
Population scores:
733:[9.89670460e+11 6.57745331e+10]:[ 4.66780489e-02 -2.69032026e-12 -4.66648737e-13  5.07585325e-11 -2.03617388e-10 -1.47765832e-15  8.16263145e-16  3.49418259e-05 -2.14160601e-06 -1.27650081e-08  8.44644796e-10]:10.26564501700702
664:[7.48661451e+11 9.75603925e+10]:[ 5.74364843e-02 -2.75358909e-12 -4.39439898e-13  3.54566964e-11 -1.18553218e-10 -1.58030604e-15  8.41811506e-16  3.18072727e-05 -2.14001173e-06 -1.30930188e-08  8.75713826e-10]:10.44244248476384
&&&&&&&&&&&&&&&&&&&&&&&&
&&TOURNAMENT SELECTION&&
&&&&&&&&&&&&&&&&&&&&&&&&
parents:
[ 5.74364843e-02 -2.75358909e-12 -4.39439898e-13  3.54566964e-11 -1.18553218e-10 -1.58030604e-15  8.41811506e-16  3.18072727e-05 -2.14001173e-06 -1.30930188e-08  8.75713826e-10]
[ 4.66780489e-02 -2.69032026e-12 -4.66648737e-13  5.07585325e-11 -2.03617388e-10 -1.47765832e-15  8.16263145e-16  3.49418259e-05 -2.14160601e-06 -1.27650081e-08  8.44644796e-10]
children:
[ 4.54741246e-02 -2.72359987e-12 -4.44652680e-13  4.14360468e-11 -8.66710911e-11 -1.49246399e-15  8.13799254e-16  3.33055513e-05 -2.14084218e-06 -1.29875400e-08  8.49533842e-10]
[ 5.58500706e-02 -2.72028128e-12 -4.64590694e-13  4.84091961e-11 -1.32939876e-10 -1.52064366e-15  7.61618334e-16  3.32829553e-05 -2.14028398e-06 -1.27676473e-08  8.75390333e-10]
[ 5.23601374e-02 -2.69345818e-12 -4.05415028e-13  4.38949938e-11 -1.32025019e-10 -1.43336644e-15  8.28282678e-16  3.45903056e-05 -2.21312073e-06 -1.29186479e-08  8.64630850e-10]
[ 5.06905357e-02 -2.71852401e-12 -4.48084799e-13  3.63175110e-11 -1.23774191e-10 -1.40996967e-15  8.17407848e-16  3.54498367e-05 -2.15493410e-06 -4.01263337e-09  7.91372128e-10]
Population scores:
733:[9.89670460e+11 6.57745331e+10]:[ 4.66780489e-02 -2.69032026e-12 -4.66648737e-13  5.07585325e-11 -2.03617388e-10 -1.47765832e-15  8.16263145e-16  3.49418259e-05 -2.14160601e-06 -1.27650081e-08  8.44644796e-10]:10.26564501700702
664:[7.48661451e+11 9.75603925e+10]:[ 5.74364843e-02 -2.75358909e-12 -4.39439898e-13  3.54566964e-11 -1.18553218e-10 -1.58030604e-15  8.41811506e-16  3.18072727e-05 -2.14001173e-06 -1.30930188e-08  8.75713826e-10]:10.44244248476384
829:[1.10173633e+12 2.23754794e+11]:[ 4.54741246e-02 -2.72359987e-12 -4.44652680e-13  4.14360468e-11 -8.66710911e-11 -1.49246399e-15  8.13799254e-16  3.33055513e-05 -2.14084218e-06 -1.29875400e-08  8.49533842e-10]:10.795214177550815
831:[1.33387197e+12 2.74049373e+11]:[ 5.23601374e-02 -2.69345818e-12 -4.05415028e-13  4.38949938e-11 -1.32025019e-10 -1.43336644e-15  8.28282678e-16  3.45903056e-05 -2.21312073e-06 -1.29186479e-08  8.64630850e-10]:10.87944667150029
830:[7.11294291e+11 3.08233997e+11]:[ 5.58500706e-02 -2.72028128e-12 -4.64590694e-13  4.84091961e-11 -1.32939876e-10 -1.52064366e-15  7.61618334e-16  3.32829553e-05 -2.14028398e-06 -1.27676473e-08  8.75390333e-10]:10.943073495900528
832:[8.09882771e+12 1.44450842e+13]:[ 5.06905357e-02 -2.71852401e-12 -4.48084799e-13  3.63175110e-11 -1.23774191e-10 -1.40996967e-15  8.17407848e-16  3.54498367e-05 -2.15493410e-06 -4.01263337e-09  7.91372128e-10]:12.565265270301536
Selected for new population:
[ 4.66780489e-02 -2.69032026e-12 -4.66648737e-13  5.07585325e-11 -2.03617388e-10 -1.47765832e-15  8.16263145e-16  3.49418259e-05 -2.14160601e-06 -1.27650081e-08  8.44644796e-10]
[ 5.74364843e-02 -2.75358909e-12 -4.39439898e-13  3.54566964e-11 -1.18553218e-10 -1.58030604e-15  8.41811506e-16  3.18072727e-05 -2.14001173e-06 -1.30930188e-08  8.75713826e-10]
[ 4.54741246e-02 -2.72359987e-12 -4.44652680e-13  4.14360468e-11 -8.66710911e-11 -1.49246399e-15  8.13799254e-16  3.33055513e-05 -2.14084218e-06 -1.29875400e-08  8.49533842e-10]
Generating Population from
[ 5.74364843e-02 -2.75358909e-12 -4.39439898e-13  3.54566964e-11 -1.18553218e-10 -1.58030604e-15  8.41811506e-16  3.18072727e-05 -2.14001173e-06 -1.30930188e-08  8.75713826e-10]
[ 4.66780489e-02 -2.69032026e-12 -4.66648737e-13  5.07585325e-11 -2.03617388e-10 -1.47765832e-15  8.16263145e-16  3.49418259e-05 -2.14160601e-06 -1.27650081e-08  8.44644796e-10]
%%%%%%%%%%%%%%%%%%%%%%%%%
%%%final - population%%%%
%%%%%%%%%%%%%%%%%%%%%%%%%
None:[ 5.82423172e-02 -2.74994286e-12 -4.40711754e-13  3.55076946e-11 -1.20865212e-10 -1.55405846e-15  8.38217962e-16  3.26563098e-05 -2.20758644e-06 -1.36298229e-08  8.77370224e-10]:[1.77310343e+12 1.11713854e+12]
None:[ 5.81347794e-02 -2.66631415e-12 -4.47615927e-13  3.64342559e-11 -1.25356561e-10 -1.55889114e-15  8.43673145e-16  3.21781895e-05 -2.21611764e-06 -1.24178759e-08  8.67481925e-10]:[1.60753431e+12 7.35022020e+11]
None:[ 5.66470747e-02 -2.67261937e-12 -4.46103341e-13  3.58606767e-11 -1.11035591e-10 -1.54795000e-15  8.50712571e-16  3.26862825e-05 -2.16236751e-06 -1.31088860e-08  8.79543243e-10]:[7.88345471e+11 8.28344080e+10]
None:[ 5.74364843e-02 -1.89915374e-01  6.48695774e-01  3.54566964e-11 -3.36874726e-01  5.90240767e-01  8.41811506e-16  3.18072727e-05  1.69788424e+00 -1.07371043e+00  8.75713826e-10]:[1.27724175e+41 1.29972846e+41]
None:[ 5.74364843e-02  3.96306113e-01 -3.99596369e-01  3.54566964e-11  2.18084952e+00  3.06807152e-01  8.41811506e-16  3.18072727e-05  1.59386648e-01  2.01826399e-01  8.75713826e-10]:[3.45101650e+40 3.51177787e+40]
664:[ 5.74364843e-02 -2.75358909e-12 -4.39439898e-13  3.54566964e-11 -1.18553218e-10 -1.58030604e-15  8.41811506e-16  3.18072727e-05 -2.14001173e-06 -1.30930188e-08  8.75713826e-10]:[7.48661451e+11 9.75603925e+10]
None:[ 4.60623861e-02 -2.59779581e-12 -4.66080503e-13  4.98724574e-11 -1.94109927e-10 -1.56991729e-15  8.10744938e-16  3.51671360e-05 -2.22219043e-06 -1.28085009e-08  8.46810456e-10]:[2.08172480e+12 9.63170355e+11]
None:[ 4.68211799e-02 -2.70081199e-12 -4.59957582e-13  5.09038918e-11 -1.99376905e-10 -1.53613547e-15  8.07413779e-16  3.50209103e-05 -2.14432716e-06 -1.19958651e-08  8.45272007e-10]:[9.96673958e+11 2.89701874e+11]
None:[ 4.62142413e-02 -2.59506118e-12 -4.67319841e-13  5.06987308e-11 -2.05607085e-10 -1.47696802e-15  8.08434643e-16  3.58254144e-05 -2.05353777e-06 -1.19894842e-08  8.46034364e-10]:[1.93979617e+12 3.62868160e+12]
None:[ 4.66780489e-02 -1.34404266e+00  4.39631779e-01  5.07585325e-11  9.35838819e-02 -2.17647640e-01  8.16263145e-16  3.49418259e-05 -4.17657665e-01  1.90603677e-01  8.44644796e-10]:[1.73669339e+40 1.76726979e+40]
None:[ 4.66780489e-02 -8.24182653e-01 -2.08478108e+00  5.07585325e-11  3.50442443e-01  4.14328771e-01  8.16263145e-16  3.49418259e-05 -6.59075396e-01 -1.72846432e+00  8.44644796e-10]:[6.29366331e+40 6.40446033e+40]
733:[ 4.66780489e-02 -2.69032026e-12 -4.66648737e-13  5.07585325e-11 -2.03617388e-10 -1.47765832e-15  8.16263145e-16  3.49418259e-05 -2.14160601e-06 -1.27650081e-08  8.44644796e-10]:[9.89670460e+11 6.57745331e+10]
