Generating Population from
[ 5.74364843e-02 -2.75358909e-12 -4.39439898e-13  3.54566964e-11 -1.18553218e-10 -1.58030604e-15  8.41811506e-16  3.18072727e-05 -2.14001173e-06 -1.30930188e-08  8.75713826e-10]
[ 4.66780489e-02 -2.69032026e-12 -4.66648737e-13  5.07585325e-11 -2.03617388e-10 -1.47765832e-15  8.16263145e-16  3.49418259e-05 -2.14160601e-06 -1.27650081e-08  8.44644796e-10]
*******************************
***iteration: 0 Population is***
*******************************
Population scores:
733:[9.89670460e+11 6.57745331e+10]:[ 4.66780489e-02 -2.69032026e-12 -4.66648737e-13  5.07585325e-11 -2.03617388e-10 -1.47765832e-15  8.16263145e-16  3.49418259e-05 -2.14160601e-06 -1.27650081e-08  8.44644796e-10]:10.26564501700702
843:[5.85848823e+11 8.90758694e+10]:[ 5.78450405e-02 -2.76113636e-12 -4.36398702e-13  3.55757835e-11 -1.12151305e-10 -1.63762200e-15  8.39880854e-16  3.14946838e-05 -2.08975236e-06 -1.31397463e-08  8.65906631e-10]:10.407833517533785
845:[8.71436261e+11 9.80094134e+10]:[ 5.72289282e-02 -2.84274658e-12 -4.48664798e-13  3.53075185e-11 -1.17026166e-10 -1.61694786e-15  8.41735066e-16  3.19106877e-05 -2.15458369e-06 -1.23445173e-08  8.66297206e-10]:10.441399618838664
664:[7.48661451e+11 9.75603925e+10]:[ 5.74364843e-02 -2.75358909e-12 -4.39439898e-13  3.54566964e-11 -1.18553218e-10 -1.58030604e-15  8.41811506e-16  3.18072727e-05 -2.14001173e-06 -1.30930188e-08  8.75713826e-10]:10.44244248476384
849:[1.09430659e+12 1.33894670e+11]:[ 4.74149898e-02 -2.74826626e-12 -4.61101889e-13  5.15168010e-11 -2.00960202e-10 -1.55598021e-15  8.25026183e-16  3.51108122e-05 -2.15294067e-06 -1.17750022e-08  8.36492548e-10]:10.572340450171941
850:[6.95642108e+11 2.47265739e+11]:[ 4.61272337e-02 -2.74541358e-12 -4.63381984e-13  5.13799313e-11 -2.08041099e-10 -1.48887969e-15  8.24557617e-16  3.43786975e-05 -2.05489085e-06 -1.31839113e-08  8.34708051e-10]:10.847801921202118
844:[6.06372510e+11 2.58077052e+11]:[ 5.67990346e-02 -2.71088601e-12 -4.40221644e-13  3.54294898e-11 -1.28338281e-10 -1.51743347e-15  8.47993579e-16  3.10563364e-05 -2.12928192e-06 -1.21495377e-08  8.75480094e-10]:10.869134181876094
848:[2.47738011e+12 1.92904956e+12]:[ 4.67898491e-02 -2.77828018e-12 -4.66194831e-13  5.02422762e-11 -1.95123769e-10 -1.38795868e-15  8.21719191e-16  3.42956974e-05 -2.19762842e-06 -1.37618778e-08  8.46086538e-10]:11.71457893111676
847:[6.24383708e+40 6.35377212e+40]:[ 5.74364843e-02  8.28635574e-01 -1.23254691e+00  3.54566964e-11 -2.93875350e-01 -4.12684012e-01  8.41811506e-16  3.18072727e-05 -1.03028602e+00 -3.99238306e-01  8.75713826e-10]:38.924331661815216
852:[1.80140437e+41 1.83312144e+41]:[ 4.66780489e-02  8.35242577e-01  5.45944947e-01  5.07585325e-11 -1.32587501e+00 -7.00966939e-01  8.16263145e-16  3.49418259e-05  3.59327646e-01 -5.55573973e-01  8.44644796e-10]:39.36330012820364
851:[1.96938470e+41 2.00405779e+41]:[ 4.66780489e-02  1.22550609e+00  3.89324331e-01  5.07585325e-11 -3.41006148e-01  7.32921898e-01  8.16263145e-16  3.49418259e-05 -5.92977707e-01 -6.79930212e-01  8.44644796e-10]:39.400236042344936
846:[6.34614077e+41 6.45787499e+41]:[ 5.74364843e-02 -4.63405640e-01  8.78060970e-01  3.54566964e-11  9.06464203e-01  1.31566982e+00  8.41811506e-16  3.18072727e-05  2.23212415e+00  3.72828420e-01  8.75713826e-10]:39.8850129199958
Selected: [3 6]
***************
***CROSSOVER***
***************
Population scores:
664:[7.48661451e+11 9.75603925e+10]:[ 5.74364843e-02 -2.75358909e-12 -4.39439898e-13  3.54566964e-11 -1.18553218e-10 -1.58030604e-15  8.41811506e-16  3.18072727e-05 -2.14001173e-06 -1.30930188e-08  8.75713826e-10]:10.44244248476384
844:[6.06372510e+11 2.58077052e+11]:[ 5.67990346e-02 -2.71088601e-12 -4.40221644e-13  3.54294898e-11 -1.28338281e-10 -1.51743347e-15  8.47993579e-16  3.10563364e-05 -2.12928192e-06 -1.21495377e-08  8.75480094e-10]:10.869134181876094
&&&&&&&&&&&&&&&&&&&&&&&&
&&TOURNAMENT SELECTION&&
&&&&&&&&&&&&&&&&&&&&&&&&
parents:
[ 5.74364843e-02 -2.75358909e-12 -4.39439898e-13  3.54566964e-11 -1.18553218e-10 -1.58030604e-15  8.41811506e-16  3.18072727e-05 -2.14001173e-06 -1.30930188e-08  8.75713826e-10]
[ 5.67990346e-02 -2.71088601e-12 -4.40221644e-13  3.54294898e-11 -1.28338281e-10 -1.51743347e-15  8.47993579e-16  3.10563364e-05 -2.12928192e-06 -1.21495377e-08  8.75480094e-10]
children:
[ 6.36726222e-02 -2.71956565e-12 -4.30917055e-13  3.54372659e-11 -2.16324412e-10 -1.45445379e-15  8.46830981e-16  2.20876741e-05 -2.18428266e-06 -1.26671029e-08  8.75532311e-10]
[ 4.93889623e-02 -2.70734755e-12 -3.87364021e-13  3.54562219e-11 -9.88024466e-11 -1.52758674e-15  8.46466042e-16  2.74579445e-05 -2.03791201e-06 -1.27145312e-08  8.82546718e-10]
[ 5.70962923e-02 -3.57246433e-12 -4.39952865e-13  4.29594554e-11 -1.16571064e-10 -1.57325071e-15  8.45602687e-16  3.09839634e-05 -2.80403175e-06 -1.31354096e-08  8.75549987e-10]
[ 5.68411974e-02 -3.27892539e-12 -4.39366035e-13  3.54276690e-11 -1.23131312e-10 -1.55183727e-15  8.46022610e-16  3.11714364e-05 -2.13764786e-06 -1.39283084e-08  8.75728121e-10]
Population scores:
664:[7.48661451e+11 9.75603925e+10]:[ 5.74364843e-02 -2.75358909e-12 -4.39439898e-13  3.54566964e-11 -1.18553218e-10 -1.58030604e-15  8.41811506e-16  3.18072727e-05 -2.14001173e-06 -1.30930188e-08  8.75713826e-10]:10.44244248476384
844:[6.06372510e+11 2.58077052e+11]:[ 5.67990346e-02 -2.71088601e-12 -4.40221644e-13  3.54294898e-11 -1.28338281e-10 -1.51743347e-15  8.47993579e-16  3.10563364e-05 -2.12928192e-06 -1.21495377e-08  8.75480094e-10]:10.869134181876094
854:[2.62023427e+11 3.31379552e+11]:[ 4.93889623e-02 -2.70734755e-12 -3.87364021e-13  3.54562219e-11 -9.88024466e-11 -1.52758674e-15  8.46466042e-16  2.74579445e-05 -2.03791201e-06 -1.27145312e-08  8.82546718e-10]:10.994491711194641
856:[1.19337250e+12 6.49120914e+11]:[ 5.68411974e-02 -3.27892539e-12 -4.39366035e-13  3.54276690e-11 -1.23131312e-10 -1.55183727e-15  8.46022610e-16  3.11714364e-05 -2.13764786e-06 -1.39283084e-08  8.75728121e-10]:11.256169512794807
853:[5.71820621e+12 8.72389470e+12]:[ 6.36726222e-02 -2.71956565e-12 -4.30917055e-13  3.54372659e-11 -2.16324412e-10 -1.45445379e-15  8.46830981e-16  2.20876741e-05 -2.18428266e-06 -1.26671029e-08  8.75532311e-10]:12.35321688923923
855:[4.50666543e+13 7.70195672e+13]:[ 5.70962923e-02 -3.57246433e-12 -4.39952865e-13  4.29594554e-11 -1.16571064e-10 -1.57325071e-15  8.45602687e-16  3.09839634e-05 -2.80403175e-06 -1.31354096e-08  8.75549987e-10]:13.257817799764211
Selected for new population:
[ 5.74364843e-02 -2.75358909e-12 -4.39439898e-13  3.54566964e-11 -1.18553218e-10 -1.58030604e-15  8.41811506e-16  3.18072727e-05 -2.14001173e-06 -1.30930188e-08  8.75713826e-10]
[ 5.67990346e-02 -2.71088601e-12 -4.40221644e-13  3.54294898e-11 -1.28338281e-10 -1.51743347e-15  8.47993579e-16  3.10563364e-05 -2.12928192e-06 -1.21495377e-08  8.75480094e-10]
[ 4.93889623e-02 -2.70734755e-12 -3.87364021e-13  3.54562219e-11 -9.88024466e-11 -1.52758674e-15  8.46466042e-16  2.74579445e-05 -2.03791201e-06 -1.27145312e-08  8.82546718e-10]
Selected: [0 3]
***************
***CROSSOVER***
***************
Population scores:
733:[9.89670460e+11 6.57745331e+10]:[ 4.66780489e-02 -2.69032026e-12 -4.66648737e-13  5.07585325e-11 -2.03617388e-10 -1.47765832e-15  8.16263145e-16  3.49418259e-05 -2.14160601e-06 -1.27650081e-08  8.44644796e-10]:10.26564501700702
664:[7.48661451e+11 9.75603925e+10]:[ 5.74364843e-02 -2.75358909e-12 -4.39439898e-13  3.54566964e-11 -1.18553218e-10 -1.58030604e-15  8.41811506e-16  3.18072727e-05 -2.14001173e-06 -1.30930188e-08  8.75713826e-10]:10.44244248476384
&&&&&&&&&&&&&&&&&&&&&&&&
&&TOURNAMENT SELECTION&&
&&&&&&&&&&&&&&&&&&&&&&&&
parents:
[ 4.66780489e-02 -2.69032026e-12 -4.66648737e-13  5.07585325e-11 -2.03617388e-10 -1.47765832e-15  8.16263145e-16  3.49418259e-05 -2.14160601e-06 -1.27650081e-08  8.44644796e-10]
[ 5.74364843e-02 -2.75358909e-12 -4.39439898e-13  3.54566964e-11 -1.18553218e-10 -1.58030604e-15  8.41811506e-16  3.18072727e-05 -2.14001173e-06 -1.30930188e-08  8.75713826e-10]
children:
[ 5.08359895e-02 -2.78011925e-12 -4.57118594e-13  3.70165027e-11 -1.33547161e-10 -1.54766731e-15  8.15367332e-16  3.21404445e-05 -1.58667854e-06 -1.30614329e-08  7.95566147e-10]
[ 5.08165545e-02 -2.67932445e-12 -4.88213225e-13  4.47822169e-11 -1.20272424e-10 -1.48881788e-15  9.10575152e-16  3.14261894e-05 -2.14089651e-06 -1.27829696e-08  9.29913911e-10]
[ 6.56554455e-02 -2.71974969e-12 -4.39675686e-13  5.33224359e-11 -1.36407847e-10 -1.57999013e-15  8.40743140e-16  3.33488995e-05 -1.99237331e-06 -1.30377052e-08  8.73018095e-10]
[ 5.14416700e-02 -3.19239297e-12 -4.49512182e-13  4.73032757e-11 -2.08353995e-10 -1.48970943e-15  7.57202230e-16  3.24791379e-05 -1.67466605e-06 -8.03941812e-09  8.32485683e-10]
Population scores:
733:[9.89670460e+11 6.57745331e+10]:[ 4.66780489e-02 -2.69032026e-12 -4.66648737e-13  5.07585325e-11 -2.03617388e-10 -1.47765832e-15  8.16263145e-16  3.49418259e-05 -2.14160601e-06 -1.27650081e-08  8.44644796e-10]:10.26564501700702
664:[7.48661451e+11 9.75603925e+10]:[ 5.74364843e-02 -2.75358909e-12 -4.39439898e-13  3.54566964e-11 -1.18553218e-10 -1.58030604e-15  8.41811506e-16  3.18072727e-05 -2.14001173e-06 -1.30930188e-08  8.75713826e-10]:10.44244248476384
858:[1.22495006e+12 2.63273808e+12]:[ 5.08165545e-02 -2.67932445e-12 -4.88213225e-13  4.47822169e-11 -1.20272424e-10 -1.48881788e-15  9.10575152e-16  3.14261894e-05 -2.14089651e-06 -1.27829696e-08  9.29913911e-10]:11.863729231993291
859:[1.88138737e+12 4.50774738e+12]:[ 6.56554455e-02 -2.71974969e-12 -4.39675686e-13  5.33224359e-11 -1.36407847e-10 -1.57999013e-15  8.40743140e-16  3.33488995e-05 -1.99237331e-06 -1.30377052e-08  8.73018095e-10]:12.08869895797132
857:[9.09018112e+12 2.17817548e+13]:[ 5.08359895e-02 -2.78011925e-12 -4.57118594e-13  3.70165027e-11 -1.33547161e-10 -1.54766731e-15  8.15367332e-16  3.21404445e-05 -1.58667854e-06 -1.30614329e-08  7.95566147e-10]:12.741328546052312
860:[2.80755306e+13 6.08568853e+13]:[ 5.14416700e-02 -3.19239297e-12 -4.49512182e-13  4.73032757e-11 -2.08353995e-10 -1.48970943e-15  7.57202230e-16  3.24791379e-05 -1.67466605e-06 -8.03941812e-09  8.32485683e-10]:13.164991331025005
Selected for new population:
[ 4.66780489e-02 -2.69032026e-12 -4.66648737e-13  5.07585325e-11 -2.03617388e-10 -1.47765832e-15  8.16263145e-16  3.49418259e-05 -2.14160601e-06 -1.27650081e-08  8.44644796e-10]
[ 5.74364843e-02 -2.75358909e-12 -4.39439898e-13  3.54566964e-11 -1.18553218e-10 -1.58030604e-15  8.41811506e-16  3.18072727e-05 -2.14001173e-06 -1.30930188e-08  8.75713826e-10]
[ 5.08165545e-02 -2.67932445e-12 -4.88213225e-13  4.47822169e-11 -1.20272424e-10 -1.48881788e-15  9.10575152e-16  3.14261894e-05 -2.14089651e-06 -1.27829696e-08  9.29913911e-10]
Selected: [2 0]
***************
***CROSSOVER***
***************
Population scores:
733:[9.89670460e+11 6.57745331e+10]:[ 4.66780489e-02 -2.69032026e-12 -4.66648737e-13  5.07585325e-11 -2.03617388e-10 -1.47765832e-15  8.16263145e-16  3.49418259e-05 -2.14160601e-06 -1.27650081e-08  8.44644796e-10]:10.26564501700702
845:[8.71436261e+11 9.80094134e+10]:[ 5.72289282e-02 -2.84274658e-12 -4.48664798e-13  3.53075185e-11 -1.17026166e-10 -1.61694786e-15  8.41735066e-16  3.19106877e-05 -2.15458369e-06 -1.23445173e-08  8.66297206e-10]:10.441399618838664
&&&&&&&&&&&&&&&&&&&&&&&&
&&TOURNAMENT SELECTION&&
&&&&&&&&&&&&&&&&&&&&&&&&
parents:
[ 5.72289282e-02 -2.84274658e-12 -4.48664798e-13  3.53075185e-11 -1.17026166e-10 -1.61694786e-15  8.41735066e-16  3.19106877e-05 -2.15458369e-06 -1.23445173e-08  8.66297206e-10]
[ 4.66780489e-02 -2.69032026e-12 -4.66648737e-13  5.07585325e-11 -2.03617388e-10 -1.47765832e-15  8.16263145e-16  3.49418259e-05 -2.14160601e-06 -1.27650081e-08  8.44644796e-10]
children:
[ 5.03520971e-02 -2.23473242e-12 -4.53309769e-13  3.88038419e-11 -1.26290847e-10 -1.61140615e-15  7.51699865e-16  3.14122421e-05 -2.15341514e-06 -1.27898535e-08  8.45764309e-10]
[ 6.12470446e-02 -3.07594812e-12 -4.54602323e-13  4.17207970e-11 -2.14027757e-10 -1.61227114e-15  8.40366955e-16  3.42794878e-05 -2.14242046e-06 -1.23754862e-08  8.66502390e-10]
[ 5.15387803e-02 -2.71908669e-12 -4.65822059e-13  3.51665935e-11 -1.27295474e-10 -1.48469020e-15  8.35146053e-16  3.44793342e-05 -1.18525368e-06 -6.49167521e-09  8.48331339e-10]
[ 5.75413652e-02 -2.16232208e-12 -4.66206305e-13  4.56988116e-11 -1.77296707e-10 -1.50388099e-15  8.41902051e-16  3.34822897e-05 -3.01128058e-06 -1.23241069e-08  8.51845190e-10]
Population scores:
733:[9.89670460e+11 6.57745331e+10]:[ 4.66780489e-02 -2.69032026e-12 -4.66648737e-13  5.07585325e-11 -2.03617388e-10 -1.47765832e-15  8.16263145e-16  3.49418259e-05 -2.14160601e-06 -1.27650081e-08  8.44644796e-10]:10.26564501700702
845:[8.71436261e+11 9.80094134e+10]:[ 5.72289282e-02 -2.84274658e-12 -4.48664798e-13  3.53075185e-11 -1.17026166e-10 -1.61694786e-15  8.41735066e-16  3.19106877e-05 -2.15458369e-06 -1.23445173e-08  8.66297206e-10]:10.441399618838664
862:[8.63483676e+11 4.95947168e+11]:[ 6.12470446e-02 -3.07594812e-12 -4.54602323e-13  4.17207970e-11 -2.14027757e-10 -1.61227114e-15  8.40366955e-16  3.42794878e-05 -2.14242046e-06 -1.23754862e-08  8.66502390e-10]:11.145750598136463
861:[1.92058461e+12 1.30265998e+12]:[ 5.03520971e-02 -2.23473242e-12 -4.53309769e-13  3.88038419e-11 -1.26290847e-10 -1.61140615e-15  7.51699865e-16  3.14122421e-05 -2.15341514e-06 -1.27898535e-08  8.45764309e-10]:11.549158055990791
864:[6.85984244e+13 1.18816524e+14]:[ 5.75413652e-02 -2.16232208e-12 -4.66206305e-13  4.56988116e-11 -1.77296707e-10 -1.50388099e-15  8.41902051e-16  3.34822897e-05 -3.01128058e-06 -1.23241069e-08  8.51845190e-10]:13.437691029990265
863:[1.22393826e+14 2.53619084e+14]:[ 5.15387803e-02 -2.71908669e-12 -4.65822059e-13  3.51665935e-11 -1.27295474e-10 -1.48469020e-15  8.35146053e-16  3.44793342e-05 -1.18525368e-06 -6.49167521e-09  8.48331339e-10]:13.755416628169923
Selected for new population:
[ 4.66780489e-02 -2.69032026e-12 -4.66648737e-13  5.07585325e-11 -2.03617388e-10 -1.47765832e-15  8.16263145e-16  3.49418259e-05 -2.14160601e-06 -1.27650081e-08  8.44644796e-10]
[ 5.72289282e-02 -2.84274658e-12 -4.48664798e-13  3.53075185e-11 -1.17026166e-10 -1.61694786e-15  8.41735066e-16  3.19106877e-05 -2.15458369e-06 -1.23445173e-08  8.66297206e-10]
[ 6.12470446e-02 -3.07594812e-12 -4.54602323e-13  4.17207970e-11 -2.14027757e-10 -1.61227114e-15  8.40366955e-16  3.42794878e-05 -2.14242046e-06 -1.23754862e-08  8.66502390e-10]
Selected: [3 0]
***************
***CROSSOVER***
***************
Population scores:
733:[9.89670460e+11 6.57745331e+10]:[ 4.66780489e-02 -2.69032026e-12 -4.66648737e-13  5.07585325e-11 -2.03617388e-10 -1.47765832e-15  8.16263145e-16  3.49418259e-05 -2.14160601e-06 -1.27650081e-08  8.44644796e-10]:10.26564501700702
664:[7.48661451e+11 9.75603925e+10]:[ 5.74364843e-02 -2.75358909e-12 -4.39439898e-13  3.54566964e-11 -1.18553218e-10 -1.58030604e-15  8.41811506e-16  3.18072727e-05 -2.14001173e-06 -1.30930188e-08  8.75713826e-10]:10.44244248476384
&&&&&&&&&&&&&&&&&&&&&&&&
&&TOURNAMENT SELECTION&&
&&&&&&&&&&&&&&&&&&&&&&&&
parents:
[ 5.74364843e-02 -2.75358909e-12 -4.39439898e-13  3.54566964e-11 -1.18553218e-10 -1.58030604e-15  8.41811506e-16  3.18072727e-05 -2.14001173e-06 -1.30930188e-08  8.75713826e-10]
[ 4.66780489e-02 -2.69032026e-12 -4.66648737e-13  5.07585325e-11 -2.03617388e-10 -1.47765832e-15  8.16263145e-16  3.49418259e-05 -2.14160601e-06 -1.27650081e-08  8.44644796e-10]
children:
[ 5.42881575e-02 -2.73581190e-12 -4.37976251e-13  4.96056423e-11 -2.02711970e-10 -1.53847985e-15  7.36199753e-16  3.46574745e-05 -2.13989915e-06 -1.59508993e-08  8.41541860e-10]
[ 5.20703788e-02 -2.35281625e-12 -4.50050138e-13  3.75297002e-11 -2.03196838e-10 -1.51817277e-15  8.35227233e-16  3.25352546e-05 -2.14039657e-06 -1.31150588e-08  8.75461498e-10]
[ 5.79525562e-02 -2.83071210e-12 -4.43060799e-13  5.08908277e-11 -1.43157249e-10 -1.47397731e-15  9.41082748e-16  3.20390945e-05 -2.14017400e-06 -1.28143540e-08  8.51754776e-10]
[ 5.25902315e-02 -2.75832716e-12 -4.04346980e-13  4.71916123e-11 -1.72502601e-10 -1.58164562e-15  8.22840228e-16  3.98921192e-05 -2.14156752e-06 -1.28904830e-08  8.38487455e-10]
Population scores:
733:[9.89670460e+11 6.57745331e+10]:[ 4.66780489e-02 -2.69032026e-12 -4.66648737e-13  5.07585325e-11 -2.03617388e-10 -1.47765832e-15  8.16263145e-16  3.49418259e-05 -2.14160601e-06 -1.27650081e-08  8.44644796e-10]:10.26564501700702
866:[6.93077593e+11 8.30521355e+10]:[ 5.20703788e-02 -2.35281625e-12 -4.50050138e-13  3.75297002e-11 -2.03196838e-10 -1.51817277e-15  8.35227233e-16  3.25352546e-05 -2.14039657e-06 -1.31150588e-08  8.75461498e-10]:10.374062647728122
664:[7.48661451e+11 9.75603925e+10]:[ 5.74364843e-02 -2.75358909e-12 -4.39439898e-13  3.54566964e-11 -1.18553218e-10 -1.58030604e-15  8.41811506e-16  3.18072727e-05 -2.14001173e-06 -1.30930188e-08  8.75713826e-10]:10.44244248476384
867:[1.14952065e+12 3.62690586e+11]:[ 5.79525562e-02 -2.83071210e-12 -4.43060799e-13  5.08908277e-11 -1.43157249e-10 -1.47397731e-15  9.41082748e-16  3.20390945e-05 -2.14017400e-06 -1.28143540e-08  8.51754776e-10]:11.004128960385568
868:[1.46398394e+12 1.12563371e+12]:[ 5.25902315e-02 -2.75832716e-12 -4.04346980e-13  4.71916123e-11 -1.72502601e-10 -1.58164562e-15  8.22840228e-16  3.98921192e-05 -2.14156752e-06 -1.28904830e-08  8.38487455e-10]:11.491153438672852
865:[3.90448571e+12 4.41836258e+12]:[ 5.42881575e-02 -2.73581190e-12 -4.37976251e-13  4.96056423e-11 -2.02711970e-10 -1.53847985e-15  7.36199753e-16  3.46574745e-05 -2.13989915e-06 -1.59508993e-08  8.41541860e-10]:12.065398408075756
Selected for new population:
[ 4.66780489e-02 -2.69032026e-12 -4.66648737e-13  5.07585325e-11 -2.03617388e-10 -1.47765832e-15  8.16263145e-16  3.49418259e-05 -2.14160601e-06 -1.27650081e-08  8.44644796e-10]
[ 5.20703788e-02 -2.35281625e-12 -4.50050138e-13  3.75297002e-11 -2.03196838e-10 -1.51817277e-15  8.35227233e-16  3.25352546e-05 -2.14039657e-06 -1.31150588e-08  8.75461498e-10]
[ 5.74364843e-02 -2.75358909e-12 -4.39439898e-13  3.54566964e-11 -1.18553218e-10 -1.58030604e-15  8.41811506e-16  3.18072727e-05 -2.14001173e-06 -1.30930188e-08  8.75713826e-10]
Population scores:
733:[9.89670460e+11 6.57745331e+10]:[ 4.66780489e-02 -2.69032026e-12 -4.66648737e-13  5.07585325e-11 -2.03617388e-10 -1.47765832e-15  8.16263145e-16  3.49418259e-05 -2.14160601e-06 -1.27650081e-08  8.44644796e-10]:10.26564501700702
866:[6.93077593e+11 8.30521355e+10]:[ 5.20703788e-02 -2.35281625e-12 -4.50050138e-13  3.75297002e-11 -2.03196838e-10 -1.51817277e-15  8.35227233e-16  3.25352546e-05 -2.14039657e-06 -1.31150588e-08  8.75461498e-10]:10.374062647728122
843:[5.85848823e+11 8.90758694e+10]:[ 5.78450405e-02 -2.76113636e-12 -4.36398702e-13  3.55757835e-11 -1.12151305e-10 -1.63762200e-15  8.39880854e-16  3.14946838e-05 -2.08975236e-06 -1.31397463e-08  8.65906631e-10]:10.407833517533785
845:[8.71436261e+11 9.80094134e+10]:[ 5.72289282e-02 -2.84274658e-12 -4.48664798e-13  3.53075185e-11 -1.17026166e-10 -1.61694786e-15  8.41735066e-16  3.19106877e-05 -2.15458369e-06 -1.23445173e-08  8.66297206e-10]:10.441399618838664
664:[7.48661451e+11 9.75603925e+10]:[ 5.74364843e-02 -2.75358909e-12 -4.39439898e-13  3.54566964e-11 -1.18553218e-10 -1.58030604e-15  8.41811506e-16  3.18072727e-05 -2.14001173e-06 -1.30930188e-08  8.75713826e-10]:10.44244248476384
849:[1.09430659e+12 1.33894670e+11]:[ 4.74149898e-02 -2.74826626e-12 -4.61101889e-13  5.15168010e-11 -2.00960202e-10 -1.55598021e-15  8.25026183e-16  3.51108122e-05 -2.15294067e-06 -1.17750022e-08  8.36492548e-10]:10.572340450171941
850:[6.95642108e+11 2.47265739e+11]:[ 4.61272337e-02 -2.74541358e-12 -4.63381984e-13  5.13799313e-11 -2.08041099e-10 -1.48887969e-15  8.24557617e-16  3.43786975e-05 -2.05489085e-06 -1.31839113e-08  8.34708051e-10]:10.847801921202118
844:[6.06372510e+11 2.58077052e+11]:[ 5.67990346e-02 -2.71088601e-12 -4.40221644e-13  3.54294898e-11 -1.28338281e-10 -1.51743347e-15  8.47993579e-16  3.10563364e-05 -2.12928192e-06 -1.21495377e-08  8.75480094e-10]:10.869134181876094
854:[2.62023427e+11 3.31379552e+11]:[ 4.93889623e-02 -2.70734755e-12 -3.87364021e-13  3.54562219e-11 -9.88024466e-11 -1.52758674e-15  8.46466042e-16  2.74579445e-05 -2.03791201e-06 -1.27145312e-08  8.82546718e-10]:10.994491711194641
862:[8.63483676e+11 4.95947168e+11]:[ 6.12470446e-02 -3.07594812e-12 -4.54602323e-13  4.17207970e-11 -2.14027757e-10 -1.61227114e-15  8.40366955e-16  3.42794878e-05 -2.14242046e-06 -1.23754862e-08  8.66502390e-10]:11.145750598136463
848:[2.47738011e+12 1.92904956e+12]:[ 4.67898491e-02 -2.77828018e-12 -4.66194831e-13  5.02422762e-11 -1.95123769e-10 -1.38795868e-15  8.21719191e-16  3.42956974e-05 -2.19762842e-06 -1.37618778e-08  8.46086538e-10]:11.71457893111676
858:[1.22495006e+12 2.63273808e+12]:[ 5.08165545e-02 -2.67932445e-12 -4.88213225e-13  4.47822169e-11 -1.20272424e-10 -1.48881788e-15  9.10575152e-16  3.14261894e-05 -2.14089651e-06 -1.27829696e-08  9.29913911e-10]:11.863729231993291
847:[6.24383708e+40 6.35377212e+40]:[ 5.74364843e-02  8.28635574e-01 -1.23254691e+00  3.54566964e-11 -2.93875350e-01 -4.12684012e-01  8.41811506e-16  3.18072727e-05 -1.03028602e+00 -3.99238306e-01  8.75713826e-10]:38.924331661815216
852:[1.80140437e+41 1.83312144e+41]:[ 4.66780489e-02  8.35242577e-01  5.45944947e-01  5.07585325e-11 -1.32587501e+00 -7.00966939e-01  8.16263145e-16  3.49418259e-05  3.59327646e-01 -5.55573973e-01  8.44644796e-10]:39.36330012820364
851:[1.96938470e+41 2.00405779e+41]:[ 4.66780489e-02  1.22550609e+00  3.89324331e-01  5.07585325e-11 -3.41006148e-01  7.32921898e-01  8.16263145e-16  3.49418259e-05 -5.92977707e-01 -6.79930212e-01  8.44644796e-10]:39.400236042344936
846:[6.34614077e+41 6.45787499e+41]:[ 5.74364843e-02 -4.63405640e-01  8.78060970e-01  3.54566964e-11  9.06464203e-01  1.31566982e+00  8.41811506e-16  3.18072727e-05  2.23212415e+00  3.72828420e-01  8.75713826e-10]:39.8850129199958
%%%%%%%%%%%%%%%%%%%%%%%%%
%%%final - population%%%%
%%%%%%%%%%%%%%%%%%%%%%%%%
733:[ 4.66780489e-02 -2.69032026e-12 -4.66648737e-13  5.07585325e-11 -2.03617388e-10 -1.47765832e-15  8.16263145e-16  3.49418259e-05 -2.14160601e-06 -1.27650081e-08  8.44644796e-10]:[9.89670460e+11 6.57745331e+10]
866:[ 5.20703788e-02 -2.35281625e-12 -4.50050138e-13  3.75297002e-11 -2.03196838e-10 -1.51817277e-15  8.35227233e-16  3.25352546e-05 -2.14039657e-06 -1.31150588e-08  8.75461498e-10]:[6.93077593e+11 8.30521355e+10]
843:[ 5.78450405e-02 -2.76113636e-12 -4.36398702e-13  3.55757835e-11 -1.12151305e-10 -1.63762200e-15  8.39880854e-16  3.14946838e-05 -2.08975236e-06 -1.31397463e-08  8.65906631e-10]:[5.85848823e+11 8.90758694e+10]
845:[ 5.72289282e-02 -2.84274658e-12 -4.48664798e-13  3.53075185e-11 -1.17026166e-10 -1.61694786e-15  8.41735066e-16  3.19106877e-05 -2.15458369e-06 -1.23445173e-08  8.66297206e-10]:[8.71436261e+11 9.80094134e+10]
664:[ 5.74364843e-02 -2.75358909e-12 -4.39439898e-13  3.54566964e-11 -1.18553218e-10 -1.58030604e-15  8.41811506e-16  3.18072727e-05 -2.14001173e-06 -1.30930188e-08  8.75713826e-10]:[7.48661451e+11 9.75603925e+10]
849:[ 4.74149898e-02 -2.74826626e-12 -4.61101889e-13  5.15168010e-11 -2.00960202e-10 -1.55598021e-15  8.25026183e-16  3.51108122e-05 -2.15294067e-06 -1.17750022e-08  8.36492548e-10]:[1.09430659e+12 1.33894670e+11]
850:[ 4.61272337e-02 -2.74541358e-12 -4.63381984e-13  5.13799313e-11 -2.08041099e-10 -1.48887969e-15  8.24557617e-16  3.43786975e-05 -2.05489085e-06 -1.31839113e-08  8.34708051e-10]:[6.95642108e+11 2.47265739e+11]
844:[ 5.67990346e-02 -2.71088601e-12 -4.40221644e-13  3.54294898e-11 -1.28338281e-10 -1.51743347e-15  8.47993579e-16  3.10563364e-05 -2.12928192e-06 -1.21495377e-08  8.75480094e-10]:[6.06372510e+11 2.58077052e+11]
854:[ 4.93889623e-02 -2.70734755e-12 -3.87364021e-13  3.54562219e-11 -9.88024466e-11 -1.52758674e-15  8.46466042e-16  2.74579445e-05 -2.03791201e-06 -1.27145312e-08  8.82546718e-10]:[2.62023427e+11 3.31379552e+11]
862:[ 6.12470446e-02 -3.07594812e-12 -4.54602323e-13  4.17207970e-11 -2.14027757e-10 -1.61227114e-15  8.40366955e-16  3.42794878e-05 -2.14242046e-06 -1.23754862e-08  8.66502390e-10]:[8.63483676e+11 4.95947168e+11]
848:[ 4.67898491e-02 -2.77828018e-12 -4.66194831e-13  5.02422762e-11 -1.95123769e-10 -1.38795868e-15  8.21719191e-16  3.42956974e-05 -2.19762842e-06 -1.37618778e-08  8.46086538e-10]:[2.47738011e+12 1.92904956e+12]
858:[ 5.08165545e-02 -2.67932445e-12 -4.88213225e-13  4.47822169e-11 -1.20272424e-10 -1.48881788e-15  9.10575152e-16  3.14261894e-05 -2.14089651e-06 -1.27829696e-08  9.29913911e-10]:[1.22495006e+12 2.63273808e+12]
