Generating Population from
[ 5.95086656e-02 -2.70374792e-12 -1.59722795e-13  1.93161282e-11 -1.92135331e-10 -1.17028593e-15  1.92526931e-16  8.33659697e-06 -2.13429221e-06 -2.93460030e-09  8.70079868e-10]
*******************************
***iteration: 0 Population is***
*******************************
Population scores:
1155:[3.21584299e+11 5.67381141e+11]:[ 5.95086656e-02 -2.70374792e-12 -1.59722795e-13  1.93161282e-11 -1.92135331e-10 -1.17028593e-15  1.92526931e-16  8.33659697e-06 -2.13429221e-06 -2.93460030e-09  8.70079868e-10]:11.809264275382866
2217:[3.60607670e+11 5.86526191e+11]:[ 6.03252922e-02 -2.60453922e-12 -1.59363947e-13  1.91675384e-11 -1.84530670e-10 -1.16196415e-15  1.95219973e-16  8.35951530e-06 -2.13937755e-06 -3.02793829e-09  8.69532399e-10]:11.82806154480152
2211:[3.97776278e+11 5.95047322e+11]:[ 6.00516969e-02 -2.77084355e-12 -1.64426074e-13  1.95445139e-11 -1.89484887e-10 -1.26128217e-15  1.88248504e-16  8.23929455e-06 -2.14370895e-06 -2.87730606e-09  8.68323531e-10]:11.839172254760408
2212:[2.65373965e+11 7.18323993e+11]:[ 6.03713247e-02 -2.72324400e-12 -1.64050787e-13  1.95704580e-11 -2.00916641e-10 -1.22822441e-15  1.96751374e-16  8.25331369e-06 -2.09413939e-06 -2.94372596e-09  8.69538289e-10]:11.893214386110161
2216:[2.73143859e+11 7.43868073e+11]:[ 5.91770201e-02 -2.71767091e-12 -1.58443287e-13  1.98114221e-11 -1.87318433e-10 -1.26715085e-15  1.92002075e-16  8.43393955e-06 -2.10298466e-06 -2.97796007e-09  8.74212558e-10]:11.908175325881928
2214:[5.75744730e+11 7.84757155e+11]:[ 5.92819639e-02 -2.63353921e-12 -1.59904143e-13  1.94528837e-11 -1.97142913e-10 -1.23016297e-15  1.98025169e-16  8.29846974e-06 -2.15446475e-06 -2.90711873e-09  8.63283732e-10]:11.965171534633653
2218:[3.15403909e+11 8.78479470e+11]:[ 5.95702179e-02 -2.80346699e-12 -1.54699320e-13  1.88135024e-11 -2.01502382e-10 -1.17613986e-15  1.88972647e-16  8.28326243e-06 -2.08799320e-06 -2.90919909e-09  8.70022899e-10]:11.979628674432927
2213:[6.20218811e+11 8.66374943e+11]:[ 5.95608728e-02 -2.66515638e-12 -1.60420255e-13  1.84637375e-11 -1.92491702e-10 -1.21552932e-15  1.95279959e-16  8.29714796e-06 -2.18124173e-06 -2.99280099e-09  8.74922455e-10]:12.006563354930119
2215:[8.23392645e+11 2.21775967e+12]:[ 5.92270330e-02 -2.65289509e-12 -1.53805686e-13  2.01868767e-11 -1.95493137e-10 -1.12381292e-15  1.88452248e-16  8.26894798e-06 -2.04363351e-06 -2.85049272e-09  8.73272137e-10]:12.382984370543674
Selected: [8 2]
***************
***CROSSOVER***
***************
parents:
2215[ 5.92270330e-02 -2.65289509e-12 -1.53805686e-13  2.01868767e-11 -1.95493137e-10 -1.12381292e-15  1.88452248e-16  8.26894798e-06 -2.04363351e-06 -2.85049272e-09  8.73272137e-10]
2211[ 6.00516969e-02 -2.77084355e-12 -1.64426074e-13  1.95445139e-11 -1.89484887e-10 -1.26128217e-15  1.88248504e-16  8.23929455e-06 -2.14370895e-06 -2.87730606e-09  8.68323531e-10]
children:
[ 6.89947505e-02 -3.61567504e-12 -1.64540845e-13  1.89464930e-11 -1.91146564e-10 -8.22137961e-16  1.27212318e-16  8.24953562e-06 -2.18926495e-06 -2.82529131e-09  8.73207990e-10]
[ 5.97837294e-02 -2.66764923e-12 -1.66794354e-13  2.80361713e-11 -1.94273598e-10 -1.70895168e-15  1.92819890e-16  8.24203066e-06 -2.13560292e-06 -3.10245663e-09  8.69421854e-10]
[ 5.99234374e-02 -1.75525456e-12 -1.52047168e-13  1.91280554e-11 -1.68217382e-10 -1.25704096e-15  9.34539302e-17  8.23759474e-06 -1.56871209e-06 -2.75768903e-09  8.71211914e-10]
Selected: [3 4]
***************
***CROSSOVER***
***************
parents:
2212[ 6.03713247e-02 -2.72324400e-12 -1.64050787e-13  1.95704580e-11 -2.00916641e-10 -1.22822441e-15  1.96751374e-16  8.25331369e-06 -2.09413939e-06 -2.94372596e-09  8.69538289e-10]
2216[ 5.91770201e-02 -2.71767091e-12 -1.58443287e-13  1.98114221e-11 -1.87318433e-10 -1.26715085e-15  1.92002075e-16  8.43393955e-06 -2.10298466e-06 -2.97796007e-09  8.74212558e-10]
children:
[ 5.95001629e-02 -2.72022266e-12 -1.61920270e-13  2.04584435e-11 -1.99937598e-10 -3.76194236e-16  9.34715471e-17  8.21438562e-06 -2.09893598e-06 -2.96025925e-09  9.11254744e-10]
[ 5.30353156e-02 -2.68290422e-12 -1.50950477e-13  1.97871768e-11 -1.95866090e-10 -6.43765355e-16  1.91930025e-16  8.35147760e-06 -2.01556158e-06 -2.96160692e-09  8.71025427e-10]
[ 6.51083371e-02 -2.72171080e-12 -1.58133143e-13  2.04965259e-11 -1.95956457e-10 -5.50535799e-16  2.27002739e-16  8.34087277e-06 -2.10230033e-06 -3.76624824e-09  8.70387706e-10]
Selected: [3 5]
***************
***CROSSOVER***
***************
parents:
2212[ 6.03713247e-02 -2.72324400e-12 -1.64050787e-13  1.95704580e-11 -2.00916641e-10 -1.22822441e-15  1.96751374e-16  8.25331369e-06 -2.09413939e-06 -2.94372596e-09  8.69538289e-10]
2214[ 5.92819639e-02 -2.63353921e-12 -1.59904143e-13  1.94528837e-11 -1.97142913e-10 -1.23016297e-15  1.98025169e-16  8.29846974e-06 -2.15446475e-06 -2.90711873e-09  8.63283732e-10]
children:
[ 6.01713494e-02 -2.72620784e-12 -1.62970040e-13  1.99021915e-11 -2.05314046e-10 -1.22827178e-15  1.96900926e-16  8.28325324e-06 -2.15535504e-06 -3.01863070e-09  8.70067326e-10]
[ 5.69593431e-02 -2.89668069e-12 -1.62355283e-13  1.85957155e-11 -1.97623482e-10 -1.22991297e-15  1.96988150e-16  8.99074524e-06 -2.11166936e-06 -2.93584557e-09  8.65554377e-10]
[ 6.06343364e-02 -2.64101776e-12 -1.60676794e-13  2.02992440e-11 -2.25169622e-10 -1.22998860e-15  1.97651770e-16  8.29907269e-06 -2.21670557e-06 -3.13522290e-09  8.65953115e-10]
@@@@@@@@@@@@@@@@@@@@@@@@@
@@@merging population@@@@
@@@@@@@@@@@@@@@@@@@@@@@@@
Population scores:
1155:[3.21584299e+11 5.67381141e+11]:[ 5.95086656e-02 -2.70374792e-12 -1.59722795e-13  1.93161282e-11 -1.92135331e-10 -1.17028593e-15  1.92526931e-16  8.33659697e-06 -2.13429221e-06 -2.93460030e-09  8.70079868e-10]:11.809264275382866
2220:[2.85331658e+11 5.98442082e+11]:[ 5.69593431e-02 -2.89668069e-12 -1.62355283e-13  1.85957155e-11 -1.97623482e-10 -1.22991297e-15  1.96988150e-16  8.99074524e-06 -2.11166936e-06 -2.93584557e-09  8.65554377e-10]:11.824074835257795
2217:[3.60607670e+11 5.86526191e+11]:[ 6.03252922e-02 -2.60453922e-12 -1.59363947e-13  1.91675384e-11 -1.84530670e-10 -1.16196415e-15  1.95219973e-16  8.35951530e-06 -2.13937755e-06 -3.02793829e-09  8.69532399e-10]:11.82806154480152
2211:[3.97776278e+11 5.95047322e+11]:[ 6.00516969e-02 -2.77084355e-12 -1.64426074e-13  1.95445139e-11 -1.89484887e-10 -1.26128217e-15  1.88248504e-16  8.23929455e-06 -2.14370895e-06 -2.87730606e-09  8.68323531e-10]:11.839172254760408
2212:[2.65373965e+11 7.18323993e+11]:[ 6.03713247e-02 -2.72324400e-12 -1.64050787e-13  1.95704580e-11 -2.00916641e-10 -1.22822441e-15  1.96751374e-16  8.25331369e-06 -2.09413939e-06 -2.94372596e-09  8.69538289e-10]:11.893214386110161
2222:[5.40823073e+11 6.60526587e+11]:[ 5.97837294e-02 -2.66764923e-12 -1.66794354e-13  2.80361713e-11 -1.94273598e-10 -1.70895168e-15  1.92819890e-16  8.24203066e-06 -2.13560292e-06 -3.10245663e-09  8.69421854e-10]:11.897805238630854
2216:[2.73143859e+11 7.43868073e+11]:[ 5.91770201e-02 -2.71767091e-12 -1.58443287e-13  1.98114221e-11 -1.87318433e-10 -1.26715085e-15  1.92002075e-16  8.43393955e-06 -2.10298466e-06 -2.97796007e-09  8.74212558e-10]:11.908175325881928
2224:[4.85447211e+11 6.98574273e+11]:[ 6.01713494e-02 -2.72620784e-12 -1.62970040e-13  1.99021915e-11 -2.05314046e-10 -1.22827178e-15  1.96900926e-16  8.28325324e-06 -2.15535504e-06 -3.01863070e-09  8.70067326e-10]:11.911201091208216
2226:[3.64175877e+11 7.88528155e+11]:[ 6.51083371e-02 -2.72171080e-12 -1.58133143e-13  2.04965259e-11 -1.95956457e-10 -5.50535799e-16  2.27002739e-16  8.34087277e-06 -2.10230033e-06 -3.76624824e-09  8.70387706e-10]:11.942469581937825
2214:[5.75744730e+11 7.84757155e+11]:[ 5.92819639e-02 -2.63353921e-12 -1.59904143e-13  1.94528837e-11 -1.97142913e-10 -1.23016297e-15  1.98025169e-16  8.29846974e-06 -2.15446475e-06 -2.90711873e-09  8.63283732e-10]:11.965171534633653
2218:[3.15403909e+11 8.78479470e+11]:[ 5.95702179e-02 -2.80346699e-12 -1.54699320e-13  1.88135024e-11 -2.01502382e-10 -1.17613986e-15  1.88972647e-16  8.28326243e-06 -2.08799320e-06 -2.90919909e-09  8.70022899e-10]:11.979628674432927
2227:[5.63283529e+11 8.52821897e+11]:[ 6.89947505e-02 -3.61567504e-12 -1.64540845e-13  1.89464930e-11 -1.91146564e-10 -8.22137961e-16  1.27212318e-16  8.24953562e-06 -2.18926495e-06 -2.82529131e-09  8.73207990e-10]:11.994761315690832
2213:[6.20218811e+11 8.66374943e+11]:[ 5.95608728e-02 -2.66515638e-12 -1.60420255e-13  1.84637375e-11 -1.92491702e-10 -1.21552932e-15  1.95279959e-16  8.29714796e-06 -2.18124173e-06 -2.99280099e-09  8.74922455e-10]:12.006563354930119
2215:[8.23392645e+11 2.21775967e+12]:[ 5.92270330e-02 -2.65289509e-12 -1.53805686e-13  2.01868767e-11 -1.95493137e-10 -1.12381292e-15  1.88452248e-16  8.26894798e-06 -2.04363351e-06 -2.85049272e-09  8.73272137e-10]:12.382984370543674
2225:[1.61614172e+12 2.35711947e+12]:[ 6.06343364e-02 -2.64101776e-12 -1.60676794e-13  2.02992440e-11 -2.25169622e-10 -1.22998860e-15  1.97651770e-16  8.29907269e-06 -2.21670557e-06 -3.13522290e-09  8.65953115e-10]:12.438541318065154
2219:[1.75141600e+12 3.88407367e+12]:[ 5.30353156e-02 -2.68290422e-12 -1.50950477e-13  1.97871768e-11 -1.95866090e-10 -6.43765355e-16  1.91930025e-16  8.35147760e-06 -2.01556158e-06 -2.96160692e-09  8.71025427e-10]:12.633913985311604
2221:[2.48245145e+12 5.01862419e+12]:[ 5.95001629e-02 -2.72022266e-12 -1.61920270e-13  2.04584435e-11 -1.99937598e-10 -3.76194236e-16  9.34715471e-17  8.21438562e-06 -2.09893598e-06 -2.96025925e-09  9.11254744e-10]:12.74930432080271
2223:[2.48765610e+13 5.24034396e+13]:[ 5.99234374e-02 -1.75525456e-12 -1.52047168e-13  1.91280554e-11 -1.68217382e-10 -1.25704096e-15  9.34539302e-17  8.23759474e-06 -1.56871209e-06 -2.75768903e-09  8.71211914e-10]:13.766218072094954
*******************************
***iteration: 1 Population is***
*******************************
Population scores:
1155:[3.21584299e+11 5.67381141e+11]:[ 5.95086656e-02 -2.70374792e-12 -1.59722795e-13  1.93161282e-11 -1.92135331e-10 -1.17028593e-15  1.92526931e-16  8.33659697e-06 -2.13429221e-06 -2.93460030e-09  8.70079868e-10]:11.809264275382866
2220:[2.85331658e+11 5.98442082e+11]:[ 5.69593431e-02 -2.89668069e-12 -1.62355283e-13  1.85957155e-11 -1.97623482e-10 -1.22991297e-15  1.96988150e-16  8.99074524e-06 -2.11166936e-06 -2.93584557e-09  8.65554377e-10]:11.824074835257795
2217:[3.60607670e+11 5.86526191e+11]:[ 6.03252922e-02 -2.60453922e-12 -1.59363947e-13  1.91675384e-11 -1.84530670e-10 -1.16196415e-15  1.95219973e-16  8.35951530e-06 -2.13937755e-06 -3.02793829e-09  8.69532399e-10]:11.82806154480152
2211:[3.97776278e+11 5.95047322e+11]:[ 6.00516969e-02 -2.77084355e-12 -1.64426074e-13  1.95445139e-11 -1.89484887e-10 -1.26128217e-15  1.88248504e-16  8.23929455e-06 -2.14370895e-06 -2.87730606e-09  8.68323531e-10]:11.839172254760408
2212:[2.65373965e+11 7.18323993e+11]:[ 6.03713247e-02 -2.72324400e-12 -1.64050787e-13  1.95704580e-11 -2.00916641e-10 -1.22822441e-15  1.96751374e-16  8.25331369e-06 -2.09413939e-06 -2.94372596e-09  8.69538289e-10]:11.893214386110161
2222:[5.40823073e+11 6.60526587e+11]:[ 5.97837294e-02 -2.66764923e-12 -1.66794354e-13  2.80361713e-11 -1.94273598e-10 -1.70895168e-15  1.92819890e-16  8.24203066e-06 -2.13560292e-06 -3.10245663e-09  8.69421854e-10]:11.897805238630854
2216:[2.73143859e+11 7.43868073e+11]:[ 5.91770201e-02 -2.71767091e-12 -1.58443287e-13  1.98114221e-11 -1.87318433e-10 -1.26715085e-15  1.92002075e-16  8.43393955e-06 -2.10298466e-06 -2.97796007e-09  8.74212558e-10]:11.908175325881928
2224:[4.85447211e+11 6.98574273e+11]:[ 6.01713494e-02 -2.72620784e-12 -1.62970040e-13  1.99021915e-11 -2.05314046e-10 -1.22827178e-15  1.96900926e-16  8.28325324e-06 -2.15535504e-06 -3.01863070e-09  8.70067326e-10]:11.911201091208216
2226:[3.64175877e+11 7.88528155e+11]:[ 6.51083371e-02 -2.72171080e-12 -1.58133143e-13  2.04965259e-11 -1.95956457e-10 -5.50535799e-16  2.27002739e-16  8.34087277e-06 -2.10230033e-06 -3.76624824e-09  8.70387706e-10]:11.942469581937825
Selected: [6 4]
***************
***CROSSOVER***
***************
parents:
2216[ 5.91770201e-02 -2.71767091e-12 -1.58443287e-13  1.98114221e-11 -1.87318433e-10 -1.26715085e-15  1.92002075e-16  8.43393955e-06 -2.10298466e-06 -2.97796007e-09  8.74212558e-10]
2212[ 6.03713247e-02 -2.72324400e-12 -1.64050787e-13  1.95704580e-11 -2.00916641e-10 -1.22822441e-15  1.96751374e-16  8.25331369e-06 -2.09413939e-06 -2.94372596e-09  8.69538289e-10]
children:
[ 5.88565766e-02 -2.72367226e-12 -1.54196261e-13  2.25535899e-11 -1.93227548e-10 -1.92211037e-15  2.01612911e-16  8.39543887e-06 -1.10430622e-06 -2.96306413e-09  8.71222397e-10]
[ 5.34687267e-02 -2.73472150e-12 -1.64125162e-13  1.97787162e-11 -2.91588733e-10 -1.24161478e-15  1.94588471e-16  8.65235150e-06 -2.12338216e-06 -2.96513412e-09  9.34337373e-10]
[ 6.36636292e-02 -2.67497456e-12 -9.48423986e-14  1.96110125e-11 -1.95822530e-10 -1.24287892e-15  2.13658964e-16  7.60398389e-06 -2.03716159e-06 -3.37934353e-09  8.63552883e-10]
Selected: [0 2]
***************
***CROSSOVER***
***************
parents:
1155[ 5.95086656e-02 -2.70374792e-12 -1.59722795e-13  1.93161282e-11 -1.92135331e-10 -1.17028593e-15  1.92526931e-16  8.33659697e-06 -2.13429221e-06 -2.93460030e-09  8.70079868e-10]
2217[ 6.03252922e-02 -2.60453922e-12 -1.59363947e-13  1.91675384e-11 -1.84530670e-10 -1.16196415e-15  1.95219973e-16  8.35951530e-06 -2.13937755e-06 -3.02793829e-09  8.69532399e-10]
children:
[ 5.89122936e-02 -2.56423634e-12 -1.59604208e-13  1.91585381e-11 -2.00401722e-10 -1.16990598e-15  1.92496623e-16  8.34999255e-06 -2.13420960e-06 -3.10351281e-09  8.65878080e-10]
[ 5.99224336e-02 -2.23218993e-12 -1.64233437e-13  1.83377855e-11 -1.90191460e-10 -1.16548806e-15  2.18096729e-16  8.38294027e-06 -2.13620434e-06 -3.07095554e-09  7.97850566e-10]
[ 6.00173822e-02 -2.66530481e-12 -1.47096738e-13  2.01111687e-11 -1.89307281e-10 -1.16840063e-15  1.95252452e-16  8.36083951e-06 -2.07334231e-06 -2.94122279e-09  8.69562364e-10]
Selected: [4 7]
***************
***CROSSOVER***
***************
parents:
2212[ 6.03713247e-02 -2.72324400e-12 -1.64050787e-13  1.95704580e-11 -2.00916641e-10 -1.22822441e-15  1.96751374e-16  8.25331369e-06 -2.09413939e-06 -2.94372596e-09  8.69538289e-10]
2224[ 6.01713494e-02 -2.72620784e-12 -1.62970040e-13  1.99021915e-11 -2.05314046e-10 -1.22827178e-15  1.96900926e-16  8.28325324e-06 -2.15535504e-06 -3.01863070e-09  8.70067326e-10]
children:
[ 5.23325224e-02 -2.73079912e-12 -1.39841796e-13  1.39244217e-11 -2.04075236e-10 -1.22826401e-15  1.95771649e-16  9.02242226e-06 -2.08407194e-06 -3.00766719e-09  8.94626620e-10]
[ 6.03569013e-02 -3.63019217e-12 -1.63541926e-13  1.99181962e-11 -2.06817606e-10 -1.25402316e-15  2.04270869e-16  8.38994757e-06 -2.03600179e-06 -2.42729022e-09  8.59734071e-10]
[ 5.92898714e-02 -2.72485759e-12 -1.69197824e-13  1.90337902e-11 -2.00600091e-10 -1.26941349e-15  1.96870267e-16  8.22533681e-06 -2.20820437e-06 -2.98407964e-09  8.69838480e-10]
@@@@@@@@@@@@@@@@@@@@@@@@@
@@@merging population@@@@
@@@@@@@@@@@@@@@@@@@@@@@@@
Population scores:
1155:[3.21584299e+11 5.67381141e+11]:[ 5.95086656e-02 -2.70374792e-12 -1.59722795e-13  1.93161282e-11 -1.92135331e-10 -1.17028593e-15  1.92526931e-16  8.33659697e-06 -2.13429221e-06 -2.93460030e-09  8.70079868e-10]:11.809264275382866
2220:[2.85331658e+11 5.98442082e+11]:[ 5.69593431e-02 -2.89668069e-12 -1.62355283e-13  1.85957155e-11 -1.97623482e-10 -1.22991297e-15  1.96988150e-16  8.99074524e-06 -2.11166936e-06 -2.93584557e-09  8.65554377e-10]:11.824074835257795
2217:[3.60607670e+11 5.86526191e+11]:[ 6.03252922e-02 -2.60453922e-12 -1.59363947e-13  1.91675384e-11 -1.84530670e-10 -1.16196415e-15  1.95219973e-16  8.35951530e-06 -2.13937755e-06 -3.02793829e-09  8.69532399e-10]:11.82806154480152
2211:[3.97776278e+11 5.95047322e+11]:[ 6.00516969e-02 -2.77084355e-12 -1.64426074e-13  1.95445139e-11 -1.89484887e-10 -1.26128217e-15  1.88248504e-16  8.23929455e-06 -2.14370895e-06 -2.87730606e-09  8.68323531e-10]:11.839172254760408
2231:[3.91423281e+11 6.07964820e+11]:[ 5.89122936e-02 -2.56423634e-12 -1.59604208e-13  1.91585381e-11 -2.00401722e-10 -1.16990598e-15  1.92496623e-16  8.34999255e-06 -2.13420960e-06 -3.10351281e-09  8.65878080e-10]:11.846279206954051
2212:[2.65373965e+11 7.18323993e+11]:[ 6.03713247e-02 -2.72324400e-12 -1.64050787e-13  1.95704580e-11 -2.00916641e-10 -1.22822441e-15  1.96751374e-16  8.25331369e-06 -2.09413939e-06 -2.94372596e-09  8.69538289e-10]:11.893214386110161
2222:[5.40823073e+11 6.60526587e+11]:[ 5.97837294e-02 -2.66764923e-12 -1.66794354e-13  2.80361713e-11 -1.94273598e-10 -1.70895168e-15  1.92819890e-16  8.24203066e-06 -2.13560292e-06 -3.10245663e-09  8.69421854e-10]:11.897805238630854
2216:[2.73143859e+11 7.43868073e+11]:[ 5.91770201e-02 -2.71767091e-12 -1.58443287e-13  1.98114221e-11 -1.87318433e-10 -1.26715085e-15  1.92002075e-16  8.43393955e-06 -2.10298466e-06 -2.97796007e-09  8.74212558e-10]:11.908175325881928
2224:[4.85447211e+11 6.98574273e+11]:[ 6.01713494e-02 -2.72620784e-12 -1.62970040e-13  1.99021915e-11 -2.05314046e-10 -1.22827178e-15  1.96900926e-16  8.28325324e-06 -2.15535504e-06 -3.01863070e-09  8.70067326e-10]:11.911201091208216
2236:[2.12188574e+11 7.87597509e+11]:[ 6.36636292e-02 -2.67497456e-12 -9.48423986e-14  1.96110125e-11 -1.95822530e-10 -1.24287892e-15  2.13658964e-16  7.60398389e-06 -2.03716159e-06 -3.37934353e-09  8.63552883e-10]:11.923514858823
2226:[3.64175877e+11 7.88528155e+11]:[ 6.51083371e-02 -2.72171080e-12 -1.58133143e-13  2.04965259e-11 -1.95956457e-10 -5.50535799e-16  2.27002739e-16  8.34087277e-06 -2.10230033e-06 -3.76624824e-09  8.70387706e-10]:11.942469581937825
2234:[3.84854375e+11 1.10575338e+12]:[ 6.00173822e-02 -2.66530481e-12 -1.47096738e-13  2.01111687e-11 -1.89307281e-10 -1.16840063e-15  1.95252452e-16  8.36083951e-06 -2.07334231e-06 -2.94122279e-09  8.69562364e-10]:12.078499747589571
2232:[1.21512242e+12 1.70243500e+12]:[ 5.92898714e-02 -2.72485759e-12 -1.69197824e-13  1.90337902e-11 -2.00600091e-10 -1.26941349e-15  1.96870267e-16  8.22533681e-06 -2.20820437e-06 -2.98407964e-09  8.69838480e-10]:12.29973917467062
2235:[7.02008193e+11 1.95764429e+12]:[ 6.03569013e-02 -3.63019217e-12 -1.63541926e-13  1.99181962e-11 -2.06817606e-10 -1.25402316e-15  2.04270869e-16  8.38994757e-06 -2.03600179e-06 -2.42729022e-09  8.59734071e-10]:12.327589051387493
2228:[1.01260800e+12 2.66981956e+12]:[ 5.23325224e-02 -2.73079912e-12 -1.39841796e-13  1.39244217e-11 -2.04075236e-10 -1.22826401e-15  1.95771649e-16  9.02242226e-06 -2.08407194e-06 -3.00766719e-09  8.94626620e-10]:12.464317446985422
2229:[1.97125021e+12 4.82618475e+12]:[ 5.34687267e-02 -2.73472150e-12 -1.64125162e-13  1.97787162e-11 -2.91588733e-10 -1.24161478e-15  1.94588471e-16  8.65235150e-06 -2.12338216e-06 -2.96513412e-09  9.34337373e-10]:12.724217260358765
2233:[3.43941345e+12 5.32555068e+12]:[ 5.99224336e-02 -2.23218993e-12 -1.64233437e-13  1.83377855e-11 -1.90191460e-10 -1.16548806e-15  2.18096729e-16  8.38294027e-06 -2.13620434e-06 -3.07095554e-09  7.97850566e-10]:12.788946426560523
2230:[7.70260344e+13 1.60211681e+14]:[ 5.88565766e-02 -2.72367226e-12 -1.54196261e-13  2.25535899e-11 -1.93227548e-10 -1.92211037e-15  2.01612911e-16  8.39543887e-06 -1.10430622e-06 -2.96306413e-09  8.71222397e-10]:14.252119519474562
*******************************
***iteration: 2 Population is***
*******************************
Population scores:
1155:[3.21584299e+11 5.67381141e+11]:[ 5.95086656e-02 -2.70374792e-12 -1.59722795e-13  1.93161282e-11 -1.92135331e-10 -1.17028593e-15  1.92526931e-16  8.33659697e-06 -2.13429221e-06 -2.93460030e-09  8.70079868e-10]:11.809264275382866
2220:[2.85331658e+11 5.98442082e+11]:[ 5.69593431e-02 -2.89668069e-12 -1.62355283e-13  1.85957155e-11 -1.97623482e-10 -1.22991297e-15  1.96988150e-16  8.99074524e-06 -2.11166936e-06 -2.93584557e-09  8.65554377e-10]:11.824074835257795
2217:[3.60607670e+11 5.86526191e+11]:[ 6.03252922e-02 -2.60453922e-12 -1.59363947e-13  1.91675384e-11 -1.84530670e-10 -1.16196415e-15  1.95219973e-16  8.35951530e-06 -2.13937755e-06 -3.02793829e-09  8.69532399e-10]:11.82806154480152
2211:[3.97776278e+11 5.95047322e+11]:[ 6.00516969e-02 -2.77084355e-12 -1.64426074e-13  1.95445139e-11 -1.89484887e-10 -1.26128217e-15  1.88248504e-16  8.23929455e-06 -2.14370895e-06 -2.87730606e-09  8.68323531e-10]:11.839172254760408
2231:[3.91423281e+11 6.07964820e+11]:[ 5.89122936e-02 -2.56423634e-12 -1.59604208e-13  1.91585381e-11 -2.00401722e-10 -1.16990598e-15  1.92496623e-16  8.34999255e-06 -2.13420960e-06 -3.10351281e-09  8.65878080e-10]:11.846279206954051
2212:[2.65373965e+11 7.18323993e+11]:[ 6.03713247e-02 -2.72324400e-12 -1.64050787e-13  1.95704580e-11 -2.00916641e-10 -1.22822441e-15  1.96751374e-16  8.25331369e-06 -2.09413939e-06 -2.94372596e-09  8.69538289e-10]:11.893214386110161
2222:[5.40823073e+11 6.60526587e+11]:[ 5.97837294e-02 -2.66764923e-12 -1.66794354e-13  2.80361713e-11 -1.94273598e-10 -1.70895168e-15  1.92819890e-16  8.24203066e-06 -2.13560292e-06 -3.10245663e-09  8.69421854e-10]:11.897805238630854
2216:[2.73143859e+11 7.43868073e+11]:[ 5.91770201e-02 -2.71767091e-12 -1.58443287e-13  1.98114221e-11 -1.87318433e-10 -1.26715085e-15  1.92002075e-16  8.43393955e-06 -2.10298466e-06 -2.97796007e-09  8.74212558e-10]:11.908175325881928
2224:[4.85447211e+11 6.98574273e+11]:[ 6.01713494e-02 -2.72620784e-12 -1.62970040e-13  1.99021915e-11 -2.05314046e-10 -1.22827178e-15  1.96900926e-16  8.28325324e-06 -2.15535504e-06 -3.01863070e-09  8.70067326e-10]:11.911201091208216
Selected: [0 4]
***************
***CROSSOVER***
***************
parents:
1155[ 5.95086656e-02 -2.70374792e-12 -1.59722795e-13  1.93161282e-11 -1.92135331e-10 -1.17028593e-15  1.92526931e-16  8.33659697e-06 -2.13429221e-06 -2.93460030e-09  8.70079868e-10]
2231[ 5.89122936e-02 -2.56423634e-12 -1.59604208e-13  1.91585381e-11 -2.00401722e-10 -1.16990598e-15  1.92496623e-16  8.34999255e-06 -2.13420960e-06 -3.10351281e-09  8.65878080e-10]
children:
[ 6.80390988e-02 -2.61948095e-12 -1.59656700e-13  2.27623279e-11 -1.96750475e-10 -1.17019033e-15  1.83844154e-16  9.18642980e-06 -2.09422490e-06 -2.96032169e-09  8.95446347e-10]
[ 5.90434667e-02 -2.67071727e-12 -1.59693769e-13  2.18019042e-11 -1.92289735e-10 -1.16990090e-15  1.92499469e-16  8.34408698e-06 -2.13423348e-06 -3.78111669e-09  8.02600042e-10]
[ 6.00952922e-02 -2.65893876e-12 -1.59710411e-13  1.91921729e-11 -1.37412556e-10 -1.17022274e-15  1.92520624e-16  8.34474935e-06 -2.12906069e-06 -2.99487837e-09  8.68140425e-10]
Selected: [0 4]
***************
***CROSSOVER***
***************
parents:
1155[ 5.95086656e-02 -2.70374792e-12 -1.59722795e-13  1.93161282e-11 -1.92135331e-10 -1.17028593e-15  1.92526931e-16  8.33659697e-06 -2.13429221e-06 -2.93460030e-09  8.70079868e-10]
2231[ 5.89122936e-02 -2.56423634e-12 -1.59604208e-13  1.91585381e-11 -2.00401722e-10 -1.16990598e-15  1.92496623e-16  8.34999255e-06 -2.13420960e-06 -3.10351281e-09  8.65878080e-10]
children:
[ 5.03860433e-02 -2.61066294e-12 -1.59654875e-13  1.97377758e-11 -1.97225412e-10 -1.07442687e-15  1.92502401e-16  8.07898858e-06 -2.13421514e-06 -2.92361925e-09  8.62714569e-10]
[ 5.95449103e-02 -2.71187812e-12 -1.59630619e-13  1.90895845e-11 -2.89479903e-10 -1.16588081e-15  1.92511146e-16  8.34643373e-06 -2.13429548e-06 -2.30081007e-09  8.70515967e-10]
[ 5.26900883e-02 -2.67353680e-12 -1.59638610e-13  1.92891228e-11 -1.93938498e-10 -6.22420173e-16  2.00088532e-16  8.33540835e-06 -2.13429735e-06 -3.53775820e-09  9.68120630e-10]
Selected: [2 5]
***************
***CROSSOVER***
***************
parents:
2217[ 6.03252922e-02 -2.60453922e-12 -1.59363947e-13  1.91675384e-11 -1.84530670e-10 -1.16196415e-15  1.95219973e-16  8.35951530e-06 -2.13937755e-06 -3.02793829e-09  8.69532399e-10]
2212[ 6.03713247e-02 -2.72324400e-12 -1.64050787e-13  1.95704580e-11 -2.00916641e-10 -1.22822441e-15  1.96751374e-16  8.25331369e-06 -2.09413939e-06 -2.94372596e-09  8.69538289e-10]
children:
[ 6.03348362e-02 -2.71805848e-12 -1.60560764e-13  1.65109559e-11 -1.74789968e-10 -1.21265593e-15  2.74603754e-16  9.32762326e-06 -2.12730111e-06 -2.98775231e-09  8.78025040e-10]
[ 6.03580342e-02 -2.68663951e-12 -2.47578742e-13  2.02913502e-11 -2.61081362e-10 -1.18484924e-15  2.73060825e-16  8.24945461e-06 -2.14993570e-06 -3.23630891e-09  9.37495365e-10]
[ 6.03600007e-02 -2.60598236e-12 -1.59642791e-13  1.94905290e-11 -2.02375424e-10 -1.21651529e-15  1.95143043e-16  8.27323134e-06 -1.54941202e-06 -3.94842369e-09  8.69535042e-10]
@@@@@@@@@@@@@@@@@@@@@@@@@
@@@merging population@@@@
@@@@@@@@@@@@@@@@@@@@@@@@@
Population scores:
2241:[3.20639990e+11 5.61049949e+11]:[ 6.00952922e-02 -2.65893876e-12 -1.59710411e-13  1.91921729e-11 -1.37412556e-10 -1.17022274e-15  1.92520624e-16  8.34474935e-06 -2.12906069e-06 -2.99487837e-09  8.68140425e-10]:11.804823093209327
1155:[3.21584299e+11 5.67381141e+11]:[ 5.95086656e-02 -2.70374792e-12 -1.59722795e-13  1.93161282e-11 -1.92135331e-10 -1.17028593e-15  1.92526931e-16  8.33659697e-06 -2.13429221e-06 -2.93460030e-09  8.70079868e-10]:11.809264275382866
2220:[2.85331658e+11 5.98442082e+11]:[ 5.69593431e-02 -2.89668069e-12 -1.62355283e-13  1.85957155e-11 -1.97623482e-10 -1.22991297e-15  1.96988150e-16  8.99074524e-06 -2.11166936e-06 -2.93584557e-09  8.65554377e-10]:11.824074835257795
2217:[3.60607670e+11 5.86526191e+11]:[ 6.03252922e-02 -2.60453922e-12 -1.59363947e-13  1.91675384e-11 -1.84530670e-10 -1.16196415e-15  1.95219973e-16  8.35951530e-06 -2.13937755e-06 -3.02793829e-09  8.69532399e-10]:11.82806154480152
2211:[3.97776278e+11 5.95047322e+11]:[ 6.00516969e-02 -2.77084355e-12 -1.64426074e-13  1.95445139e-11 -1.89484887e-10 -1.26128217e-15  1.88248504e-16  8.23929455e-06 -2.14370895e-06 -2.87730606e-09  8.68323531e-10]:11.839172254760408
2231:[3.91423281e+11 6.07964820e+11]:[ 5.89122936e-02 -2.56423634e-12 -1.59604208e-13  1.91585381e-11 -2.00401722e-10 -1.16990598e-15  1.92496623e-16  8.34999255e-06 -2.13420960e-06 -3.10351281e-09  8.65878080e-10]:11.846279206954051
2237:[4.03784398e+11 6.38412474e+11]:[ 5.03860433e-02 -2.61066294e-12 -1.59654875e-13  1.97377758e-11 -1.97225412e-10 -1.07442687e-15  1.92502401e-16  8.07898858e-06 -2.13421514e-06 -2.92361925e-09  8.62714569e-10]:11.866476809455678
2212:[2.65373965e+11 7.18323993e+11]:[ 6.03713247e-02 -2.72324400e-12 -1.64050787e-13  1.95704580e-11 -2.00916641e-10 -1.22822441e-15  1.96751374e-16  8.25331369e-06 -2.09413939e-06 -2.94372596e-09  8.69538289e-10]:11.893214386110161
2222:[5.40823073e+11 6.60526587e+11]:[ 5.97837294e-02 -2.66764923e-12 -1.66794354e-13  2.80361713e-11 -1.94273598e-10 -1.70895168e-15  1.92819890e-16  8.24203066e-06 -2.13560292e-06 -3.10245663e-09  8.69421854e-10]:11.897805238630854
2216:[2.73143859e+11 7.43868073e+11]:[ 5.91770201e-02 -2.71767091e-12 -1.58443287e-13  1.98114221e-11 -1.87318433e-10 -1.26715085e-15  1.92002075e-16  8.43393955e-06 -2.10298466e-06 -2.97796007e-09  8.74212558e-10]:11.908175325881928
2224:[4.85447211e+11 6.98574273e+11]:[ 6.01713494e-02 -2.72620784e-12 -1.62970040e-13  1.99021915e-11 -2.05314046e-10 -1.22827178e-15  1.96900926e-16  8.28325324e-06 -2.15535504e-06 -3.01863070e-09  8.70067326e-10]:11.911201091208216
2240:[3.49005025e+11 7.34801963e+11]:[ 5.95449103e-02 -2.71187812e-12 -1.59630619e-13  1.90895845e-11 -2.89479903e-10 -1.16588081e-15  1.92511146e-16  8.34643373e-06 -2.13429548e-06 -2.30081007e-09  8.70515967e-10]:11.913052199631117
2242:[3.45857640e+11 8.13062684e+11]:[ 6.03348362e-02 -2.71805848e-12 -1.60560764e-13  1.65109559e-11 -1.74789968e-10 -1.21265593e-15  2.74603754e-16  9.32762326e-06 -2.12730111e-06 -2.98775231e-09  8.78025040e-10]:11.952341218992538
2245:[1.05165118e+12 2.68366504e+12]:[ 6.80390988e-02 -2.61948095e-12 -1.59656700e-13  2.27623279e-11 -1.96750475e-10 -1.17019033e-15  1.83844154e-16  9.18642980e-06 -2.09422490e-06 -2.96032169e-09  8.95446347e-10]:12.467765121498983
2243:[1.22000292e+12 3.13258004e+12]:[ 6.03580342e-02 -2.68663951e-12 -2.47578742e-13  2.02913502e-11 -2.61081362e-10 -1.18484924e-15  2.73060825e-16  8.24945461e-06 -2.14993570e-06 -3.23630891e-09  9.37495365e-10]:12.534708852241137
2239:[4.13328628e+12 6.64475213e+12]:[ 5.90434667e-02 -2.67071727e-12 -1.59693769e-13  2.18019042e-11 -1.92289735e-10 -1.16990090e-15  1.92499469e-16  8.34408698e-06 -2.13423348e-06 -3.78111669e-09  8.02600042e-10]:12.882908052553466
2238:[4.21337493e+12 8.76529659e+12]:[ 5.26900883e-02 -2.67353680e-12 -1.59638610e-13  1.92891228e-11 -1.93938498e-10 -6.22420173e-16  2.00088532e-16  8.33540835e-06 -2.13429735e-06 -3.53775820e-09  9.68120630e-10]:12.990183696520804
2244:[2.15322355e+13 4.54533776e+13]:[ 6.03600007e-02 -2.60598236e-12 -1.59642791e-13  1.94905290e-11 -2.02375424e-10 -1.21651529e-15  1.95143043e-16  8.27323134e-06 -1.54941202e-06 -3.94842369e-09  8.69535042e-10]:13.704331699452304
*******************************
***iteration: 3 Population is***
*******************************
Population scores:
2241:[3.20639990e+11 5.61049949e+11]:[ 6.00952922e-02 -2.65893876e-12 -1.59710411e-13  1.91921729e-11 -1.37412556e-10 -1.17022274e-15  1.92520624e-16  8.34474935e-06 -2.12906069e-06 -2.99487837e-09  8.68140425e-10]:11.804823093209327
1155:[3.21584299e+11 5.67381141e+11]:[ 5.95086656e-02 -2.70374792e-12 -1.59722795e-13  1.93161282e-11 -1.92135331e-10 -1.17028593e-15  1.92526931e-16  8.33659697e-06 -2.13429221e-06 -2.93460030e-09  8.70079868e-10]:11.809264275382866
2220:[2.85331658e+11 5.98442082e+11]:[ 5.69593431e-02 -2.89668069e-12 -1.62355283e-13  1.85957155e-11 -1.97623482e-10 -1.22991297e-15  1.96988150e-16  8.99074524e-06 -2.11166936e-06 -2.93584557e-09  8.65554377e-10]:11.824074835257795
2217:[3.60607670e+11 5.86526191e+11]:[ 6.03252922e-02 -2.60453922e-12 -1.59363947e-13  1.91675384e-11 -1.84530670e-10 -1.16196415e-15  1.95219973e-16  8.35951530e-06 -2.13937755e-06 -3.02793829e-09  8.69532399e-10]:11.82806154480152
2211:[3.97776278e+11 5.95047322e+11]:[ 6.00516969e-02 -2.77084355e-12 -1.64426074e-13  1.95445139e-11 -1.89484887e-10 -1.26128217e-15  1.88248504e-16  8.23929455e-06 -2.14370895e-06 -2.87730606e-09  8.68323531e-10]:11.839172254760408
2231:[3.91423281e+11 6.07964820e+11]:[ 5.89122936e-02 -2.56423634e-12 -1.59604208e-13  1.91585381e-11 -2.00401722e-10 -1.16990598e-15  1.92496623e-16  8.34999255e-06 -2.13420960e-06 -3.10351281e-09  8.65878080e-10]:11.846279206954051
2237:[4.03784398e+11 6.38412474e+11]:[ 5.03860433e-02 -2.61066294e-12 -1.59654875e-13  1.97377758e-11 -1.97225412e-10 -1.07442687e-15  1.92502401e-16  8.07898858e-06 -2.13421514e-06 -2.92361925e-09  8.62714569e-10]:11.866476809455678
2212:[2.65373965e+11 7.18323993e+11]:[ 6.03713247e-02 -2.72324400e-12 -1.64050787e-13  1.95704580e-11 -2.00916641e-10 -1.22822441e-15  1.96751374e-16  8.25331369e-06 -2.09413939e-06 -2.94372596e-09  8.69538289e-10]:11.893214386110161
2222:[5.40823073e+11 6.60526587e+11]:[ 5.97837294e-02 -2.66764923e-12 -1.66794354e-13  2.80361713e-11 -1.94273598e-10 -1.70895168e-15  1.92819890e-16  8.24203066e-06 -2.13560292e-06 -3.10245663e-09  8.69421854e-10]:11.897805238630854
Selected: [5 8]
***************
***CROSSOVER***
***************
parents:
2231[ 5.89122936e-02 -2.56423634e-12 -1.59604208e-13  1.91585381e-11 -2.00401722e-10 -1.16990598e-15  1.92496623e-16  8.34999255e-06 -2.13420960e-06 -3.10351281e-09  8.65878080e-10]
2222[ 5.97837294e-02 -2.66764923e-12 -1.66794354e-13  2.80361713e-11 -1.94273598e-10 -1.70895168e-15  1.92819890e-16  8.24203066e-06 -2.13560292e-06 -3.10245663e-09  8.69421854e-10]
children:
[ 5.95955260e-02 -2.66458462e-12 -1.63467475e-13  2.13149687e-11 -1.99750746e-10 -9.56639953e-16  1.92500177e-16  8.27290286e-06 -2.13492169e-06 -3.15102136e-09  8.08119830e-10]
[ 5.95285833e-02 -2.64075291e-12 -1.63149990e-13  2.47902050e-11 -2.73495580e-10 -1.76668321e-15  1.92514673e-16  8.33407574e-06 -2.96142560e-06 -3.85781675e-09  8.69021853e-10]
[ 5.45298940e-02 -2.66272064e-12 -1.59654404e-13  2.80983619e-11 -1.03579875e-10 -1.67521368e-15  1.92551652e-16  8.34126542e-06 -2.13416676e-06 -3.10342364e-09  8.69956895e-10]
Selected: [2 6]
***************
***CROSSOVER***
***************
parents:
2220[ 5.69593431e-02 -2.89668069e-12 -1.62355283e-13  1.85957155e-11 -1.97623482e-10 -1.22991297e-15  1.96988150e-16  8.99074524e-06 -2.11166936e-06 -2.93584557e-09  8.65554377e-10]
2237[ 5.03860433e-02 -2.61066294e-12 -1.59654875e-13  1.97377758e-11 -1.97225412e-10 -1.07442687e-15  1.92502401e-16  8.07898858e-06 -2.13421514e-06 -2.92361925e-09  8.62714569e-10]
children:
[ 5.21365571e-02 -1.77270900e-12 -1.60312202e-13  1.87523258e-11 -1.97531445e-10 -1.06858872e-15  1.37162139e-16  8.18568484e-06 -2.11938136e-06 -2.91070137e-09  9.33953788e-10]
[ 5.18984127e-02 -2.92354261e-12 -1.34135652e-13  1.81592713e-11 -2.28007581e-10 -1.18187029e-15  1.93914750e-16  8.67275852e-06 -2.12500772e-06 -2.93238671e-09  8.63673946e-10]
[ 5.60050633e-02 -2.79368858e-12 -1.59908631e-13  1.96208767e-11 -1.97158659e-10 -1.18457619e-15  1.93949243e-16  8.89537420e-06 -2.16770098e-06 -3.19072794e-09  8.64065421e-10]
Selected: [1 1]
***************
***CROSSOVER***
***************
parents:
1155[ 5.95086656e-02 -2.70374792e-12 -1.59722795e-13  1.93161282e-11 -1.92135331e-10 -1.17028593e-15  1.92526931e-16  8.33659697e-06 -2.13429221e-06 -2.93460030e-09  8.70079868e-10]
1155[ 5.95086656e-02 -2.70374792e-12 -1.59722795e-13  1.93161282e-11 -1.92135331e-10 -1.17028593e-15  1.92526931e-16  8.33659697e-06 -2.13429221e-06 -2.93460030e-09  8.70079868e-10]
children:
[ 5.87551102e-02 -2.70374792e-12 -1.59722795e-13  1.93161282e-11 -1.90446424e-10 -1.17028593e-15  1.92526931e-16  8.34822735e-06 -2.13429221e-06 -2.93460030e-09  8.76610158e-10]
[ 5.95086656e-02 -2.70374792e-12 -1.59722795e-13  1.93161282e-11 -1.92135331e-10 -1.17028593e-15  1.97432470e-16  8.33659697e-06 -2.13429221e-06 -2.95295755e-09  8.70079868e-10]
[ 5.94011978e-02 -2.65011747e-12 -1.59722795e-13  1.99033257e-11 -2.81411221e-10 -1.17028593e-15  2.41035090e-16  9.25621809e-06 -2.15294074e-06 -2.99061844e-09  8.72398861e-10]
@@@@@@@@@@@@@@@@@@@@@@@@@
@@@merging population@@@@
@@@@@@@@@@@@@@@@@@@@@@@@@
Population scores:
2246:[3.21641123e+11 5.38386678e+11]:[ 5.18984127e-02 -2.92354261e-12 -1.34135652e-13  1.81592713e-11 -2.28007581e-10 -1.18187029e-15  1.93914750e-16  8.67275852e-06 -2.12500772e-06 -2.93238671e-09  8.63673946e-10]:11.789284887662577
2241:[3.20639990e+11 5.61049949e+11]:[ 6.00952922e-02 -2.65893876e-12 -1.59710411e-13  1.91921729e-11 -1.37412556e-10 -1.17022274e-15  1.92520624e-16  8.34474935e-06 -2.12906069e-06 -2.99487837e-09  8.68140425e-10]:11.804823093209327
2251:[3.55721745e+11 5.55741775e+11]:[ 5.94011978e-02 -2.65011747e-12 -1.59722795e-13  1.99033257e-11 -2.81411221e-10 -1.17028593e-15  2.41035090e-16  9.25621809e-06 -2.15294074e-06 -2.99061844e-09  8.72398861e-10]:11.806935934024237
1155:[3.21584299e+11 5.67381141e+11]:[ 5.95086656e-02 -2.70374792e-12 -1.59722795e-13  1.93161282e-11 -1.92135331e-10 -1.17028593e-15  1.92526931e-16  8.33659697e-06 -2.13429221e-06 -2.93460030e-09  8.70079868e-10]:11.809264275382866
2252:[3.23217330e+11 5.67407429e+11]:[ 5.95086656e-02 -2.70374792e-12 -1.59722795e-13  1.93161282e-11 -1.92135331e-10 -1.17028593e-15  1.97432470e-16  8.33659697e-06 -2.13429221e-06 -2.95295755e-09  8.70079868e-10]:11.809545970500743
2220:[2.85331658e+11 5.98442082e+11]:[ 5.69593431e-02 -2.89668069e-12 -1.62355283e-13  1.85957155e-11 -1.97623482e-10 -1.22991297e-15  1.96988150e-16  8.99074524e-06 -2.11166936e-06 -2.93584557e-09  8.65554377e-10]:11.824074835257795
2217:[3.60607670e+11 5.86526191e+11]:[ 6.03252922e-02 -2.60453922e-12 -1.59363947e-13  1.91675384e-11 -1.84530670e-10 -1.16196415e-15  1.95219973e-16  8.35951530e-06 -2.13937755e-06 -3.02793829e-09  8.69532399e-10]:11.82806154480152
2250:[2.93413464e+11 6.15692550e+11]:[ 5.87551102e-02 -2.70374792e-12 -1.59722795e-13  1.93161282e-11 -1.90446424e-10 -1.17028593e-15  1.92526931e-16  8.34822735e-06 -2.13429221e-06 -2.93460030e-09  8.76610158e-10]:11.836394876959307
2211:[3.97776278e+11 5.95047322e+11]:[ 6.00516969e-02 -2.77084355e-12 -1.64426074e-13  1.95445139e-11 -1.89484887e-10 -1.26128217e-15  1.88248504e-16  8.23929455e-06 -2.14370895e-06 -2.87730606e-09  8.68323531e-10]:11.839172254760408
2231:[3.91423281e+11 6.07964820e+11]:[ 5.89122936e-02 -2.56423634e-12 -1.59604208e-13  1.91585381e-11 -2.00401722e-10 -1.16990598e-15  1.92496623e-16  8.34999255e-06 -2.13420960e-06 -3.10351281e-09  8.65878080e-10]:11.846279206954051
2248:[4.79737124e+11 5.99413663e+11]:[ 5.45298940e-02 -2.66272064e-12 -1.59654404e-13  2.80983619e-11 -1.03579875e-10 -1.67521368e-15  1.92551652e-16  8.34126542e-06 -2.13416676e-06 -3.10342364e-09  8.69956895e-10]:11.854032971486749
2237:[4.03784398e+11 6.38412474e+11]:[ 5.03860433e-02 -2.61066294e-12 -1.59654875e-13  1.97377758e-11 -1.97225412e-10 -1.07442687e-15  1.92502401e-16  8.07898858e-06 -2.13421514e-06 -2.92361925e-09  8.62714569e-10]:11.866476809455678
2212:[2.65373965e+11 7.18323993e+11]:[ 6.03713247e-02 -2.72324400e-12 -1.64050787e-13  1.95704580e-11 -2.00916641e-10 -1.22822441e-15  1.96751374e-16  8.25331369e-06 -2.09413939e-06 -2.94372596e-09  8.69538289e-10]:11.893214386110161
2222:[5.40823073e+11 6.60526587e+11]:[ 5.97837294e-02 -2.66764923e-12 -1.66794354e-13  2.80361713e-11 -1.94273598e-10 -1.70895168e-15  1.92819890e-16  8.24203066e-06 -2.13560292e-06 -3.10245663e-09  8.69421854e-10]:11.897805238630854
2249:[7.00727267e+11 9.33634756e+11]:[ 5.60050633e-02 -2.79368858e-12 -1.59908631e-13  1.96208767e-11 -1.97158659e-10 -1.18457619e-15  1.93949243e-16  8.89537420e-06 -2.16770098e-06 -3.19072794e-09  8.64065421e-10]:12.042106433826582
2254:[2.52243374e+12 3.96406531e+12]:[ 5.95955260e-02 -2.66458462e-12 -1.63467475e-13  2.13149687e-11 -1.99750746e-10 -9.56639953e-16  1.92500177e-16  8.27290286e-06 -2.13492169e-06 -3.15102136e-09  8.08119830e-10]:12.659863873187316
2247:[2.15448976e+12 5.06556020e+12]:[ 5.21365571e-02 -1.77270900e-12 -1.60312202e-13  1.87523258e-11 -1.97531445e-10 -1.06858872e-15  1.37162139e-16  8.18568484e-06 -2.11938136e-06 -2.91070137e-09  9.33953788e-10]:12.746839447731457
2253:[7.17540813e+13 1.30336505e+14]:[ 5.95285833e-02 -2.64075291e-12 -1.63149990e-13  2.47902050e-11 -2.73495580e-10 -1.76668321e-15  1.92514673e-16  8.33407574e-06 -2.96142560e-06 -3.85781675e-09  8.69021853e-10]:14.168961242240414
*******************************
***iteration: 4 Population is***
*******************************
Population scores:
2246:[3.21641123e+11 5.38386678e+11]:[ 5.18984127e-02 -2.92354261e-12 -1.34135652e-13  1.81592713e-11 -2.28007581e-10 -1.18187029e-15  1.93914750e-16  8.67275852e-06 -2.12500772e-06 -2.93238671e-09  8.63673946e-10]:11.789284887662577
2241:[3.20639990e+11 5.61049949e+11]:[ 6.00952922e-02 -2.65893876e-12 -1.59710411e-13  1.91921729e-11 -1.37412556e-10 -1.17022274e-15  1.92520624e-16  8.34474935e-06 -2.12906069e-06 -2.99487837e-09  8.68140425e-10]:11.804823093209327
2251:[3.55721745e+11 5.55741775e+11]:[ 5.94011978e-02 -2.65011747e-12 -1.59722795e-13  1.99033257e-11 -2.81411221e-10 -1.17028593e-15  2.41035090e-16  9.25621809e-06 -2.15294074e-06 -2.99061844e-09  8.72398861e-10]:11.806935934024237
1155:[3.21584299e+11 5.67381141e+11]:[ 5.95086656e-02 -2.70374792e-12 -1.59722795e-13  1.93161282e-11 -1.92135331e-10 -1.17028593e-15  1.92526931e-16  8.33659697e-06 -2.13429221e-06 -2.93460030e-09  8.70079868e-10]:11.809264275382866
2252:[3.23217330e+11 5.67407429e+11]:[ 5.95086656e-02 -2.70374792e-12 -1.59722795e-13  1.93161282e-11 -1.92135331e-10 -1.17028593e-15  1.97432470e-16  8.33659697e-06 -2.13429221e-06 -2.95295755e-09  8.70079868e-10]:11.809545970500743
2220:[2.85331658e+11 5.98442082e+11]:[ 5.69593431e-02 -2.89668069e-12 -1.62355283e-13  1.85957155e-11 -1.97623482e-10 -1.22991297e-15  1.96988150e-16  8.99074524e-06 -2.11166936e-06 -2.93584557e-09  8.65554377e-10]:11.824074835257795
2217:[3.60607670e+11 5.86526191e+11]:[ 6.03252922e-02 -2.60453922e-12 -1.59363947e-13  1.91675384e-11 -1.84530670e-10 -1.16196415e-15  1.95219973e-16  8.35951530e-06 -2.13937755e-06 -3.02793829e-09  8.69532399e-10]:11.82806154480152
2250:[2.93413464e+11 6.15692550e+11]:[ 5.87551102e-02 -2.70374792e-12 -1.59722795e-13  1.93161282e-11 -1.90446424e-10 -1.17028593e-15  1.92526931e-16  8.34822735e-06 -2.13429221e-06 -2.93460030e-09  8.76610158e-10]:11.836394876959307
2211:[3.97776278e+11 5.95047322e+11]:[ 6.00516969e-02 -2.77084355e-12 -1.64426074e-13  1.95445139e-11 -1.89484887e-10 -1.26128217e-15  1.88248504e-16  8.23929455e-06 -2.14370895e-06 -2.87730606e-09  8.68323531e-10]:11.839172254760408
Selected: [7 1]
***************
***CROSSOVER***
***************
parents:
2250[ 5.87551102e-02 -2.70374792e-12 -1.59722795e-13  1.93161282e-11 -1.90446424e-10 -1.17028593e-15  1.92526931e-16  8.34822735e-06 -2.13429221e-06 -2.93460030e-09  8.76610158e-10]
2241[ 6.00952922e-02 -2.65893876e-12 -1.59710411e-13  1.91921729e-11 -1.37412556e-10 -1.17022274e-15  1.92520624e-16  8.34474935e-06 -2.12906069e-06 -2.99487837e-09  8.68140425e-10]
children:
[ 5.90702043e-02 -2.67193184e-12 -1.61587603e-13  1.93018389e-11 -1.74678779e-10 -1.23170065e-15  1.92521761e-16  8.34463885e-06 -2.14592140e-06 -2.97367239e-09  8.73040917e-10]
[ 5.89756161e-02 -2.46389743e-12 -1.59710353e-13  2.62030430e-11 -1.39061452e-10 -1.17029205e-15  1.92523577e-16  8.34647941e-06 -2.13372454e-06 -2.93231994e-09  8.77823327e-10]
[ 5.97251497e-02 -2.70066677e-12 -2.05913613e-13  1.93177014e-11 -1.42821467e-10 -1.17029130e-15  1.92521928e-16  8.34698456e-06 -1.17049205e-06 -2.99908198e-09  8.75148622e-10]
Selected: [6 5]
***************
***CROSSOVER***
***************
parents:
2217[ 6.03252922e-02 -2.60453922e-12 -1.59363947e-13  1.91675384e-11 -1.84530670e-10 -1.16196415e-15  1.95219973e-16  8.35951530e-06 -2.13937755e-06 -3.02793829e-09  8.69532399e-10]
2220[ 5.69593431e-02 -2.89668069e-12 -1.62355283e-13  1.85957155e-11 -1.97623482e-10 -1.22991297e-15  1.96988150e-16  8.99074524e-06 -2.11166936e-06 -2.93584557e-09  8.65554377e-10]
children:
[ 6.04367008e-02 -3.50078788e-12 -1.20447333e-13  1.85994730e-11 -1.86168835e-10 -1.20047507e-15  1.96485848e-16  8.96219935e-06 -3.06916146e-06 -2.92933574e-09  8.66684646e-10]
[ 5.90993150e-02 -2.72996396e-12 -1.60130739e-13  1.81842997e-11 -1.86500030e-10 -1.21742817e-15  1.95419902e-16  8.65588142e-06 -1.46898333e-06 -3.02013616e-09  8.67773579e-10]
[ 5.92043925e-02 -2.60334391e-12 -1.62132066e-13  2.41067908e-11 -1.93169707e-10 -1.26758260e-15  1.92270441e-16  9.64969192e-06 -2.75352492e-06 -2.93922039e-09  8.62850901e-10]
Selected: [2 7]
***************
***CROSSOVER***
***************
parents:
2251[ 5.94011978e-02 -2.65011747e-12 -1.59722795e-13  1.99033257e-11 -2.81411221e-10 -1.17028593e-15  2.41035090e-16  9.25621809e-06 -2.15294074e-06 -2.99061844e-09  8.72398861e-10]
2250[ 5.87551102e-02 -2.70374792e-12 -1.59722795e-13  1.93161282e-11 -1.90446424e-10 -1.17028593e-15  1.92526931e-16  8.34822735e-06 -2.13429221e-06 -2.93460030e-09  8.76610158e-10]
children:
[ 6.69892058e-02 -2.64257539e-12 -1.59722795e-13  1.95758486e-11 -2.37586939e-10 -1.17028593e-15  2.32614178e-16  8.30327144e-06 -2.14860742e-06 -2.94264904e-09  8.67747041e-10]
[ 6.67393865e-02 -2.76872368e-12 -7.55787802e-14  2.74239418e-11 -2.39366707e-10 -1.92911555e-15  1.88259353e-16  8.87971804e-06 -2.15365378e-06 -2.93823517e-09  8.68689640e-10]
[ 5.94251375e-02 -2.70005971e-12 -1.59722795e-13  2.01512829e-11 -2.07352137e-10 -1.17028593e-15  1.90041872e-16  8.79025045e-06 -2.33126763e-06 -2.96076903e-09  8.70186419e-10]
@@@@@@@@@@@@@@@@@@@@@@@@@
@@@merging population@@@@
@@@@@@@@@@@@@@@@@@@@@@@@@
Population scores:
2246:[3.21641123e+11 5.38386678e+11]:[ 5.18984127e-02 -2.92354261e-12 -1.34135652e-13  1.81592713e-11 -2.28007581e-10 -1.18187029e-15  1.93914750e-16  8.67275852e-06 -2.12500772e-06 -2.93238671e-09  8.63673946e-10]:11.789284887662577
2241:[3.20639990e+11 5.61049949e+11]:[ 6.00952922e-02 -2.65893876e-12 -1.59710411e-13  1.91921729e-11 -1.37412556e-10 -1.17022274e-15  1.92520624e-16  8.34474935e-06 -2.12906069e-06 -2.99487837e-09  8.68140425e-10]:11.804823093209327
2251:[3.55721745e+11 5.55741775e+11]:[ 5.94011978e-02 -2.65011747e-12 -1.59722795e-13  1.99033257e-11 -2.81411221e-10 -1.17028593e-15  2.41035090e-16  9.25621809e-06 -2.15294074e-06 -2.99061844e-09  8.72398861e-10]:11.806935934024237
1155:[3.21584299e+11 5.67381141e+11]:[ 5.95086656e-02 -2.70374792e-12 -1.59722795e-13  1.93161282e-11 -1.92135331e-10 -1.17028593e-15  1.92526931e-16  8.33659697e-06 -2.13429221e-06 -2.93460030e-09  8.70079868e-10]:11.809264275382866
2252:[3.23217330e+11 5.67407429e+11]:[ 5.95086656e-02 -2.70374792e-12 -1.59722795e-13  1.93161282e-11 -1.92135331e-10 -1.17028593e-15  1.97432470e-16  8.33659697e-06 -2.13429221e-06 -2.95295755e-09  8.70079868e-10]:11.809545970500743
2256:[3.57236030e+11 5.76675137e+11]:[ 5.90702043e-02 -2.67193184e-12 -1.61587603e-13  1.93018389e-11 -1.74678779e-10 -1.23170065e-15  1.92521761e-16  8.34463885e-06 -2.14592140e-06 -2.97367239e-09  8.73040917e-10]:11.8211280498509
2220:[2.85331658e+11 5.98442082e+11]:[ 5.69593431e-02 -2.89668069e-12 -1.62355283e-13  1.85957155e-11 -1.97623482e-10 -1.22991297e-15  1.96988150e-16  8.99074524e-06 -2.11166936e-06 -2.93584557e-09  8.65554377e-10]:11.824074835257795
2217:[3.60607670e+11 5.86526191e+11]:[ 6.03252922e-02 -2.60453922e-12 -1.59363947e-13  1.91675384e-11 -1.84530670e-10 -1.16196415e-15  1.95219973e-16  8.35951530e-06 -2.13937755e-06 -3.02793829e-09  8.69532399e-10]:11.82806154480152
2250:[2.93413464e+11 6.15692550e+11]:[ 5.87551102e-02 -2.70374792e-12 -1.59722795e-13  1.93161282e-11 -1.90446424e-10 -1.17028593e-15  1.92526931e-16  8.34822735e-06 -2.13429221e-06 -2.93460030e-09  8.76610158e-10]:11.836394876959307
2211:[3.97776278e+11 5.95047322e+11]:[ 6.00516969e-02 -2.77084355e-12 -1.64426074e-13  1.95445139e-11 -1.89484887e-10 -1.26128217e-15  1.88248504e-16  8.23929455e-06 -2.14370895e-06 -2.87730606e-09  8.68323531e-10]:11.839172254760408
2255:[2.92131154e+11 6.36300984e+11]:[ 5.89756161e-02 -2.46389743e-12 -1.59710353e-13  2.62030430e-11 -1.39061452e-10 -1.17029205e-15  1.92523577e-16  8.34647941e-06 -2.13372454e-06 -2.93231994e-09  8.77823327e-10]:11.849058351453293
2263:[4.32006260e+11 6.42413195e+11]:[ 6.69892058e-02 -2.64257539e-12 -1.59722795e-13  1.95758486e-11 -2.37586939e-10 -1.17028593e-15  2.32614178e-16  8.30327144e-06 -2.14860742e-06 -2.94264904e-09  8.67747041e-10]:11.87279395325502
2262:[7.06657101e+11 7.21946933e+11]:[ 6.67393865e-02 -2.76872368e-12 -7.55787802e-14  2.74239418e-11 -2.39366707e-10 -1.92911555e-15  1.88259353e-16  8.87971804e-06 -2.15365378e-06 -2.93823517e-09  8.68689640e-10]:11.950143092012496
2259:[4.02724951e+12 6.36390971e+12]:[ 5.94251375e-02 -2.70005971e-12 -1.59722795e-13  2.01512829e-11 -2.07352137e-10 -1.17028593e-15  1.90041872e-16  8.79025045e-06 -2.33126763e-06 -2.96076903e-09  8.70186419e-10]:12.86513061190688
2258:[3.41018252e+13 6.09999387e+13]:[ 5.92043925e-02 -2.60334391e-12 -1.62132066e-13  2.41067908e-11 -1.93169707e-10 -1.26758260e-15  1.92270441e-16  9.64969192e-06 -2.75352492e-06 -2.93922039e-09  8.62850901e-10]:13.840008032853872
2257:[3.36528742e+13 6.99942412e+13]:[ 5.90993150e-02 -2.72996396e-12 -1.60130739e-13  1.81842997e-11 -1.86500030e-10 -1.21742817e-15  1.95419902e-16  8.65588142e-06 -1.46898333e-06 -3.02013616e-09  8.67773579e-10]:13.89248935855092
2261:[7.57005024e+13 1.39778386e+14]:[ 6.04367008e-02 -3.50078788e-12 -1.20447333e-13  1.85994730e-11 -1.86168835e-10 -1.20047507e-15  1.96485848e-16  8.96219935e-06 -3.06916146e-06 -2.92933574e-09  8.66684646e-10]:14.198510025539411
2260:[7.46814329e+13 1.51442911e+14]:[ 5.97251497e-02 -2.70066677e-12 -2.05913613e-13  1.93177014e-11 -1.42821467e-10 -1.17029130e-15  1.92521928e-16  8.34698456e-06 -1.17049205e-06 -2.99908198e-09  8.75148622e-10]:14.22882739706095
Population scores:
2246:[3.21641123e+11 5.38386678e+11]:[ 5.18984127e-02 -2.92354261e-12 -1.34135652e-13  1.81592713e-11 -2.28007581e-10 -1.18187029e-15  1.93914750e-16  8.67275852e-06 -2.12500772e-06 -2.93238671e-09  8.63673946e-10]:11.789284887662577
2241:[3.20639990e+11 5.61049949e+11]:[ 6.00952922e-02 -2.65893876e-12 -1.59710411e-13  1.91921729e-11 -1.37412556e-10 -1.17022274e-15  1.92520624e-16  8.34474935e-06 -2.12906069e-06 -2.99487837e-09  8.68140425e-10]:11.804823093209327
2251:[3.55721745e+11 5.55741775e+11]:[ 5.94011978e-02 -2.65011747e-12 -1.59722795e-13  1.99033257e-11 -2.81411221e-10 -1.17028593e-15  2.41035090e-16  9.25621809e-06 -2.15294074e-06 -2.99061844e-09  8.72398861e-10]:11.806935934024237
1155:[3.21584299e+11 5.67381141e+11]:[ 5.95086656e-02 -2.70374792e-12 -1.59722795e-13  1.93161282e-11 -1.92135331e-10 -1.17028593e-15  1.92526931e-16  8.33659697e-06 -2.13429221e-06 -2.93460030e-09  8.70079868e-10]:11.809264275382866
2252:[3.23217330e+11 5.67407429e+11]:[ 5.95086656e-02 -2.70374792e-12 -1.59722795e-13  1.93161282e-11 -1.92135331e-10 -1.17028593e-15  1.97432470e-16  8.33659697e-06 -2.13429221e-06 -2.95295755e-09  8.70079868e-10]:11.809545970500743
2256:[3.57236030e+11 5.76675137e+11]:[ 5.90702043e-02 -2.67193184e-12 -1.61587603e-13  1.93018389e-11 -1.74678779e-10 -1.23170065e-15  1.92521761e-16  8.34463885e-06 -2.14592140e-06 -2.97367239e-09  8.73040917e-10]:11.8211280498509
2220:[2.85331658e+11 5.98442082e+11]:[ 5.69593431e-02 -2.89668069e-12 -1.62355283e-13  1.85957155e-11 -1.97623482e-10 -1.22991297e-15  1.96988150e-16  8.99074524e-06 -2.11166936e-06 -2.93584557e-09  8.65554377e-10]:11.824074835257795
2217:[3.60607670e+11 5.86526191e+11]:[ 6.03252922e-02 -2.60453922e-12 -1.59363947e-13  1.91675384e-11 -1.84530670e-10 -1.16196415e-15  1.95219973e-16  8.35951530e-06 -2.13937755e-06 -3.02793829e-09  8.69532399e-10]:11.82806154480152
2250:[2.93413464e+11 6.15692550e+11]:[ 5.87551102e-02 -2.70374792e-12 -1.59722795e-13  1.93161282e-11 -1.90446424e-10 -1.17028593e-15  1.92526931e-16  8.34822735e-06 -2.13429221e-06 -2.93460030e-09  8.76610158e-10]:11.836394876959307
%%%%%%%%%%%%%%%%%%%%%%%%%
%%%final - population%%%%
%%%%%%%%%%%%%%%%%%%%%%%%%
2246:[3.21641123e+11 5.38386678e+11]:[ 5.18984127e-02 -2.92354261e-12 -1.34135652e-13  1.81592713e-11 -2.28007581e-10 -1.18187029e-15  1.93914750e-16  8.67275852e-06 -2.12500772e-06 -2.93238671e-09  8.63673946e-10]
2241:[3.20639990e+11 5.61049949e+11]:[ 6.00952922e-02 -2.65893876e-12 -1.59710411e-13  1.91921729e-11 -1.37412556e-10 -1.17022274e-15  1.92520624e-16  8.34474935e-06 -2.12906069e-06 -2.99487837e-09  8.68140425e-10]
2251:[3.55721745e+11 5.55741775e+11]:[ 5.94011978e-02 -2.65011747e-12 -1.59722795e-13  1.99033257e-11 -2.81411221e-10 -1.17028593e-15  2.41035090e-16  9.25621809e-06 -2.15294074e-06 -2.99061844e-09  8.72398861e-10]
1155:[3.21584299e+11 5.67381141e+11]:[ 5.95086656e-02 -2.70374792e-12 -1.59722795e-13  1.93161282e-11 -1.92135331e-10 -1.17028593e-15  1.92526931e-16  8.33659697e-06 -2.13429221e-06 -2.93460030e-09  8.70079868e-10]
2252:[3.23217330e+11 5.67407429e+11]:[ 5.95086656e-02 -2.70374792e-12 -1.59722795e-13  1.93161282e-11 -1.92135331e-10 -1.17028593e-15  1.97432470e-16  8.33659697e-06 -2.13429221e-06 -2.95295755e-09  8.70079868e-10]
2256:[3.57236030e+11 5.76675137e+11]:[ 5.90702043e-02 -2.67193184e-12 -1.61587603e-13  1.93018389e-11 -1.74678779e-10 -1.23170065e-15  1.92521761e-16  8.34463885e-06 -2.14592140e-06 -2.97367239e-09  8.73040917e-10]
2220:[2.85331658e+11 5.98442082e+11]:[ 5.69593431e-02 -2.89668069e-12 -1.62355283e-13  1.85957155e-11 -1.97623482e-10 -1.22991297e-15  1.96988150e-16  8.99074524e-06 -2.11166936e-06 -2.93584557e-09  8.65554377e-10]
2217:[3.60607670e+11 5.86526191e+11]:[ 6.03252922e-02 -2.60453922e-12 -1.59363947e-13  1.91675384e-11 -1.84530670e-10 -1.16196415e-15  1.95219973e-16  8.35951530e-06 -2.13937755e-06 -3.02793829e-09  8.69532399e-10]
2250:[2.93413464e+11 6.15692550e+11]:[ 5.87551102e-02 -2.70374792e-12 -1.59722795e-13  1.93161282e-11 -1.90446424e-10 -1.17028593e-15  1.92526931e-16  8.34822735e-06 -2.13429221e-06 -2.93460030e-09  8.76610158e-10]
