Generating Population from
[ 5.18984127e-02 -2.92354261e-12 -1.34135652e-13  1.81592713e-11 -2.28007581e-10 -1.18187029e-15  1.93914750e-16  8.67275852e-06 -2.12500772e-06 -2.93238671e-09  8.63673946e-10]
*******************************
***iteration: 0 Population is***
*******************************
Population scores:
2246:[3.21641123e+11 5.38386678e+11]:[ 5.18984127e-02 -2.92354261e-12 -1.34135652e-13  1.81592713e-11 -2.28007581e-10 -1.18187029e-15  1.93914750e-16  8.67275852e-06 -2.12500772e-06 -2.93238671e-09  8.63673946e-10]:11.731094305185229
2266:[5.17005945e+11 8.39081048e+11]:[ 6.11854618e-02 -3.12282499e-12 -7.89073300e-14  1.98908449e-11 -2.94891655e-10 -9.82943227e-16  2.51869212e-16  9.55374832e-06 -2.31080391e-06 -3.55570860e-09  9.43377742e-10]:11.923803911728069
2270:[1.89881890e+12 3.00667958e+12]:[ 6.07609315e-02 -3.77675153e-12 -1.96296419e-13  9.11332694e-12 -1.84174851e-10 -7.73565653e-16  2.50828053e-16  9.32546243e-06 -2.22385855e-06 -3.66440500e-09  8.55606632e-10]:12.478087148193278
2265:[2.48705818e+12 3.69318751e+12]:[ 4.25806863e-02 -2.49336305e-12 -5.27279403e-14  1.83174426e-11 -2.83517731e-10 -1.32788253e-15  2.20763636e-16  9.25287299e-06 -2.20911749e-06 -3.85494793e-09  8.55302968e-10]:12.567401358063162
2269:[1.10803819e+13 2.20760463e+13]:[ 5.70425538e-02 -3.06166308e-12 -4.47608219e-14  1.49020480e-11 -1.59285948e-10 -3.91993819e-16  1.33963332e-16  7.77801259e-06 -1.95613433e-06 -2.33682865e-09  9.28865750e-10]:13.343921297108155
2271:[2.17613138e+13 4.13496924e+13]:[ 5.07892991e-02 -3.78074742e-12 -2.16731338e-13  1.84562652e-11 -1.31841133e-10 -2.86596838e-16  2.62374226e-16  7.71295135e-06 -2.63140329e-06 -3.64946168e-09  8.72918357e-10]:13.616472283575774
2268:[5.94541787e+13 1.19829419e+14]:[ 5.08699953e-02 -3.72732406e-12 -1.52152466e-13  1.19694818e-11 -2.47233462e-10 -8.77179300e-16  1.53095440e-16  9.05455192e-06 -1.29076509e-06 -3.52182591e-09  8.79644419e-10]:14.07856345351915
2264:[7.66135306e+13 1.56100164e+14]:[ 5.31828921e-02 -3.22726492e-12 -2.24758100e-13  2.67679111e-11 -1.97974155e-10 -1.31887243e-15  1.26987080e-16  8.71808840e-06 -1.25856236e-06 -2.11049626e-09  9.00504281e-10]:14.19340335900123
2267:[8.68676914e+13 1.58027298e+14]:[ 5.41572986e-02 -2.28502373e-12 -1.50316720e-13  2.67357717e-11 -3.05381894e-10 -1.71196916e-15  1.63093054e-16  8.16578509e-06 -3.08559548e-06 -2.08857889e-09  8.46978227e-10]:14.19873211500919
Selected: [2 0]
***************
***CROSSOVER***
***************
parents:
2270[ 6.07609315e-02 -3.77675153e-12 -1.96296419e-13  9.11332694e-12 -1.84174851e-10 -7.73565653e-16  2.50828053e-16  9.32546243e-06 -2.22385855e-06 -3.66440500e-09  8.55606632e-10]
2246[ 5.18984127e-02 -2.92354261e-12 -1.34135652e-13  1.81592713e-11 -2.28007581e-10 -1.18187029e-15  1.93914750e-16  8.67275852e-06 -2.12500772e-06 -2.93238671e-09  8.63673946e-10]
children:
[ 5.84540881e-02 -3.72128420e-12 -1.75179310e-13  1.82353091e-11 -2.07000379e-10 -9.77818906e-16  2.10193897e-16  9.38753642e-06 -2.13533557e-06 -2.90105545e-09  8.59150155e-10]
[ 5.59920665e-02 -3.47929705e-12 -1.95331250e-13  1.37621092e-11 -2.20146051e-10 -1.18536944e-15  2.20088650e-16  9.37535109e-06 -2.19058387e-06 -3.16637682e-09  8.56778277e-10]
[ 5.91400429e-02 -2.94131319e-12 -1.57866580e-13  8.34529714e-12 -2.07912830e-10 -1.21666401e-15  2.40696677e-16  8.81725487e-06 -2.15108521e-06 -3.46248579e-09  8.56900565e-10]
Selected: [6 1]
***************
***CROSSOVER***
***************
parents:
2268[ 5.08699953e-02 -3.72732406e-12 -1.52152466e-13  1.19694818e-11 -2.47233462e-10 -8.77179300e-16  1.53095440e-16  9.05455192e-06 -1.29076509e-06 -3.52182591e-09  8.79644419e-10]
2266[ 6.11854618e-02 -3.12282499e-12 -7.89073300e-14  1.98908449e-11 -2.94891655e-10 -9.82943227e-16  2.51869212e-16  9.55374832e-06 -2.31080391e-06 -3.55570860e-09  9.43377742e-10]
children:
[ 5.40158724e-02 -3.12426686e-12 -1.23259457e-13  1.74478873e-11 -2.64728069e-10 -9.53382844e-16  2.26449421e-16  9.44569447e-06 -1.70762810e-06 -3.51985192e-09  8.98822017e-10]
[ 5.40593874e-02 -3.33321444e-12 -8.36650312e-14  1.75850778e-11 -2.57157624e-10 -9.89163525e-16  1.59699317e-16  9.01099391e-06 -1.83565993e-06 -3.52696013e-09  9.00429785e-10]
[ 5.22873604e-02 -3.24301720e-12 -9.37860025e-14  1.67976240e-11 -2.67788769e-10 -8.96586986e-16  2.26542084e-16  9.40569219e-06 -1.96964631e-06 -3.55696012e-09  9.32991773e-10]
Selected: [3 0]
***************
***CROSSOVER***
***************
parents:
2265[ 4.25806863e-02 -2.49336305e-12 -5.27279403e-14  1.83174426e-11 -2.83517731e-10 -1.32788253e-15  2.20763636e-16  9.25287299e-06 -2.20911749e-06 -3.85494793e-09  8.55302968e-10]
2246[ 5.18984127e-02 -2.92354261e-12 -1.34135652e-13  1.81592713e-11 -2.28007581e-10 -1.18187029e-15  1.93914750e-16  8.67275852e-06 -2.12500772e-06 -2.93238671e-09  8.63673946e-10]
children:
[ 4.26429403e-02 -2.72211908e-12 -5.40847530e-14  1.82442171e-11 -2.28728076e-10 -1.20323034e-15  2.14343823e-16  9.23663923e-06 -2.16826776e-06 -3.07162145e-09  8.63131869e-10]
[ 4.93079244e-02 -2.76655876e-12 -9.96459222e-14  1.82480462e-11 -2.39864355e-10 -1.32057572e-15  2.12911577e-16  9.02503778e-06 -2.20981580e-06 -3.77542410e-09  8.58657602e-10]
[ 4.53501339e-02 -2.85687055e-12 -9.37395795e-14  1.81528592e-11 -2.24145186e-10 -1.28702302e-15  2.20076478e-16  8.82371024e-06 -2.16733828e-06 -2.86522237e-09  8.59129654e-10]
@@@@@@@@@@@@@@@@@@@@@@@@@
@@@merging population@@@@
@@@@@@@@@@@@@@@@@@@@@@@@@
Population scores:
2246:[3.21641123e+11 5.38386678e+11]:[ 5.18984127e-02 -2.92354261e-12 -1.34135652e-13  1.81592713e-11 -2.28007581e-10 -1.18187029e-15  1.93914750e-16  8.67275852e-06 -2.12500772e-06 -2.93238671e-09  8.63673946e-10]:11.731094305185229
2279:[3.77382679e+11 5.72659803e+11]:[ 5.84540881e-02 -3.72128420e-12 -1.75179310e-13  1.82353091e-11 -2.07000379e-10 -9.77818906e-16  2.10193897e-16  9.38753642e-06 -2.13533557e-06 -2.90105545e-09  8.59150155e-10]:11.757896699767127
2272:[6.26818956e+11 7.87219232e+11]:[ 4.26429403e-02 -2.72211908e-12 -5.40847530e-14  1.82442171e-11 -2.28728076e-10 -1.20323034e-15  2.14343823e-16  9.23663923e-06 -2.16826776e-06 -3.07162145e-09  8.63131869e-10]:11.896095695545151
2266:[5.17005945e+11 8.39081048e+11]:[ 6.11854618e-02 -3.12282499e-12 -7.89073300e-14  1.98908449e-11 -2.94891655e-10 -9.82943227e-16  2.51869212e-16  9.55374832e-06 -2.31080391e-06 -3.55570860e-09  9.43377742e-10]:11.923803911728069
2273:[7.40857895e+11 9.24561016e+11]:[ 4.53501339e-02 -2.85687055e-12 -9.37395795e-14  1.81528592e-11 -2.24145186e-10 -1.28702302e-15  2.20076478e-16  8.82371024e-06 -2.16733828e-06 -2.86522237e-09  8.59129654e-10]:11.965935577482753
2280:[8.72069834e+11 1.19566295e+12]:[ 5.91400429e-02 -2.94131319e-12 -1.57866580e-13  8.34529714e-12 -2.07912830e-10 -1.21666401e-15  2.40696677e-16  8.81725487e-06 -2.15108521e-06 -3.46248579e-09  8.56900565e-10]:12.077608770981378
2278:[1.13659962e+12 1.49686492e+12]:[ 5.59920665e-02 -3.47929705e-12 -1.95331250e-13  1.37621092e-11 -2.20146051e-10 -1.18536944e-15  2.20088650e-16  9.37535109e-06 -2.19058387e-06 -3.16637682e-09  8.56778277e-10]:12.17518261175292
2270:[1.89881890e+12 3.00667958e+12]:[ 6.07609315e-02 -3.77675153e-12 -1.96296419e-13  9.11332694e-12 -1.84174851e-10 -7.73565653e-16  2.50828053e-16  9.32546243e-06 -2.22385855e-06 -3.66440500e-09  8.55606632e-10]:12.478087148193278
2274:[2.30701881e+12 3.42324522e+12]:[ 4.93079244e-02 -2.76655876e-12 -9.96459222e-14  1.82480462e-11 -2.39864355e-10 -1.32057572e-15  2.12911577e-16  9.02503778e-06 -2.20981580e-06 -3.77542410e-09  8.58657602e-10]:12.534438010538263
2265:[2.48705818e+12 3.69318751e+12]:[ 4.25806863e-02 -2.49336305e-12 -5.27279403e-14  1.83174426e-11 -2.83517731e-10 -1.32788253e-15  2.20763636e-16  9.25287299e-06 -2.20911749e-06 -3.85494793e-09  8.55302968e-10]:12.567401358063162
2275:[7.69915841e+12 1.64071776e+13]:[ 5.22873604e-02 -3.24301720e-12 -9.37860025e-14  1.67976240e-11 -2.67788769e-10 -8.96586986e-16  2.26542084e-16  9.40569219e-06 -1.96964631e-06 -3.55696012e-09  9.32991773e-10]:13.215033879245173
2277:[1.00124764e+13 2.14402186e+13]:[ 5.40593874e-02 -3.33321444e-12 -8.36650312e-14  1.75850778e-11 -2.57157624e-10 -9.89163525e-16  1.59699317e-16  9.01099391e-06 -1.83565993e-06 -3.52696013e-09  9.00429785e-10]:13.331229208492344
2269:[1.10803819e+13 2.20760463e+13]:[ 5.70425538e-02 -3.06166308e-12 -4.47608219e-14  1.49020480e-11 -1.59285948e-10 -3.91993819e-16  1.33963332e-16  7.77801259e-06 -1.95613433e-06 -2.33682865e-09  9.28865750e-10]:13.343921297108155
2276:[1.91952420e+13 3.99558172e+13]:[ 5.40158724e-02 -3.12426686e-12 -1.23259457e-13  1.74478873e-11 -2.64728069e-10 -9.53382844e-16  2.26449421e-16  9.44569447e-06 -1.70762810e-06 -3.51985192e-09  8.98822017e-10]:13.601580017023581
2271:[2.17613138e+13 4.13496924e+13]:[ 5.07892991e-02 -3.78074742e-12 -2.16731338e-13  1.84562652e-11 -1.31841133e-10 -2.86596838e-16  2.62374226e-16  7.71295135e-06 -2.63140329e-06 -3.64946168e-09  8.72918357e-10]:13.616472283575774
2268:[5.94541787e+13 1.19829419e+14]:[ 5.08699953e-02 -3.72732406e-12 -1.52152466e-13  1.19694818e-11 -2.47233462e-10 -8.77179300e-16  1.53095440e-16  9.05455192e-06 -1.29076509e-06 -3.52182591e-09  8.79644419e-10]:14.07856345351915
2264:[7.66135306e+13 1.56100164e+14]:[ 5.31828921e-02 -3.22726492e-12 -2.24758100e-13  2.67679111e-11 -1.97974155e-10 -1.31887243e-15  1.26987080e-16  8.71808840e-06 -1.25856236e-06 -2.11049626e-09  9.00504281e-10]:14.19340335900123
2267:[8.68676914e+13 1.58027298e+14]:[ 5.41572986e-02 -2.28502373e-12 -1.50316720e-13  2.67357717e-11 -3.05381894e-10 -1.71196916e-15  1.63093054e-16  8.16578509e-06 -3.08559548e-06 -2.08857889e-09  8.46978227e-10]:14.19873211500919
*******************************
***iteration: 1 Population is***
*******************************
Population scores:
2246:[3.21641123e+11 5.38386678e+11]:[ 5.18984127e-02 -2.92354261e-12 -1.34135652e-13  1.81592713e-11 -2.28007581e-10 -1.18187029e-15  1.93914750e-16  8.67275852e-06 -2.12500772e-06 -2.93238671e-09  8.63673946e-10]:11.731094305185229
2279:[3.77382679e+11 5.72659803e+11]:[ 5.84540881e-02 -3.72128420e-12 -1.75179310e-13  1.82353091e-11 -2.07000379e-10 -9.77818906e-16  2.10193897e-16  9.38753642e-06 -2.13533557e-06 -2.90105545e-09  8.59150155e-10]:11.757896699767127
2272:[6.26818956e+11 7.87219232e+11]:[ 4.26429403e-02 -2.72211908e-12 -5.40847530e-14  1.82442171e-11 -2.28728076e-10 -1.20323034e-15  2.14343823e-16  9.23663923e-06 -2.16826776e-06 -3.07162145e-09  8.63131869e-10]:11.896095695545151
2266:[5.17005945e+11 8.39081048e+11]:[ 6.11854618e-02 -3.12282499e-12 -7.89073300e-14  1.98908449e-11 -2.94891655e-10 -9.82943227e-16  2.51869212e-16  9.55374832e-06 -2.31080391e-06 -3.55570860e-09  9.43377742e-10]:11.923803911728069
2273:[7.40857895e+11 9.24561016e+11]:[ 4.53501339e-02 -2.85687055e-12 -9.37395795e-14  1.81528592e-11 -2.24145186e-10 -1.28702302e-15  2.20076478e-16  8.82371024e-06 -2.16733828e-06 -2.86522237e-09  8.59129654e-10]:11.965935577482753
2280:[8.72069834e+11 1.19566295e+12]:[ 5.91400429e-02 -2.94131319e-12 -1.57866580e-13  8.34529714e-12 -2.07912830e-10 -1.21666401e-15  2.40696677e-16  8.81725487e-06 -2.15108521e-06 -3.46248579e-09  8.56900565e-10]:12.077608770981378
2278:[1.13659962e+12 1.49686492e+12]:[ 5.59920665e-02 -3.47929705e-12 -1.95331250e-13  1.37621092e-11 -2.20146051e-10 -1.18536944e-15  2.20088650e-16  9.37535109e-06 -2.19058387e-06 -3.16637682e-09  8.56778277e-10]:12.17518261175292
2270:[1.89881890e+12 3.00667958e+12]:[ 6.07609315e-02 -3.77675153e-12 -1.96296419e-13  9.11332694e-12 -1.84174851e-10 -7.73565653e-16  2.50828053e-16  9.32546243e-06 -2.22385855e-06 -3.66440500e-09  8.55606632e-10]:12.478087148193278
2274:[2.30701881e+12 3.42324522e+12]:[ 4.93079244e-02 -2.76655876e-12 -9.96459222e-14  1.82480462e-11 -2.39864355e-10 -1.32057572e-15  2.12911577e-16  9.02503778e-06 -2.20981580e-06 -3.77542410e-09  8.58657602e-10]:12.534438010538263
Selected: [5 4]
***************
***CROSSOVER***
***************
parents:
2280[ 5.91400429e-02 -2.94131319e-12 -1.57866580e-13  8.34529714e-12 -2.07912830e-10 -1.21666401e-15  2.40696677e-16  8.81725487e-06 -2.15108521e-06 -3.46248579e-09  8.56900565e-10]
2273[ 4.53501339e-02 -2.85687055e-12 -9.37395795e-14  1.81528592e-11 -2.24145186e-10 -1.28702302e-15  2.20076478e-16  8.82371024e-06 -2.16733828e-06 -2.86522237e-09  8.59129654e-10]
children:
[ 5.92645894e-02 -2.92821426e-12 -1.43058209e-13  1.60721938e-11 -2.23351480e-10 -1.22479972e-15  2.26380660e-16  8.81789877e-06 -2.15990839e-06 -2.88278434e-09  8.59248277e-10]
[ 5.64881785e-02 -2.89318803e-12 -8.75465346e-14  1.31203471e-11 -2.15165024e-10 -1.25307038e-15  2.40662313e-16  8.82290826e-06 -2.16751647e-06 -3.01816959e-09  8.58217885e-10]
[ 4.98700827e-02 -2.91445525e-12 -1.40295767e-13  1.38819418e-11 -2.18238892e-10 -1.23428163e-15  2.32378499e-16  8.81781699e-06 -2.15507890e-06 -3.32242052e-09  8.58766567e-10]
Selected: [1 3]
***************
***CROSSOVER***
***************
parents:
2279[ 5.84540881e-02 -3.72128420e-12 -1.75179310e-13  1.82353091e-11 -2.07000379e-10 -9.77818906e-16  2.10193897e-16  9.38753642e-06 -2.13533557e-06 -2.90105545e-09  8.59150155e-10]
2266[ 6.11854618e-02 -3.12282499e-12 -7.89073300e-14  1.98908449e-11 -2.94891655e-10 -9.82943227e-16  2.51869212e-16  9.55374832e-06 -2.31080391e-06 -3.55570860e-09  9.43377742e-10]
children:
[ 6.06162560e-02 -3.35899380e-12 -1.55193337e-13  1.80872286e-11 -2.92934895e-10 -9.80855188e-16  2.30252909e-16  9.53287194e-06 -2.29460686e-06 -2.94945068e-09  8.86111742e-10]
[ 5.83938174e-02 -3.55783273e-12 -1.56089452e-13  1.81724788e-11 -2.59256239e-10 -9.82650846e-16  2.10670717e-16  9.39353597e-06 -2.28571912e-06 -3.01753367e-09  8.85875695e-10]
[ 6.00452779e-02 -3.66330543e-12 -8.66580374e-14  1.98071369e-11 -2.03110196e-10 -9.78506774e-16  2.50726909e-16  9.54664675e-06 -2.21860766e-06 -3.56987697e-09  9.30623055e-10]
Selected: [0 1]
***************
***CROSSOVER***
***************
parents:
2246[ 5.18984127e-02 -2.92354261e-12 -1.34135652e-13  1.81592713e-11 -2.28007581e-10 -1.18187029e-15  1.93914750e-16  8.67275852e-06 -2.12500772e-06 -2.93238671e-09  8.63673946e-10]
2279[ 5.84540881e-02 -3.72128420e-12 -1.75179310e-13  1.82353091e-11 -2.07000379e-10 -9.77818906e-16  2.10193897e-16  9.38753642e-06 -2.13533557e-06 -2.90105545e-09  8.59150155e-10]
children:
[ 5.34986468e-02 -2.93420408e-12 -1.68855757e-13  1.81727185e-11 -2.11915997e-10 -1.09492633e-15  2.01675645e-16  8.70789258e-06 -2.13226214e-06 -2.91319128e-09  8.61628726e-10]
[ 5.31738999e-02 -3.71946965e-12 -1.55037955e-13  1.81910747e-11 -2.05199200e-10 -9.80385152e-16  1.98760151e-16  9.30141055e-06 -2.12838392e-06 -2.93092403e-09  8.63538283e-10]
[ 5.70369346e-02 -3.55585763e-12 -1.76195974e-13  1.81960093e-11 -2.21203515e-10 -1.08366329e-15  2.05543907e-16  9.35679359e-06 -2.12874744e-06 -2.92292602e-09  8.61600069e-10]
@@@@@@@@@@@@@@@@@@@@@@@@@
@@@merging population@@@@
@@@@@@@@@@@@@@@@@@@@@@@@@
Population scores:
2246:[3.21641123e+11 5.38386678e+11]:[ 5.18984127e-02 -2.92354261e-12 -1.34135652e-13  1.81592713e-11 -2.28007581e-10 -1.18187029e-15  1.93914750e-16  8.67275852e-06 -2.12500772e-06 -2.93238671e-09  8.63673946e-10]:11.731094305185229
2285:[3.41982345e+11 5.61942570e+11]:[ 5.70369346e-02 -3.55585763e-12 -1.76195974e-13  1.81960093e-11 -2.21203515e-10 -1.08366329e-15  2.05543907e-16  9.35679359e-06 -2.12874744e-06 -2.92292602e-09  8.61600069e-10]:11.749691933256592
2283:[3.63699628e+11 5.65117635e+11]:[ 5.34986468e-02 -2.93420408e-12 -1.68855757e-13  1.81727185e-11 -2.11915997e-10 -1.09492633e-15  2.01675645e-16  8.70789258e-06 -2.13226214e-06 -2.91319128e-09  8.61628726e-10]:11.752138860138096
2279:[3.77382679e+11 5.72659803e+11]:[ 5.84540881e-02 -3.72128420e-12 -1.75179310e-13  1.82353091e-11 -2.07000379e-10 -9.77818906e-16  2.10193897e-16  9.38753642e-06 -2.13533557e-06 -2.90105545e-09  8.59150155e-10]:11.757896699767127
2282:[3.55695244e+11 6.31507859e+11]:[ 5.31738999e-02 -3.71946965e-12 -1.55037955e-13  1.81910747e-11 -2.05199200e-10 -9.80385152e-16  1.98760151e-16  9.30141055e-06 -2.12838392e-06 -2.93092403e-09  8.63538283e-10]:11.800378759808684
2272:[6.26818956e+11 7.87219232e+11]:[ 4.26429403e-02 -2.72211908e-12 -5.40847530e-14  1.82442171e-11 -2.28728076e-10 -1.20323034e-15  2.14343823e-16  9.23663923e-06 -2.16826776e-06 -3.07162145e-09  8.63131869e-10]:11.896095695545151
2287:[6.29443298e+11 7.99491990e+11]:[ 5.92645894e-02 -2.92821426e-12 -1.43058209e-13  1.60721938e-11 -2.23351480e-10 -1.22479972e-15  2.26380660e-16  8.81789877e-06 -2.15990839e-06 -2.88278434e-09  8.59248277e-10]:11.902814117176233
2266:[5.17005945e+11 8.39081048e+11]:[ 6.11854618e-02 -3.12282499e-12 -7.89073300e-14  1.98908449e-11 -2.94891655e-10 -9.82943227e-16  2.51869212e-16  9.55374832e-06 -2.31080391e-06 -3.55570860e-09  9.43377742e-10]:11.923803911728069
2273:[7.40857895e+11 9.24561016e+11]:[ 4.53501339e-02 -2.85687055e-12 -9.37395795e-14  1.81528592e-11 -2.24145186e-10 -1.28702302e-15  2.20076478e-16  8.82371024e-06 -2.16733828e-06 -2.86522237e-09  8.59129654e-10]:11.965935577482753
2284:[8.30119922e+11 1.07226490e+12]:[ 5.64881785e-02 -2.89318803e-12 -8.75465346e-14  1.31203471e-11 -2.15165024e-10 -1.25307038e-15  2.40662313e-16  8.82290826e-06 -2.16751647e-06 -3.01816959e-09  8.58217885e-10]:12.030302088332904
2281:[7.99867216e+11 1.07313203e+12]:[ 4.98700827e-02 -2.91445525e-12 -1.40295767e-13  1.38819418e-11 -2.18238892e-10 -1.23428163e-15  2.32378499e-16  8.81781699e-06 -2.15507890e-06 -3.32242052e-09  8.58766567e-10]:12.030653158369258
2280:[8.72069834e+11 1.19566295e+12]:[ 5.91400429e-02 -2.94131319e-12 -1.57866580e-13  8.34529714e-12 -2.07912830e-10 -1.21666401e-15  2.40696677e-16  8.81725487e-06 -2.15108521e-06 -3.46248579e-09  8.56900565e-10]:12.077608770981378
2288:[5.66399167e+11 1.29558622e+12]:[ 6.00452779e-02 -3.66330543e-12 -8.66580374e-14  1.98071369e-11 -2.03110196e-10 -9.78506774e-16  2.50726909e-16  9.54664675e-06 -2.21860766e-06 -3.56987697e-09  9.30623055e-10]:12.11246631929614
2278:[1.13659962e+12 1.49686492e+12]:[ 5.59920665e-02 -3.47929705e-12 -1.95331250e-13  1.37621092e-11 -2.20146051e-10 -1.18536944e-15  2.20088650e-16  9.37535109e-06 -2.19058387e-06 -3.16637682e-09  8.56778277e-10]:12.17518261175292
2286:[1.39932774e+12 1.97530139e+12]:[ 5.83938174e-02 -3.55783273e-12 -1.56089452e-13  1.81724788e-11 -2.59256239e-10 -9.82650846e-16  2.10670717e-16  9.39353597e-06 -2.28571912e-06 -3.01753367e-09  8.85875695e-10]:12.295633370100642
2289:[1.45830433e+12 2.03811546e+12]:[ 6.06162560e-02 -3.35899380e-12 -1.55193337e-13  1.80872286e-11 -2.92934895e-10 -9.80855188e-16  2.30252909e-16  9.53287194e-06 -2.29460686e-06 -2.94945068e-09  8.86111742e-10]:12.309228784087999
2270:[1.89881890e+12 3.00667958e+12]:[ 6.07609315e-02 -3.77675153e-12 -1.96296419e-13  9.11332694e-12 -1.84174851e-10 -7.73565653e-16  2.50828053e-16  9.32546243e-06 -2.22385855e-06 -3.66440500e-09  8.55606632e-10]:12.478087148193278
2274:[2.30701881e+12 3.42324522e+12]:[ 4.93079244e-02 -2.76655876e-12 -9.96459222e-14  1.82480462e-11 -2.39864355e-10 -1.32057572e-15  2.12911577e-16  9.02503778e-06 -2.20981580e-06 -3.77542410e-09  8.58657602e-10]:12.534438010538263
*******************************
***iteration: 2 Population is***
*******************************
Population scores:
2246:[3.21641123e+11 5.38386678e+11]:[ 5.18984127e-02 -2.92354261e-12 -1.34135652e-13  1.81592713e-11 -2.28007581e-10 -1.18187029e-15  1.93914750e-16  8.67275852e-06 -2.12500772e-06 -2.93238671e-09  8.63673946e-10]:11.731094305185229
2285:[3.41982345e+11 5.61942570e+11]:[ 5.70369346e-02 -3.55585763e-12 -1.76195974e-13  1.81960093e-11 -2.21203515e-10 -1.08366329e-15  2.05543907e-16  9.35679359e-06 -2.12874744e-06 -2.92292602e-09  8.61600069e-10]:11.749691933256592
2283:[3.63699628e+11 5.65117635e+11]:[ 5.34986468e-02 -2.93420408e-12 -1.68855757e-13  1.81727185e-11 -2.11915997e-10 -1.09492633e-15  2.01675645e-16  8.70789258e-06 -2.13226214e-06 -2.91319128e-09  8.61628726e-10]:11.752138860138096
2279:[3.77382679e+11 5.72659803e+11]:[ 5.84540881e-02 -3.72128420e-12 -1.75179310e-13  1.82353091e-11 -2.07000379e-10 -9.77818906e-16  2.10193897e-16  9.38753642e-06 -2.13533557e-06 -2.90105545e-09  8.59150155e-10]:11.757896699767127
2282:[3.55695244e+11 6.31507859e+11]:[ 5.31738999e-02 -3.71946965e-12 -1.55037955e-13  1.81910747e-11 -2.05199200e-10 -9.80385152e-16  1.98760151e-16  9.30141055e-06 -2.12838392e-06 -2.93092403e-09  8.63538283e-10]:11.800378759808684
2272:[6.26818956e+11 7.87219232e+11]:[ 4.26429403e-02 -2.72211908e-12 -5.40847530e-14  1.82442171e-11 -2.28728076e-10 -1.20323034e-15  2.14343823e-16  9.23663923e-06 -2.16826776e-06 -3.07162145e-09  8.63131869e-10]:11.896095695545151
2287:[6.29443298e+11 7.99491990e+11]:[ 5.92645894e-02 -2.92821426e-12 -1.43058209e-13  1.60721938e-11 -2.23351480e-10 -1.22479972e-15  2.26380660e-16  8.81789877e-06 -2.15990839e-06 -2.88278434e-09  8.59248277e-10]:11.902814117176233
2266:[5.17005945e+11 8.39081048e+11]:[ 6.11854618e-02 -3.12282499e-12 -7.89073300e-14  1.98908449e-11 -2.94891655e-10 -9.82943227e-16  2.51869212e-16  9.55374832e-06 -2.31080391e-06 -3.55570860e-09  9.43377742e-10]:11.923803911728069
2273:[7.40857895e+11 9.24561016e+11]:[ 4.53501339e-02 -2.85687055e-12 -9.37395795e-14  1.81528592e-11 -2.24145186e-10 -1.28702302e-15  2.20076478e-16  8.82371024e-06 -2.16733828e-06 -2.86522237e-09  8.59129654e-10]:11.965935577482753
Selected: [7 2]
***************
***CROSSOVER***
***************
parents:
2266[ 6.11854618e-02 -3.12282499e-12 -7.89073300e-14  1.98908449e-11 -2.94891655e-10 -9.82943227e-16  2.51869212e-16  9.55374832e-06 -2.31080391e-06 -3.55570860e-09  9.43377742e-10]
2283[ 5.34986468e-02 -2.93420408e-12 -1.68855757e-13  1.81727185e-11 -2.11915997e-10 -1.09492633e-15  2.01675645e-16  8.70789258e-06 -2.13226214e-06 -2.91319128e-09  8.61628726e-10]
children:
[ 5.79121526e-02 -3.06018555e-12 -8.41632500e-14  1.85878687e-11 -2.78724316e-10 -1.05864707e-15  2.49752632e-16  8.77444153e-06 -2.20000759e-06 -3.35102114e-09  8.68138780e-10]
[ 5.93391522e-02 -3.11299303e-12 -1.47366830e-13  1.81099539e-11 -2.77404258e-10 -9.93912104e-16  2.39690431e-16  9.42445008e-06 -2.20622512e-06 -3.38146023e-09  8.96819777e-10]
[ 5.56662731e-02 -3.03289089e-12 -1.04873127e-13  1.88157044e-11 -2.19146021e-10 -1.09220666e-15  1.96683142e-16  8.98794344e-06 -2.23013372e-06 -3.58144520e-09  9.03283156e-10]
Selected: [5 8]
***************
***CROSSOVER***
***************
parents:
2272[ 4.26429403e-02 -2.72211908e-12 -5.40847530e-14  1.82442171e-11 -2.28728076e-10 -1.20323034e-15  2.14343823e-16  9.23663923e-06 -2.16826776e-06 -3.07162145e-09  8.63131869e-10]
2273[ 4.53501339e-02 -2.85687055e-12 -9.37395795e-14  1.81528592e-11 -2.24145186e-10 -1.28702302e-15  2.20076478e-16  8.82371024e-06 -2.16733828e-06 -2.86522237e-09  8.59129654e-10]
children:
[ 4.25239401e-02 -2.81309073e-12 -8.30896011e-14  1.82305591e-11 -2.26463820e-10 -1.24210921e-15  2.18933844e-16  9.13477972e-06 -2.16823478e-06 -3.05120418e-09  8.58755211e-10]
[ 4.26948506e-02 -2.80230276e-12 -7.97874382e-14  1.81607330e-11 -2.26179476e-10 -1.19876470e-15  2.15531195e-16  8.85470331e-06 -2.16750136e-06 -2.92623795e-09  8.59558587e-10]
[ 4.45701100e-02 -2.85683379e-12 -6.24466706e-14  1.81849652e-11 -2.25372667e-10 -1.24266446e-15  2.15897031e-16  9.07972284e-06 -2.16772399e-06 -3.02321693e-09  8.63014776e-10]
Selected: [3 1]
***************
***CROSSOVER***
***************
parents:
2279[ 5.84540881e-02 -3.72128420e-12 -1.75179310e-13  1.82353091e-11 -2.07000379e-10 -9.77818906e-16  2.10193897e-16  9.38753642e-06 -2.13533557e-06 -2.90105545e-09  8.59150155e-10]
2285[ 5.70369346e-02 -3.55585763e-12 -1.76195974e-13  1.81960093e-11 -2.21203515e-10 -1.08366329e-15  2.05543907e-16  9.35679359e-06 -2.12874744e-06 -2.92292602e-09  8.61600069e-10]
children:
[ 5.73961463e-02 -3.67041257e-12 -1.76285160e-13  1.82045833e-11 -2.15061383e-10 -1.00303912e-15  2.06445946e-16  9.38298918e-06 -2.13266383e-06 -2.90403776e-09  8.60788942e-10]
[ 5.83453230e-02 -3.73445203e-12 -1.75554240e-13  1.82116747e-11 -2.11098392e-10 -1.08012006e-15  2.08860339e-16  9.38733850e-06 -2.13043835e-06 -2.90222275e-09  8.59851459e-10]
[ 5.80198001e-02 -3.54239516e-12 -1.75504206e-13  1.82042040e-11 -2.12010687e-10 -9.98592077e-16  2.09386311e-16  9.37191785e-06 -2.13573273e-06 -2.90135987e-09  8.61558261e-10]
@@@@@@@@@@@@@@@@@@@@@@@@@
@@@merging population@@@@
@@@@@@@@@@@@@@@@@@@@@@@@@
Population scores:
2246:[3.21641123e+11 5.38386678e+11]:[ 5.18984127e-02 -2.92354261e-12 -1.34135652e-13  1.81592713e-11 -2.28007581e-10 -1.18187029e-15  1.93914750e-16  8.67275852e-06 -2.12500772e-06 -2.93238671e-09  8.63673946e-10]:11.731094305185229
2297:[3.52573591e+11 5.48249711e+11]:[ 5.83453230e-02 -3.73445203e-12 -1.75554240e-13  1.82116747e-11 -2.11098392e-10 -1.08012006e-15  2.08860339e-16  9.38733850e-06 -2.13043835e-06 -2.90222275e-09  8.59851459e-10]:11.738978411801725
2285:[3.41982345e+11 5.61942570e+11]:[ 5.70369346e-02 -3.55585763e-12 -1.76195974e-13  1.81960093e-11 -2.21203515e-10 -1.08366329e-15  2.05543907e-16  9.35679359e-06 -2.12874744e-06 -2.92292602e-09  8.61600069e-10]:11.749691933256592
2283:[3.63699628e+11 5.65117635e+11]:[ 5.34986468e-02 -2.93420408e-12 -1.68855757e-13  1.81727185e-11 -2.11915997e-10 -1.09492633e-15  2.01675645e-16  8.70789258e-06 -2.13226214e-06 -2.91319128e-09  8.61628726e-10]:11.752138860138096
2279:[3.77382679e+11 5.72659803e+11]:[ 5.84540881e-02 -3.72128420e-12 -1.75179310e-13  1.82353091e-11 -2.07000379e-10 -9.77818906e-16  2.10193897e-16  9.38753642e-06 -2.13533557e-06 -2.90105545e-09  8.59150155e-10]:11.757896699767127
2294:[3.62628237e+11 5.80160305e+11]:[ 5.73961463e-02 -3.67041257e-12 -1.76285160e-13  1.82045833e-11 -2.15061383e-10 -1.00303912e-15  2.06445946e-16  9.38298918e-06 -2.13266383e-06 -2.90403776e-09  8.60788942e-10]:11.763548010569322
2296:[3.67270332e+11 5.81098462e+11]:[ 5.80198001e-02 -3.54239516e-12 -1.75504206e-13  1.82042040e-11 -2.12010687e-10 -9.98592077e-16  2.09386311e-16  9.37191785e-06 -2.13573273e-06 -2.90135987e-09  8.61558261e-10]:11.764249725951597
2282:[3.55695244e+11 6.31507859e+11]:[ 5.31738999e-02 -3.71946965e-12 -1.55037955e-13  1.81910747e-11 -2.05199200e-10 -9.80385152e-16  1.98760151e-16  9.30141055e-06 -2.12838392e-06 -2.93092403e-09  8.63538283e-10]:11.800378759808684
2298:[4.17931213e+11 6.72609536e+11]:[ 5.93391522e-02 -3.11299303e-12 -1.47366830e-13  1.81099539e-11 -2.77404258e-10 -9.93912104e-16  2.39690431e-16  9.42445008e-06 -2.20622512e-06 -3.38146023e-09  8.96819777e-10]:11.827763020449273
2272:[6.26818956e+11 7.87219232e+11]:[ 4.26429403e-02 -2.72211908e-12 -5.40847530e-14  1.82442171e-11 -2.28728076e-10 -1.20323034e-15  2.14343823e-16  9.23663923e-06 -2.16826776e-06 -3.07162145e-09  8.63131869e-10]:11.896095695545151
2287:[6.29443298e+11 7.99491990e+11]:[ 5.92645894e-02 -2.92821426e-12 -1.43058209e-13  1.60721938e-11 -2.23351480e-10 -1.22479972e-15  2.26380660e-16  8.81789877e-06 -2.15990839e-06 -2.88278434e-09  8.59248277e-10]:11.902814117176233
2292:[6.46954874e+11 8.12504650e+11]:[ 4.45701100e-02 -2.85683379e-12 -6.24466706e-14  1.81849652e-11 -2.25372667e-10 -1.24266446e-15  2.15897031e-16  9.07972284e-06 -2.16772399e-06 -3.02321693e-09  8.63014776e-10]:11.909825855092587
2266:[5.17005945e+11 8.39081048e+11]:[ 6.11854618e-02 -3.12282499e-12 -7.89073300e-14  1.98908449e-11 -2.94891655e-10 -9.82943227e-16  2.51869212e-16  9.55374832e-06 -2.31080391e-06 -3.55570860e-09  9.43377742e-10]:11.923803911728069
2293:[5.69835194e+11 8.60732889e+11]:[ 5.56662731e-02 -3.03289089e-12 -1.04873127e-13  1.88157044e-11 -2.19146021e-10 -1.09220666e-15  1.96683142e-16  8.98794344e-06 -2.23013372e-06 -3.58144520e-09  9.03283156e-10]:11.934868398098066
2291:[7.08757399e+11 9.09370893e+11]:[ 4.26948506e-02 -2.80230276e-12 -7.97874382e-14  1.81607330e-11 -2.26179476e-10 -1.19876470e-15  2.15531195e-16  8.85470331e-06 -2.16750136e-06 -2.92623795e-09  8.59558587e-10]:11.958741049369934
2273:[7.40857895e+11 9.24561016e+11]:[ 4.53501339e-02 -2.85687055e-12 -9.37395795e-14  1.81528592e-11 -2.24145186e-10 -1.28702302e-15  2.20076478e-16  8.82371024e-06 -2.16733828e-06 -2.86522237e-09  8.59129654e-10]:11.965935577482753
2290:[7.67207249e+11 9.62678755e+11]:[ 4.25239401e-02 -2.81309073e-12 -8.30896011e-14  1.82305591e-11 -2.26463820e-10 -1.24210921e-15  2.18933844e-16  9.13477972e-06 -2.16823478e-06 -3.05120418e-09  8.58755211e-10]:11.983481387822405
2295:[1.07272529e+12 1.55159167e+12]:[ 5.79121526e-02 -3.06018555e-12 -8.41632500e-14  1.85878687e-11 -2.78724316e-10 -1.05864707e-15  2.49752632e-16  8.77444153e-06 -2.20000759e-06 -3.35102114e-09  8.68138780e-10]:12.19077743960727
*******************************
***iteration: 3 Population is***
*******************************
Population scores:
2246:[3.21641123e+11 5.38386678e+11]:[ 5.18984127e-02 -2.92354261e-12 -1.34135652e-13  1.81592713e-11 -2.28007581e-10 -1.18187029e-15  1.93914750e-16  8.67275852e-06 -2.12500772e-06 -2.93238671e-09  8.63673946e-10]:11.731094305185229
2297:[3.52573591e+11 5.48249711e+11]:[ 5.83453230e-02 -3.73445203e-12 -1.75554240e-13  1.82116747e-11 -2.11098392e-10 -1.08012006e-15  2.08860339e-16  9.38733850e-06 -2.13043835e-06 -2.90222275e-09  8.59851459e-10]:11.738978411801725
2285:[3.41982345e+11 5.61942570e+11]:[ 5.70369346e-02 -3.55585763e-12 -1.76195974e-13  1.81960093e-11 -2.21203515e-10 -1.08366329e-15  2.05543907e-16  9.35679359e-06 -2.12874744e-06 -2.92292602e-09  8.61600069e-10]:11.749691933256592
2283:[3.63699628e+11 5.65117635e+11]:[ 5.34986468e-02 -2.93420408e-12 -1.68855757e-13  1.81727185e-11 -2.11915997e-10 -1.09492633e-15  2.01675645e-16  8.70789258e-06 -2.13226214e-06 -2.91319128e-09  8.61628726e-10]:11.752138860138096
2279:[3.77382679e+11 5.72659803e+11]:[ 5.84540881e-02 -3.72128420e-12 -1.75179310e-13  1.82353091e-11 -2.07000379e-10 -9.77818906e-16  2.10193897e-16  9.38753642e-06 -2.13533557e-06 -2.90105545e-09  8.59150155e-10]:11.757896699767127
2294:[3.62628237e+11 5.80160305e+11]:[ 5.73961463e-02 -3.67041257e-12 -1.76285160e-13  1.82045833e-11 -2.15061383e-10 -1.00303912e-15  2.06445946e-16  9.38298918e-06 -2.13266383e-06 -2.90403776e-09  8.60788942e-10]:11.763548010569322
2296:[3.67270332e+11 5.81098462e+11]:[ 5.80198001e-02 -3.54239516e-12 -1.75504206e-13  1.82042040e-11 -2.12010687e-10 -9.98592077e-16  2.09386311e-16  9.37191785e-06 -2.13573273e-06 -2.90135987e-09  8.61558261e-10]:11.764249725951597
2282:[3.55695244e+11 6.31507859e+11]:[ 5.31738999e-02 -3.71946965e-12 -1.55037955e-13  1.81910747e-11 -2.05199200e-10 -9.80385152e-16  1.98760151e-16  9.30141055e-06 -2.12838392e-06 -2.93092403e-09  8.63538283e-10]:11.800378759808684
2298:[4.17931213e+11 6.72609536e+11]:[ 5.93391522e-02 -3.11299303e-12 -1.47366830e-13  1.81099539e-11 -2.77404258e-10 -9.93912104e-16  2.39690431e-16  9.42445008e-06 -2.20622512e-06 -3.38146023e-09  8.96819777e-10]:11.827763020449273
Selected: [8 2]
***************
***CROSSOVER***
***************
parents:
2298[ 5.93391522e-02 -3.11299303e-12 -1.47366830e-13  1.81099539e-11 -2.77404258e-10 -9.93912104e-16  2.39690431e-16  9.42445008e-06 -2.20622512e-06 -3.38146023e-09  8.96819777e-10]
2285[ 5.70369346e-02 -3.55585763e-12 -1.76195974e-13  1.81960093e-11 -2.21203515e-10 -1.08366329e-15  2.05543907e-16  9.35679359e-06 -2.12874744e-06 -2.92292602e-09  8.61600069e-10]
children:
[ 5.93421520e-02 -3.53354055e-12 -1.53932014e-13  1.81280907e-11 -2.42659201e-10 -1.00823186e-15  2.22102960e-16  9.36403913e-06 -2.17375261e-06 -3.05396676e-09  8.91378309e-10]
[ 5.77178168e-02 -3.17879767e-12 -1.47571119e-13  1.81108017e-11 -2.47585291e-10 -1.03593784e-15  2.05538260e-16  9.35823599e-06 -2.15059637e-06 -2.90415311e-09  8.97742512e-10]
[ 5.78899347e-02 -3.35550425e-12 -1.72464567e-13  1.81425057e-11 -2.54965729e-10 -1.03175862e-15  2.26506375e-16  9.39097091e-06 -2.13220947e-06 -3.03383730e-09  8.96367836e-10]
Selected: [3 5]
***************
***CROSSOVER***
***************
parents:
2283[ 5.34986468e-02 -2.93420408e-12 -1.68855757e-13  1.81727185e-11 -2.11915997e-10 -1.09492633e-15  2.01675645e-16  8.70789258e-06 -2.13226214e-06 -2.91319128e-09  8.61628726e-10]
2294[ 5.73961463e-02 -3.67041257e-12 -1.76285160e-13  1.82045833e-11 -2.15061383e-10 -1.00303912e-15  2.06445946e-16  9.38298918e-06 -2.13266383e-06 -2.90403776e-09  8.60788942e-10]
children:
[ 5.51823079e-02 -2.87792848e-12 -1.74751142e-13  1.81994704e-11 -2.14436064e-10 -1.05082800e-15  2.02472931e-16  8.75731037e-06 -2.13244181e-06 -2.90690833e-09  8.61494147e-10]
[ 5.36945334e-02 -3.12459713e-12 -1.76813474e-13  1.81863520e-11 -2.13670519e-10 -1.02382787e-15  2.03960760e-16  9.15452184e-06 -2.13264810e-06 -2.90942050e-09  8.61608196e-10]
[ 5.63953324e-02 -3.03618512e-12 -1.68729640e-13  1.81998821e-11 -2.15166816e-10 -1.01561662e-15  2.02219485e-16  8.86854692e-06 -2.13226325e-06 -2.90522446e-09  8.60832470e-10]
Selected: [7 2]
***************
***CROSSOVER***
***************
parents:
2282[ 5.31738999e-02 -3.71946965e-12 -1.55037955e-13  1.81910747e-11 -2.05199200e-10 -9.80385152e-16  1.98760151e-16  9.30141055e-06 -2.12838392e-06 -2.93092403e-09  8.63538283e-10]
2285[ 5.70369346e-02 -3.55585763e-12 -1.76195974e-13  1.81960093e-11 -2.21203515e-10 -1.08366329e-15  2.05543907e-16  9.35679359e-06 -2.12874744e-06 -2.92292602e-09  8.61600069e-10]
children:
[ 5.61861900e-02 -3.59883565e-12 -1.70565949e-13  1.81962230e-11 -2.04630289e-10 -1.09305035e-15  1.99525755e-16  9.33103298e-06 -2.12845467e-06 -2.92723871e-09  8.62521866e-10]
[ 5.41319988e-02 -3.57886530e-12 -1.74306804e-13  1.81923476e-11 -2.17615951e-10 -1.01424131e-15  2.03542494e-16  9.31538603e-06 -2.12871088e-06 -2.92272294e-09  8.61541284e-10]
[ 5.58691750e-02 -3.55339195e-12 -1.61611431e-13  1.81915604e-11 -2.19754927e-10 -1.07072914e-15  2.02993550e-16  9.32132409e-06 -2.12860476e-06 -2.92434931e-09  8.62499633e-10]
@@@@@@@@@@@@@@@@@@@@@@@@@
@@@merging population@@@@
@@@@@@@@@@@@@@@@@@@@@@@@@
Population scores:
2246:[3.21641123e+11 5.38386678e+11]:[ 5.18984127e-02 -2.92354261e-12 -1.34135652e-13  1.81592713e-11 -2.28007581e-10 -1.18187029e-15  1.93914750e-16  8.67275852e-06 -2.12500772e-06 -2.93238671e-09  8.63673946e-10]:11.731094305185229
2297:[3.52573591e+11 5.48249711e+11]:[ 5.83453230e-02 -3.73445203e-12 -1.75554240e-13  1.82116747e-11 -2.11098392e-10 -1.08012006e-15  2.08860339e-16  9.38733850e-06 -2.13043835e-06 -2.90222275e-09  8.59851459e-10]:11.738978411801725
2285:[3.41982345e+11 5.61942570e+11]:[ 5.70369346e-02 -3.55585763e-12 -1.76195974e-13  1.81960093e-11 -2.21203515e-10 -1.08366329e-15  2.05543907e-16  9.35679359e-06 -2.12874744e-06 -2.92292602e-09  8.61600069e-10]:11.749691933256592
2283:[3.63699628e+11 5.65117635e+11]:[ 5.34986468e-02 -2.93420408e-12 -1.68855757e-13  1.81727185e-11 -2.11915997e-10 -1.09492633e-15  2.01675645e-16  8.70789258e-06 -2.13226214e-06 -2.91319128e-09  8.61628726e-10]:11.752138860138096
2303:[3.37524279e+11 5.66588703e+11]:[ 5.61861900e-02 -3.59883565e-12 -1.70565949e-13  1.81962230e-11 -2.04630289e-10 -1.09305035e-15  1.99525755e-16  9.33103298e-06 -2.12845467e-06 -2.92723871e-09  8.62521866e-10]:11.753267910761686
2301:[3.61784435e+11 5.71442119e+11]:[ 5.51823079e-02 -2.87792848e-12 -1.74751142e-13  1.81994704e-11 -2.14436064e-10 -1.05082800e-15  2.02472931e-16  8.75731037e-06 -2.13244181e-06 -2.90690833e-09  8.61494147e-10]:11.756972247801606
2299:[3.56033533e+11 5.72133655e+11]:[ 5.36945334e-02 -3.12459713e-12 -1.76813474e-13  1.81863520e-11 -2.13670519e-10 -1.02382787e-15  2.03960760e-16  9.15452184e-06 -2.13264810e-06 -2.90942050e-09  8.61608196e-10]:11.757497494988415
2279:[3.77382679e+11 5.72659803e+11]:[ 5.84540881e-02 -3.72128420e-12 -1.75179310e-13  1.82353091e-11 -2.07000379e-10 -9.77818906e-16  2.10193897e-16  9.38753642e-06 -2.13533557e-06 -2.90105545e-09  8.59150155e-10]:11.757896699767127
2304:[3.62846001e+11 5.74927949e+11]:[ 5.63953324e-02 -3.03618512e-12 -1.68729640e-13  1.81998821e-11 -2.15166816e-10 -1.01561662e-15  2.02219485e-16  8.86854692e-06 -2.13226325e-06 -2.90522446e-09  8.60832470e-10]:11.759613421476859
2302:[3.40741274e+11 5.75513891e+11]:[ 5.58691750e-02 -3.55339195e-12 -1.61611431e-13  1.81915604e-11 -2.19754927e-10 -1.07072914e-15  2.02993550e-16  9.32132409e-06 -2.12860476e-06 -2.92434931e-09  8.62499633e-10]:11.760055810742795
2294:[3.62628237e+11 5.80160305e+11]:[ 5.73961463e-02 -3.67041257e-12 -1.76285160e-13  1.82045833e-11 -2.15061383e-10 -1.00303912e-15  2.06445946e-16  9.38298918e-06 -2.13266383e-06 -2.90403776e-09  8.60788942e-10]:11.763548010569322
2296:[3.67270332e+11 5.81098462e+11]:[ 5.80198001e-02 -3.54239516e-12 -1.75504206e-13  1.82042040e-11 -2.12010687e-10 -9.98592077e-16  2.09386311e-16  9.37191785e-06 -2.13573273e-06 -2.90135987e-09  8.61558261e-10]:11.764249725951597
2300:[3.50899628e+11 5.89122032e+11]:[ 5.41319988e-02 -3.57886530e-12 -1.74306804e-13  1.81923476e-11 -2.17615951e-10 -1.01424131e-15  2.03542494e-16  9.31538603e-06 -2.12871088e-06 -2.92272294e-09  8.61541284e-10]:11.770205264560966
2282:[3.55695244e+11 6.31507859e+11]:[ 5.31738999e-02 -3.71946965e-12 -1.55037955e-13  1.81910747e-11 -2.05199200e-10 -9.80385152e-16  1.98760151e-16  9.30141055e-06 -2.12838392e-06 -2.93092403e-09  8.63538283e-10]:11.800378759808684
2298:[4.17931213e+11 6.72609536e+11]:[ 5.93391522e-02 -3.11299303e-12 -1.47366830e-13  1.81099539e-11 -2.77404258e-10 -9.93912104e-16  2.39690431e-16  9.42445008e-06 -2.20622512e-06 -3.38146023e-09  8.96819777e-10]:11.827763020449273
2307:[4.05690301e+11 8.08318873e+11]:[ 5.93421520e-02 -3.53354055e-12 -1.53932014e-13  1.81280907e-11 -2.42659201e-10 -1.00823186e-15  2.22102960e-16  9.36403913e-06 -2.17375261e-06 -3.05396676e-09  8.91378309e-10]:11.90758271892383
2305:[6.62251253e+11 1.55826831e+12]:[ 5.77178168e-02 -3.17879767e-12 -1.47571119e-13  1.81108017e-11 -2.47585291e-10 -1.03593784e-15  2.05538260e-16  9.35823599e-06 -2.15059637e-06 -2.90415311e-09  8.97742512e-10]:12.192642239905926
2306:[7.44105903e+11 1.79829773e+12]:[ 5.78899347e-02 -3.35550425e-12 -1.72464567e-13  1.81425057e-11 -2.54965729e-10 -1.03175862e-15  2.26506375e-16  9.39097091e-06 -2.13220947e-06 -3.03383730e-09  8.96367836e-10]:12.254861595256898
*******************************
***iteration: 4 Population is***
*******************************
Population scores:
2246:[3.21641123e+11 5.38386678e+11]:[ 5.18984127e-02 -2.92354261e-12 -1.34135652e-13  1.81592713e-11 -2.28007581e-10 -1.18187029e-15  1.93914750e-16  8.67275852e-06 -2.12500772e-06 -2.93238671e-09  8.63673946e-10]:11.731094305185229
2297:[3.52573591e+11 5.48249711e+11]:[ 5.83453230e-02 -3.73445203e-12 -1.75554240e-13  1.82116747e-11 -2.11098392e-10 -1.08012006e-15  2.08860339e-16  9.38733850e-06 -2.13043835e-06 -2.90222275e-09  8.59851459e-10]:11.738978411801725
2285:[3.41982345e+11 5.61942570e+11]:[ 5.70369346e-02 -3.55585763e-12 -1.76195974e-13  1.81960093e-11 -2.21203515e-10 -1.08366329e-15  2.05543907e-16  9.35679359e-06 -2.12874744e-06 -2.92292602e-09  8.61600069e-10]:11.749691933256592
2283:[3.63699628e+11 5.65117635e+11]:[ 5.34986468e-02 -2.93420408e-12 -1.68855757e-13  1.81727185e-11 -2.11915997e-10 -1.09492633e-15  2.01675645e-16  8.70789258e-06 -2.13226214e-06 -2.91319128e-09  8.61628726e-10]:11.752138860138096
2303:[3.37524279e+11 5.66588703e+11]:[ 5.61861900e-02 -3.59883565e-12 -1.70565949e-13  1.81962230e-11 -2.04630289e-10 -1.09305035e-15  1.99525755e-16  9.33103298e-06 -2.12845467e-06 -2.92723871e-09  8.62521866e-10]:11.753267910761686
2301:[3.61784435e+11 5.71442119e+11]:[ 5.51823079e-02 -2.87792848e-12 -1.74751142e-13  1.81994704e-11 -2.14436064e-10 -1.05082800e-15  2.02472931e-16  8.75731037e-06 -2.13244181e-06 -2.90690833e-09  8.61494147e-10]:11.756972247801606
2299:[3.56033533e+11 5.72133655e+11]:[ 5.36945334e-02 -3.12459713e-12 -1.76813474e-13  1.81863520e-11 -2.13670519e-10 -1.02382787e-15  2.03960760e-16  9.15452184e-06 -2.13264810e-06 -2.90942050e-09  8.61608196e-10]:11.757497494988415
2279:[3.77382679e+11 5.72659803e+11]:[ 5.84540881e-02 -3.72128420e-12 -1.75179310e-13  1.82353091e-11 -2.07000379e-10 -9.77818906e-16  2.10193897e-16  9.38753642e-06 -2.13533557e-06 -2.90105545e-09  8.59150155e-10]:11.757896699767127
2304:[3.62846001e+11 5.74927949e+11]:[ 5.63953324e-02 -3.03618512e-12 -1.68729640e-13  1.81998821e-11 -2.15166816e-10 -1.01561662e-15  2.02219485e-16  8.86854692e-06 -2.13226325e-06 -2.90522446e-09  8.60832470e-10]:11.759613421476859
Selected: [2 1]
***************
***CROSSOVER***
***************
parents:
2285[ 5.70369346e-02 -3.55585763e-12 -1.76195974e-13  1.81960093e-11 -2.21203515e-10 -1.08366329e-15  2.05543907e-16  9.35679359e-06 -2.12874744e-06 -2.92292602e-09  8.61600069e-10]
2297[ 5.83453230e-02 -3.73445203e-12 -1.75554240e-13  1.82116747e-11 -2.11098392e-10 -1.08012006e-15  2.08860339e-16  9.38733850e-06 -2.13043835e-06 -2.90222275e-09  8.59851459e-10]
children:
[ 5.77680797e-02 -3.70451194e-12 -1.75730408e-13  1.82020381e-11 -2.18432006e-10 -1.08255234e-15  2.06642091e-16  9.36779024e-06 -2.12949933e-06 -2.91826184e-09  8.60727236e-10]
[ 5.70474360e-02 -3.73624641e-12 -1.75858286e-13  1.81950186e-11 -2.17866331e-10 -1.08219782e-15  2.05240548e-16  9.35875081e-06 -2.12921416e-06 -2.91879979e-09  8.60320978e-10]
[ 5.72211637e-02 -3.72070800e-12 -1.75737715e-13  1.82091592e-11 -2.16274793e-10 -1.08229189e-15  2.06701678e-16  9.37245021e-06 -2.13006230e-06 -2.90092128e-09  8.61066846e-10]
Selected: [0 0]
***************
***CROSSOVER***
***************
parents:
2246[ 5.18984127e-02 -2.92354261e-12 -1.34135652e-13  1.81592713e-11 -2.28007581e-10 -1.18187029e-15  1.93914750e-16  8.67275852e-06 -2.12500772e-06 -2.93238671e-09  8.63673946e-10]
2246[ 5.18984127e-02 -2.92354261e-12 -1.34135652e-13  1.81592713e-11 -2.28007581e-10 -1.18187029e-15  1.93914750e-16  8.67275852e-06 -2.12500772e-06 -2.93238671e-09  8.63673946e-10]
children:
[ 5.18984127e-02 -2.92354261e-12 -1.34135652e-13  1.81592713e-11 -2.28007581e-10 -1.18187029e-15  1.93914750e-16  8.67275852e-06 -2.12500772e-06 -2.93238671e-09  8.63673946e-10]
[ 5.18984127e-02 -2.92354261e-12 -1.34135652e-13  1.81592713e-11 -2.28007581e-10 -1.18187029e-15  1.93914750e-16  8.67275852e-06 -2.12500772e-06 -2.93238671e-09  8.63673946e-10]
[ 5.18984127e-02 -2.92354261e-12 -1.34135652e-13  1.81592713e-11 -2.28007581e-10 -1.18187029e-15  1.93914750e-16  8.67275852e-06 -2.12500772e-06 -2.93238671e-09  8.63673946e-10]
Selected: [3 1]
***************
***CROSSOVER***
***************
parents:
2283[ 5.34986468e-02 -2.93420408e-12 -1.68855757e-13  1.81727185e-11 -2.11915997e-10 -1.09492633e-15  2.01675645e-16  8.70789258e-06 -2.13226214e-06 -2.91319128e-09  8.61628726e-10]
2297[ 5.83453230e-02 -3.73445203e-12 -1.75554240e-13  1.82116747e-11 -2.11098392e-10 -1.08012006e-15  2.08860339e-16  9.38733850e-06 -2.13043835e-06 -2.90222275e-09  8.59851459e-10]
children:
[ 5.48238748e-02 -3.34136216e-12 -1.70082691e-13  1.81754757e-11 -2.11187095e-10 -1.09285767e-15  2.04665743e-16  9.11200899e-06 -2.13071961e-06 -2.90513469e-09  8.60201594e-10]
[ 5.59966235e-02 -3.76839897e-12 -1.72079071e-13  1.81827372e-11 -2.11385123e-10 -1.08243656e-15  2.07731310e-16  9.24154065e-06 -2.13086059e-06 -2.91279506e-09  8.60347476e-10]
[ 5.76800037e-02 -3.34413173e-12 -1.75623723e-13  1.81891498e-11 -2.11145454e-10 -1.08823979e-15  2.04377087e-16  9.36926627e-06 -2.13227505e-06 -2.90354952e-09  8.61389385e-10]
@@@@@@@@@@@@@@@@@@@@@@@@@
@@@merging population@@@@
@@@@@@@@@@@@@@@@@@@@@@@@@
Population scores:
2246:[3.21641123e+11 5.38386678e+11]:[ 5.18984127e-02 -2.92354261e-12 -1.34135652e-13  1.81592713e-11 -2.28007581e-10 -1.18187029e-15  1.93914750e-16  8.67275852e-06 -2.12500772e-06 -2.93238671e-09  8.63673946e-10]:11.731094305185229
2308:[3.54083631e+11 5.45537295e+11]:[ 5.48238748e-02 -3.34136216e-12 -1.70082691e-13  1.81754757e-11 -2.11187095e-10 -1.09285767e-15  2.04665743e-16  9.11200899e-06 -2.13071961e-06 -2.90513469e-09  8.60201594e-10]:11.736824446100215
2309:[3.52356436e+11 5.47466163e+11]:[ 5.59966235e-02 -3.76839897e-12 -1.72079071e-13  1.81827372e-11 -2.11385123e-10 -1.08243656e-15  2.07731310e-16  9.24154065e-06 -2.13086059e-06 -2.91279506e-09  8.60347476e-10]:11.738357282239035
2297:[3.52573591e+11 5.48249711e+11]:[ 5.83453230e-02 -3.73445203e-12 -1.75554240e-13  1.82116747e-11 -2.11098392e-10 -1.08012006e-15  2.08860339e-16  9.38733850e-06 -2.13043835e-06 -2.90222275e-09  8.59851459e-10]:11.738978411801725
2310:[3.47476862e+11 5.50618833e+11]:[ 5.70474360e-02 -3.73624641e-12 -1.75858286e-13  1.81950186e-11 -2.17866331e-10 -1.08219782e-15  2.05240548e-16  9.35875081e-06 -2.12921416e-06 -2.91879979e-09  8.60320978e-10]:11.740851061804804
2312:[3.50363233e+11 5.52710659e+11]:[ 5.76800037e-02 -3.34413173e-12 -1.75623723e-13  1.81891498e-11 -2.11145454e-10 -1.08823979e-15  2.04377087e-16  9.36926627e-06 -2.13227505e-06 -2.90354952e-09  8.61389385e-10]:11.742497840270953
2313:[3.46637693e+11 5.53474731e+11]:[ 5.77680797e-02 -3.70451194e-12 -1.75730408e-13  1.82020381e-11 -2.18432006e-10 -1.08255234e-15  2.06642091e-16  9.36779024e-06 -2.12949933e-06 -2.91826184e-09  8.60727236e-10]:11.743097797840099
2311:[3.46885932e+11 5.58007136e+11]:[ 5.72211637e-02 -3.72070800e-12 -1.75737715e-13  1.82091592e-11 -2.16274793e-10 -1.08229189e-15  2.06701678e-16  9.37245021e-06 -2.13006230e-06 -2.90092128e-09  8.61066846e-10]:11.746639753239192
2285:[3.41982345e+11 5.61942570e+11]:[ 5.70369346e-02 -3.55585763e-12 -1.76195974e-13  1.81960093e-11 -2.21203515e-10 -1.08366329e-15  2.05543907e-16  9.35679359e-06 -2.12874744e-06 -2.92292602e-09  8.61600069e-10]:11.749691933256592
2283:[3.63699628e+11 5.65117635e+11]:[ 5.34986468e-02 -2.93420408e-12 -1.68855757e-13  1.81727185e-11 -2.11915997e-10 -1.09492633e-15  2.01675645e-16  8.70789258e-06 -2.13226214e-06 -2.91319128e-09  8.61628726e-10]:11.752138860138096
2303:[3.37524279e+11 5.66588703e+11]:[ 5.61861900e-02 -3.59883565e-12 -1.70565949e-13  1.81962230e-11 -2.04630289e-10 -1.09305035e-15  1.99525755e-16  9.33103298e-06 -2.12845467e-06 -2.92723871e-09  8.62521866e-10]:11.753267910761686
2301:[3.61784435e+11 5.71442119e+11]:[ 5.51823079e-02 -2.87792848e-12 -1.74751142e-13  1.81994704e-11 -2.14436064e-10 -1.05082800e-15  2.02472931e-16  8.75731037e-06 -2.13244181e-06 -2.90690833e-09  8.61494147e-10]:11.756972247801606
2299:[3.56033533e+11 5.72133655e+11]:[ 5.36945334e-02 -3.12459713e-12 -1.76813474e-13  1.81863520e-11 -2.13670519e-10 -1.02382787e-15  2.03960760e-16  9.15452184e-06 -2.13264810e-06 -2.90942050e-09  8.61608196e-10]:11.757497494988415
2279:[3.77382679e+11 5.72659803e+11]:[ 5.84540881e-02 -3.72128420e-12 -1.75179310e-13  1.82353091e-11 -2.07000379e-10 -9.77818906e-16  2.10193897e-16  9.38753642e-06 -2.13533557e-06 -2.90105545e-09  8.59150155e-10]:11.757896699767127
2304:[3.62846001e+11 5.74927949e+11]:[ 5.63953324e-02 -3.03618512e-12 -1.68729640e-13  1.81998821e-11 -2.15166816e-10 -1.01561662e-15  2.02219485e-16  8.86854692e-06 -2.13226325e-06 -2.90522446e-09  8.60832470e-10]:11.759613421476859
*******************************
***iteration: 5 Population is***
*******************************
Population scores:
2246:[3.21641123e+11 5.38386678e+11]:[ 5.18984127e-02 -2.92354261e-12 -1.34135652e-13  1.81592713e-11 -2.28007581e-10 -1.18187029e-15  1.93914750e-16  8.67275852e-06 -2.12500772e-06 -2.93238671e-09  8.63673946e-10]:11.731094305185229
2308:[3.54083631e+11 5.45537295e+11]:[ 5.48238748e-02 -3.34136216e-12 -1.70082691e-13  1.81754757e-11 -2.11187095e-10 -1.09285767e-15  2.04665743e-16  9.11200899e-06 -2.13071961e-06 -2.90513469e-09  8.60201594e-10]:11.736824446100215
2309:[3.52356436e+11 5.47466163e+11]:[ 5.59966235e-02 -3.76839897e-12 -1.72079071e-13  1.81827372e-11 -2.11385123e-10 -1.08243656e-15  2.07731310e-16  9.24154065e-06 -2.13086059e-06 -2.91279506e-09  8.60347476e-10]:11.738357282239035
2297:[3.52573591e+11 5.48249711e+11]:[ 5.83453230e-02 -3.73445203e-12 -1.75554240e-13  1.82116747e-11 -2.11098392e-10 -1.08012006e-15  2.08860339e-16  9.38733850e-06 -2.13043835e-06 -2.90222275e-09  8.59851459e-10]:11.738978411801725
2310:[3.47476862e+11 5.50618833e+11]:[ 5.70474360e-02 -3.73624641e-12 -1.75858286e-13  1.81950186e-11 -2.17866331e-10 -1.08219782e-15  2.05240548e-16  9.35875081e-06 -2.12921416e-06 -2.91879979e-09  8.60320978e-10]:11.740851061804804
2312:[3.50363233e+11 5.52710659e+11]:[ 5.76800037e-02 -3.34413173e-12 -1.75623723e-13  1.81891498e-11 -2.11145454e-10 -1.08823979e-15  2.04377087e-16  9.36926627e-06 -2.13227505e-06 -2.90354952e-09  8.61389385e-10]:11.742497840270953
2313:[3.46637693e+11 5.53474731e+11]:[ 5.77680797e-02 -3.70451194e-12 -1.75730408e-13  1.82020381e-11 -2.18432006e-10 -1.08255234e-15  2.06642091e-16  9.36779024e-06 -2.12949933e-06 -2.91826184e-09  8.60727236e-10]:11.743097797840099
2311:[3.46885932e+11 5.58007136e+11]:[ 5.72211637e-02 -3.72070800e-12 -1.75737715e-13  1.82091592e-11 -2.16274793e-10 -1.08229189e-15  2.06701678e-16  9.37245021e-06 -2.13006230e-06 -2.90092128e-09  8.61066846e-10]:11.746639753239192
2285:[3.41982345e+11 5.61942570e+11]:[ 5.70369346e-02 -3.55585763e-12 -1.76195974e-13  1.81960093e-11 -2.21203515e-10 -1.08366329e-15  2.05543907e-16  9.35679359e-06 -2.12874744e-06 -2.92292602e-09  8.61600069e-10]:11.749691933256592
Selected: [5 6]
***************
***CROSSOVER***
***************
parents:
2312[ 5.76800037e-02 -3.34413173e-12 -1.75623723e-13  1.81891498e-11 -2.11145454e-10 -1.08823979e-15  2.04377087e-16  9.36926627e-06 -2.13227505e-06 -2.90354952e-09  8.61389385e-10]
2313[ 5.77680797e-02 -3.70451194e-12 -1.75730408e-13  1.82020381e-11 -2.18432006e-10 -1.08255234e-15  2.06642091e-16  9.36779024e-06 -2.12949933e-06 -2.91826184e-09  8.60727236e-10]
children:
[ 5.77135938e-02 -3.44370087e-12 -1.75662554e-13  1.81949659e-11 -2.13054780e-10 -1.08326267e-15  2.04578018e-16  9.36888210e-06 -2.12970816e-06 -2.91301221e-09  8.61316780e-10]
[ 5.77095536e-02 -3.30831252e-12 -1.75680542e-13  1.81993897e-11 -2.12563181e-10 -1.08664992e-15  2.06794252e-16  9.36846432e-06 -2.12978862e-06 -2.91225672e-09  8.61453147e-10]
[ 5.77025197e-02 -3.64932208e-12 -1.75685874e-13  1.81883596e-11 -2.14799639e-10 -1.08876327e-15  2.06049443e-16  9.36830151e-06 -2.13018314e-06 -2.90313182e-09  8.61381573e-10]
Selected: [0 3]
***************
***CROSSOVER***
***************
parents:
2246[ 5.18984127e-02 -2.92354261e-12 -1.34135652e-13  1.81592713e-11 -2.28007581e-10 -1.18187029e-15  1.93914750e-16  8.67275852e-06 -2.12500772e-06 -2.93238671e-09  8.63673946e-10]
2297[ 5.83453230e-02 -3.73445203e-12 -1.75554240e-13  1.82116747e-11 -2.11098392e-10 -1.08012006e-15  2.08860339e-16  9.38733850e-06 -2.13043835e-06 -2.90222275e-09  8.59851459e-10]
children:
[ 5.32778778e-02 -3.26854009e-12 -1.36120306e-13  1.82102841e-11 -2.28434772e-10 -1.08654327e-15  1.95133274e-16  9.22651716e-06 -2.12968073e-06 -2.91706837e-09  8.59852647e-10]
[ 5.65259828e-02 -3.36362058e-12 -1.72707746e-13  1.82037252e-11 -2.22302927e-10 -1.10126607e-15  2.01682756e-16  8.76226319e-06 -2.12889913e-06 -2.91631816e-09  8.63693632e-10]
[ 5.30879095e-02 -3.54329270e-12 -1.54260886e-13  1.81649238e-11 -2.17430433e-10 -1.18135328e-15  2.08606139e-16  9.34069546e-06 -2.12805026e-06 -2.92796174e-09  8.62856077e-10]
Selected: [5 1]
***************
***CROSSOVER***
***************
parents:
2312[ 5.76800037e-02 -3.34413173e-12 -1.75623723e-13  1.81891498e-11 -2.11145454e-10 -1.08823979e-15  2.04377087e-16  9.36926627e-06 -2.13227505e-06 -2.90354952e-09  8.61389385e-10]
2308[ 5.48238748e-02 -3.34136216e-12 -1.70082691e-13  1.81754757e-11 -2.11187095e-10 -1.09285767e-15  2.04665743e-16  9.11200899e-06 -2.13071961e-06 -2.90513469e-09  8.60201594e-10]
children:
[ 5.59665407e-02 -3.34301810e-12 -1.72831901e-13  1.81898203e-11 -2.11184141e-10 -1.09230152e-15  2.04375717e-16  9.09814935e-06 -2.13240752e-06 -2.90346909e-09  8.60875444e-10]
[ 5.51148440e-02 -3.34121145e-12 -1.72563736e-13  1.81822550e-11 -2.11163346e-10 -1.09285571e-15  2.04355402e-16  9.13071769e-06 -2.13070160e-06 -2.90463947e-09  8.60926465e-10]
[ 5.51643010e-02 -3.34168498e-12 -1.70567757e-13  1.81862004e-11 -2.11180189e-10 -1.09030325e-15  2.04399936e-16  9.24022712e-06 -2.13114352e-06 -2.90388969e-09  8.60401100e-10]
@@@@@@@@@@@@@@@@@@@@@@@@@
@@@merging population@@@@
@@@@@@@@@@@@@@@@@@@@@@@@@
Population scores:
2314:[3.26744123e+11 5.35973515e+11]:[ 5.30879095e-02 -3.54329270e-12 -1.54260886e-13  1.81649238e-11 -2.17430433e-10 -1.18135328e-15  2.08606139e-16  9.34069546e-06 -2.12805026e-06 -2.92796174e-09  8.62856077e-10]:11.729143329557143
2246:[3.21641123e+11 5.38386678e+11]:[ 5.18984127e-02 -2.92354261e-12 -1.34135652e-13  1.81592713e-11 -2.28007581e-10 -1.18187029e-15  1.93914750e-16  8.67275852e-06 -2.12500772e-06 -2.93238671e-09  8.63673946e-10]:11.731094305185229
2315:[3.51491292e+11 5.44444649e+11]:[ 5.32778778e-02 -3.26854009e-12 -1.36120306e-13  1.82102841e-11 -2.28434772e-10 -1.08654327e-15  1.95133274e-16  9.22651716e-06 -2.12968073e-06 -2.91706837e-09  8.59852647e-10]:11.735953734111225
2308:[3.54083631e+11 5.45537295e+11]:[ 5.48238748e-02 -3.34136216e-12 -1.70082691e-13  1.81754757e-11 -2.11187095e-10 -1.09285767e-15  2.04665743e-16  9.11200899e-06 -2.13071961e-06 -2.90513469e-09  8.60201594e-10]:11.736824446100215
2317:[3.52242509e+11 5.45671424e+11]:[ 5.51643010e-02 -3.34168498e-12 -1.70567757e-13  1.81862004e-11 -2.11180189e-10 -1.09030325e-15  2.04399936e-16  9.24022712e-06 -2.13114352e-06 -2.90388969e-09  8.60401100e-10]:11.736931211073188
2309:[3.52356436e+11 5.47466163e+11]:[ 5.59966235e-02 -3.76839897e-12 -1.72079071e-13  1.81827372e-11 -2.11385123e-10 -1.08243656e-15  2.07731310e-16  9.24154065e-06 -2.13086059e-06 -2.91279506e-09  8.60347476e-10]:11.738357282239035
2316:[3.49218558e+11 5.47922642e+11]:[ 5.51148440e-02 -3.34121145e-12 -1.72563736e-13  1.81822550e-11 -2.11163346e-10 -1.09285571e-15  2.04355402e-16  9.13071769e-06 -2.13070160e-06 -2.90463947e-09  8.60926465e-10]:11.738719247388692
2318:[3.55992674e+11 5.48088496e+11]:[ 5.59665407e-02 -3.34301810e-12 -1.72831901e-13  1.81898203e-11 -2.11184141e-10 -1.09230152e-15  2.04375717e-16  9.09814935e-06 -2.13240752e-06 -2.90346909e-09  8.60875444e-10]:11.73885068626518
2297:[3.52573591e+11 5.48249711e+11]:[ 5.83453230e-02 -3.73445203e-12 -1.75554240e-13  1.82116747e-11 -2.11098392e-10 -1.08012006e-15  2.08860339e-16  9.38733850e-06 -2.13043835e-06 -2.90222275e-09  8.59851459e-10]:11.738978411801725
2310:[3.47476862e+11 5.50618833e+11]:[ 5.70474360e-02 -3.73624641e-12 -1.75858286e-13  1.81950186e-11 -2.17866331e-10 -1.08219782e-15  2.05240548e-16  9.35875081e-06 -2.12921416e-06 -2.91879979e-09  8.60320978e-10]:11.740851061804804
2312:[3.50363233e+11 5.52710659e+11]:[ 5.76800037e-02 -3.34413173e-12 -1.75623723e-13  1.81891498e-11 -2.11145454e-10 -1.08823979e-15  2.04377087e-16  9.36926627e-06 -2.13227505e-06 -2.90354952e-09  8.61389385e-10]:11.742497840270953
2313:[3.46637693e+11 5.53474731e+11]:[ 5.77680797e-02 -3.70451194e-12 -1.75730408e-13  1.82020381e-11 -2.18432006e-10 -1.08255234e-15  2.06642091e-16  9.36779024e-06 -2.12949933e-06 -2.91826184e-09  8.60727236e-10]:11.743097797840099
2320:[3.45417827e+11 5.57525091e+11]:[ 5.77025197e-02 -3.64932208e-12 -1.75685874e-13  1.81883596e-11 -2.14799639e-10 -1.08876327e-15  2.06049443e-16  9.36830151e-06 -2.13018314e-06 -2.90313182e-09  8.61381573e-10]:11.746264416917224
2311:[3.46885932e+11 5.58007136e+11]:[ 5.72211637e-02 -3.72070800e-12 -1.75737715e-13  1.82091592e-11 -2.16274793e-10 -1.08229189e-15  2.06701678e-16  9.37245021e-06 -2.13006230e-06 -2.90092128e-09  8.61066846e-10]:11.746639753239192
2321:[3.44490674e+11 5.58615030e+11]:[ 5.77095536e-02 -3.30831252e-12 -1.75680542e-13  1.81993897e-11 -2.12563181e-10 -1.08664992e-15  2.06794252e-16  9.36846432e-06 -2.12978862e-06 -2.91225672e-09  8.61453147e-10]:11.747112616893398
2322:[3.4509896e+11 5.5878656e+11]:[ 5.77135938e-02 -3.44370087e-12 -1.75662554e-13  1.81949659e-11 -2.13054780e-10 -1.08326267e-15  2.04578018e-16  9.36888210e-06 -2.12970816e-06 -2.91301221e-09  8.61316780e-10]:11.747245952223084
2319:[3.33415913e+11 5.59959718e+11]:[ 5.65259828e-02 -3.36362058e-12 -1.72707746e-13  1.82037252e-11 -2.22302927e-10 -1.10126607e-15  2.01682756e-16  8.76226319e-06 -2.12889913e-06 -2.91631816e-09  8.63693632e-10]:11.74815678595287
2285:[3.41982345e+11 5.61942570e+11]:[ 5.70369346e-02 -3.55585763e-12 -1.76195974e-13  1.81960093e-11 -2.21203515e-10 -1.08366329e-15  2.05543907e-16  9.35679359e-06 -2.12874744e-06 -2.92292602e-09  8.61600069e-10]:11.749691933256592
*******************************
***iteration: 6 Population is***
*******************************
Population scores:
2314:[3.26744123e+11 5.35973515e+11]:[ 5.30879095e-02 -3.54329270e-12 -1.54260886e-13  1.81649238e-11 -2.17430433e-10 -1.18135328e-15  2.08606139e-16  9.34069546e-06 -2.12805026e-06 -2.92796174e-09  8.62856077e-10]:11.729143329557143
2246:[3.21641123e+11 5.38386678e+11]:[ 5.18984127e-02 -2.92354261e-12 -1.34135652e-13  1.81592713e-11 -2.28007581e-10 -1.18187029e-15  1.93914750e-16  8.67275852e-06 -2.12500772e-06 -2.93238671e-09  8.63673946e-10]:11.731094305185229
2315:[3.51491292e+11 5.44444649e+11]:[ 5.32778778e-02 -3.26854009e-12 -1.36120306e-13  1.82102841e-11 -2.28434772e-10 -1.08654327e-15  1.95133274e-16  9.22651716e-06 -2.12968073e-06 -2.91706837e-09  8.59852647e-10]:11.735953734111225
2308:[3.54083631e+11 5.45537295e+11]:[ 5.48238748e-02 -3.34136216e-12 -1.70082691e-13  1.81754757e-11 -2.11187095e-10 -1.09285767e-15  2.04665743e-16  9.11200899e-06 -2.13071961e-06 -2.90513469e-09  8.60201594e-10]:11.736824446100215
2317:[3.52242509e+11 5.45671424e+11]:[ 5.51643010e-02 -3.34168498e-12 -1.70567757e-13  1.81862004e-11 -2.11180189e-10 -1.09030325e-15  2.04399936e-16  9.24022712e-06 -2.13114352e-06 -2.90388969e-09  8.60401100e-10]:11.736931211073188
2309:[3.52356436e+11 5.47466163e+11]:[ 5.59966235e-02 -3.76839897e-12 -1.72079071e-13  1.81827372e-11 -2.11385123e-10 -1.08243656e-15  2.07731310e-16  9.24154065e-06 -2.13086059e-06 -2.91279506e-09  8.60347476e-10]:11.738357282239035
2316:[3.49218558e+11 5.47922642e+11]:[ 5.51148440e-02 -3.34121145e-12 -1.72563736e-13  1.81822550e-11 -2.11163346e-10 -1.09285571e-15  2.04355402e-16  9.13071769e-06 -2.13070160e-06 -2.90463947e-09  8.60926465e-10]:11.738719247388692
2318:[3.55992674e+11 5.48088496e+11]:[ 5.59665407e-02 -3.34301810e-12 -1.72831901e-13  1.81898203e-11 -2.11184141e-10 -1.09230152e-15  2.04375717e-16  9.09814935e-06 -2.13240752e-06 -2.90346909e-09  8.60875444e-10]:11.73885068626518
2297:[3.52573591e+11 5.48249711e+11]:[ 5.83453230e-02 -3.73445203e-12 -1.75554240e-13  1.82116747e-11 -2.11098392e-10 -1.08012006e-15  2.08860339e-16  9.38733850e-06 -2.13043835e-06 -2.90222275e-09  8.59851459e-10]:11.738978411801725
Selected: [0 1]
***************
***CROSSOVER***
***************
parents:
2314[ 5.30879095e-02 -3.54329270e-12 -1.54260886e-13  1.81649238e-11 -2.17430433e-10 -1.18135328e-15  2.08606139e-16  9.34069546e-06 -2.12805026e-06 -2.92796174e-09  8.62856077e-10]
2246[ 5.18984127e-02 -2.92354261e-12 -1.34135652e-13  1.81592713e-11 -2.28007581e-10 -1.18187029e-15  1.93914750e-16  8.67275852e-06 -2.12500772e-06 -2.93238671e-09  8.63673946e-10]
children:
[ 5.21127159e-02 -2.90057998e-12 -1.44676273e-13  1.81644552e-11 -2.25491106e-10 -1.18158807e-15  2.05711805e-16  9.31295115e-06 -2.12487804e-06 -2.92936392e-09  8.63543784e-10]
[ 5.27396285e-02 -3.12535732e-12 -1.47418222e-13  1.81639352e-11 -2.23744099e-10 -1.18173318e-15  1.93704420e-16  9.10292093e-06 -2.12820123e-06 -2.93265468e-09  8.62909444e-10]
[ 5.17896633e-02 -3.37829120e-12 -1.33055966e-13  1.81610684e-11 -2.23997567e-10 -1.18151737e-15  1.97015564e-16  9.11439013e-06 -2.12572962e-06 -2.93038904e-09  8.63007767e-10]
Selected: [6 8]
***************
***CROSSOVER***
***************
parents:
2316[ 5.51148440e-02 -3.34121145e-12 -1.72563736e-13  1.81822550e-11 -2.11163346e-10 -1.09285571e-15  2.04355402e-16  9.13071769e-06 -2.13070160e-06 -2.90463947e-09  8.60926465e-10]
2297[ 5.83453230e-02 -3.73445203e-12 -1.75554240e-13  1.82116747e-11 -2.11098392e-10 -1.08012006e-15  2.08860339e-16  9.38733850e-06 -2.13043835e-06 -2.90222275e-09  8.59851459e-10]
children:
[ 5.63628941e-02 -3.76834884e-12 -1.73468544e-13  1.81808968e-11 -2.11125617e-10 -1.09066099e-15  2.07776444e-16  9.40855325e-06 -2.13064668e-06 -2.90248766e-09  8.60474656e-10]
[ 5.68324484e-02 -3.32001426e-12 -1.75840087e-13  1.82076676e-11 -2.11102651e-10 -1.08521658e-15  2.06334457e-16  9.27498856e-06 -2.13045968e-06 -2.90400662e-09  8.59948352e-10]
[ 5.57056923e-02 -3.66988383e-12 -1.73717371e-13  1.82128350e-11 -2.11152785e-10 -1.08973779e-15  2.08786274e-16  9.24065510e-06 -2.13042790e-06 -2.90438387e-09  8.60239034e-10]
Selected: [8 4]
***************
***CROSSOVER***
***************
parents:
2297[ 5.83453230e-02 -3.73445203e-12 -1.75554240e-13  1.82116747e-11 -2.11098392e-10 -1.08012006e-15  2.08860339e-16  9.38733850e-06 -2.13043835e-06 -2.90222275e-09  8.59851459e-10]
2317[ 5.51643010e-02 -3.34168498e-12 -1.70567757e-13  1.81862004e-11 -2.11180189e-10 -1.09030325e-15  2.04399936e-16  9.24022712e-06 -2.13114352e-06 -2.90388969e-09  8.60401100e-10]
children:
[ 5.77542857e-02 -3.62155343e-12 -1.72822239e-13  1.81867235e-11 -2.11098732e-10 -1.07914717e-15  2.08977442e-16  9.38387080e-06 -2.13079416e-06 -2.90339493e-09  8.60047144e-10]
[ 5.48716499e-02 -3.31922923e-12 -1.72117473e-13  1.82141357e-11 -2.11116969e-10 -1.09049826e-15  2.05357891e-16  9.34940325e-06 -2.13074886e-06 -2.90344758e-09  8.60299669e-10]
[ 5.85070247e-02 -3.50924865e-12 -1.71872463e-13  1.82050646e-11 -2.11137241e-10 -1.09025286e-15  2.08483066e-16  9.31994408e-06 -2.13111024e-06 -2.90387239e-09  8.60141799e-10]
@@@@@@@@@@@@@@@@@@@@@@@@@
@@@merging population@@@@
@@@@@@@@@@@@@@@@@@@@@@@@@
Population scores:
2325:[3.28436698e+11 5.30210100e+11]:[ 5.27396285e-02 -3.12535732e-12 -1.47418222e-13  1.81639352e-11 -2.23744099e-10 -1.18173318e-15  1.93704420e-16  9.10292093e-06 -2.12820123e-06 -2.93265468e-09  8.62909444e-10]:11.724447996295886
2323:[3.20308463e+11 5.35085868e+11]:[ 5.17896633e-02 -3.37829120e-12 -1.33055966e-13  1.81610684e-11 -2.23997567e-10 -1.18151737e-15  1.97015564e-16  9.11439013e-06 -2.12572962e-06 -2.93038904e-09  8.63007767e-10]:11.72842348120436
2314:[3.26744123e+11 5.35973515e+11]:[ 5.30879095e-02 -3.54329270e-12 -1.54260886e-13  1.81649238e-11 -2.17430433e-10 -1.18135328e-15  2.08606139e-16  9.34069546e-06 -2.12805026e-06 -2.92796174e-09  8.62856077e-10]:11.729143329557143
2246:[3.21641123e+11 5.38386678e+11]:[ 5.18984127e-02 -2.92354261e-12 -1.34135652e-13  1.81592713e-11 -2.28007581e-10 -1.18187029e-15  1.93914750e-16  8.67275852e-06 -2.12500772e-06 -2.93238671e-09  8.63673946e-10]:11.731094305185229
2315:[3.51491292e+11 5.44444649e+11]:[ 5.32778778e-02 -3.26854009e-12 -1.36120306e-13  1.82102841e-11 -2.28434772e-10 -1.08654327e-15  1.95133274e-16  9.22651716e-06 -2.12968073e-06 -2.91706837e-09  8.59852647e-10]:11.735953734111225
2331:[3.52748090e+11 5.44591842e+11]:[ 5.85070247e-02 -3.50924865e-12 -1.71872463e-13  1.82050646e-11 -2.11137241e-10 -1.09025286e-15  2.08483066e-16  9.31994408e-06 -2.13111024e-06 -2.90387239e-09  8.60141799e-10]:11.736071131448595
2308:[3.54083631e+11 5.45537295e+11]:[ 5.48238748e-02 -3.34136216e-12 -1.70082691e-13  1.81754757e-11 -2.11187095e-10 -1.09285767e-15  2.04665743e-16  9.11200899e-06 -2.13071961e-06 -2.90513469e-09  8.60201594e-10]:11.736824446100215
2327:[3.50917380e+11 5.45622475e+11]:[ 5.57056923e-02 -3.66988383e-12 -1.73717371e-13  1.82128350e-11 -2.11152785e-10 -1.08973779e-15  2.08786274e-16  9.24065510e-06 -2.13042790e-06 -2.90438387e-09  8.60239034e-10]:11.736892250890893
2329:[3.52430795e+11 5.45630293e+11]:[ 5.68324484e-02 -3.32001426e-12 -1.75840087e-13  1.82076676e-11 -2.11102651e-10 -1.08521658e-15  2.06334457e-16  9.27498856e-06 -2.13045968e-06 -2.90400662e-09  8.59948352e-10]:11.73689847433893
2317:[3.52242509e+11 5.45671424e+11]:[ 5.51643010e-02 -3.34168498e-12 -1.70567757e-13  1.81862004e-11 -2.11180189e-10 -1.09030325e-15  2.04399936e-16  9.24022712e-06 -2.13114352e-06 -2.90388969e-09  8.60401100e-10]:11.736931211073188
2326:[3.50767447e+11 5.46373486e+11]:[ 5.48716499e-02 -3.31922923e-12 -1.72117473e-13  1.82141357e-11 -2.11116969e-10 -1.09049826e-15  2.05357891e-16  9.34940325e-06 -2.13074886e-06 -2.90344758e-09  8.60299669e-10]:11.737489616136099
2309:[3.52356436e+11 5.47466163e+11]:[ 5.59966235e-02 -3.76839897e-12 -1.72079071e-13  1.81827372e-11 -2.11385123e-10 -1.08243656e-15  2.07731310e-16  9.24154065e-06 -2.13086059e-06 -2.91279506e-09  8.60347476e-10]:11.738357282239035
2316:[3.49218558e+11 5.47922642e+11]:[ 5.51148440e-02 -3.34121145e-12 -1.72563736e-13  1.81822550e-11 -2.11163346e-10 -1.09285571e-15  2.04355402e-16  9.13071769e-06 -2.13070160e-06 -2.90463947e-09  8.60926465e-10]:11.738719247388692
2318:[3.55992674e+11 5.48088496e+11]:[ 5.59665407e-02 -3.34301810e-12 -1.72831901e-13  1.81898203e-11 -2.11184141e-10 -1.09230152e-15  2.04375717e-16  9.09814935e-06 -2.13240752e-06 -2.90346909e-09  8.60875444e-10]:11.73885068626518
2297:[3.52573591e+11 5.48249711e+11]:[ 5.83453230e-02 -3.73445203e-12 -1.75554240e-13  1.82116747e-11 -2.11098392e-10 -1.08012006e-15  2.08860339e-16  9.38733850e-06 -2.13043835e-06 -2.90222275e-09  8.59851459e-10]:11.738978411801725
2330:[3.52781404e+11 5.49151785e+11]:[ 5.77542857e-02 -3.62155343e-12 -1.72822239e-13  1.81867235e-11 -2.11098732e-10 -1.07914717e-15  2.08977442e-16  9.38387080e-06 -2.13079416e-06 -2.90339493e-09  8.60047144e-10]:11.73969239921505
2328:[3.49737146e+11 5.49212840e+11]:[ 5.63628941e-02 -3.76834884e-12 -1.73468544e-13  1.81808968e-11 -2.11125617e-10 -1.09066099e-15  2.07776444e-16  9.40855325e-06 -2.13064668e-06 -2.90248766e-09  8.60474656e-10]:11.739740682378208
2324:[3.17705914e+11 5.52180947e+11]:[ 5.21127159e-02 -2.90057998e-12 -1.44676273e-13  1.81644552e-11 -2.25491106e-10 -1.18158807e-15  2.05711805e-16  9.31295115e-06 -2.12487804e-06 -2.92936392e-09  8.63543784e-10]:11.742081417355323
*******************************
***iteration: 7 Population is***
*******************************
Population scores:
2325:[3.28436698e+11 5.30210100e+11]:[ 5.27396285e-02 -3.12535732e-12 -1.47418222e-13  1.81639352e-11 -2.23744099e-10 -1.18173318e-15  1.93704420e-16  9.10292093e-06 -2.12820123e-06 -2.93265468e-09  8.62909444e-10]:11.724447996295886
2323:[3.20308463e+11 5.35085868e+11]:[ 5.17896633e-02 -3.37829120e-12 -1.33055966e-13  1.81610684e-11 -2.23997567e-10 -1.18151737e-15  1.97015564e-16  9.11439013e-06 -2.12572962e-06 -2.93038904e-09  8.63007767e-10]:11.72842348120436
2314:[3.26744123e+11 5.35973515e+11]:[ 5.30879095e-02 -3.54329270e-12 -1.54260886e-13  1.81649238e-11 -2.17430433e-10 -1.18135328e-15  2.08606139e-16  9.34069546e-06 -2.12805026e-06 -2.92796174e-09  8.62856077e-10]:11.729143329557143
2246:[3.21641123e+11 5.38386678e+11]:[ 5.18984127e-02 -2.92354261e-12 -1.34135652e-13  1.81592713e-11 -2.28007581e-10 -1.18187029e-15  1.93914750e-16  8.67275852e-06 -2.12500772e-06 -2.93238671e-09  8.63673946e-10]:11.731094305185229
2315:[3.51491292e+11 5.44444649e+11]:[ 5.32778778e-02 -3.26854009e-12 -1.36120306e-13  1.82102841e-11 -2.28434772e-10 -1.08654327e-15  1.95133274e-16  9.22651716e-06 -2.12968073e-06 -2.91706837e-09  8.59852647e-10]:11.735953734111225
2331:[3.52748090e+11 5.44591842e+11]:[ 5.85070247e-02 -3.50924865e-12 -1.71872463e-13  1.82050646e-11 -2.11137241e-10 -1.09025286e-15  2.08483066e-16  9.31994408e-06 -2.13111024e-06 -2.90387239e-09  8.60141799e-10]:11.736071131448595
2308:[3.54083631e+11 5.45537295e+11]:[ 5.48238748e-02 -3.34136216e-12 -1.70082691e-13  1.81754757e-11 -2.11187095e-10 -1.09285767e-15  2.04665743e-16  9.11200899e-06 -2.13071961e-06 -2.90513469e-09  8.60201594e-10]:11.736824446100215
2327:[3.50917380e+11 5.45622475e+11]:[ 5.57056923e-02 -3.66988383e-12 -1.73717371e-13  1.82128350e-11 -2.11152785e-10 -1.08973779e-15  2.08786274e-16  9.24065510e-06 -2.13042790e-06 -2.90438387e-09  8.60239034e-10]:11.736892250890893
2329:[3.52430795e+11 5.45630293e+11]:[ 5.68324484e-02 -3.32001426e-12 -1.75840087e-13  1.82076676e-11 -2.11102651e-10 -1.08521658e-15  2.06334457e-16  9.27498856e-06 -2.13045968e-06 -2.90400662e-09  8.59948352e-10]:11.73689847433893
Selected: [0 2]
***************
***CROSSOVER***
***************
parents:
2325[ 5.27396285e-02 -3.12535732e-12 -1.47418222e-13  1.81639352e-11 -2.23744099e-10 -1.18173318e-15  1.93704420e-16  9.10292093e-06 -2.12820123e-06 -2.93265468e-09  8.62909444e-10]
2314[ 5.30879095e-02 -3.54329270e-12 -1.54260886e-13  1.81649238e-11 -2.17430433e-10 -1.18135328e-15  2.08606139e-16  9.34069546e-06 -2.12805026e-06 -2.92796174e-09  8.62856077e-10]
children:
[ 5.31180618e-02 -3.12697931e-12 -1.48652017e-13  1.81646266e-11 -2.17580076e-10 -1.18173475e-15  1.94663963e-16  9.16345107e-06 -2.12806294e-06 -2.93302523e-09  8.62879826e-10]
[ 5.30176689e-02 -3.57658695e-12 -1.50579002e-13  1.81644551e-11 -2.21057644e-10 -1.18165185e-15  1.98625365e-16  9.31530069e-06 -2.12812559e-06 -2.92908987e-09  8.62913853e-10]
[ 5.30052875e-02 -3.48499504e-12 -1.47783595e-13  1.81650042e-11 -2.24222126e-10 -1.18153088e-15  1.94075100e-16  9.11763170e-06 -2.12821098e-06 -2.93285499e-09  8.62903754e-10]
Selected: [7 4]
***************
***CROSSOVER***
***************
parents:
2327[ 5.57056923e-02 -3.66988383e-12 -1.73717371e-13  1.82128350e-11 -2.11152785e-10 -1.08973779e-15  2.08786274e-16  9.24065510e-06 -2.13042790e-06 -2.90438387e-09  8.60239034e-10]
2315[ 5.32778778e-02 -3.26854009e-12 -1.36120306e-13  1.82102841e-11 -2.28434772e-10 -1.08654327e-15  1.95133274e-16  9.22651716e-06 -2.12968073e-06 -2.91706837e-09  8.59852647e-10]
children:
[ 5.53450008e-02 -3.63701923e-12 -1.42614382e-13  1.82130341e-11 -2.09435814e-10 -1.08879392e-15  1.99666976e-16  9.22979333e-06 -2.12980111e-06 -2.91417241e-09  8.60088693e-10]
[ 5.55243071e-02 -3.70789273e-12 -1.65014271e-13  1.82109249e-11 -2.25841899e-10 -1.08819149e-15  2.07877318e-16  9.22606567e-06 -2.12999563e-06 -2.91086179e-09  8.59844450e-10]
[ 5.37790519e-02 -3.32301694e-12 -1.42731560e-13  1.82110051e-11 -2.17643754e-10 -1.08711819e-15  1.94545024e-16  9.23680801e-06 -2.12960628e-06 -2.90559039e-09  8.60188441e-10]
Selected: [8 4]
***************
***CROSSOVER***
***************
parents:
2329[ 5.68324484e-02 -3.32001426e-12 -1.75840087e-13  1.82076676e-11 -2.11102651e-10 -1.08521658e-15  2.06334457e-16  9.27498856e-06 -2.13045968e-06 -2.90400662e-09  8.59948352e-10]
2315[ 5.32778778e-02 -3.26854009e-12 -1.36120306e-13  1.82102841e-11 -2.28434772e-10 -1.08654327e-15  1.95133274e-16  9.22651716e-06 -2.12968073e-06 -2.91706837e-09  8.59852647e-10]
children:
[ 5.69207883e-02 -3.32306472e-12 -1.52531912e-13  1.82105035e-11 -2.23470672e-10 -1.08617062e-15  1.96623580e-16  9.27030223e-06 -2.12961805e-06 -2.91508062e-09  8.59860068e-10]
[ 5.52076286e-02 -3.31994839e-12 -1.37685416e-13  1.82077723e-11 -2.20619402e-10 -1.08621973e-15  1.98541567e-16  9.27925642e-06 -2.13027322e-06 -2.90620575e-09  8.59862645e-10]
[ 5.57596879e-02 -3.29906619e-12 -1.49769908e-13  1.82076249e-11 -2.28946943e-10 -1.08641781e-15  1.95845604e-16  9.24753231e-06 -2.12969427e-06 -2.91559685e-09  8.59923793e-10]
@@@@@@@@@@@@@@@@@@@@@@@@@
@@@merging population@@@@
@@@@@@@@@@@@@@@@@@@@@@@@@
Population scores:
2325:[3.28436698e+11 5.30210100e+11]:[ 5.27396285e-02 -3.12535732e-12 -1.47418222e-13  1.81639352e-11 -2.23744099e-10 -1.18173318e-15  1.93704420e-16  9.10292093e-06 -2.12820123e-06 -2.93265468e-09  8.62909444e-10]:11.724447996295886
2332:[3.28304048e+11 5.30290341e+11]:[ 5.30052875e-02 -3.48499504e-12 -1.47783595e-13  1.81650042e-11 -2.24222126e-10 -1.18153088e-15  1.94075100e-16  9.11763170e-06 -2.12821098e-06 -2.93285499e-09  8.62903754e-10]:11.724513717090764
2334:[3.27414422e+11 5.30695097e+11]:[ 5.31180618e-02 -3.12697931e-12 -1.48652017e-13  1.81646266e-11 -2.17580076e-10 -1.18173475e-15  1.94663963e-16  9.16345107e-06 -2.12806294e-06 -2.93302523e-09  8.62879826e-10]:11.724845075682696
2333:[3.26638569e+11 5.35054468e+11]:[ 5.30176689e-02 -3.57658695e-12 -1.50579002e-13  1.81644551e-11 -2.21057644e-10 -1.18165185e-15  1.98625365e-16  9.31530069e-06 -2.12812559e-06 -2.92908987e-09  8.62913853e-10]:11.728397994685656
2323:[3.20308463e+11 5.35085868e+11]:[ 5.17896633e-02 -3.37829120e-12 -1.33055966e-13  1.81610684e-11 -2.23997567e-10 -1.18151737e-15  1.97015564e-16  9.11439013e-06 -2.12572962e-06 -2.93038904e-09  8.63007767e-10]:11.72842348120436
2314:[3.26744123e+11 5.35973515e+11]:[ 5.30879095e-02 -3.54329270e-12 -1.54260886e-13  1.81649238e-11 -2.17430433e-10 -1.18135328e-15  2.08606139e-16  9.34069546e-06 -2.12805026e-06 -2.92796174e-09  8.62856077e-10]:11.729143329557143
2246:[3.21641123e+11 5.38386678e+11]:[ 5.18984127e-02 -2.92354261e-12 -1.34135652e-13  1.81592713e-11 -2.28007581e-10 -1.18187029e-15  1.93914750e-16  8.67275852e-06 -2.12500772e-06 -2.93238671e-09  8.63673946e-10]:11.731094305185229
2338:[3.52223394e+11 5.44106260e+11]:[ 5.55243071e-02 -3.70789273e-12 -1.65014271e-13  1.82109249e-11 -2.25841899e-10 -1.08819149e-15  2.07877318e-16  9.22606567e-06 -2.12999563e-06 -2.91086179e-09  8.59844450e-10]:11.73568372255619
2315:[3.51491292e+11 5.44444649e+11]:[ 5.32778778e-02 -3.26854009e-12 -1.36120306e-13  1.82102841e-11 -2.28434772e-10 -1.08654327e-15  1.95133274e-16  9.22651716e-06 -2.12968073e-06 -2.91706837e-09  8.59852647e-10]:11.735953734111225
2331:[3.52748090e+11 5.44591842e+11]:[ 5.85070247e-02 -3.50924865e-12 -1.71872463e-13  1.82050646e-11 -2.11137241e-10 -1.09025286e-15  2.08483066e-16  9.31994408e-06 -2.13111024e-06 -2.90387239e-09  8.60141799e-10]:11.736071131448595
2340:[3.50694794e+11 5.44769042e+11]:[ 5.69207883e-02 -3.32306472e-12 -1.52531912e-13  1.82105035e-11 -2.23470672e-10 -1.08617062e-15  1.96623580e-16  9.27030223e-06 -2.12961805e-06 -2.91508062e-09  8.59860068e-10]:11.736212419449341
2336:[3.52291010e+11 5.44869454e+11]:[ 5.52076286e-02 -3.31994839e-12 -1.37685416e-13  1.82077723e-11 -2.20619402e-10 -1.08621973e-15  1.98541567e-16  9.27925642e-06 -2.13027322e-06 -2.90620575e-09  8.59862645e-10]:11.736292461844458
2339:[3.50832310e+11 5.44871229e+11]:[ 5.57596879e-02 -3.29906619e-12 -1.49769908e-13  1.82076249e-11 -2.28946943e-10 -1.08641781e-15  1.95845604e-16  9.24753231e-06 -2.12969427e-06 -2.91559685e-09  8.59923793e-10]:11.736293876178781
2337:[3.50306195e+11 5.44960242e+11]:[ 5.53450008e-02 -3.63701923e-12 -1.42614382e-13  1.82130341e-11 -2.09435814e-10 -1.08879392e-15  1.99666976e-16  9.22979333e-06 -2.12980111e-06 -2.91417241e-09  8.60088693e-10]:11.736364819429863
2308:[3.54083631e+11 5.45537295e+11]:[ 5.48238748e-02 -3.34136216e-12 -1.70082691e-13  1.81754757e-11 -2.11187095e-10 -1.09285767e-15  2.04665743e-16  9.11200899e-06 -2.13071961e-06 -2.90513469e-09  8.60201594e-10]:11.736824446100215
2327:[3.50917380e+11 5.45622475e+11]:[ 5.57056923e-02 -3.66988383e-12 -1.73717371e-13  1.82128350e-11 -2.11152785e-10 -1.08973779e-15  2.08786274e-16  9.24065510e-06 -2.13042790e-06 -2.90438387e-09  8.60239034e-10]:11.736892250890893
2329:[3.52430795e+11 5.45630293e+11]:[ 5.68324484e-02 -3.32001426e-12 -1.75840087e-13  1.82076676e-11 -2.11102651e-10 -1.08521658e-15  2.06334457e-16  9.27498856e-06 -2.13045968e-06 -2.90400662e-09  8.59948352e-10]:11.73689847433893
2335:[3.48899796e+11 5.46936291e+11]:[ 5.37790519e-02 -3.32301694e-12 -1.42731560e-13  1.82110051e-11 -2.17643754e-10 -1.08711819e-15  1.94545024e-16  9.23680801e-06 -2.12960628e-06 -2.90559039e-09  8.60188441e-10]:11.73793674118759
*******************************
***iteration: 8 Population is***
*******************************
Population scores:
2325:[3.28436698e+11 5.30210100e+11]:[ 5.27396285e-02 -3.12535732e-12 -1.47418222e-13  1.81639352e-11 -2.23744099e-10 -1.18173318e-15  1.93704420e-16  9.10292093e-06 -2.12820123e-06 -2.93265468e-09  8.62909444e-10]:11.724447996295886
2332:[3.28304048e+11 5.30290341e+11]:[ 5.30052875e-02 -3.48499504e-12 -1.47783595e-13  1.81650042e-11 -2.24222126e-10 -1.18153088e-15  1.94075100e-16  9.11763170e-06 -2.12821098e-06 -2.93285499e-09  8.62903754e-10]:11.724513717090764
2334:[3.27414422e+11 5.30695097e+11]:[ 5.31180618e-02 -3.12697931e-12 -1.48652017e-13  1.81646266e-11 -2.17580076e-10 -1.18173475e-15  1.94663963e-16  9.16345107e-06 -2.12806294e-06 -2.93302523e-09  8.62879826e-10]:11.724845075682696
2333:[3.26638569e+11 5.35054468e+11]:[ 5.30176689e-02 -3.57658695e-12 -1.50579002e-13  1.81644551e-11 -2.21057644e-10 -1.18165185e-15  1.98625365e-16  9.31530069e-06 -2.12812559e-06 -2.92908987e-09  8.62913853e-10]:11.728397994685656
2323:[3.20308463e+11 5.35085868e+11]:[ 5.17896633e-02 -3.37829120e-12 -1.33055966e-13  1.81610684e-11 -2.23997567e-10 -1.18151737e-15  1.97015564e-16  9.11439013e-06 -2.12572962e-06 -2.93038904e-09  8.63007767e-10]:11.72842348120436
2314:[3.26744123e+11 5.35973515e+11]:[ 5.30879095e-02 -3.54329270e-12 -1.54260886e-13  1.81649238e-11 -2.17430433e-10 -1.18135328e-15  2.08606139e-16  9.34069546e-06 -2.12805026e-06 -2.92796174e-09  8.62856077e-10]:11.729143329557143
2246:[3.21641123e+11 5.38386678e+11]:[ 5.18984127e-02 -2.92354261e-12 -1.34135652e-13  1.81592713e-11 -2.28007581e-10 -1.18187029e-15  1.93914750e-16  8.67275852e-06 -2.12500772e-06 -2.93238671e-09  8.63673946e-10]:11.731094305185229
2338:[3.52223394e+11 5.44106260e+11]:[ 5.55243071e-02 -3.70789273e-12 -1.65014271e-13  1.82109249e-11 -2.25841899e-10 -1.08819149e-15  2.07877318e-16  9.22606567e-06 -2.12999563e-06 -2.91086179e-09  8.59844450e-10]:11.73568372255619
2315:[3.51491292e+11 5.44444649e+11]:[ 5.32778778e-02 -3.26854009e-12 -1.36120306e-13  1.82102841e-11 -2.28434772e-10 -1.08654327e-15  1.95133274e-16  9.22651716e-06 -2.12968073e-06 -2.91706837e-09  8.59852647e-10]:11.735953734111225
Selected: [2 5]
***************
***CROSSOVER***
***************
parents:
2334[ 5.31180618e-02 -3.12697931e-12 -1.48652017e-13  1.81646266e-11 -2.17580076e-10 -1.18173475e-15  1.94663963e-16  9.16345107e-06 -2.12806294e-06 -2.93302523e-09  8.62879826e-10]
2314[ 5.30879095e-02 -3.54329270e-12 -1.54260886e-13  1.81649238e-11 -2.17430433e-10 -1.18135328e-15  2.08606139e-16  9.34069546e-06 -2.12805026e-06 -2.92796174e-09  8.62856077e-10]
children:
[ 5.31032852e-02 -3.09516907e-12 -1.53092313e-13  1.81646087e-11 -2.17563033e-10 -1.18171337e-15  1.99239783e-16  9.15490882e-06 -2.12805692e-06 -2.93223421e-09  8.62874340e-10]
[ 5.30940381e-02 -3.31715349e-12 -1.53302618e-13  1.81646651e-11 -2.17499588e-10 -1.18172064e-15  1.95041263e-16  9.34823269e-06 -2.12805535e-06 -2.93019645e-09  8.62878041e-10]
[ 5.31129998e-02 -3.45340106e-12 -1.51592660e-13  1.81648133e-11 -2.17467787e-10 -1.18155221e-15  1.97686284e-16  9.27982722e-06 -2.12805143e-06 -2.92893494e-09  8.62859689e-10]
Selected: [8 7]
***************
***CROSSOVER***
***************
parents:
2315[ 5.32778778e-02 -3.26854009e-12 -1.36120306e-13  1.82102841e-11 -2.28434772e-10 -1.08654327e-15  1.95133274e-16  9.22651716e-06 -2.12968073e-06 -2.91706837e-09  8.59852647e-10]
2338[ 5.55243071e-02 -3.70789273e-12 -1.65014271e-13  1.82109249e-11 -2.25841899e-10 -1.08819149e-15  2.07877318e-16  9.22606567e-06 -2.12999563e-06 -2.91086179e-09  8.59844450e-10]
children:
[ 5.41046915e-02 -3.49684154e-12 -1.43754624e-13  1.82103226e-11 -2.28182294e-10 -1.08832875e-15  2.05290224e-16  9.22637207e-06 -2.12982624e-06 -2.91371010e-09  8.59852168e-10]
[ 5.44664448e-02 -3.54230537e-12 -1.56460730e-13  1.82105846e-11 -2.27113824e-10 -1.08765305e-15  1.93869361e-16  9.22617731e-06 -2.12968654e-06 -2.91031615e-09  8.59848173e-10]
[ 5.48553464e-02 -3.39413606e-12 -1.34388294e-13  1.82102965e-11 -2.25640658e-10 -1.08647289e-15  2.09142970e-16  9.22626497e-06 -2.12967923e-06 -2.91385333e-09  8.59852737e-10]
Selected: [0 2]
***************
***CROSSOVER***
***************
parents:
2325[ 5.27396285e-02 -3.12535732e-12 -1.47418222e-13  1.81639352e-11 -2.23744099e-10 -1.18173318e-15  1.93704420e-16  9.10292093e-06 -2.12820123e-06 -2.93265468e-09  8.62909444e-10]
2334[ 5.31180618e-02 -3.12697931e-12 -1.48652017e-13  1.81646266e-11 -2.17580076e-10 -1.18173475e-15  1.94663963e-16  9.16345107e-06 -2.12806294e-06 -2.93302523e-09  8.62879826e-10]
children:
[ 5.31341027e-02 -3.12713731e-12 -1.47827325e-13  1.81646160e-11 -2.17684036e-10 -1.18173404e-15  1.94024357e-16  9.13160692e-06 -2.12807804e-06 -2.93264951e-09  8.62898234e-10]
[ 5.27114414e-02 -3.12699260e-12 -1.47699514e-13  1.81646635e-11 -2.23164634e-10 -1.18173454e-15  1.94309952e-16  9.14713283e-06 -2.12807973e-06 -2.93286718e-09  8.62888059e-10]
[ 5.30287595e-02 -3.12569519e-12 -1.47946142e-13  1.81643116e-11 -2.19092317e-10 -1.18173332e-15  1.94044413e-16  9.15980055e-06 -2.12811163e-06 -2.93267194e-09  8.62877679e-10]
@@@@@@@@@@@@@@@@@@@@@@@@@
@@@merging population@@@@
@@@@@@@@@@@@@@@@@@@@@@@@@
Population scores:
2325:[3.28436698e+11 5.30210100e+11]:[ 5.27396285e-02 -3.12535732e-12 -1.47418222e-13  1.81639352e-11 -2.23744099e-10 -1.18173318e-15  1.93704420e-16  9.10292093e-06 -2.12820123e-06 -2.93265468e-09  8.62909444e-10]:11.724447996295886
2332:[3.28304048e+11 5.30290341e+11]:[ 5.30052875e-02 -3.48499504e-12 -1.47783595e-13  1.81650042e-11 -2.24222126e-10 -1.18153088e-15  1.94075100e-16  9.11763170e-06 -2.12821098e-06 -2.93285499e-09  8.62903754e-10]:11.724513717090764
2346:[3.27711800e+11 5.30475743e+11]:[ 5.31341027e-02 -3.12713731e-12 -1.47827325e-13  1.81646160e-11 -2.17684036e-10 -1.18173404e-15  1.94024357e-16  9.13160692e-06 -2.12807804e-06 -2.93264951e-09  8.62898234e-10]:11.724665529468705
2341:[3.27594924e+11 5.30544376e+11]:[ 5.27114414e-02 -3.12699260e-12 -1.47699514e-13  1.81646635e-11 -2.23164634e-10 -1.18173454e-15  1.94309952e-16  9.14713283e-06 -2.12807973e-06 -2.93286718e-09  8.62888059e-10]:11.724721715089656
2342:[3.2760011e+11 5.3060224e+11]:[ 5.30287595e-02 -3.12569519e-12 -1.47946142e-13  1.81643116e-11 -2.19092317e-10 -1.18173332e-15  1.94044413e-16  9.15980055e-06 -2.12811163e-06 -2.93267194e-09  8.62877679e-10]:11.724769078855275
2344:[3.27486596e+11 5.30650161e+11]:[ 5.31032852e-02 -3.09516907e-12 -1.53092313e-13  1.81646087e-11 -2.17563033e-10 -1.18171337e-15  1.99239783e-16  9.15490882e-06 -2.12805692e-06 -2.93223421e-09  8.62874340e-10]:11.724808300609618
2334:[3.27414422e+11 5.30695097e+11]:[ 5.31180618e-02 -3.12697931e-12 -1.48652017e-13  1.81646266e-11 -2.17580076e-10 -1.18173475e-15  1.94663963e-16  9.16345107e-06 -2.12806294e-06 -2.93302523e-09  8.62879826e-10]:11.724845075682696
2345:[3.26683148e+11 5.33661302e+11]:[ 5.31129998e-02 -3.45340106e-12 -1.51592660e-13  1.81648133e-11 -2.17467787e-10 -1.18155221e-15  1.97686284e-16  9.27982722e-06 -2.12805143e-06 -2.92893494e-09  8.62859689e-10]:11.727265711487837
2333:[3.26638569e+11 5.35054468e+11]:[ 5.30176689e-02 -3.57658695e-12 -1.50579002e-13  1.81644551e-11 -2.21057644e-10 -1.18165185e-15  1.98625365e-16  9.31530069e-06 -2.12812559e-06 -2.92908987e-09  8.62913853e-10]:11.728397994685656
2323:[3.20308463e+11 5.35085868e+11]:[ 5.17896633e-02 -3.37829120e-12 -1.33055966e-13  1.81610684e-11 -2.23997567e-10 -1.18151737e-15  1.97015564e-16  9.11439013e-06 -2.12572962e-06 -2.93038904e-09  8.63007767e-10]:11.72842348120436
2343:[3.26682799e+11 5.35954353e+11]:[ 5.30940381e-02 -3.31715349e-12 -1.53302618e-13  1.81646651e-11 -2.17499588e-10 -1.18172064e-15  1.95041263e-16  9.34823269e-06 -2.12805535e-06 -2.93019645e-09  8.62878041e-10]:11.729127802785118
2314:[3.26744123e+11 5.35973515e+11]:[ 5.30879095e-02 -3.54329270e-12 -1.54260886e-13  1.81649238e-11 -2.17430433e-10 -1.18135328e-15  2.08606139e-16  9.34069546e-06 -2.12805026e-06 -2.92796174e-09  8.62856077e-10]:11.729143329557143
2246:[3.21641123e+11 5.38386678e+11]:[ 5.18984127e-02 -2.92354261e-12 -1.34135652e-13  1.81592713e-11 -2.28007581e-10 -1.18187029e-15  1.93914750e-16  8.67275852e-06 -2.12500772e-06 -2.93238671e-09  8.63673946e-10]:11.731094305185229
2347:[3.51745622e+11 5.44019967e+11]:[ 5.41046915e-02 -3.49684154e-12 -1.43754624e-13  1.82103226e-11 -2.28182294e-10 -1.08832875e-15  2.05290224e-16  9.22637207e-06 -2.12982624e-06 -2.91371010e-09  8.59852168e-10]:11.735614839968742
2338:[3.52223394e+11 5.44106260e+11]:[ 5.55243071e-02 -3.70789273e-12 -1.65014271e-13  1.82109249e-11 -2.25841899e-10 -1.08819149e-15  2.07877318e-16  9.22606567e-06 -2.12999563e-06 -2.91086179e-09  8.59844450e-10]:11.73568372255619
2315:[3.51491292e+11 5.44444649e+11]:[ 5.32778778e-02 -3.26854009e-12 -1.36120306e-13  1.82102841e-11 -2.28434772e-10 -1.08654327e-15  1.95133274e-16  9.22651716e-06 -2.12968073e-06 -2.91706837e-09  8.59852647e-10]:11.735953734111225
2348:[3.51201452e+11 5.44529847e+11]:[ 5.44664448e-02 -3.54230537e-12 -1.56460730e-13  1.82105846e-11 -2.27113824e-10 -1.08765305e-15  1.93869361e-16  9.22617731e-06 -2.12968654e-06 -2.91031615e-09  8.59848173e-10]:11.736021689332038
2349:[3.51353052e+11 5.44681169e+11]:[ 5.48553464e-02 -3.39413606e-12 -1.34388294e-13  1.82102965e-11 -2.25640658e-10 -1.08647289e-15  2.09142970e-16  9.22626497e-06 -2.12967923e-06 -2.91385333e-09  8.59852737e-10]:11.73614236123268
*******************************
***iteration: 9 Population is***
*******************************
Population scores:
2325:[3.28436698e+11 5.30210100e+11]:[ 5.27396285e-02 -3.12535732e-12 -1.47418222e-13  1.81639352e-11 -2.23744099e-10 -1.18173318e-15  1.93704420e-16  9.10292093e-06 -2.12820123e-06 -2.93265468e-09  8.62909444e-10]:11.724447996295886
2332:[3.28304048e+11 5.30290341e+11]:[ 5.30052875e-02 -3.48499504e-12 -1.47783595e-13  1.81650042e-11 -2.24222126e-10 -1.18153088e-15  1.94075100e-16  9.11763170e-06 -2.12821098e-06 -2.93285499e-09  8.62903754e-10]:11.724513717090764
2346:[3.27711800e+11 5.30475743e+11]:[ 5.31341027e-02 -3.12713731e-12 -1.47827325e-13  1.81646160e-11 -2.17684036e-10 -1.18173404e-15  1.94024357e-16  9.13160692e-06 -2.12807804e-06 -2.93264951e-09  8.62898234e-10]:11.724665529468705
2341:[3.27594924e+11 5.30544376e+11]:[ 5.27114414e-02 -3.12699260e-12 -1.47699514e-13  1.81646635e-11 -2.23164634e-10 -1.18173454e-15  1.94309952e-16  9.14713283e-06 -2.12807973e-06 -2.93286718e-09  8.62888059e-10]:11.724721715089656
2342:[3.2760011e+11 5.3060224e+11]:[ 5.30287595e-02 -3.12569519e-12 -1.47946142e-13  1.81643116e-11 -2.19092317e-10 -1.18173332e-15  1.94044413e-16  9.15980055e-06 -2.12811163e-06 -2.93267194e-09  8.62877679e-10]:11.724769078855275
2344:[3.27486596e+11 5.30650161e+11]:[ 5.31032852e-02 -3.09516907e-12 -1.53092313e-13  1.81646087e-11 -2.17563033e-10 -1.18171337e-15  1.99239783e-16  9.15490882e-06 -2.12805692e-06 -2.93223421e-09  8.62874340e-10]:11.724808300609618
2334:[3.27414422e+11 5.30695097e+11]:[ 5.31180618e-02 -3.12697931e-12 -1.48652017e-13  1.81646266e-11 -2.17580076e-10 -1.18173475e-15  1.94663963e-16  9.16345107e-06 -2.12806294e-06 -2.93302523e-09  8.62879826e-10]:11.724845075682696
2345:[3.26683148e+11 5.33661302e+11]:[ 5.31129998e-02 -3.45340106e-12 -1.51592660e-13  1.81648133e-11 -2.17467787e-10 -1.18155221e-15  1.97686284e-16  9.27982722e-06 -2.12805143e-06 -2.92893494e-09  8.62859689e-10]:11.727265711487837
2333:[3.26638569e+11 5.35054468e+11]:[ 5.30176689e-02 -3.57658695e-12 -1.50579002e-13  1.81644551e-11 -2.21057644e-10 -1.18165185e-15  1.98625365e-16  9.31530069e-06 -2.12812559e-06 -2.92908987e-09  8.62913853e-10]:11.728397994685656
Selected: [5 6]
***************
***CROSSOVER***
***************
parents:
2344[ 5.31032852e-02 -3.09516907e-12 -1.53092313e-13  1.81646087e-11 -2.17563033e-10 -1.18171337e-15  1.99239783e-16  9.15490882e-06 -2.12805692e-06 -2.93223421e-09  8.62874340e-10]
2334[ 5.31180618e-02 -3.12697931e-12 -1.48652017e-13  1.81646266e-11 -2.17580076e-10 -1.18173475e-15  1.94663963e-16  9.16345107e-06 -2.12806294e-06 -2.93302523e-09  8.62879826e-10]
children:
[ 5.31037069e-02 -3.12447175e-12 -1.51972434e-13  1.81646184e-11 -2.17577661e-10 -1.18172495e-15  1.94825706e-16  9.15890730e-06 -2.12806283e-06 -2.93235278e-09  8.62874764e-10]
[ 5.31183281e-02 -3.09694531e-12 -1.48504899e-13  1.81646185e-11 -2.17581609e-10 -1.18173343e-15  1.98640643e-16  9.15954948e-06 -2.12805673e-06 -2.93226206e-09  8.62876002e-10]
[ 5.31108230e-02 -3.10521226e-12 -1.50516983e-13  1.81646185e-11 -2.17568258e-10 -1.18173322e-15  1.97963935e-16  9.15637783e-06 -2.12806023e-06 -2.93285957e-09  8.62875079e-10]
Selected: [4 8]
***************
***CROSSOVER***
***************
parents:
2342[ 5.30287595e-02 -3.12569519e-12 -1.47946142e-13  1.81643116e-11 -2.19092317e-10 -1.18173332e-15  1.94044413e-16  9.15980055e-06 -2.12811163e-06 -2.93267194e-09  8.62877679e-10]
2333[ 5.30176689e-02 -3.57658695e-12 -1.50579002e-13  1.81644551e-11 -2.21057644e-10 -1.18165185e-15  1.98625365e-16  9.31530069e-06 -2.12812559e-06 -2.92908987e-09  8.62913853e-10]
children:
[ 5.30268255e-02 -3.37218115e-12 -1.50483556e-13  1.81643886e-11 -2.20330788e-10 -1.18170077e-15  1.96067702e-16  9.32361078e-06 -2.12811123e-06 -2.93083359e-09  8.62895569e-10]
[ 5.30250412e-02 -3.25923152e-12 -1.50528831e-13  1.81644554e-11 -2.19198939e-10 -1.18173730e-15  1.98450761e-16  9.20855260e-06 -2.12812178e-06 -2.92918104e-09  8.62908096e-10]
[ 5.30189671e-02 -3.41921767e-12 -1.48884127e-13  1.81643769e-11 -2.19912978e-10 -1.18173467e-15  1.98332799e-16  9.29912053e-06 -2.12811312e-06 -2.93277002e-09  8.62915011e-10]
Selected: [7 1]
***************
***CROSSOVER***
***************
parents:
2345[ 5.31129998e-02 -3.45340106e-12 -1.51592660e-13  1.81648133e-11 -2.17467787e-10 -1.18155221e-15  1.97686284e-16  9.27982722e-06 -2.12805143e-06 -2.92893494e-09  8.62859689e-10]
2332[ 5.30052875e-02 -3.48499504e-12 -1.47783595e-13  1.81650042e-11 -2.24222126e-10 -1.18153088e-15  1.94075100e-16  9.11763170e-06 -2.12821098e-06 -2.93285499e-09  8.62903754e-10]
children:
[ 5.30859710e-02 -3.46678905e-12 -1.49084269e-13  1.81649940e-11 -2.22163640e-10 -1.18154614e-15  1.96179834e-16  9.13830007e-06 -2.12803626e-06 -2.93085666e-09  8.62899784e-10]
[ 5.30392882e-02 -3.47031338e-12 -1.49594942e-13  1.81648291e-11 -2.17972348e-10 -1.18153353e-15  1.94069702e-16  9.14589089e-06 -2.12820678e-06 -2.93146293e-09  8.62885653e-10]
[ 5.30930396e-02 -3.45493890e-12 -1.50687605e-13  1.81648993e-11 -2.24663397e-10 -1.18153887e-15  1.96061333e-16  9.14669065e-06 -2.12811328e-06 -2.92886508e-09  8.62881664e-10]
@@@@@@@@@@@@@@@@@@@@@@@@@
@@@merging population@@@@
@@@@@@@@@@@@@@@@@@@@@@@@@
Population scores:
2325:[3.28436698e+11 5.30210100e+11]:[ 5.27396285e-02 -3.12535732e-12 -1.47418222e-13  1.81639352e-11 -2.23744099e-10 -1.18173318e-15  1.93704420e-16  9.10292093e-06 -2.12820123e-06 -2.93265468e-09  8.62909444e-10]:11.724447996295886
2332:[3.28304048e+11 5.30290341e+11]:[ 5.30052875e-02 -3.48499504e-12 -1.47783595e-13  1.81650042e-11 -2.24222126e-10 -1.18153088e-15  1.94075100e-16  9.11763170e-06 -2.12821098e-06 -2.93285499e-09  8.62903754e-10]:11.724513717090764
2346:[3.27711800e+11 5.30475743e+11]:[ 5.31341027e-02 -3.12713731e-12 -1.47827325e-13  1.81646160e-11 -2.17684036e-10 -1.18173404e-15  1.94024357e-16  9.13160692e-06 -2.12807804e-06 -2.93264951e-09  8.62898234e-10]:11.724665529468705
2341:[3.27594924e+11 5.30544376e+11]:[ 5.27114414e-02 -3.12699260e-12 -1.47699514e-13  1.81646635e-11 -2.23164634e-10 -1.18173454e-15  1.94309952e-16  9.14713283e-06 -2.12807973e-06 -2.93286718e-09  8.62888059e-10]:11.724721715089656
2353:[3.27967681e+11 5.30548849e+11]:[ 5.30392882e-02 -3.47031338e-12 -1.49594942e-13  1.81648291e-11 -2.17972348e-10 -1.18153353e-15  1.94069702e-16  9.14589089e-06 -2.12820678e-06 -2.93146293e-09  8.62885653e-10]:11.724725376932946
2357:[3.27500431e+11 5.30598194e+11]:[ 5.31108230e-02 -3.10521226e-12 -1.50516983e-13  1.81646185e-11 -2.17568258e-10 -1.18173322e-15  1.97963935e-16  9.15637783e-06 -2.12806023e-06 -2.93285957e-09  8.62875079e-10]:11.724765767384252
2342:[3.2760011e+11 5.3060224e+11]:[ 5.30287595e-02 -3.12569519e-12 -1.47946142e-13  1.81643116e-11 -2.19092317e-10 -1.18173332e-15  1.94044413e-16  9.15980055e-06 -2.12811163e-06 -2.93267194e-09  8.62877679e-10]:11.724769078855275
2344:[3.27486596e+11 5.30650161e+11]:[ 5.31032852e-02 -3.09516907e-12 -1.53092313e-13  1.81646087e-11 -2.17563033e-10 -1.18171337e-15  1.99239783e-16  9.15490882e-06 -2.12805692e-06 -2.93223421e-09  8.62874340e-10]:11.724808300609618
2356:[3.27463552e+11 5.30677650e+11]:[ 5.31037069e-02 -3.12447175e-12 -1.51972434e-13  1.81646184e-11 -2.17577661e-10 -1.18172495e-15  1.94825706e-16  9.15890730e-06 -2.12806283e-06 -2.93235278e-09  8.62874764e-10]:11.724830797671531
2334:[3.27414422e+11 5.30695097e+11]:[ 5.31180618e-02 -3.12697931e-12 -1.48652017e-13  1.81646266e-11 -2.17580076e-10 -1.18173475e-15  1.94663963e-16  9.16345107e-06 -2.12806294e-06 -2.93302523e-09  8.62879826e-10]:11.724845075682696
2358:[3.27427689e+11 5.30708753e+11]:[ 5.31183281e-02 -3.09694531e-12 -1.48504899e-13  1.81646185e-11 -2.17581609e-10 -1.18173343e-15  1.98640643e-16  9.15954948e-06 -2.12805673e-06 -2.93226206e-09  8.62876002e-10]:11.724856250191628
2354:[3.27424099e+11 5.30836869e+11]:[ 5.30859710e-02 -3.46678905e-12 -1.49084269e-13  1.81649940e-11 -2.22163640e-10 -1.18154614e-15  1.96179834e-16  9.13830007e-06 -2.12803626e-06 -2.93085666e-09  8.62899784e-10]:11.724961079303103
2355:[3.27585979e+11 5.30914488e+11]:[ 5.30930396e-02 -3.45493890e-12 -1.50687605e-13  1.81648993e-11 -2.24663397e-10 -1.18153887e-15  1.96061333e-16  9.14669065e-06 -2.12811328e-06 -2.92886508e-09  8.62881664e-10]:11.725024577144932
2351:[3.26935691e+11 5.31975307e+11]:[ 5.30250412e-02 -3.25923152e-12 -1.50528831e-13  1.81644554e-11 -2.19198939e-10 -1.18173730e-15  1.98450761e-16  9.20855260e-06 -2.12812178e-06 -2.92918104e-09  8.62908096e-10]:11.725891473636844
2345:[3.26683148e+11 5.33661302e+11]:[ 5.31129998e-02 -3.45340106e-12 -1.51592660e-13  1.81648133e-11 -2.17467787e-10 -1.18155221e-15  1.97686284e-16  9.27982722e-06 -2.12805143e-06 -2.92893494e-09  8.62859689e-10]:11.727265711487837
2350:[3.26639002e+11 5.33959567e+11]:[ 5.30189671e-02 -3.41921767e-12 -1.48884127e-13  1.81643769e-11 -2.19912978e-10 -1.18173467e-15  1.98332799e-16  9.29912053e-06 -2.12811312e-06 -2.93277002e-09  8.62915011e-10]:11.727508372089856
2352:[3.26701811e+11 5.34938038e+11]:[ 5.30268255e-02 -3.37218115e-12 -1.50483556e-13  1.81643886e-11 -2.20330788e-10 -1.18170077e-15  1.96067702e-16  9.32361078e-06 -2.12811123e-06 -2.93083359e-09  8.62895569e-10]:11.728303480397614
2333:[3.26638569e+11 5.35054468e+11]:[ 5.30176689e-02 -3.57658695e-12 -1.50579002e-13  1.81644551e-11 -2.21057644e-10 -1.18165185e-15  1.98625365e-16  9.31530069e-06 -2.12812559e-06 -2.92908987e-09  8.62913853e-10]:11.728397994685656
Population scores:
2325:[3.28436698e+11 5.30210100e+11]:[ 5.27396285e-02 -3.12535732e-12 -1.47418222e-13  1.81639352e-11 -2.23744099e-10 -1.18173318e-15  1.93704420e-16  9.10292093e-06 -2.12820123e-06 -2.93265468e-09  8.62909444e-10]:11.724447996295886
2332:[3.28304048e+11 5.30290341e+11]:[ 5.30052875e-02 -3.48499504e-12 -1.47783595e-13  1.81650042e-11 -2.24222126e-10 -1.18153088e-15  1.94075100e-16  9.11763170e-06 -2.12821098e-06 -2.93285499e-09  8.62903754e-10]:11.724513717090764
2346:[3.27711800e+11 5.30475743e+11]:[ 5.31341027e-02 -3.12713731e-12 -1.47827325e-13  1.81646160e-11 -2.17684036e-10 -1.18173404e-15  1.94024357e-16  9.13160692e-06 -2.12807804e-06 -2.93264951e-09  8.62898234e-10]:11.724665529468705
2341:[3.27594924e+11 5.30544376e+11]:[ 5.27114414e-02 -3.12699260e-12 -1.47699514e-13  1.81646635e-11 -2.23164634e-10 -1.18173454e-15  1.94309952e-16  9.14713283e-06 -2.12807973e-06 -2.93286718e-09  8.62888059e-10]:11.724721715089656
2353:[3.27967681e+11 5.30548849e+11]:[ 5.30392882e-02 -3.47031338e-12 -1.49594942e-13  1.81648291e-11 -2.17972348e-10 -1.18153353e-15  1.94069702e-16  9.14589089e-06 -2.12820678e-06 -2.93146293e-09  8.62885653e-10]:11.724725376932946
2357:[3.27500431e+11 5.30598194e+11]:[ 5.31108230e-02 -3.10521226e-12 -1.50516983e-13  1.81646185e-11 -2.17568258e-10 -1.18173322e-15  1.97963935e-16  9.15637783e-06 -2.12806023e-06 -2.93285957e-09  8.62875079e-10]:11.724765767384252
2342:[3.2760011e+11 5.3060224e+11]:[ 5.30287595e-02 -3.12569519e-12 -1.47946142e-13  1.81643116e-11 -2.19092317e-10 -1.18173332e-15  1.94044413e-16  9.15980055e-06 -2.12811163e-06 -2.93267194e-09  8.62877679e-10]:11.724769078855275
2344:[3.27486596e+11 5.30650161e+11]:[ 5.31032852e-02 -3.09516907e-12 -1.53092313e-13  1.81646087e-11 -2.17563033e-10 -1.18171337e-15  1.99239783e-16  9.15490882e-06 -2.12805692e-06 -2.93223421e-09  8.62874340e-10]:11.724808300609618
2356:[3.27463552e+11 5.30677650e+11]:[ 5.31037069e-02 -3.12447175e-12 -1.51972434e-13  1.81646184e-11 -2.17577661e-10 -1.18172495e-15  1.94825706e-16  9.15890730e-06 -2.12806283e-06 -2.93235278e-09  8.62874764e-10]:11.724830797671531
%%%%%%%%%%%%%%%%%%%%%%%%%
%%%final - population%%%%
%%%%%%%%%%%%%%%%%%%%%%%%%
2325:[3.28436698e+11 5.30210100e+11]:[ 5.27396285e-02 -3.12535732e-12 -1.47418222e-13  1.81639352e-11 -2.23744099e-10 -1.18173318e-15  1.93704420e-16  9.10292093e-06 -2.12820123e-06 -2.93265468e-09  8.62909444e-10]
2332:[3.28304048e+11 5.30290341e+11]:[ 5.30052875e-02 -3.48499504e-12 -1.47783595e-13  1.81650042e-11 -2.24222126e-10 -1.18153088e-15  1.94075100e-16  9.11763170e-06 -2.12821098e-06 -2.93285499e-09  8.62903754e-10]
2346:[3.27711800e+11 5.30475743e+11]:[ 5.31341027e-02 -3.12713731e-12 -1.47827325e-13  1.81646160e-11 -2.17684036e-10 -1.18173404e-15  1.94024357e-16  9.13160692e-06 -2.12807804e-06 -2.93264951e-09  8.62898234e-10]
2341:[3.27594924e+11 5.30544376e+11]:[ 5.27114414e-02 -3.12699260e-12 -1.47699514e-13  1.81646635e-11 -2.23164634e-10 -1.18173454e-15  1.94309952e-16  9.14713283e-06 -2.12807973e-06 -2.93286718e-09  8.62888059e-10]
2353:[3.27967681e+11 5.30548849e+11]:[ 5.30392882e-02 -3.47031338e-12 -1.49594942e-13  1.81648291e-11 -2.17972348e-10 -1.18153353e-15  1.94069702e-16  9.14589089e-06 -2.12820678e-06 -2.93146293e-09  8.62885653e-10]
2357:[3.27500431e+11 5.30598194e+11]:[ 5.31108230e-02 -3.10521226e-12 -1.50516983e-13  1.81646185e-11 -2.17568258e-10 -1.18173322e-15  1.97963935e-16  9.15637783e-06 -2.12806023e-06 -2.93285957e-09  8.62875079e-10]
2342:[3.2760011e+11 5.3060224e+11]:[ 5.30287595e-02 -3.12569519e-12 -1.47946142e-13  1.81643116e-11 -2.19092317e-10 -1.18173332e-15  1.94044413e-16  9.15980055e-06 -2.12811163e-06 -2.93267194e-09  8.62877679e-10]
2344:[3.27486596e+11 5.30650161e+11]:[ 5.31032852e-02 -3.09516907e-12 -1.53092313e-13  1.81646087e-11 -2.17563033e-10 -1.18171337e-15  1.99239783e-16  9.15490882e-06 -2.12805692e-06 -2.93223421e-09  8.62874340e-10]
2356:[3.27463552e+11 5.30677650e+11]:[ 5.31037069e-02 -3.12447175e-12 -1.51972434e-13  1.81646184e-11 -2.17577661e-10 -1.18172495e-15  1.94825706e-16  9.15890730e-06 -2.12806283e-06 -2.93235278e-09  8.62874764e-10]
