Generating Population from
[ 5.97837294e-02 -2.66764923e-12 -1.66794354e-13  2.80361713e-11 -1.94273598e-10 -1.70895168e-15  1.92819890e-16  8.24203066e-06 -2.13560292e-06 -3.10245663e-09  8.69421854e-10]
*******************************
***iteration: 0 Population is***
*******************************
Population scores:
2366:[5.21404888e+11 5.28024564e+11]:[ 6.32623756e-02 -2.25666928e-12 -8.58807648e-14  1.90998359e-11 -2.27433826e-10 -1.86356937e-15  1.83839521e-16  9.16943853e-06 -1.98951599e-06 -4.03941491e-09  8.19159038e-10]:11.722654126257497
2222:[5.40823073e+11 6.60526587e+11]:[ 5.97837294e-02 -2.66764923e-12 -1.66794354e-13  2.80361713e-11 -1.94273598e-10 -1.70895168e-15  1.92819890e-16  8.24203066e-06 -2.13560292e-06 -3.10245663e-09  8.69421854e-10]:11.81989030286022
2359:[2.12702600e+12 3.18254301e+12]:[ 6.27171976e-02 -3.09328377e-12 -1.32157622e-13  3.75134965e-11 -1.87908957e-10 -1.13029608e-15  1.88604029e-16  8.01951381e-06 -2.36220885e-06 -2.33179273e-09  9.05554018e-10]:12.502774281915874
2364:[8.67374894e+12 1.52117276e+13]:[ 6.17118842e-02 -2.73596318e-12 -2.36069305e-13  3.32029567e-11 -1.94855647e-10 -9.03567658e-16  1.69640970e-16  7.56855039e-06 -2.52739887e-06 -2.48579158e-09  9.03992142e-10]:13.182178540632812
2360:[2.08536579e+13 3.58169893e+13]:[ 6.01586027e-02 -2.02501728e-12 -2.09978212e-13  3.54958087e-11 -1.31902659e-10 -1.50161685e-15  1.44405690e-16  8.94903666e-06 -2.39957649e-06 -3.09899525e-09  7.85663792e-10]:13.55408907744378
2365:[3.65536894e+13 7.44847162e+13]:[ 5.96302451e-02 -3.37806631e-12 -6.77175168e-14  2.40303047e-11 -1.03292166e-10 -1.05245255e-15  2.69395973e-16  7.26391376e-06 -1.51963389e-06 -4.08135680e-09  9.29936463e-10]:13.872067167497704
2362:[4.63038302e+13 7.94332157e+13]:[ 6.94546646e-02 -2.16804726e-12 -2.41852640e-13  3.74142304e-11 -2.41993389e-10 -2.50629464e-15  1.07742472e-16  8.31960799e-06 -2.78992206e-06 -2.42461150e-09  8.64280029e-10]:13.900002144355849
2363:[6.16815236e+13 1.10935388e+14]:[ 6.10326359e-02 -2.20179061e-12 -1.71002266e-13  3.46997800e-11 -2.82648817e-10 -1.71387974e-15  1.84463226e-16  8.79781462e-06 -2.71477695e-06 -3.87737619e-09  7.87521082e-10]:14.045070106005365
2361:[7.25882474e+13 1.35049294e+14]:[ 6.47414052e-02 -2.27575211e-12 -7.11810888e-14  2.38235308e-11 -2.19021809e-10 -1.04051331e-15  1.88101608e-16  8.00379937e-06 -2.85052422e-06 -3.93438418e-09  8.05368219e-10]:14.130492319289125
Selected: [1 2]
***************
***CROSSOVER***
***************
parents:
2222[ 5.97837294e-02 -2.66764923e-12 -1.66794354e-13  2.80361713e-11 -1.94273598e-10 -1.70895168e-15  1.92819890e-16  8.24203066e-06 -2.13560292e-06 -3.10245663e-09  8.69421854e-10]
2359[ 6.27171976e-02 -3.09328377e-12 -1.32157622e-13  3.75134965e-11 -1.87908957e-10 -1.13029608e-15  1.88604029e-16  8.01951381e-06 -2.36220885e-06 -2.33179273e-09  9.05554018e-10]
children:
[ 6.37298992e-02 -2.98077199e-12 -1.47493026e-13  3.30556802e-11 -1.89026943e-10 -1.27366557e-15  1.88522584e-16  8.06968511e-06 -2.09003886e-06 -3.08943998e-09  8.83827165e-10]
[ 6.10734002e-02 -3.21221816e-12 -1.38639721e-13  3.78057595e-11 -1.88459967e-10 -1.25389712e-15  1.86405049e-16  8.20724151e-06 -2.12794355e-06 -2.83747017e-09  8.76106919e-10]
[ 6.12247292e-02 -2.98784855e-12 -1.34851640e-13  3.77617650e-11 -1.44216944e-10 -1.56631447e-15  1.85445456e-16  8.11039472e-06 -2.27596150e-06 -3.45960531e-09  9.01314291e-10]
Selected: [1 0]
***************
***CROSSOVER***
***************
parents:
2222[ 5.97837294e-02 -2.66764923e-12 -1.66794354e-13  2.80361713e-11 -1.94273598e-10 -1.70895168e-15  1.92819890e-16  8.24203066e-06 -2.13560292e-06 -3.10245663e-09  8.69421854e-10]
2366[ 6.32623756e-02 -2.25666928e-12 -8.58807648e-14  1.90998359e-11 -2.27433826e-10 -1.86356937e-15  1.83839521e-16  9.16943853e-06 -1.98951599e-06 -4.03941491e-09  8.19159038e-10]
children:
[ 6.31281082e-02 -1.89817720e-12 -9.23149310e-14  2.49917982e-11 -2.23885816e-10 -1.78348395e-15  1.91677134e-16  9.01315566e-06 -2.14160940e-06 -3.21175215e-09  8.19133707e-10]
[ 6.05030942e-02 -2.23387226e-12 -1.61751749e-13  1.96861879e-11 -1.86473238e-10 -1.78540466e-15  1.90260163e-16  8.42267584e-06 -2.02403431e-06 -3.30144117e-09  8.24008710e-10]
[ 6.14521903e-02 -2.52458993e-12 -8.25245271e-14  1.82322908e-11 -2.00891774e-10 -1.78875365e-15  1.92855675e-16  8.85592081e-06 -1.96341301e-06 -3.35351858e-09  8.48101966e-10]
Selected: [1 3]
***************
***CROSSOVER***
***************
parents:
2222[ 5.97837294e-02 -2.66764923e-12 -1.66794354e-13  2.80361713e-11 -1.94273598e-10 -1.70895168e-15  1.92819890e-16  8.24203066e-06 -2.13560292e-06 -3.10245663e-09  8.69421854e-10]
2364[ 6.17118842e-02 -2.73596318e-12 -2.36069305e-13  3.32029567e-11 -1.94855647e-10 -9.03567658e-16  1.69640970e-16  7.56855039e-06 -2.52739887e-06 -2.48579158e-09  9.03992142e-10]
children:
[ 6.12591419e-02 -3.56961672e-12 -1.92086932e-13  3.19641540e-11 -1.50498567e-10 -1.44733193e-15  1.83977404e-16  7.90139132e-06 -3.03119050e-06 -2.50461858e-09  9.24763485e-10]
[ 6.78474696e-02 -3.58384241e-12 -9.77008156e-14  3.28126870e-11 -1.94623484e-10 -1.51043373e-15  9.61897922e-17  7.20113081e-06 -2.22764206e-06 -2.42389238e-09  8.88104184e-10]
[ 6.12986906e-02 -2.81379122e-12 -1.79317174e-13  2.98094967e-11 -1.90738659e-10 -1.26288615e-15  1.92832448e-16  7.99822668e-06 -1.40590693e-06 -2.62874479e-09  8.44191278e-10]
@@@@@@@@@@@@@@@@@@@@@@@@@
@@@merging population@@@@
@@@@@@@@@@@@@@@@@@@@@@@@@
Population scores:
2366:[5.21404888e+11 5.28024564e+11]:[ 6.32623756e-02 -2.25666928e-12 -8.58807648e-14  1.90998359e-11 -2.27433826e-10 -1.86356937e-15  1.83839521e-16  9.16943853e-06 -1.98951599e-06 -4.03941491e-09  8.19159038e-10]:11.722654126257497
2367:[5.33581208e+11 5.70440524e+11]:[ 6.05030942e-02 -2.23387226e-12 -1.61751749e-13  1.96861879e-11 -1.86473238e-10 -1.78540466e-15  1.90260163e-16  8.42267584e-06 -2.02403431e-06 -3.30144117e-09  8.24008710e-10]:11.756210370419337
2368:[2.74724642e+11 6.13082412e+11]:[ 6.10734002e-02 -3.21221816e-12 -1.38639721e-13  3.78057595e-11 -1.88459967e-10 -1.25389712e-15  1.86405049e-16  8.20724151e-06 -2.12794355e-06 -2.83747017e-09  8.76106919e-10]:11.787518857243587
2222:[5.40823073e+11 6.60526587e+11]:[ 5.97837294e-02 -2.66764923e-12 -1.66794354e-13  2.80361713e-11 -1.94273598e-10 -1.70895168e-15  1.92819890e-16  8.24203066e-06 -2.13560292e-06 -3.10245663e-09  8.69421854e-10]:11.81989030286022
2374:[3.47333441e+11 1.09555840e+12]:[ 6.37298992e-02 -2.98077199e-12 -1.47493026e-13  3.30556802e-11 -1.89026943e-10 -1.27366557e-15  1.88522584e-16  8.06968511e-06 -2.09003886e-06 -3.08943998e-09  8.83827165e-10]:12.039635533577794
2375:[9.53619550e+11 1.28886709e+12]:[ 6.78474696e-02 -3.58384241e-12 -9.77008156e-14  3.28126870e-11 -1.94623484e-10 -1.51043373e-15  9.61897922e-17  7.20113081e-06 -2.22764206e-06 -2.42389238e-09  8.88104184e-10]:12.110208134034314
2372:[3.42147705e+11 1.46377202e+12]:[ 6.14521903e-02 -2.52458993e-12 -8.25245271e-14  1.82322908e-11 -2.00891774e-10 -1.78875365e-15  1.92855675e-16  8.85592081e-06 -1.96341301e-06 -3.35351858e-09  8.48101966e-10]:12.165473440073113
2369:[1.91894294e+12 2.77194062e+12]:[ 6.12247292e-02 -2.98784855e-12 -1.34851640e-13  3.77617650e-11 -1.44216944e-10 -1.56631447e-15  1.85445456e-16  8.11039472e-06 -2.27596150e-06 -3.45960531e-09  9.01314291e-10]:12.442783922722997
2359:[2.12702600e+12 3.18254301e+12]:[ 6.27171976e-02 -3.09328377e-12 -1.32157622e-13  3.75134965e-11 -1.87908957e-10 -1.13029608e-15  1.88604029e-16  8.01951381e-06 -2.36220885e-06 -2.33179273e-09  9.05554018e-10]:12.502774281915874
2373:[2.96283203e+12 3.99276595e+12]:[ 6.31281082e-02 -1.89817720e-12 -9.23149310e-14  2.49917982e-11 -2.23885816e-10 -1.78348395e-15  1.91677134e-16  9.01315566e-06 -2.14160940e-06 -3.21175215e-09  8.19133707e-10]:12.601273853293659
2364:[8.67374894e+12 1.52117276e+13]:[ 6.17118842e-02 -2.73596318e-12 -2.36069305e-13  3.32029567e-11 -1.94855647e-10 -9.03567658e-16  1.69640970e-16  7.56855039e-06 -2.52739887e-06 -2.48579158e-09  9.03992142e-10]:13.182178540632812
2360:[2.08536579e+13 3.58169893e+13]:[ 6.01586027e-02 -2.02501728e-12 -2.09978212e-13  3.54958087e-11 -1.31902659e-10 -1.50161685e-15  1.44405690e-16  8.94903666e-06 -2.39957649e-06 -3.09899525e-09  7.85663792e-10]:13.55408907744378
2371:[3.47442660e+13 7.24458595e+13]:[ 6.12986906e-02 -2.81379122e-12 -1.79317174e-13  2.98094967e-11 -1.90738659e-10 -1.26288615e-15  1.92832448e-16  7.99822668e-06 -1.40590693e-06 -2.62874479e-09  8.44191278e-10]:13.860013569102254
2365:[3.65536894e+13 7.44847162e+13]:[ 5.96302451e-02 -3.37806631e-12 -6.77175168e-14  2.40303047e-11 -1.03292166e-10 -1.05245255e-15  2.69395973e-16  7.26391376e-06 -1.51963389e-06 -4.08135680e-09  9.29936463e-10]:13.872067167497704
2362:[4.63038302e+13 7.94332157e+13]:[ 6.94546646e-02 -2.16804726e-12 -2.41852640e-13  3.74142304e-11 -2.41993389e-10 -2.50629464e-15  1.07742472e-16  8.31960799e-06 -2.78992206e-06 -2.42461150e-09  8.64280029e-10]:13.900002144355849
2370:[5.28585289e+13 9.62443436e+13]:[ 6.12591419e-02 -3.56961672e-12 -1.92086932e-13  3.19641540e-11 -1.50498567e-10 -1.44733193e-15  1.83977404e-16  7.90139132e-06 -3.03119050e-06 -2.50461858e-09  9.24763485e-10]:13.983375214777537
2363:[6.16815236e+13 1.10935388e+14]:[ 6.10326359e-02 -2.20179061e-12 -1.71002266e-13  3.46997800e-11 -2.82648817e-10 -1.71387974e-15  1.84463226e-16  8.79781462e-06 -2.71477695e-06 -3.87737619e-09  7.87521082e-10]:14.045070106005365
2361:[7.25882474e+13 1.35049294e+14]:[ 6.47414052e-02 -2.27575211e-12 -7.11810888e-14  2.38235308e-11 -2.19021809e-10 -1.04051331e-15  1.88101608e-16  8.00379937e-06 -2.85052422e-06 -3.93438418e-09  8.05368219e-10]:14.130492319289125
*******************************
***iteration: 1 Population is***
*******************************
Population scores:
2366:[5.21404888e+11 5.28024564e+11]:[ 6.32623756e-02 -2.25666928e-12 -8.58807648e-14  1.90998359e-11 -2.27433826e-10 -1.86356937e-15  1.83839521e-16  9.16943853e-06 -1.98951599e-06 -4.03941491e-09  8.19159038e-10]:11.722654126257497
2367:[5.33581208e+11 5.70440524e+11]:[ 6.05030942e-02 -2.23387226e-12 -1.61751749e-13  1.96861879e-11 -1.86473238e-10 -1.78540466e-15  1.90260163e-16  8.42267584e-06 -2.02403431e-06 -3.30144117e-09  8.24008710e-10]:11.756210370419337
2368:[2.74724642e+11 6.13082412e+11]:[ 6.10734002e-02 -3.21221816e-12 -1.38639721e-13  3.78057595e-11 -1.88459967e-10 -1.25389712e-15  1.86405049e-16  8.20724151e-06 -2.12794355e-06 -2.83747017e-09  8.76106919e-10]:11.787518857243587
2222:[5.40823073e+11 6.60526587e+11]:[ 5.97837294e-02 -2.66764923e-12 -1.66794354e-13  2.80361713e-11 -1.94273598e-10 -1.70895168e-15  1.92819890e-16  8.24203066e-06 -2.13560292e-06 -3.10245663e-09  8.69421854e-10]:11.81989030286022
2374:[3.47333441e+11 1.09555840e+12]:[ 6.37298992e-02 -2.98077199e-12 -1.47493026e-13  3.30556802e-11 -1.89026943e-10 -1.27366557e-15  1.88522584e-16  8.06968511e-06 -2.09003886e-06 -3.08943998e-09  8.83827165e-10]:12.039635533577794
2375:[9.53619550e+11 1.28886709e+12]:[ 6.78474696e-02 -3.58384241e-12 -9.77008156e-14  3.28126870e-11 -1.94623484e-10 -1.51043373e-15  9.61897922e-17  7.20113081e-06 -2.22764206e-06 -2.42389238e-09  8.88104184e-10]:12.110208134034314
2372:[3.42147705e+11 1.46377202e+12]:[ 6.14521903e-02 -2.52458993e-12 -8.25245271e-14  1.82322908e-11 -2.00891774e-10 -1.78875365e-15  1.92855675e-16  8.85592081e-06 -1.96341301e-06 -3.35351858e-09  8.48101966e-10]:12.165473440073113
2369:[1.91894294e+12 2.77194062e+12]:[ 6.12247292e-02 -2.98784855e-12 -1.34851640e-13  3.77617650e-11 -1.44216944e-10 -1.56631447e-15  1.85445456e-16  8.11039472e-06 -2.27596150e-06 -3.45960531e-09  9.01314291e-10]:12.442783922722997
2359:[2.12702600e+12 3.18254301e+12]:[ 6.27171976e-02 -3.09328377e-12 -1.32157622e-13  3.75134965e-11 -1.87908957e-10 -1.13029608e-15  1.88604029e-16  8.01951381e-06 -2.36220885e-06 -2.33179273e-09  9.05554018e-10]:12.502774281915874
Selected: [5 6]
***************
***CROSSOVER***
***************
parents:
2375[ 6.78474696e-02 -3.58384241e-12 -9.77008156e-14  3.28126870e-11 -1.94623484e-10 -1.51043373e-15  9.61897922e-17  7.20113081e-06 -2.22764206e-06 -2.42389238e-09  8.88104184e-10]
2372[ 6.14521903e-02 -2.52458993e-12 -8.25245271e-14  1.82322908e-11 -2.00891774e-10 -1.78875365e-15  1.92855675e-16  8.85592081e-06 -1.96341301e-06 -3.35351858e-09  8.48101966e-10]
children:
[ 6.70359458e-02 -2.87130849e-12 -8.29053042e-14  1.85445370e-11 -1.39660962e-10 -7.53639192e-16  1.14873893e-16  8.86091134e-06 -2.21791297e-06 -2.74364225e-09  8.71264137e-10]
[ 6.73944768e-02 -3.63650698e-12 -1.02879760e-13  2.76764381e-11 -2.00832399e-10 -1.64968879e-15  1.64938765e-16  8.63431403e-06 -2.22953999e-06 -3.54662887e-09  8.54246999e-10]
[ 6.16361277e-02 -2.96390857e-12 -9.72265687e-14  1.72618585e-11 -1.96861862e-10 -1.72300262e-15  9.07808391e-17  9.31392526e-06 -2.23363696e-06 -2.80589313e-09  8.59640657e-10]
Selected: [4 2]
***************
***CROSSOVER***
***************
parents:
2374[ 6.37298992e-02 -2.98077199e-12 -1.47493026e-13  3.30556802e-11 -1.89026943e-10 -1.27366557e-15  1.88522584e-16  8.06968511e-06 -2.09003886e-06 -3.08943998e-09  8.83827165e-10]
2368[ 6.10734002e-02 -3.21221816e-12 -1.38639721e-13  3.78057595e-11 -1.88459967e-10 -1.25389712e-15  1.86405049e-16  8.20724151e-06 -2.12794355e-06 -2.83747017e-09  8.76106919e-10]
children:
[ 6.11557969e-02 -3.05026522e-12 -1.48320786e-13  3.26311898e-11 -1.78715602e-10 -1.26191151e-15  1.86963453e-16  8.21781268e-06 -2.12053398e-06 -2.87240549e-09  8.78758742e-10]
[ 5.95259502e-02 -3.02899698e-12 -1.39737189e-13  3.65146356e-11 -1.35506015e-10 -1.21580578e-15  1.87673051e-16  8.71101111e-06 -2.09020142e-06 -2.82759473e-09  8.81262355e-10]
[ 6.16214834e-02 -2.93253287e-12 -1.45868696e-13  3.86767278e-11 -2.33383272e-10 -1.26194332e-15  1.87612118e-16  8.06554386e-06 -2.02714250e-06 -3.02627615e-09  8.75432436e-10]
Selected: [2 7]
***************
***CROSSOVER***
***************
parents:
2368[ 6.10734002e-02 -3.21221816e-12 -1.38639721e-13  3.78057595e-11 -1.88459967e-10 -1.25389712e-15  1.86405049e-16  8.20724151e-06 -2.12794355e-06 -2.83747017e-09  8.76106919e-10]
2369[ 6.12247292e-02 -2.98784855e-12 -1.34851640e-13  3.77617650e-11 -1.44216944e-10 -1.56631447e-15  1.85445456e-16  8.11039472e-06 -2.27596150e-06 -3.45960531e-09  9.01314291e-10]
children:
[ 6.11946497e-02 -3.08370759e-12 -2.31246809e-13  3.77974701e-11 -1.74420520e-10 -1.55674673e-15  2.64602614e-16  7.14076186e-06 -2.19918250e-06 -3.19340260e-09  9.01996267e-10]
[ 6.12236084e-02 -3.13914483e-12 -1.37830114e-13  3.77916276e-11 -1.88077250e-10 -1.48544224e-15  1.85890472e-16  8.27171184e-06 -2.15020621e-06 -3.89418581e-09  8.85860403e-10]
[ 6.54311987e-02 -3.01871033e-12 -2.14859327e-13  3.86593989e-11 -1.67237720e-10 -1.50621908e-15  1.86352138e-16  8.19612928e-06 -2.16954014e-06 -3.51697805e-09  9.01804590e-10]
@@@@@@@@@@@@@@@@@@@@@@@@@
@@@merging population@@@@
@@@@@@@@@@@@@@@@@@@@@@@@@
Population scores:
2366:[5.21404888e+11 5.28024564e+11]:[ 6.32623756e-02 -2.25666928e-12 -8.58807648e-14  1.90998359e-11 -2.27433826e-10 -1.86356937e-15  1.83839521e-16  9.16943853e-06 -1.98951599e-06 -4.03941491e-09  8.19159038e-10]:11.722654126257497
2382:[3.00318788e+11 5.68926221e+11]:[ 6.54311987e-02 -3.01871033e-12 -2.14859327e-13  3.86593989e-11 -1.67237720e-10 -1.50621908e-15  1.86352138e-16  8.19612928e-06 -2.16954014e-06 -3.51697805e-09  9.01804590e-10]:11.755055950563227
2367:[5.33581208e+11 5.70440524e+11]:[ 6.05030942e-02 -2.23387226e-12 -1.61751749e-13  1.96861879e-11 -1.86473238e-10 -1.78540466e-15  1.90260163e-16  8.42267584e-06 -2.02403431e-06 -3.30144117e-09  8.24008710e-10]:11.756210370419337
2368:[2.74724642e+11 6.13082412e+11]:[ 6.10734002e-02 -3.21221816e-12 -1.38639721e-13  3.78057595e-11 -1.88459967e-10 -1.25389712e-15  1.86405049e-16  8.20724151e-06 -2.12794355e-06 -2.83747017e-09  8.76106919e-10]:11.787518857243587
2222:[5.40823073e+11 6.60526587e+11]:[ 5.97837294e-02 -2.66764923e-12 -1.66794354e-13  2.80361713e-11 -1.94273598e-10 -1.70895168e-15  1.92819890e-16  8.24203066e-06 -2.13560292e-06 -3.10245663e-09  8.69421854e-10]:11.81989030286022
2377:[2.74305613e+11 7.02916171e+11]:[ 6.11557969e-02 -3.05026522e-12 -1.48320786e-13  3.26311898e-11 -1.78715602e-10 -1.26191151e-15  1.86963453e-16  8.21781268e-06 -2.12053398e-06 -2.87240549e-09  8.78758742e-10]:11.84690353470218
2379:[5.31234316e+11 7.84652075e+11]:[ 6.12236084e-02 -3.13914483e-12 -1.37830114e-13  3.77916276e-11 -1.88077250e-10 -1.48544224e-15  1.85890472e-16  8.27171184e-06 -2.15020621e-06 -3.89418581e-09  8.85860403e-10]:11.894677127402904
2378:[6.12445359e+11 9.22597929e+11]:[ 6.11946497e-02 -3.08370759e-12 -2.31246809e-13  3.77974701e-11 -1.74420520e-10 -1.55674673e-15  2.64602614e-16  7.14076186e-06 -2.19918250e-06 -3.19340260e-09  9.01996267e-10]:11.965012475512543
2383:[7.37862308e+11 1.02828610e+12]:[ 6.70359458e-02 -2.87130849e-12 -8.29053042e-14  1.85445370e-11 -1.39660962e-10 -7.53639192e-16  1.14873893e-16  8.86091134e-06 -2.21791297e-06 -2.74364225e-09  8.71264137e-10]:12.012113963363
2374:[3.47333441e+11 1.09555840e+12]:[ 6.37298992e-02 -2.98077199e-12 -1.47493026e-13  3.30556802e-11 -1.89026943e-10 -1.27366557e-15  1.88522584e-16  8.06968511e-06 -2.09003886e-06 -3.08943998e-09  8.83827165e-10]:12.039635533577794
2375:[9.53619550e+11 1.28886709e+12]:[ 6.78474696e-02 -3.58384241e-12 -9.77008156e-14  3.28126870e-11 -1.94623484e-10 -1.51043373e-15  9.61897922e-17  7.20113081e-06 -2.22764206e-06 -2.42389238e-09  8.88104184e-10]:12.110208134034314
2372:[3.42147705e+11 1.46377202e+12]:[ 6.14521903e-02 -2.52458993e-12 -8.25245271e-14  1.82322908e-11 -2.00891774e-10 -1.78875365e-15  1.92855675e-16  8.85592081e-06 -1.96341301e-06 -3.35351858e-09  8.48101966e-10]:12.165473440073113
2376:[5.76663155e+11 1.58600023e+12]:[ 5.95259502e-02 -3.02899698e-12 -1.39737189e-13  3.65146356e-11 -1.35506015e-10 -1.21580578e-15  1.87673051e-16  8.71101111e-06 -2.09020142e-06 -2.82759473e-09  8.81262355e-10]:12.200303244914366
2380:[7.86730743e+11 2.28139078e+12]:[ 6.16214834e-02 -2.93253287e-12 -1.45868696e-13  3.86767278e-11 -2.33383272e-10 -1.26194332e-15  1.87612118e-16  8.06554386e-06 -2.02714250e-06 -3.02627615e-09  8.75432436e-10]:12.358199682727944
2369:[1.91894294e+12 2.77194062e+12]:[ 6.12247292e-02 -2.98784855e-12 -1.34851640e-13  3.77617650e-11 -1.44216944e-10 -1.56631447e-15  1.85445456e-16  8.11039472e-06 -2.27596150e-06 -3.45960531e-09  9.01314291e-10]:12.442783922722997
2381:[2.18940126e+12 2.78500446e+12]:[ 6.16361277e-02 -2.96390857e-12 -9.72265687e-14  1.72618585e-11 -1.96861862e-10 -1.72300262e-15  9.07808391e-17  9.31392526e-06 -2.23363696e-06 -2.80589313e-09  8.59640657e-10]:12.444825894962188
2359:[2.12702600e+12 3.18254301e+12]:[ 6.27171976e-02 -3.09328377e-12 -1.32157622e-13  3.75134965e-11 -1.87908957e-10 -1.13029608e-15  1.88604029e-16  8.01951381e-06 -2.36220885e-06 -2.33179273e-09  9.05554018e-10]:12.502774281915874
2384:[3.66157151e+12 5.40855470e+12]:[ 6.73944768e-02 -3.63650698e-12 -1.02879760e-13  2.76764381e-11 -2.00832399e-10 -1.64968879e-15  1.64938765e-16  8.63431403e-06 -2.22953999e-06 -3.54662887e-09  8.54246999e-10]:12.73308122672354
*******************************
***iteration: 2 Population is***
*******************************
Population scores:
2366:[5.21404888e+11 5.28024564e+11]:[ 6.32623756e-02 -2.25666928e-12 -8.58807648e-14  1.90998359e-11 -2.27433826e-10 -1.86356937e-15  1.83839521e-16  9.16943853e-06 -1.98951599e-06 -4.03941491e-09  8.19159038e-10]:11.722654126257497
2382:[3.00318788e+11 5.68926221e+11]:[ 6.54311987e-02 -3.01871033e-12 -2.14859327e-13  3.86593989e-11 -1.67237720e-10 -1.50621908e-15  1.86352138e-16  8.19612928e-06 -2.16954014e-06 -3.51697805e-09  9.01804590e-10]:11.755055950563227
2367:[5.33581208e+11 5.70440524e+11]:[ 6.05030942e-02 -2.23387226e-12 -1.61751749e-13  1.96861879e-11 -1.86473238e-10 -1.78540466e-15  1.90260163e-16  8.42267584e-06 -2.02403431e-06 -3.30144117e-09  8.24008710e-10]:11.756210370419337
2368:[2.74724642e+11 6.13082412e+11]:[ 6.10734002e-02 -3.21221816e-12 -1.38639721e-13  3.78057595e-11 -1.88459967e-10 -1.25389712e-15  1.86405049e-16  8.20724151e-06 -2.12794355e-06 -2.83747017e-09  8.76106919e-10]:11.787518857243587
2222:[5.40823073e+11 6.60526587e+11]:[ 5.97837294e-02 -2.66764923e-12 -1.66794354e-13  2.80361713e-11 -1.94273598e-10 -1.70895168e-15  1.92819890e-16  8.24203066e-06 -2.13560292e-06 -3.10245663e-09  8.69421854e-10]:11.81989030286022
2377:[2.74305613e+11 7.02916171e+11]:[ 6.11557969e-02 -3.05026522e-12 -1.48320786e-13  3.26311898e-11 -1.78715602e-10 -1.26191151e-15  1.86963453e-16  8.21781268e-06 -2.12053398e-06 -2.87240549e-09  8.78758742e-10]:11.84690353470218
2379:[5.31234316e+11 7.84652075e+11]:[ 6.12236084e-02 -3.13914483e-12 -1.37830114e-13  3.77916276e-11 -1.88077250e-10 -1.48544224e-15  1.85890472e-16  8.27171184e-06 -2.15020621e-06 -3.89418581e-09  8.85860403e-10]:11.894677127402904
2378:[6.12445359e+11 9.22597929e+11]:[ 6.11946497e-02 -3.08370759e-12 -2.31246809e-13  3.77974701e-11 -1.74420520e-10 -1.55674673e-15  2.64602614e-16  7.14076186e-06 -2.19918250e-06 -3.19340260e-09  9.01996267e-10]:11.965012475512543
2383:[7.37862308e+11 1.02828610e+12]:[ 6.70359458e-02 -2.87130849e-12 -8.29053042e-14  1.85445370e-11 -1.39660962e-10 -7.53639192e-16  1.14873893e-16  8.86091134e-06 -2.21791297e-06 -2.74364225e-09  8.71264137e-10]:12.012113963363
Selected: [2 0]
***************
***CROSSOVER***
***************
parents:
2367[ 6.05030942e-02 -2.23387226e-12 -1.61751749e-13  1.96861879e-11 -1.86473238e-10 -1.78540466e-15  1.90260163e-16  8.42267584e-06 -2.02403431e-06 -3.30144117e-09  8.24008710e-10]
2366[ 6.32623756e-02 -2.25666928e-12 -8.58807648e-14  1.90998359e-11 -2.27433826e-10 -1.86356937e-15  1.83839521e-16  9.16943853e-06 -1.98951599e-06 -4.03941491e-09  8.19159038e-10]
children:
[ 6.17290192e-02 -2.24481839e-12 -1.05324638e-13  2.73751730e-11 -1.90700978e-10 -1.94471911e-15  1.87447107e-16  8.47347216e-06 -1.99042734e-06 -4.08718077e-09  8.23726774e-10]
[ 6.33804924e-02 -3.15971952e-12 -1.66941478e-13  1.94911668e-11 -2.03286706e-10 -1.86523915e-15  2.43560081e-16  8.64345041e-06 -2.61617895e-06 -3.88600643e-09  8.19861016e-10]
[ 6.24869881e-02 -2.25010029e-12 -2.11699412e-13  2.59779567e-11 -2.00008655e-10 -1.75653680e-15  1.83753497e-16  8.98388562e-06 -1.26261707e-06 -3.69426397e-09  8.20918917e-10]
Selected: [6 1]
***************
***CROSSOVER***
***************
parents:
2379[ 6.12236084e-02 -3.13914483e-12 -1.37830114e-13  3.77916276e-11 -1.88077250e-10 -1.48544224e-15  1.85890472e-16  8.27171184e-06 -2.15020621e-06 -3.89418581e-09  8.85860403e-10]
2382[ 6.54311987e-02 -3.01871033e-12 -2.14859327e-13  3.86593989e-11 -1.67237720e-10 -1.50621908e-15  1.86352138e-16  8.19612928e-06 -2.16954014e-06 -3.51697805e-09  9.01804590e-10]
children:
[ 6.28616974e-02 -3.09312684e-12 -1.58153195e-13  3.81090322e-11 -1.43896044e-10 -1.48883579e-15  1.86296701e-16  8.93810845e-06 -2.14839266e-06 -3.58898257e-09  8.93496964e-10]
[ 6.29717034e-02 -3.02754565e-12 -1.78081596e-13  3.77624425e-11 -1.76688219e-10 -1.49474695e-15  1.86302488e-16  8.22495097e-06 -2.15682311e-06 -3.65237409e-09  7.93271665e-10]
[ 6.15245750e-02 -3.01280379e-12 -1.30260412e-13  3.82518387e-11 -1.78977476e-10 -1.58572578e-15  1.86148240e-16  8.26335841e-06 -1.23673599e-06 -3.81276548e-09  8.89952515e-10]
Selected: [1 4]
***************
***CROSSOVER***
***************
parents:
2382[ 6.54311987e-02 -3.01871033e-12 -2.14859327e-13  3.86593989e-11 -1.67237720e-10 -1.50621908e-15  1.86352138e-16  8.19612928e-06 -2.16954014e-06 -3.51697805e-09  9.01804590e-10]
2222[ 5.97837294e-02 -2.66764923e-12 -1.66794354e-13  2.80361713e-11 -1.94273598e-10 -1.70895168e-15  1.92819890e-16  8.24203066e-06 -2.13560292e-06 -3.10245663e-09  8.69421854e-10]
children:
[ 6.32265739e-02 -3.51030349e-12 -1.91842824e-13  3.16351174e-11 -1.86241661e-10 -1.13442988e-15  2.75384119e-16  8.23994179e-06 -2.15505762e-06 -2.69564873e-09  8.61260299e-10]
[ 6.28418160e-02 -2.87876201e-12 -1.96358445e-13  3.25637556e-11 -1.98498564e-10 -8.24084607e-16  1.86653979e-16  8.19367580e-06 -2.16614599e-06 -3.38344032e-09  9.04725531e-10]
[ 5.93357653e-02 -2.70205985e-12 -1.90713990e-13  3.70188116e-11 -8.04940496e-11 -1.70515771e-15  2.66325917e-16  8.20748498e-06 -2.17415477e-06 -3.14300107e-09  9.84089871e-10]
@@@@@@@@@@@@@@@@@@@@@@@@@
@@@merging population@@@@
@@@@@@@@@@@@@@@@@@@@@@@@@
Population scores:
2390:[2.50815063e+11 5.26744218e+11]:[ 6.28616974e-02 -3.09312684e-12 -1.58153195e-13  3.81090322e-11 -1.43896044e-10 -1.48883579e-15  1.86296701e-16  8.93810845e-06 -2.14839266e-06 -3.58898257e-09  8.93496964e-10]:11.721599776738667
2366:[5.21404888e+11 5.28024564e+11]:[ 6.32623756e-02 -2.25666928e-12 -8.58807648e-14  1.90998359e-11 -2.27433826e-10 -1.86356937e-15  1.83839521e-16  9.16943853e-06 -1.98951599e-06 -4.03941491e-09  8.19159038e-10]:11.722654126257497
2382:[3.00318788e+11 5.68926221e+11]:[ 6.54311987e-02 -3.01871033e-12 -2.14859327e-13  3.86593989e-11 -1.67237720e-10 -1.50621908e-15  1.86352138e-16  8.19612928e-06 -2.16954014e-06 -3.51697805e-09  9.01804590e-10]:11.755055950563227
2367:[5.33581208e+11 5.70440524e+11]:[ 6.05030942e-02 -2.23387226e-12 -1.61751749e-13  1.96861879e-11 -1.86473238e-10 -1.78540466e-15  1.90260163e-16  8.42267584e-06 -2.02403431e-06 -3.30144117e-09  8.24008710e-10]:11.756210370419337
2368:[2.74724642e+11 6.13082412e+11]:[ 6.10734002e-02 -3.21221816e-12 -1.38639721e-13  3.78057595e-11 -1.88459967e-10 -1.25389712e-15  1.86405049e-16  8.20724151e-06 -2.12794355e-06 -2.83747017e-09  8.76106919e-10]:11.787518857243587
2222:[5.40823073e+11 6.60526587e+11]:[ 5.97837294e-02 -2.66764923e-12 -1.66794354e-13  2.80361713e-11 -1.94273598e-10 -1.70895168e-15  1.92819890e-16  8.24203066e-06 -2.13560292e-06 -3.10245663e-09  8.69421854e-10]:11.81989030286022
2387:[6.45657506e+11 6.87436989e+11]:[ 6.17290192e-02 -2.24481839e-12 -1.05324638e-13  2.73751730e-11 -1.90700978e-10 -1.94471911e-15  1.87447107e-16  8.47347216e-06 -1.99042734e-06 -4.08718077e-09  8.23726774e-10]:11.837232896635948
2377:[2.74305613e+11 7.02916171e+11]:[ 6.11557969e-02 -3.05026522e-12 -1.48320786e-13  3.26311898e-11 -1.78715602e-10 -1.26191151e-15  1.86963453e-16  8.21781268e-06 -2.12053398e-06 -2.87240549e-09  8.78758742e-10]:11.84690353470218
2392:[5.23879189e+11 7.24590103e+11]:[ 6.32265739e-02 -3.51030349e-12 -1.91842824e-13  3.16351174e-11 -1.86241661e-10 -1.13442988e-15  2.75384119e-16  8.23994179e-06 -2.15505762e-06 -2.69564873e-09  8.61260299e-10]:11.860092397993986
2379:[5.31234316e+11 7.84652075e+11]:[ 6.12236084e-02 -3.13914483e-12 -1.37830114e-13  3.77916276e-11 -1.88077250e-10 -1.48544224e-15  1.85890472e-16  8.27171184e-06 -2.15020621e-06 -3.89418581e-09  8.85860403e-10]:11.894677127402904
2378:[6.12445359e+11 9.22597929e+11]:[ 6.11946497e-02 -3.08370759e-12 -2.31246809e-13  3.77974701e-11 -1.74420520e-10 -1.55674673e-15  2.64602614e-16  7.14076186e-06 -2.19918250e-06 -3.19340260e-09  9.01996267e-10]:11.965012475512543
2389:[4.23137841e+11 9.94670344e+11]:[ 6.28418160e-02 -2.87876201e-12 -1.96358445e-13  3.25637556e-11 -1.98498564e-10 -8.24084607e-16  1.86653979e-16  8.19367580e-06 -2.16614599e-06 -3.38344032e-09  9.04725531e-10]:11.997679169828217
2383:[7.37862308e+11 1.02828610e+12]:[ 6.70359458e-02 -2.87130849e-12 -8.29053042e-14  1.85445370e-11 -1.39660962e-10 -7.53639192e-16  1.14873893e-16  8.86091134e-06 -2.21791297e-06 -2.74364225e-09  8.71264137e-10]:12.012113963363
2385:[2.43431090e+12 6.34583954e+12]:[ 5.93357653e-02 -2.70205985e-12 -1.90713990e-13  3.70188116e-11 -8.04940496e-11 -1.70515771e-15  2.66325917e-16  8.20748498e-06 -2.17415477e-06 -3.14300107e-09  9.84089871e-10]:12.802489086367125
2391:[6.56413579e+12 1.04738640e+13]:[ 6.29717034e-02 -3.02754565e-12 -1.78081596e-13  3.77624425e-11 -1.76688219e-10 -1.49474695e-15  1.86302488e-16  8.22495097e-06 -2.15682311e-06 -3.65237409e-09  7.93271665e-10]:13.020106929147477
2393:[4.07660583e+13 7.17684345e+13]:[ 6.33804924e-02 -3.15971952e-12 -1.66941478e-13  1.94911668e-11 -2.03286706e-10 -1.86523915e-15  2.43560081e-16  8.64345041e-06 -2.61617895e-06 -3.88600643e-09  8.19861016e-10]:13.855933473163802
2388:[3.78375658e+13 8.07108014e+13]:[ 6.24869881e-02 -2.25010029e-12 -2.11699412e-13  2.59779567e-11 -2.00008655e-10 -1.75653680e-15  1.83753497e-16  8.98388562e-06 -1.26261707e-06 -3.69426397e-09  8.20918917e-10]:13.906931659678477
2386:[6.02958769e+13 1.24598777e+14]:[ 6.15245750e-02 -3.01280379e-12 -1.30260412e-13  3.82518387e-11 -1.78977476e-10 -1.58572578e-15  1.86148240e-16  8.26335841e-06 -1.23673599e-06 -3.81276548e-09  8.89952515e-10]:14.095513779543943
*******************************
***iteration: 3 Population is***
*******************************
Population scores:
2390:[2.50815063e+11 5.26744218e+11]:[ 6.28616974e-02 -3.09312684e-12 -1.58153195e-13  3.81090322e-11 -1.43896044e-10 -1.48883579e-15  1.86296701e-16  8.93810845e-06 -2.14839266e-06 -3.58898257e-09  8.93496964e-10]:11.721599776738667
2366:[5.21404888e+11 5.28024564e+11]:[ 6.32623756e-02 -2.25666928e-12 -8.58807648e-14  1.90998359e-11 -2.27433826e-10 -1.86356937e-15  1.83839521e-16  9.16943853e-06 -1.98951599e-06 -4.03941491e-09  8.19159038e-10]:11.722654126257497
2382:[3.00318788e+11 5.68926221e+11]:[ 6.54311987e-02 -3.01871033e-12 -2.14859327e-13  3.86593989e-11 -1.67237720e-10 -1.50621908e-15  1.86352138e-16  8.19612928e-06 -2.16954014e-06 -3.51697805e-09  9.01804590e-10]:11.755055950563227
2367:[5.33581208e+11 5.70440524e+11]:[ 6.05030942e-02 -2.23387226e-12 -1.61751749e-13  1.96861879e-11 -1.86473238e-10 -1.78540466e-15  1.90260163e-16  8.42267584e-06 -2.02403431e-06 -3.30144117e-09  8.24008710e-10]:11.756210370419337
2368:[2.74724642e+11 6.13082412e+11]:[ 6.10734002e-02 -3.21221816e-12 -1.38639721e-13  3.78057595e-11 -1.88459967e-10 -1.25389712e-15  1.86405049e-16  8.20724151e-06 -2.12794355e-06 -2.83747017e-09  8.76106919e-10]:11.787518857243587
2222:[5.40823073e+11 6.60526587e+11]:[ 5.97837294e-02 -2.66764923e-12 -1.66794354e-13  2.80361713e-11 -1.94273598e-10 -1.70895168e-15  1.92819890e-16  8.24203066e-06 -2.13560292e-06 -3.10245663e-09  8.69421854e-10]:11.81989030286022
2387:[6.45657506e+11 6.87436989e+11]:[ 6.17290192e-02 -2.24481839e-12 -1.05324638e-13  2.73751730e-11 -1.90700978e-10 -1.94471911e-15  1.87447107e-16  8.47347216e-06 -1.99042734e-06 -4.08718077e-09  8.23726774e-10]:11.837232896635948
2377:[2.74305613e+11 7.02916171e+11]:[ 6.11557969e-02 -3.05026522e-12 -1.48320786e-13  3.26311898e-11 -1.78715602e-10 -1.26191151e-15  1.86963453e-16  8.21781268e-06 -2.12053398e-06 -2.87240549e-09  8.78758742e-10]:11.84690353470218
2392:[5.23879189e+11 7.24590103e+11]:[ 6.32265739e-02 -3.51030349e-12 -1.91842824e-13  3.16351174e-11 -1.86241661e-10 -1.13442988e-15  2.75384119e-16  8.23994179e-06 -2.15505762e-06 -2.69564873e-09  8.61260299e-10]:11.860092397993986
Selected: [8 4]
***************
***CROSSOVER***
***************
parents:
2392[ 6.32265739e-02 -3.51030349e-12 -1.91842824e-13  3.16351174e-11 -1.86241661e-10 -1.13442988e-15  2.75384119e-16  8.23994179e-06 -2.15505762e-06 -2.69564873e-09  8.61260299e-10]
2368[ 6.10734002e-02 -3.21221816e-12 -1.38639721e-13  3.78057595e-11 -1.88459967e-10 -1.25389712e-15  1.86405049e-16  8.20724151e-06 -2.12794355e-06 -2.83747017e-09  8.76106919e-10]
children:
[ 6.14686996e-02 -3.49803659e-12 -1.38099206e-13  4.10762440e-11 -1.48963142e-10 -1.12785936e-15  2.06455762e-16  8.23550469e-06 -2.13527841e-06 -2.66559048e-09  8.68146571e-10]
[ 5.85216847e-02 -3.22580715e-12 -1.57522977e-13  3.65832774e-11 -1.87916923e-10 -5.52987949e-16  1.00911619e-16  8.23587017e-06 -2.23629155e-06 -2.70808254e-09  9.15628570e-10]
[ 6.40962420e-02 -3.48599429e-12 -1.67257562e-13  2.72649731e-11 -1.87576616e-10 -1.10344423e-15  1.88307657e-16  8.22053939e-06 -2.13909339e-06 -2.84022477e-09  8.59857853e-10]
Selected: [2 2]
***************
***CROSSOVER***
***************
parents:
2382[ 6.54311987e-02 -3.01871033e-12 -2.14859327e-13  3.86593989e-11 -1.67237720e-10 -1.50621908e-15  1.86352138e-16  8.19612928e-06 -2.16954014e-06 -3.51697805e-09  9.01804590e-10]
2382[ 6.54311987e-02 -3.01871033e-12 -2.14859327e-13  3.86593989e-11 -1.67237720e-10 -1.50621908e-15  1.86352138e-16  8.19612928e-06 -2.16954014e-06 -3.51697805e-09  9.01804590e-10]
children:
[ 6.54311987e-02 -3.66883494e-12 -2.05393887e-13  4.68364046e-11 -1.60826083e-10 -1.50621908e-15  1.86941977e-16  7.68002003e-06 -2.77322076e-06 -4.50141319e-09  9.01077918e-10]
[ 6.63836088e-02 -3.01871033e-12 -2.23215414e-13  3.86593989e-11 -1.67237720e-10 -1.50621908e-15  1.47363048e-16  8.20203975e-06 -2.88843331e-06 -3.48158431e-09  9.01804590e-10]
[ 6.50089771e-02 -2.99136010e-12 -2.10420655e-13  3.33868547e-11 -1.67237720e-10 -1.50621908e-15  2.39774212e-16  8.51473222e-06 -2.16954014e-06 -3.42943272e-09  9.09570428e-10]
Selected: [2 6]
***************
***CROSSOVER***
***************
parents:
2382[ 6.54311987e-02 -3.01871033e-12 -2.14859327e-13  3.86593989e-11 -1.67237720e-10 -1.50621908e-15  1.86352138e-16  8.19612928e-06 -2.16954014e-06 -3.51697805e-09  9.01804590e-10]
2387[ 6.17290192e-02 -2.24481839e-12 -1.05324638e-13  2.73751730e-11 -1.90700978e-10 -1.94471911e-15  1.87447107e-16  8.47347216e-06 -1.99042734e-06 -4.08718077e-09  8.23726774e-10]
children:
[ 6.09133660e-02 -2.45839608e-12 -1.54782592e-13  3.18337213e-11 -1.77045198e-10 -1.52366041e-15  8.76974559e-17  8.33898699e-06 -2.12381800e-06 -3.70157797e-09  8.41458703e-10]
[ 6.22573922e-02 -1.95133383e-12 -2.26577285e-13  2.71544609e-11 -1.65969694e-10 -1.61806447e-15  2.36887917e-16  8.21649392e-06 -2.00243766e-06 -4.09187782e-09  8.26854109e-10]
[ 6.27743504e-02 -2.40591455e-12 -1.47646245e-13  2.96373306e-11 -2.10233590e-10 -2.96034231e-15  1.86279583e-16  8.37170962e-06 -2.04030222e-06 -2.86298274e-09  8.08430667e-10]
@@@@@@@@@@@@@@@@@@@@@@@@@
@@@merging population@@@@
@@@@@@@@@@@@@@@@@@@@@@@@@
Population scores:
2390:[2.50815063e+11 5.26744218e+11]:[ 6.28616974e-02 -3.09312684e-12 -1.58153195e-13  3.81090322e-11 -1.43896044e-10 -1.48883579e-15  1.86296701e-16  8.93810845e-06 -2.14839266e-06 -3.58898257e-09  8.93496964e-10]:11.721599776738667
2366:[5.21404888e+11 5.28024564e+11]:[ 6.32623756e-02 -2.25666928e-12 -8.58807648e-14  1.90998359e-11 -2.27433826e-10 -1.86356937e-15  1.83839521e-16  9.16943853e-06 -1.98951599e-06 -4.03941491e-09  8.19159038e-10]:11.722654126257497
2382:[3.00318788e+11 5.68926221e+11]:[ 6.54311987e-02 -3.01871033e-12 -2.14859327e-13  3.86593989e-11 -1.67237720e-10 -1.50621908e-15  1.86352138e-16  8.19612928e-06 -2.16954014e-06 -3.51697805e-09  9.01804590e-10]:11.755055950563227
2367:[5.33581208e+11 5.70440524e+11]:[ 6.05030942e-02 -2.23387226e-12 -1.61751749e-13  1.96861879e-11 -1.86473238e-10 -1.78540466e-15  1.90260163e-16  8.42267584e-06 -2.02403431e-06 -3.30144117e-09  8.24008710e-10]:11.756210370419337
2396:[3.25053696e+11 5.88542494e+11]:[ 6.14686996e-02 -3.49803659e-12 -1.38099206e-13  4.10762440e-11 -1.48963142e-10 -1.12785936e-15  2.06455762e-16  8.23550469e-06 -2.13527841e-06 -2.66559048e-09  8.68146571e-10]:11.769777825284022
2368:[2.74724642e+11 6.13082412e+11]:[ 6.10734002e-02 -3.21221816e-12 -1.38639721e-13  3.78057595e-11 -1.88459967e-10 -1.25389712e-15  1.86405049e-16  8.20724151e-06 -2.12794355e-06 -2.83747017e-09  8.76106919e-10]:11.787518857243587
2400:[2.37866608e+11 6.40386008e+11]:[ 6.50089771e-02 -2.99136010e-12 -2.10420655e-13  3.33868547e-11 -1.67237720e-10 -1.50621908e-15  2.39774212e-16  8.51473222e-06 -2.16954014e-06 -3.42943272e-09  9.09570428e-10]:11.8064418342786
2222:[5.40823073e+11 6.60526587e+11]:[ 5.97837294e-02 -2.66764923e-12 -1.66794354e-13  2.80361713e-11 -1.94273598e-10 -1.70895168e-15  1.92819890e-16  8.24203066e-06 -2.13560292e-06 -3.10245663e-09  8.69421854e-10]:11.81989030286022
2399:[4.52632512e+11 6.62939132e+11]:[ 6.40962420e-02 -3.48599429e-12 -1.67257562e-13  2.72649731e-11 -1.87576616e-10 -1.10344423e-15  1.88307657e-16  8.22053939e-06 -2.13909339e-06 -2.84022477e-09  8.59857853e-10]:11.821473655203752
2397:[5.37778703e+11 6.79426798e+11]:[ 6.22573922e-02 -1.95133383e-12 -2.26577285e-13  2.71544609e-11 -1.65969694e-10 -1.61806447e-15  2.36887917e-16  8.21649392e-06 -2.00243766e-06 -4.09187782e-09  8.26854109e-10]:11.832142672629741
2387:[6.45657506e+11 6.87436989e+11]:[ 6.17290192e-02 -2.24481839e-12 -1.05324638e-13  2.73751730e-11 -1.90700978e-10 -1.94471911e-15  1.87447107e-16  8.47347216e-06 -1.99042734e-06 -4.08718077e-09  8.23726774e-10]:11.837232896635948
2377:[2.74305613e+11 7.02916171e+11]:[ 6.11557969e-02 -3.05026522e-12 -1.48320786e-13  3.26311898e-11 -1.78715602e-10 -1.26191151e-15  1.86963453e-16  8.21781268e-06 -2.12053398e-06 -2.87240549e-09  8.78758742e-10]:11.84690353470218
2392:[5.23879189e+11 7.24590103e+11]:[ 6.32265739e-02 -3.51030349e-12 -1.91842824e-13  3.16351174e-11 -1.86241661e-10 -1.13442988e-15  2.75384119e-16  8.23994179e-06 -2.15505762e-06 -2.69564873e-09  8.61260299e-10]:11.860092397993986
2394:[6.36210279e+11 1.17558006e+12]:[ 5.85216847e-02 -3.22580715e-12 -1.57522977e-13  3.65832774e-11 -1.87916923e-10 -5.52987949e-16  1.00911619e-16  8.23587017e-06 -2.23629155e-06 -2.70808254e-09  9.15628570e-10]:12.070252211749409
2395:[1.65372159e+12 2.29149384e+12]:[ 6.09133660e-02 -2.45839608e-12 -1.54782592e-13  3.18337213e-11 -1.77045198e-10 -1.52366041e-15  8.76974559e-17  8.33898699e-06 -2.12381800e-06 -3.70157797e-09  8.41458703e-10]:12.360118694502065
2398:[2.66433656e+12 2.65721716e+12]:[ 6.27743504e-02 -2.40591455e-12 -1.47646245e-13  2.96373306e-11 -2.10233590e-10 -2.96034231e-15  1.86279583e-16  8.37170962e-06 -2.04030222e-06 -2.86298274e-09  8.08430667e-10]:12.424427047646654
2401:[4.01431078e+13 7.28869134e+13]:[ 6.54311987e-02 -3.66883494e-12 -2.05393887e-13  4.68364046e-11 -1.60826083e-10 -1.50621908e-15  1.86941977e-16  7.68002003e-06 -2.77322076e-06 -4.50141319e-09  9.01077918e-10]:13.862649559046949
2402:[4.68585972e+13 8.49285191e+13]:[ 6.63836088e-02 -3.01871033e-12 -2.23215414e-13  3.86593989e-11 -1.67237720e-10 -1.50621908e-15  1.47363048e-16  8.20203975e-06 -2.88843331e-06 -3.48158431e-09  9.01804590e-10]:13.929053551400171
*******************************
***iteration: 4 Population is***
*******************************
Population scores:
2390:[2.50815063e+11 5.26744218e+11]:[ 6.28616974e-02 -3.09312684e-12 -1.58153195e-13  3.81090322e-11 -1.43896044e-10 -1.48883579e-15  1.86296701e-16  8.93810845e-06 -2.14839266e-06 -3.58898257e-09  8.93496964e-10]:11.721599776738667
2366:[5.21404888e+11 5.28024564e+11]:[ 6.32623756e-02 -2.25666928e-12 -8.58807648e-14  1.90998359e-11 -2.27433826e-10 -1.86356937e-15  1.83839521e-16  9.16943853e-06 -1.98951599e-06 -4.03941491e-09  8.19159038e-10]:11.722654126257497
2382:[3.00318788e+11 5.68926221e+11]:[ 6.54311987e-02 -3.01871033e-12 -2.14859327e-13  3.86593989e-11 -1.67237720e-10 -1.50621908e-15  1.86352138e-16  8.19612928e-06 -2.16954014e-06 -3.51697805e-09  9.01804590e-10]:11.755055950563227
2367:[5.33581208e+11 5.70440524e+11]:[ 6.05030942e-02 -2.23387226e-12 -1.61751749e-13  1.96861879e-11 -1.86473238e-10 -1.78540466e-15  1.90260163e-16  8.42267584e-06 -2.02403431e-06 -3.30144117e-09  8.24008710e-10]:11.756210370419337
2396:[3.25053696e+11 5.88542494e+11]:[ 6.14686996e-02 -3.49803659e-12 -1.38099206e-13  4.10762440e-11 -1.48963142e-10 -1.12785936e-15  2.06455762e-16  8.23550469e-06 -2.13527841e-06 -2.66559048e-09  8.68146571e-10]:11.769777825284022
2368:[2.74724642e+11 6.13082412e+11]:[ 6.10734002e-02 -3.21221816e-12 -1.38639721e-13  3.78057595e-11 -1.88459967e-10 -1.25389712e-15  1.86405049e-16  8.20724151e-06 -2.12794355e-06 -2.83747017e-09  8.76106919e-10]:11.787518857243587
2400:[2.37866608e+11 6.40386008e+11]:[ 6.50089771e-02 -2.99136010e-12 -2.10420655e-13  3.33868547e-11 -1.67237720e-10 -1.50621908e-15  2.39774212e-16  8.51473222e-06 -2.16954014e-06 -3.42943272e-09  9.09570428e-10]:11.8064418342786
2222:[5.40823073e+11 6.60526587e+11]:[ 5.97837294e-02 -2.66764923e-12 -1.66794354e-13  2.80361713e-11 -1.94273598e-10 -1.70895168e-15  1.92819890e-16  8.24203066e-06 -2.13560292e-06 -3.10245663e-09  8.69421854e-10]:11.81989030286022
2399:[4.52632512e+11 6.62939132e+11]:[ 6.40962420e-02 -3.48599429e-12 -1.67257562e-13  2.72649731e-11 -1.87576616e-10 -1.10344423e-15  1.88307657e-16  8.22053939e-06 -2.13909339e-06 -2.84022477e-09  8.59857853e-10]:11.821473655203752
Selected: [4 6]
***************
***CROSSOVER***
***************
parents:
2396[ 6.14686996e-02 -3.49803659e-12 -1.38099206e-13  4.10762440e-11 -1.48963142e-10 -1.12785936e-15  2.06455762e-16  8.23550469e-06 -2.13527841e-06 -2.66559048e-09  8.68146571e-10]
2400[ 6.50089771e-02 -2.99136010e-12 -2.10420655e-13  3.33868547e-11 -1.67237720e-10 -1.50621908e-15  2.39774212e-16  8.51473222e-06 -2.16954014e-06 -3.42943272e-09  9.09570428e-10]
children:
[ 7.00777649e-02 -2.94226118e-12 -2.05433246e-13  3.36486473e-11 -1.53161555e-10 -1.50118262e-15  2.26412806e-16  8.42963150e-06 -2.14325151e-06 -3.41130976e-09  8.92470865e-10]
[ 6.22441509e-02 -3.04725102e-12 -1.92098633e-13  3.67108747e-11 -1.66427589e-10 -1.12074926e-15  1.33028640e-16  8.14729669e-06 -2.13334516e-06 -3.40670651e-09  8.67427610e-10]
[ 6.34063518e-02 -3.05674626e-12 -1.25227983e-13  3.25844445e-11 -1.50825966e-10 -1.45300267e-15  2.10424456e-16  8.52840183e-06 -1.44563702e-06 -2.97182127e-09  9.14617803e-10]
Selected: [6 7]
***************
***CROSSOVER***
***************
parents:
2400[ 6.50089771e-02 -2.99136010e-12 -2.10420655e-13  3.33868547e-11 -1.67237720e-10 -1.50621908e-15  2.39774212e-16  8.51473222e-06 -2.16954014e-06 -3.42943272e-09  9.09570428e-10]
2222[ 5.97837294e-02 -2.66764923e-12 -1.66794354e-13  2.80361713e-11 -1.94273598e-10 -1.70895168e-15  1.92819890e-16  8.24203066e-06 -2.13560292e-06 -3.10245663e-09  8.69421854e-10]
children:
[ 6.48597997e-02 -2.93874544e-12 -1.83750780e-13  3.29689992e-11 -1.69252669e-10 -1.57200959e-15  1.92821855e-16  8.40668370e-06 -2.22540386e-06 -3.14765057e-09  8.96000325e-10]
[ 6.79726018e-02 -2.93809660e-12 -1.76730704e-13  2.83487529e-11 -1.84336942e-10 -1.57777600e-15  2.01941324e-16  9.19600168e-06 -2.44785615e-06 -3.10647291e-09  8.92909091e-10]
[ 7.15882057e-02 -2.91537288e-12 -1.76976185e-13  3.33343685e-11 -1.86126257e-10 -1.54833911e-15  1.07108528e-16  8.52078377e-06 -2.71488261e-06 -3.09294605e-09  8.99626731e-10]
Selected: [5 6]
***************
***CROSSOVER***
***************
parents:
2368[ 6.10734002e-02 -3.21221816e-12 -1.38639721e-13  3.78057595e-11 -1.88459967e-10 -1.25389712e-15  1.86405049e-16  8.20724151e-06 -2.12794355e-06 -2.83747017e-09  8.76106919e-10]
2400[ 6.50089771e-02 -2.99136010e-12 -2.10420655e-13  3.33868547e-11 -1.67237720e-10 -1.50621908e-15  2.39774212e-16  8.51473222e-06 -2.16954014e-06 -3.42943272e-09  9.09570428e-10]
children:
[ 6.31854508e-02 -3.93759258e-12 -1.42439267e-13  3.57428222e-11 -1.65188739e-10 -1.34942296e-15  2.44082207e-16  8.14935532e-06 -2.15496238e-06 -3.46238483e-09  9.09871670e-10]
[ 5.72597344e-02 -3.12184297e-12 -1.44992844e-13  3.73300636e-11 -1.89978808e-10 -1.33855746e-15  2.14151254e-16  8.56655996e-06 -2.16670057e-06 -3.42483179e-09  9.10354477e-10]
[ 6.15356014e-02 -3.29180120e-12 -1.61777848e-13  3.53481043e-11 -1.82456302e-10 -7.17754539e-16  2.01633603e-16  8.37721347e-06 -2.12623306e-06 -3.41516801e-09  8.66564667e-10]
@@@@@@@@@@@@@@@@@@@@@@@@@
@@@merging population@@@@
@@@@@@@@@@@@@@@@@@@@@@@@@
Population scores:
2390:[2.50815063e+11 5.26744218e+11]:[ 6.28616974e-02 -3.09312684e-12 -1.58153195e-13  3.81090322e-11 -1.43896044e-10 -1.48883579e-15  1.86296701e-16  8.93810845e-06 -2.14839266e-06 -3.58898257e-09  8.93496964e-10]:11.721599776738667
2366:[5.21404888e+11 5.28024564e+11]:[ 6.32623756e-02 -2.25666928e-12 -8.58807648e-14  1.90998359e-11 -2.27433826e-10 -1.86356937e-15  1.83839521e-16  9.16943853e-06 -1.98951599e-06 -4.03941491e-09  8.19159038e-10]:11.722654126257497
2410:[2.40525520e+11 5.35623051e+11]:[ 7.00777649e-02 -2.94226118e-12 -2.05433246e-13  3.36486473e-11 -1.53161555e-10 -1.50118262e-15  2.26412806e-16  8.42963150e-06 -2.14325151e-06 -3.41130976e-09  8.92470865e-10]:11.728859258845127
2382:[3.00318788e+11 5.68926221e+11]:[ 6.54311987e-02 -3.01871033e-12 -2.14859327e-13  3.86593989e-11 -1.67237720e-10 -1.50621908e-15  1.86352138e-16  8.19612928e-06 -2.16954014e-06 -3.51697805e-09  9.01804590e-10]:11.755055950563227
2367:[5.33581208e+11 5.70440524e+11]:[ 6.05030942e-02 -2.23387226e-12 -1.61751749e-13  1.96861879e-11 -1.86473238e-10 -1.78540466e-15  1.90260163e-16  8.42267584e-06 -2.02403431e-06 -3.30144117e-09  8.24008710e-10]:11.756210370419337
2396:[3.25053696e+11 5.88542494e+11]:[ 6.14686996e-02 -3.49803659e-12 -1.38099206e-13  4.10762440e-11 -1.48963142e-10 -1.12785936e-15  2.06455762e-16  8.23550469e-06 -2.13527841e-06 -2.66559048e-09  8.68146571e-10]:11.769777825284022
2368:[2.74724642e+11 6.13082412e+11]:[ 6.10734002e-02 -3.21221816e-12 -1.38639721e-13  3.78057595e-11 -1.88459967e-10 -1.25389712e-15  1.86405049e-16  8.20724151e-06 -2.12794355e-06 -2.83747017e-09  8.76106919e-10]:11.787518857243587
2400:[2.37866608e+11 6.40386008e+11]:[ 6.50089771e-02 -2.99136010e-12 -2.10420655e-13  3.33868547e-11 -1.67237720e-10 -1.50621908e-15  2.39774212e-16  8.51473222e-06 -2.16954014e-06 -3.42943272e-09  9.09570428e-10]:11.8064418342786
2222:[5.40823073e+11 6.60526587e+11]:[ 5.97837294e-02 -2.66764923e-12 -1.66794354e-13  2.80361713e-11 -1.94273598e-10 -1.70895168e-15  1.92819890e-16  8.24203066e-06 -2.13560292e-06 -3.10245663e-09  8.69421854e-10]:11.81989030286022
2399:[4.52632512e+11 6.62939132e+11]:[ 6.40962420e-02 -3.48599429e-12 -1.67257562e-13  2.72649731e-11 -1.87576616e-10 -1.10344423e-15  1.88307657e-16  8.22053939e-06 -2.13909339e-06 -2.84022477e-09  8.59857853e-10]:11.821473655203752
2404:[3.67845852e+11 6.84856111e+11]:[ 6.15356014e-02 -3.29180120e-12 -1.61777848e-13  3.53481043e-11 -1.82456302e-10 -7.17754539e-16  2.01633603e-16  8.37721347e-06 -2.12623306e-06 -3.41516801e-09  8.66564667e-10]:11.835599335491766
2405:[4.52791202e+11 7.19832556e+11]:[ 6.22441509e-02 -3.04725102e-12 -1.92098633e-13  3.67108747e-11 -1.66427589e-10 -1.12074926e-15  1.33028640e-16  8.14729669e-06 -2.13334516e-06 -3.40670651e-09  8.67427610e-10]:11.857231484457868
2406:[2.56731737e+11 7.95565212e+11]:[ 6.31854508e-02 -3.93759258e-12 -1.42439267e-13  3.57428222e-11 -1.65188739e-10 -1.34942296e-15  2.44082207e-16  8.14935532e-06 -2.15496238e-06 -3.46238483e-09  9.09871670e-10]:11.900675784544683
2403:[2.81331871e+11 7.97275137e+11]:[ 5.72597344e-02 -3.12184297e-12 -1.44992844e-13  3.73300636e-11 -1.89978808e-10 -1.33855746e-15  2.14151254e-16  8.56655996e-06 -2.16670057e-06 -3.42483179e-09  9.10354477e-10]:11.901608220711777
2408:[8.37872009e+11 1.08506940e+12]:[ 6.48597997e-02 -2.93874544e-12 -1.83750780e-13  3.29689992e-11 -1.69252669e-10 -1.57200959e-15  1.92821855e-16  8.40668370e-06 -2.22540386e-06 -3.14765057e-09  8.96000325e-10]:12.035457516978234
2409:[7.63168212e+12 1.21947137e+13]:[ 6.79726018e-02 -2.93809660e-12 -1.76730704e-13  2.83487529e-11 -1.84336942e-10 -1.57777600e-15  2.01941324e-16  9.19600168e-06 -2.44785615e-06 -3.10647291e-09  8.92909091e-10]:13.086171607319985
2411:[2.62449425e+13 4.61796546e+13]:[ 7.15882057e-02 -2.91537288e-12 -1.76976185e-13  3.33343685e-11 -1.86126257e-10 -1.54833911e-15  1.07108528e-16  8.52078377e-06 -2.71488261e-06 -3.09294605e-09  8.99626731e-10]:13.664450680702652
2407:[4.73140215e+13 9.80205400e+13]:[ 6.34063518e-02 -3.05674626e-12 -1.25227983e-13  3.25844445e-11 -1.50825966e-10 -1.45300267e-15  2.10424456e-16  8.52840183e-06 -1.44563702e-06 -2.97182127e-09  9.14617803e-10]:13.991317090952077
*******************************
***iteration: 5 Population is***
*******************************
Population scores:
2390:[2.50815063e+11 5.26744218e+11]:[ 6.28616974e-02 -3.09312684e-12 -1.58153195e-13  3.81090322e-11 -1.43896044e-10 -1.48883579e-15  1.86296701e-16  8.93810845e-06 -2.14839266e-06 -3.58898257e-09  8.93496964e-10]:11.721599776738667
2366:[5.21404888e+11 5.28024564e+11]:[ 6.32623756e-02 -2.25666928e-12 -8.58807648e-14  1.90998359e-11 -2.27433826e-10 -1.86356937e-15  1.83839521e-16  9.16943853e-06 -1.98951599e-06 -4.03941491e-09  8.19159038e-10]:11.722654126257497
2410:[2.40525520e+11 5.35623051e+11]:[ 7.00777649e-02 -2.94226118e-12 -2.05433246e-13  3.36486473e-11 -1.53161555e-10 -1.50118262e-15  2.26412806e-16  8.42963150e-06 -2.14325151e-06 -3.41130976e-09  8.92470865e-10]:11.728859258845127
2382:[3.00318788e+11 5.68926221e+11]:[ 6.54311987e-02 -3.01871033e-12 -2.14859327e-13  3.86593989e-11 -1.67237720e-10 -1.50621908e-15  1.86352138e-16  8.19612928e-06 -2.16954014e-06 -3.51697805e-09  9.01804590e-10]:11.755055950563227
2367:[5.33581208e+11 5.70440524e+11]:[ 6.05030942e-02 -2.23387226e-12 -1.61751749e-13  1.96861879e-11 -1.86473238e-10 -1.78540466e-15  1.90260163e-16  8.42267584e-06 -2.02403431e-06 -3.30144117e-09  8.24008710e-10]:11.756210370419337
2396:[3.25053696e+11 5.88542494e+11]:[ 6.14686996e-02 -3.49803659e-12 -1.38099206e-13  4.10762440e-11 -1.48963142e-10 -1.12785936e-15  2.06455762e-16  8.23550469e-06 -2.13527841e-06 -2.66559048e-09  8.68146571e-10]:11.769777825284022
2368:[2.74724642e+11 6.13082412e+11]:[ 6.10734002e-02 -3.21221816e-12 -1.38639721e-13  3.78057595e-11 -1.88459967e-10 -1.25389712e-15  1.86405049e-16  8.20724151e-06 -2.12794355e-06 -2.83747017e-09  8.76106919e-10]:11.787518857243587
2400:[2.37866608e+11 6.40386008e+11]:[ 6.50089771e-02 -2.99136010e-12 -2.10420655e-13  3.33868547e-11 -1.67237720e-10 -1.50621908e-15  2.39774212e-16  8.51473222e-06 -2.16954014e-06 -3.42943272e-09  9.09570428e-10]:11.8064418342786
2222:[5.40823073e+11 6.60526587e+11]:[ 5.97837294e-02 -2.66764923e-12 -1.66794354e-13  2.80361713e-11 -1.94273598e-10 -1.70895168e-15  1.92819890e-16  8.24203066e-06 -2.13560292e-06 -3.10245663e-09  8.69421854e-10]:11.81989030286022
Selected: [3 1]
***************
***CROSSOVER***
***************
parents:
2382[ 6.54311987e-02 -3.01871033e-12 -2.14859327e-13  3.86593989e-11 -1.67237720e-10 -1.50621908e-15  1.86352138e-16  8.19612928e-06 -2.16954014e-06 -3.51697805e-09  9.01804590e-10]
2366[ 6.32623756e-02 -2.25666928e-12 -8.58807648e-14  1.90998359e-11 -2.27433826e-10 -1.86356937e-15  1.83839521e-16  9.16943853e-06 -1.98951599e-06 -4.03941491e-09  8.19159038e-10]
children:
[ 6.48909864e-02 -2.71370527e-12 -1.72120668e-13  3.10710506e-11 -1.67079462e-10 -9.33680646e-16  1.92796716e-16  9.09446802e-06 -2.06746721e-06 -3.85677706e-09  7.66413088e-10]
[ 6.56035413e-02 -2.27995610e-12 -1.37038200e-13  2.37074452e-11 -2.14612752e-10 -1.91656800e-15  1.92289888e-16  9.11348630e-06 -2.17498684e-06 -3.84985538e-09  8.54739398e-10]
[ 6.37620242e-02 -2.81435721e-12 -1.80914412e-13  2.87875714e-11 -2.70792042e-10 -1.87853937e-15  1.84090743e-16  8.76621540e-06 -2.09055760e-06 -3.54510035e-09  8.23629590e-10]
Selected: [2 2]
***************
***CROSSOVER***
***************
parents:
2410[ 7.00777649e-02 -2.94226118e-12 -2.05433246e-13  3.36486473e-11 -1.53161555e-10 -1.50118262e-15  2.26412806e-16  8.42963150e-06 -2.14325151e-06 -3.41130976e-09  8.92470865e-10]
2410[ 7.00777649e-02 -2.94226118e-12 -2.05433246e-13  3.36486473e-11 -1.53161555e-10 -1.50118262e-15  2.26412806e-16  8.42963150e-06 -2.14325151e-06 -3.41130976e-09  8.92470865e-10]
children:
[ 7.00777649e-02 -2.78498095e-12 -2.05433246e-13  3.36486473e-11 -1.53161555e-10 -1.50118262e-15  2.21817807e-16  8.35543672e-06 -2.14325151e-06 -3.41130976e-09  8.92470865e-10]
[ 7.00777649e-02 -2.95453763e-12 -2.05433246e-13  3.36486473e-11 -1.53161555e-10 -1.50118262e-15  2.20926042e-16  8.42963150e-06 -2.14325151e-06 -3.41130976e-09  8.83388045e-10]
[ 6.19243316e-02 -2.94226118e-12 -2.05433246e-13  3.36486473e-11 -1.53161555e-10 -1.50118262e-15  2.26412806e-16  8.95799519e-06 -2.21035202e-06 -3.41130976e-09  8.92470865e-10]
Selected: [2 3]
***************
***CROSSOVER***
***************
parents:
2410[ 7.00777649e-02 -2.94226118e-12 -2.05433246e-13  3.36486473e-11 -1.53161555e-10 -1.50118262e-15  2.26412806e-16  8.42963150e-06 -2.14325151e-06 -3.41130976e-09  8.92470865e-10]
2382[ 6.54311987e-02 -3.01871033e-12 -2.14859327e-13  3.86593989e-11 -1.67237720e-10 -1.50621908e-15  1.86352138e-16  8.19612928e-06 -2.16954014e-06 -3.51697805e-09  9.01804590e-10]
children:
[ 7.83316410e-02 -3.05815998e-12 -2.12971902e-13  3.11526930e-11 -1.59301565e-10 -1.50421454e-15  1.41958502e-16  8.66645926e-06 -1.38383913e-06 -3.12614514e-09  9.52049686e-10]
[ 6.72695271e-02 -3.01594697e-12 -1.42912132e-13  3.56973438e-11 -1.56658467e-10 -1.45278846e-15  1.42981465e-16  8.21175922e-06 -2.14726756e-06 -3.42931376e-09  8.99879183e-10]
[ 6.77234160e-02 -2.88439575e-12 -3.08099817e-13  2.51136901e-11 -1.57798520e-10 -9.27540826e-16  2.42724749e-16  8.43503005e-06 -2.15292731e-06 -3.46300970e-09  8.97491736e-10]
@@@@@@@@@@@@@@@@@@@@@@@@@
@@@merging population@@@@
@@@@@@@@@@@@@@@@@@@@@@@@@
Population scores:
2390:[2.50815063e+11 5.26744218e+11]:[ 6.28616974e-02 -3.09312684e-12 -1.58153195e-13  3.81090322e-11 -1.43896044e-10 -1.48883579e-15  1.86296701e-16  8.93810845e-06 -2.14839266e-06 -3.58898257e-09  8.93496964e-10]:11.721599776738667
2366:[5.21404888e+11 5.28024564e+11]:[ 6.32623756e-02 -2.25666928e-12 -8.58807648e-14  1.90998359e-11 -2.27433826e-10 -1.86356937e-15  1.83839521e-16  9.16943853e-06 -1.98951599e-06 -4.03941491e-09  8.19159038e-10]:11.722654126257497
2419:[2.42586409e+11 5.34289290e+11]:[ 7.00777649e-02 -2.78498095e-12 -2.05433246e-13  3.36486473e-11 -1.53161555e-10 -1.50118262e-15  2.21817807e-16  8.35543672e-06 -2.14325151e-06 -3.41130976e-09  8.92470865e-10]:11.727776468706509
2410:[2.40525520e+11 5.35623051e+11]:[ 7.00777649e-02 -2.94226118e-12 -2.05433246e-13  3.36486473e-11 -1.53161555e-10 -1.50118262e-15  2.26412806e-16  8.42963150e-06 -2.14325151e-06 -3.41130976e-09  8.92470865e-10]:11.728859258845127
2418:[3.34848051e+11 5.39911755e+11]:[ 7.00777649e-02 -2.95453763e-12 -2.05433246e-13  3.36486473e-11 -1.53161555e-10 -1.50118262e-15  2.20926042e-16  8.42963150e-06 -2.14325151e-06 -3.41130976e-09  8.83388045e-10]:11.732322783420718
2382:[3.00318788e+11 5.68926221e+11]:[ 6.54311987e-02 -3.01871033e-12 -2.14859327e-13  3.86593989e-11 -1.67237720e-10 -1.50621908e-15  1.86352138e-16  8.19612928e-06 -2.16954014e-06 -3.51697805e-09  9.01804590e-10]:11.755055950563227
2367:[5.33581208e+11 5.70440524e+11]:[ 6.05030942e-02 -2.23387226e-12 -1.61751749e-13  1.96861879e-11 -1.86473238e-10 -1.78540466e-15  1.90260163e-16  8.42267584e-06 -2.02403431e-06 -3.30144117e-09  8.24008710e-10]:11.756210370419337
2396:[3.25053696e+11 5.88542494e+11]:[ 6.14686996e-02 -3.49803659e-12 -1.38099206e-13  4.10762440e-11 -1.48963142e-10 -1.12785936e-15  2.06455762e-16  8.23550469e-06 -2.13527841e-06 -2.66559048e-09  8.68146571e-10]:11.769777825284022
2416:[2.23908366e+11 6.06393920e+11]:[ 6.72695271e-02 -3.01594697e-12 -1.42912132e-13  3.56973438e-11 -1.56658467e-10 -1.45278846e-15  1.42981465e-16  8.21175922e-06 -2.14726756e-06 -3.42931376e-09  8.99879183e-10]:11.78275483848312
2368:[2.74724642e+11 6.13082412e+11]:[ 6.10734002e-02 -3.21221816e-12 -1.38639721e-13  3.78057595e-11 -1.88459967e-10 -1.25389712e-15  1.86405049e-16  8.20724151e-06 -2.12794355e-06 -2.83747017e-09  8.76106919e-10]:11.787518857243587
2400:[2.37866608e+11 6.40386008e+11]:[ 6.50089771e-02 -2.99136010e-12 -2.10420655e-13  3.33868547e-11 -1.67237720e-10 -1.50621908e-15  2.39774212e-16  8.51473222e-06 -2.16954014e-06 -3.42943272e-09  9.09570428e-10]:11.8064418342786
2222:[5.40823073e+11 6.60526587e+11]:[ 5.97837294e-02 -2.66764923e-12 -1.66794354e-13  2.80361713e-11 -1.94273598e-10 -1.70895168e-15  1.92819890e-16  8.24203066e-06 -2.13560292e-06 -3.10245663e-09  8.69421854e-10]:11.81989030286022
2417:[3.55302405e+11 8.52765468e+11]:[ 6.77234160e-02 -2.88439575e-12 -3.08099817e-13  2.51136901e-11 -1.57798520e-10 -9.27540826e-16  2.42724749e-16  8.43503005e-06 -2.15292731e-06 -3.46300970e-09  8.97491736e-10]:11.9308296059129
2412:[7.17013081e+11 9.21927092e+11]:[ 6.19243316e-02 -2.94226118e-12 -2.05433246e-13  3.36486473e-11 -1.53161555e-10 -1.50118262e-15  2.26412806e-16  8.95799519e-06 -2.21035202e-06 -3.41130976e-09  8.92470865e-10]:11.964696577459188
2413:[1.94791381e+12 2.43458321e+12]:[ 6.37620242e-02 -2.81435721e-12 -1.80914412e-13  2.87875714e-11 -2.70792042e-10 -1.87853937e-15  1.84090743e-16  8.76621540e-06 -2.09055760e-06 -3.54510035e-09  8.23629590e-10]:12.386424621756252
2415:[2.53095006e+12 3.35040343e+12]:[ 6.56035413e-02 -2.27995610e-12 -1.37038200e-13  2.37074452e-11 -2.14612752e-10 -1.91656800e-15  1.92289888e-16  9.11348630e-06 -2.17498684e-06 -3.84985538e-09  8.54739398e-10]:12.52509710465205
2414:[3.87906274e+12 6.27580467e+12]:[ 6.48909864e-02 -2.71370527e-12 -1.72120668e-13  3.10710506e-11 -1.67079462e-10 -9.33680646e-16  1.92796716e-16  9.09446802e-06 -2.06746721e-06 -3.85677706e-09  7.66413088e-10]:12.797669417999632
2420:[6.66840318e+13 1.36686044e+14]:[ 7.83316410e-02 -3.05815998e-12 -2.12971902e-13  3.11526930e-11 -1.59301565e-10 -1.50421454e-15  1.41958502e-16  8.66645926e-06 -1.38383913e-06 -3.12614514e-09  9.52049686e-10]:14.135724174539588
*******************************
***iteration: 6 Population is***
*******************************
Population scores:
2390:[2.50815063e+11 5.26744218e+11]:[ 6.28616974e-02 -3.09312684e-12 -1.58153195e-13  3.81090322e-11 -1.43896044e-10 -1.48883579e-15  1.86296701e-16  8.93810845e-06 -2.14839266e-06 -3.58898257e-09  8.93496964e-10]:11.721599776738667
2366:[5.21404888e+11 5.28024564e+11]:[ 6.32623756e-02 -2.25666928e-12 -8.58807648e-14  1.90998359e-11 -2.27433826e-10 -1.86356937e-15  1.83839521e-16  9.16943853e-06 -1.98951599e-06 -4.03941491e-09  8.19159038e-10]:11.722654126257497
2419:[2.42586409e+11 5.34289290e+11]:[ 7.00777649e-02 -2.78498095e-12 -2.05433246e-13  3.36486473e-11 -1.53161555e-10 -1.50118262e-15  2.21817807e-16  8.35543672e-06 -2.14325151e-06 -3.41130976e-09  8.92470865e-10]:11.727776468706509
2410:[2.40525520e+11 5.35623051e+11]:[ 7.00777649e-02 -2.94226118e-12 -2.05433246e-13  3.36486473e-11 -1.53161555e-10 -1.50118262e-15  2.26412806e-16  8.42963150e-06 -2.14325151e-06 -3.41130976e-09  8.92470865e-10]:11.728859258845127
2418:[3.34848051e+11 5.39911755e+11]:[ 7.00777649e-02 -2.95453763e-12 -2.05433246e-13  3.36486473e-11 -1.53161555e-10 -1.50118262e-15  2.20926042e-16  8.42963150e-06 -2.14325151e-06 -3.41130976e-09  8.83388045e-10]:11.732322783420718
2382:[3.00318788e+11 5.68926221e+11]:[ 6.54311987e-02 -3.01871033e-12 -2.14859327e-13  3.86593989e-11 -1.67237720e-10 -1.50621908e-15  1.86352138e-16  8.19612928e-06 -2.16954014e-06 -3.51697805e-09  9.01804590e-10]:11.755055950563227
2367:[5.33581208e+11 5.70440524e+11]:[ 6.05030942e-02 -2.23387226e-12 -1.61751749e-13  1.96861879e-11 -1.86473238e-10 -1.78540466e-15  1.90260163e-16  8.42267584e-06 -2.02403431e-06 -3.30144117e-09  8.24008710e-10]:11.756210370419337
2396:[3.25053696e+11 5.88542494e+11]:[ 6.14686996e-02 -3.49803659e-12 -1.38099206e-13  4.10762440e-11 -1.48963142e-10 -1.12785936e-15  2.06455762e-16  8.23550469e-06 -2.13527841e-06 -2.66559048e-09  8.68146571e-10]:11.769777825284022
2416:[2.23908366e+11 6.06393920e+11]:[ 6.72695271e-02 -3.01594697e-12 -1.42912132e-13  3.56973438e-11 -1.56658467e-10 -1.45278846e-15  1.42981465e-16  8.21175922e-06 -2.14726756e-06 -3.42931376e-09  8.99879183e-10]:11.78275483848312
Selected: [6 4]
***************
***CROSSOVER***
***************
parents:
2367[ 6.05030942e-02 -2.23387226e-12 -1.61751749e-13  1.96861879e-11 -1.86473238e-10 -1.78540466e-15  1.90260163e-16  8.42267584e-06 -2.02403431e-06 -3.30144117e-09  8.24008710e-10]
2418[ 7.00777649e-02 -2.95453763e-12 -2.05433246e-13  3.36486473e-11 -1.53161555e-10 -1.50118262e-15  2.20926042e-16  8.42963150e-06 -2.14325151e-06 -3.41130976e-09  8.83388045e-10]
children:
[ 6.15284465e-02 -2.42489259e-12 -1.43472373e-13  1.86921786e-11 -1.85557912e-10 -1.53350204e-15  1.90115176e-16  8.51931503e-06 -2.11651427e-06 -3.40416343e-09  8.28432654e-10]
[ 5.58164319e-02 -2.71721429e-12 -1.89647113e-13  2.76362215e-11 -1.81326028e-10 -1.69458845e-15  2.12410475e-16  8.42451616e-06 -2.12669346e-06 -3.29089191e-09  8.46083046e-10]
[ 6.28345452e-02 -2.31057481e-12 -1.71958879e-13  2.68131576e-11 -1.53040221e-10 -2.56901623e-15  2.03412150e-16  8.42491650e-06 -2.13761151e-06 -4.30585013e-09  8.19479045e-10]
Selected: [6 0]
***************
***CROSSOVER***
***************
parents:
2367[ 6.05030942e-02 -2.23387226e-12 -1.61751749e-13  1.96861879e-11 -1.86473238e-10 -1.78540466e-15  1.90260163e-16  8.42267584e-06 -2.02403431e-06 -3.30144117e-09  8.24008710e-10]
2390[ 6.28616974e-02 -3.09312684e-12 -1.58153195e-13  3.81090322e-11 -1.43896044e-10 -1.48883579e-15  1.86296701e-16  8.93810845e-06 -2.14839266e-06 -3.58898257e-09  8.93496964e-10]
children:
[ 5.32247650e-02 -2.82224479e-12 -1.54801881e-13  3.97676760e-11 -2.04989670e-10 -1.58048687e-15  1.86602495e-16  8.42060667e-06 -2.15921755e-06 -3.44407969e-09  8.89202165e-10]
[ 6.16500794e-02 -2.17663559e-12 -8.54579285e-14  2.14191707e-11 -1.68367840e-10 -1.50132949e-15  2.68146364e-16  8.78189796e-06 -2.14251121e-06 -3.45563878e-09  8.80459445e-10]
[ 6.40854270e-02 -3.12221777e-12 -1.58611258e-13  1.82793810e-11 -1.77508715e-10 -1.74261150e-15  1.86579718e-16  8.57026925e-06 -2.12741983e-06 -3.33252491e-09  8.89829280e-10]
Selected: [6 4]
***************
***CROSSOVER***
***************
parents:
2367[ 6.05030942e-02 -2.23387226e-12 -1.61751749e-13  1.96861879e-11 -1.86473238e-10 -1.78540466e-15  1.90260163e-16  8.42267584e-06 -2.02403431e-06 -3.30144117e-09  8.24008710e-10]
2418[ 7.00777649e-02 -2.95453763e-12 -2.05433246e-13  3.36486473e-11 -1.53161555e-10 -1.50118262e-15  2.20926042e-16  8.42963150e-06 -2.14325151e-06 -3.41130976e-09  8.83388045e-10]
children:
[ 7.00752621e-02 -2.14888215e-12 -1.73968030e-13  2.96090943e-11 -1.84229667e-10 -1.59732122e-15  1.52140128e-16  7.69117990e-06 -2.02896885e-06 -3.31859676e-09  8.26178280e-10]
[ 6.59080832e-02 -2.57552577e-12 -1.84958983e-13  2.70877625e-11 -1.76605408e-10 -1.94108072e-15  2.06887751e-16  7.54496132e-06 -2.04937711e-06 -3.40119080e-09  8.58533730e-10]
[ 5.97463520e-02 -2.23308571e-12 -2.00120145e-13  2.98614063e-11 -1.73980176e-10 -1.57884237e-15  2.02888041e-16  7.81989961e-06 -1.99542462e-06 -3.38202479e-09  8.60610317e-10]
@@@@@@@@@@@@@@@@@@@@@@@@@
@@@merging population@@@@
@@@@@@@@@@@@@@@@@@@@@@@@@
Population scores:
2428:[2.77349288e+11 4.14216591e+11]:[ 6.59080832e-02 -2.57552577e-12 -1.84958983e-13  2.70877625e-11 -1.76605408e-10 -1.94108072e-15  2.06887751e-16  7.54496132e-06 -2.04937711e-06 -3.40119080e-09  8.58533730e-10]:11.617227490556244
2427:[2.05090394e+11 4.95297408e+11]:[ 6.40854270e-02 -3.12221777e-12 -1.58611258e-13  1.82793810e-11 -1.77508715e-10 -1.74261150e-15  1.86579718e-16  8.57026925e-06 -2.12741983e-06 -3.33252491e-09  8.89829280e-10]:11.694866055106214
2390:[2.50815063e+11 5.26744218e+11]:[ 6.28616974e-02 -3.09312684e-12 -1.58153195e-13  3.81090322e-11 -1.43896044e-10 -1.48883579e-15  1.86296701e-16  8.93810845e-06 -2.14839266e-06 -3.58898257e-09  8.93496964e-10]:11.721599776738667
2366:[5.21404888e+11 5.28024564e+11]:[ 6.32623756e-02 -2.25666928e-12 -8.58807648e-14  1.90998359e-11 -2.27433826e-10 -1.86356937e-15  1.83839521e-16  9.16943853e-06 -1.98951599e-06 -4.03941491e-09  8.19159038e-10]:11.722654126257497
2425:[3.49526326e+11 5.28581791e+11]:[ 6.16500794e-02 -2.17663559e-12 -8.54579285e-14  2.14191707e-11 -1.68367840e-10 -1.50132949e-15  2.68146364e-16  8.78189796e-06 -2.14251121e-06 -3.45563878e-09  8.80459445e-10]:11.723112197843724
2419:[2.42586409e+11 5.34289290e+11]:[ 7.00777649e-02 -2.78498095e-12 -2.05433246e-13  3.36486473e-11 -1.53161555e-10 -1.50118262e-15  2.21817807e-16  8.35543672e-06 -2.14325151e-06 -3.41130976e-09  8.92470865e-10]:11.727776468706509
2410:[2.40525520e+11 5.35623051e+11]:[ 7.00777649e-02 -2.94226118e-12 -2.05433246e-13  3.36486473e-11 -1.53161555e-10 -1.50118262e-15  2.26412806e-16  8.42963150e-06 -2.14325151e-06 -3.41130976e-09  8.92470865e-10]:11.728859258845127
2418:[3.34848051e+11 5.39911755e+11]:[ 7.00777649e-02 -2.95453763e-12 -2.05433246e-13  3.36486473e-11 -1.53161555e-10 -1.50118262e-15  2.20926042e-16  8.42963150e-06 -2.14325151e-06 -3.41130976e-09  8.83388045e-10]:11.732322783420718
2382:[3.00318788e+11 5.68926221e+11]:[ 6.54311987e-02 -3.01871033e-12 -2.14859327e-13  3.86593989e-11 -1.67237720e-10 -1.50621908e-15  1.86352138e-16  8.19612928e-06 -2.16954014e-06 -3.51697805e-09  9.01804590e-10]:11.755055950563227
2367:[5.33581208e+11 5.70440524e+11]:[ 6.05030942e-02 -2.23387226e-12 -1.61751749e-13  1.96861879e-11 -1.86473238e-10 -1.78540466e-15  1.90260163e-16  8.42267584e-06 -2.02403431e-06 -3.30144117e-09  8.24008710e-10]:11.756210370419337
2421:[3.93213590e+11 5.83155037e+11]:[ 5.32247650e-02 -2.82224479e-12 -1.54801881e-13  3.97676760e-11 -2.04989670e-10 -1.58048687e-15  1.86602495e-16  8.42060667e-06 -2.15921755e-06 -3.44407969e-09  8.89202165e-10]:11.765784031239908
2396:[3.25053696e+11 5.88542494e+11]:[ 6.14686996e-02 -3.49803659e-12 -1.38099206e-13  4.10762440e-11 -1.48963142e-10 -1.12785936e-15  2.06455762e-16  8.23550469e-06 -2.13527841e-06 -2.66559048e-09  8.68146571e-10]:11.769777825284022
2416:[2.23908366e+11 6.06393920e+11]:[ 6.72695271e-02 -3.01594697e-12 -1.42912132e-13  3.56973438e-11 -1.56658467e-10 -1.45278846e-15  1.42981465e-16  8.21175922e-06 -2.14726756e-06 -3.42931376e-09  8.99879183e-10]:11.78275483848312
2429:[5.78705537e+11 7.22534253e+11]:[ 7.00752621e-02 -2.14888215e-12 -1.73968030e-13  2.96090943e-11 -1.84229667e-10 -1.59732122e-15  1.52140128e-16  7.69117990e-06 -2.02896885e-06 -3.31859676e-09  8.26178280e-10]:11.858858440454517
2423:[2.51660664e+11 1.12898660e+12]:[ 5.97463520e-02 -2.23308571e-12 -2.00120145e-13  2.98614063e-11 -1.73980176e-10 -1.57884237e-15  2.02888041e-16  7.81989961e-06 -1.99542462e-06 -3.38202479e-09  8.60610317e-10]:12.052688789078235
2422:[1.27399861e+12 1.58819487e+12]:[ 5.58164319e-02 -2.71721429e-12 -1.89647113e-13  2.76362215e-11 -1.81326028e-10 -1.69458845e-15  2.12410475e-16  8.42451616e-06 -2.12669346e-06 -3.29089191e-09  8.46083046e-10]:12.200903787735863
2424:[1.8069365e+12 2.4494410e+12]:[ 6.15284465e-02 -2.42489259e-12 -1.43472373e-13  1.86921786e-11 -1.85557912e-10 -1.53350204e-15  1.90115176e-16  8.51931503e-06 -2.11651427e-06 -3.40416343e-09  8.28432654e-10]:12.38906698308118
2426:[6.99055800e+12 9.85763609e+12]:[ 6.28345452e-02 -2.31057481e-12 -1.71958879e-13  2.68131576e-11 -1.53040221e-10 -2.56901623e-15  2.03412150e-16  8.42491650e-06 -2.13761151e-06 -4.30585013e-09  8.19479045e-10]:12.99377278151427
*******************************
***iteration: 7 Population is***
*******************************
Population scores:
2428:[2.77349288e+11 4.14216591e+11]:[ 6.59080832e-02 -2.57552577e-12 -1.84958983e-13  2.70877625e-11 -1.76605408e-10 -1.94108072e-15  2.06887751e-16  7.54496132e-06 -2.04937711e-06 -3.40119080e-09  8.58533730e-10]:11.617227490556244
2427:[2.05090394e+11 4.95297408e+11]:[ 6.40854270e-02 -3.12221777e-12 -1.58611258e-13  1.82793810e-11 -1.77508715e-10 -1.74261150e-15  1.86579718e-16  8.57026925e-06 -2.12741983e-06 -3.33252491e-09  8.89829280e-10]:11.694866055106214
2390:[2.50815063e+11 5.26744218e+11]:[ 6.28616974e-02 -3.09312684e-12 -1.58153195e-13  3.81090322e-11 -1.43896044e-10 -1.48883579e-15  1.86296701e-16  8.93810845e-06 -2.14839266e-06 -3.58898257e-09  8.93496964e-10]:11.721599776738667
2366:[5.21404888e+11 5.28024564e+11]:[ 6.32623756e-02 -2.25666928e-12 -8.58807648e-14  1.90998359e-11 -2.27433826e-10 -1.86356937e-15  1.83839521e-16  9.16943853e-06 -1.98951599e-06 -4.03941491e-09  8.19159038e-10]:11.722654126257497
2425:[3.49526326e+11 5.28581791e+11]:[ 6.16500794e-02 -2.17663559e-12 -8.54579285e-14  2.14191707e-11 -1.68367840e-10 -1.50132949e-15  2.68146364e-16  8.78189796e-06 -2.14251121e-06 -3.45563878e-09  8.80459445e-10]:11.723112197843724
2419:[2.42586409e+11 5.34289290e+11]:[ 7.00777649e-02 -2.78498095e-12 -2.05433246e-13  3.36486473e-11 -1.53161555e-10 -1.50118262e-15  2.21817807e-16  8.35543672e-06 -2.14325151e-06 -3.41130976e-09  8.92470865e-10]:11.727776468706509
2410:[2.40525520e+11 5.35623051e+11]:[ 7.00777649e-02 -2.94226118e-12 -2.05433246e-13  3.36486473e-11 -1.53161555e-10 -1.50118262e-15  2.26412806e-16  8.42963150e-06 -2.14325151e-06 -3.41130976e-09  8.92470865e-10]:11.728859258845127
2418:[3.34848051e+11 5.39911755e+11]:[ 7.00777649e-02 -2.95453763e-12 -2.05433246e-13  3.36486473e-11 -1.53161555e-10 -1.50118262e-15  2.20926042e-16  8.42963150e-06 -2.14325151e-06 -3.41130976e-09  8.83388045e-10]:11.732322783420718
2382:[3.00318788e+11 5.68926221e+11]:[ 6.54311987e-02 -3.01871033e-12 -2.14859327e-13  3.86593989e-11 -1.67237720e-10 -1.50621908e-15  1.86352138e-16  8.19612928e-06 -2.16954014e-06 -3.51697805e-09  9.01804590e-10]:11.755055950563227
Selected: [7 6]
***************
***CROSSOVER***
***************
parents:
2418[ 7.00777649e-02 -2.95453763e-12 -2.05433246e-13  3.36486473e-11 -1.53161555e-10 -1.50118262e-15  2.20926042e-16  8.42963150e-06 -2.14325151e-06 -3.41130976e-09  8.83388045e-10]
2410[ 7.00777649e-02 -2.94226118e-12 -2.05433246e-13  3.36486473e-11 -1.53161555e-10 -1.50118262e-15  2.26412806e-16  8.42963150e-06 -2.14325151e-06 -3.41130976e-09  8.92470865e-10]
children:
[ 7.58679232e-02 -2.94156844e-12 -2.05995652e-13  2.75229957e-11 -1.46432036e-10 -1.13197376e-15  2.35419817e-16  7.75788543e-06 -2.14325151e-06 -3.40923353e-09  8.87432631e-10]
[ 7.00777649e-02 -3.56583026e-12 -2.09085983e-13  3.14582149e-11 -1.53161555e-10 -1.45787519e-15  2.72699644e-16  8.42963150e-06 -2.14325151e-06 -3.41130976e-09  8.87292163e-10]
[ 7.00777649e-02 -2.06778083e-12 -2.42942040e-13  3.42398521e-11 -1.53161555e-10 -1.50118262e-15  2.23686181e-16  8.42963150e-06 -2.18309937e-06 -4.16104307e-09  8.85441062e-10]
Selected: [0 4]
***************
***CROSSOVER***
***************
parents:
2428[ 6.59080832e-02 -2.57552577e-12 -1.84958983e-13  2.70877625e-11 -1.76605408e-10 -1.94108072e-15  2.06887751e-16  7.54496132e-06 -2.04937711e-06 -3.40119080e-09  8.58533730e-10]
2425[ 6.16500794e-02 -2.17663559e-12 -8.54579285e-14  2.14191707e-11 -1.68367840e-10 -1.50132949e-15  2.68146364e-16  8.78189796e-06 -2.14251121e-06 -3.45563878e-09  8.80459445e-10]
children:
[ 6.53798900e-02 -3.06590226e-12 -1.31280839e-13  2.10096145e-11 -1.85174617e-10 -2.07066052e-15  2.21455859e-16  7.76741285e-06 -2.06417724e-06 -3.40974092e-09  7.80689198e-10]
[ 6.31742926e-02 -2.29023058e-12 -9.33945726e-14  2.62006159e-11 -2.03332248e-10 -1.89007325e-15  2.30814792e-16  8.75461836e-06 -2.14104836e-06 -3.39829687e-09  8.77073280e-10]
[ 6.15546111e-02 -2.17474804e-12 -1.59416655e-13  2.50717959e-11 -1.67880070e-10 -1.65864441e-15  2.66851763e-16  7.37590058e-06 -2.20479114e-06 -3.34493254e-09  8.60019446e-10]
Selected: [1 7]
***************
***CROSSOVER***
***************
parents:
2427[ 6.40854270e-02 -3.12221777e-12 -1.58611258e-13  1.82793810e-11 -1.77508715e-10 -1.74261150e-15  1.86579718e-16  8.57026925e-06 -2.12741983e-06 -3.33252491e-09  8.89829280e-10]
2418[ 7.00777649e-02 -2.95453763e-12 -2.05433246e-13  3.36486473e-11 -1.53161555e-10 -1.50118262e-15  2.20926042e-16  8.42963150e-06 -2.14325151e-06 -3.41130976e-09  8.83388045e-10]
children:
[ 6.91229140e-02 -3.13335319e-12 -1.35838357e-13  3.20826592e-11 -1.69833436e-10 -1.05213073e-15  1.91832581e-16  8.56886615e-06 -2.14170490e-06 -3.38965222e-09  9.63650027e-10]
[ 6.67153461e-02 -3.14461409e-12 -1.85770425e-13  2.36210097e-11 -1.05640525e-10 -1.50115994e-15  2.15606135e-16  8.45607191e-06 -2.13416129e-06 -3.39382151e-09  8.27679950e-10]
[ 6.51621139e-02 -3.12182842e-12 -1.89146964e-13  1.94149288e-11 -1.68410023e-10 -1.70123627e-15  2.46893072e-16  8.48502583e-06 -2.21116959e-06 -3.33588556e-09  8.89318367e-10]
@@@@@@@@@@@@@@@@@@@@@@@@@
@@@merging population@@@@
@@@@@@@@@@@@@@@@@@@@@@@@@
Population scores:
2428:[2.77349288e+11 4.14216591e+11]:[ 6.59080832e-02 -2.57552577e-12 -1.84958983e-13  2.70877625e-11 -1.76605408e-10 -1.94108072e-15  2.06887751e-16  7.54496132e-06 -2.04937711e-06 -3.40119080e-09  8.58533730e-10]:11.617227490556244
2427:[2.05090394e+11 4.95297408e+11]:[ 6.40854270e-02 -3.12221777e-12 -1.58611258e-13  1.82793810e-11 -1.77508715e-10 -1.74261150e-15  1.86579718e-16  8.57026925e-06 -2.12741983e-06 -3.33252491e-09  8.89829280e-10]:11.694866055106214
2390:[2.50815063e+11 5.26744218e+11]:[ 6.28616974e-02 -3.09312684e-12 -1.58153195e-13  3.81090322e-11 -1.43896044e-10 -1.48883579e-15  1.86296701e-16  8.93810845e-06 -2.14839266e-06 -3.58898257e-09  8.93496964e-10]:11.721599776738667
2366:[5.21404888e+11 5.28024564e+11]:[ 6.32623756e-02 -2.25666928e-12 -8.58807648e-14  1.90998359e-11 -2.27433826e-10 -1.86356937e-15  1.83839521e-16  9.16943853e-06 -1.98951599e-06 -4.03941491e-09  8.19159038e-10]:11.722654126257497
2436:[2.79738025e+11 5.28040229e+11]:[ 7.00777649e-02 -3.56583026e-12 -2.09085983e-13  3.14582149e-11 -1.53161555e-10 -1.45787519e-15  2.72699644e-16  8.42963150e-06 -2.14325151e-06 -3.41130976e-09  8.87292163e-10]:11.722667011005223
2425:[3.49526326e+11 5.28581791e+11]:[ 6.16500794e-02 -2.17663559e-12 -8.54579285e-14  2.14191707e-11 -1.68367840e-10 -1.50132949e-15  2.68146364e-16  8.78189796e-06 -2.14251121e-06 -3.45563878e-09  8.80459445e-10]:11.723112197843724
2419:[2.42586409e+11 5.34289290e+11]:[ 7.00777649e-02 -2.78498095e-12 -2.05433246e-13  3.36486473e-11 -1.53161555e-10 -1.50118262e-15  2.21817807e-16  8.35543672e-06 -2.14325151e-06 -3.41130976e-09  8.92470865e-10]:11.727776468706509
2410:[2.40525520e+11 5.35623051e+11]:[ 7.00777649e-02 -2.94226118e-12 -2.05433246e-13  3.36486473e-11 -1.53161555e-10 -1.50118262e-15  2.26412806e-16  8.42963150e-06 -2.14325151e-06 -3.41130976e-09  8.92470865e-10]:11.728859258845127
2418:[3.34848051e+11 5.39911755e+11]:[ 7.00777649e-02 -2.95453763e-12 -2.05433246e-13  3.36486473e-11 -1.53161555e-10 -1.50118262e-15  2.20926042e-16  8.42963150e-06 -2.14325151e-06 -3.41130976e-09  8.83388045e-10]:11.732322783420718
2382:[3.00318788e+11 5.68926221e+11]:[ 6.54311987e-02 -3.01871033e-12 -2.14859327e-13  3.86593989e-11 -1.67237720e-10 -1.50621908e-15  1.86352138e-16  8.19612928e-06 -2.16954014e-06 -3.51697805e-09  9.01804590e-10]:11.755055950563227
2431:[5.48085787e+11 6.20284995e+11]:[ 6.31742926e-02 -2.29023058e-12 -9.33945726e-14  2.62006159e-11 -2.03332248e-10 -1.89007325e-15  2.30814792e-16  8.75461836e-06 -2.14104836e-06 -3.39829687e-09  8.77073280e-10]:11.792591275507487
2438:[2.93265383e+11 6.29422937e+11]:[ 7.58679232e-02 -2.94156844e-12 -2.05995652e-13  2.75229957e-11 -1.46432036e-10 -1.13197376e-15  2.35419817e-16  7.75788543e-06 -2.14325151e-06 -3.40923353e-09  8.87432631e-10]:11.798942564910494
2432:[1.04753110e+12 1.32693356e+12]:[ 6.51621139e-02 -3.12182842e-12 -1.89146964e-13  1.94149288e-11 -1.68410023e-10 -1.70123627e-15  2.46893072e-16  8.48502583e-06 -2.21116959e-06 -3.33588556e-09  8.89318367e-10]:12.122849176651899
2437:[1.16762351e+12 1.67208717e+12]:[ 7.00777649e-02 -2.06778083e-12 -2.42942040e-13  3.42398521e-11 -1.53161555e-10 -1.50118262e-15  2.23686181e-16  8.42963150e-06 -2.18309937e-06 -4.16104307e-09  8.85441062e-10]:12.22325891467036
2434:[2.26698279e+12 3.20092518e+12]:[ 6.67153461e-02 -3.14461409e-12 -1.85770425e-13  2.36210097e-11 -1.05640525e-10 -1.50115994e-15  2.15606135e-16  8.45607191e-06 -2.13416129e-06 -3.39382151e-09  8.27679950e-10]:12.505275523064228
2430:[2.91897016e+12 4.31830240e+12]:[ 6.15546111e-02 -2.17474804e-12 -1.59416655e-13  2.50717959e-11 -1.67880070e-10 -1.65864441e-15  2.66851763e-16  7.37590058e-06 -2.20479114e-06 -3.34493254e-09  8.60019446e-10]:12.635313051830563
2435:[3.07479973e+12 6.98671751e+12]:[ 6.91229140e-02 -3.13335319e-12 -1.35838357e-13  3.20826592e-11 -1.69833436e-10 -1.05213073e-15  1.91832581e-16  8.56886615e-06 -2.14170490e-06 -3.38965222e-09  9.63650027e-10]:12.844273184198112
2433:[5.15093388e+12 7.34180497e+12]:[ 6.53798900e-02 -3.06590226e-12 -1.31280839e-13  2.10096145e-11 -1.85174617e-10 -2.07066052e-15  2.21455859e-16  7.76741285e-06 -2.06417724e-06 -3.40974092e-09  7.80689198e-10]:12.86580284357201
*******************************
***iteration: 8 Population is***
*******************************
Population scores:
2428:[2.77349288e+11 4.14216591e+11]:[ 6.59080832e-02 -2.57552577e-12 -1.84958983e-13  2.70877625e-11 -1.76605408e-10 -1.94108072e-15  2.06887751e-16  7.54496132e-06 -2.04937711e-06 -3.40119080e-09  8.58533730e-10]:11.617227490556244
2427:[2.05090394e+11 4.95297408e+11]:[ 6.40854270e-02 -3.12221777e-12 -1.58611258e-13  1.82793810e-11 -1.77508715e-10 -1.74261150e-15  1.86579718e-16  8.57026925e-06 -2.12741983e-06 -3.33252491e-09  8.89829280e-10]:11.694866055106214
2390:[2.50815063e+11 5.26744218e+11]:[ 6.28616974e-02 -3.09312684e-12 -1.58153195e-13  3.81090322e-11 -1.43896044e-10 -1.48883579e-15  1.86296701e-16  8.93810845e-06 -2.14839266e-06 -3.58898257e-09  8.93496964e-10]:11.721599776738667
2366:[5.21404888e+11 5.28024564e+11]:[ 6.32623756e-02 -2.25666928e-12 -8.58807648e-14  1.90998359e-11 -2.27433826e-10 -1.86356937e-15  1.83839521e-16  9.16943853e-06 -1.98951599e-06 -4.03941491e-09  8.19159038e-10]:11.722654126257497
2436:[2.79738025e+11 5.28040229e+11]:[ 7.00777649e-02 -3.56583026e-12 -2.09085983e-13  3.14582149e-11 -1.53161555e-10 -1.45787519e-15  2.72699644e-16  8.42963150e-06 -2.14325151e-06 -3.41130976e-09  8.87292163e-10]:11.722667011005223
2425:[3.49526326e+11 5.28581791e+11]:[ 6.16500794e-02 -2.17663559e-12 -8.54579285e-14  2.14191707e-11 -1.68367840e-10 -1.50132949e-15  2.68146364e-16  8.78189796e-06 -2.14251121e-06 -3.45563878e-09  8.80459445e-10]:11.723112197843724
2419:[2.42586409e+11 5.34289290e+11]:[ 7.00777649e-02 -2.78498095e-12 -2.05433246e-13  3.36486473e-11 -1.53161555e-10 -1.50118262e-15  2.21817807e-16  8.35543672e-06 -2.14325151e-06 -3.41130976e-09  8.92470865e-10]:11.727776468706509
2410:[2.40525520e+11 5.35623051e+11]:[ 7.00777649e-02 -2.94226118e-12 -2.05433246e-13  3.36486473e-11 -1.53161555e-10 -1.50118262e-15  2.26412806e-16  8.42963150e-06 -2.14325151e-06 -3.41130976e-09  8.92470865e-10]:11.728859258845127
2418:[3.34848051e+11 5.39911755e+11]:[ 7.00777649e-02 -2.95453763e-12 -2.05433246e-13  3.36486473e-11 -1.53161555e-10 -1.50118262e-15  2.20926042e-16  8.42963150e-06 -2.14325151e-06 -3.41130976e-09  8.83388045e-10]:11.732322783420718
Selected: [6 1]
***************
***CROSSOVER***
***************
parents:
2419[ 7.00777649e-02 -2.78498095e-12 -2.05433246e-13  3.36486473e-11 -1.53161555e-10 -1.50118262e-15  2.21817807e-16  8.35543672e-06 -2.14325151e-06 -3.41130976e-09  8.92470865e-10]
2427[ 6.40854270e-02 -3.12221777e-12 -1.58611258e-13  1.82793810e-11 -1.77508715e-10 -1.74261150e-15  1.86579718e-16  8.57026925e-06 -2.12741983e-06 -3.33252491e-09  8.89829280e-10]
children:
[ 6.47676189e-02 -2.89151974e-12 -1.97683343e-13  2.67057997e-11 -1.70214221e-10 -1.58391514e-15  2.02275086e-16  8.50736553e-06 -2.12877602e-06 -2.83988461e-09  8.89652260e-10]
[ 5.58647534e-02 -2.73040150e-12 -2.00405454e-13  2.76094892e-11 -1.70001569e-10 -1.57914234e-15  2.01864303e-16  8.38419513e-06 -2.12700976e-06 -2.70714861e-09  8.84654515e-10]
[ 7.06514190e-02 -2.95477998e-12 -1.67409300e-13  3.00245260e-11 -1.64149023e-10 -1.56696107e-15  1.90010611e-16  8.41303369e-06 -2.95638019e-06 -3.41153884e-09  8.90790221e-10]
Selected: [3 6]
***************
***CROSSOVER***
***************
parents:
2366[ 6.32623756e-02 -2.25666928e-12 -8.58807648e-14  1.90998359e-11 -2.27433826e-10 -1.86356937e-15  1.83839521e-16  9.16943853e-06 -1.98951599e-06 -4.03941491e-09  8.19159038e-10]
2419[ 7.00777649e-02 -2.78498095e-12 -2.05433246e-13  3.36486473e-11 -1.53161555e-10 -1.50118262e-15  2.21817807e-16  8.35543672e-06 -2.14325151e-06 -3.41130976e-09  8.92470865e-10]
children:
[ 6.99017676e-02 -2.25387697e-12 -2.02500666e-13  3.46358040e-11 -1.93315091e-10 -1.63266646e-15  2.31138103e-16  8.30026327e-06 -2.05493181e-06 -3.41900188e-09  8.82275374e-10]
[ 6.52553784e-02 -2.63263986e-12 -1.03791304e-13  3.50695706e-11 -1.80446322e-10 -1.72273280e-15  2.15775493e-16  8.67094192e-06 -2.09823880e-06 -3.33128234e-09  8.15454285e-10]
[ 6.43787970e-02 -2.76840798e-12 -1.85485997e-13  2.02404852e-11 -1.79321312e-10 -2.20477125e-15  2.13914373e-16  8.62258403e-06 -2.13824417e-06 -3.32309980e-09  8.55465897e-10]
Selected: [2 4]
***************
***CROSSOVER***
***************
parents:
2390[ 6.28616974e-02 -3.09312684e-12 -1.58153195e-13  3.81090322e-11 -1.43896044e-10 -1.48883579e-15  1.86296701e-16  8.93810845e-06 -2.14839266e-06 -3.58898257e-09  8.93496964e-10]
2436[ 7.00777649e-02 -3.56583026e-12 -2.09085983e-13  3.14582149e-11 -1.53161555e-10 -1.45787519e-15  2.72699644e-16  8.42963150e-06 -2.14325151e-06 -3.41130976e-09  8.87292163e-10]
children:
[ 6.55991476e-02 -3.47234921e-12 -2.07095019e-13  3.39343286e-11 -1.26280804e-10 -1.45761604e-15  2.18994091e-16  8.57479476e-06 -2.14292083e-06 -3.38389377e-09  8.87352293e-10]
[ 6.67319470e-02 -3.40070741e-12 -1.60628333e-13  3.16157975e-11 -1.48744272e-10 -5.57733128e-16  3.11703238e-16  8.83938930e-06 -2.14352425e-06 -3.52481324e-09  9.51906170e-10]
[ 6.21940226e-02 -3.18154293e-12 -2.01231248e-13  3.69478983e-11 -1.53991208e-10 -1.39848521e-15  1.84548002e-16  8.50095175e-06 -2.14829752e-06 -3.11335460e-09  7.92091209e-10]
@@@@@@@@@@@@@@@@@@@@@@@@@
@@@merging population@@@@
@@@@@@@@@@@@@@@@@@@@@@@@@
Population scores:
2428:[2.77349288e+11 4.14216591e+11]:[ 6.59080832e-02 -2.57552577e-12 -1.84958983e-13  2.70877625e-11 -1.76605408e-10 -1.94108072e-15  2.06887751e-16  7.54496132e-06 -2.04937711e-06 -3.40119080e-09  8.58533730e-10]:11.617227490556244
2427:[2.05090394e+11 4.95297408e+11]:[ 6.40854270e-02 -3.12221777e-12 -1.58611258e-13  1.82793810e-11 -1.77508715e-10 -1.74261150e-15  1.86579718e-16  8.57026925e-06 -2.12741983e-06 -3.33252491e-09  8.89829280e-10]:11.694866055106214
2444:[2.67213822e+11 5.24053779e+11]:[ 6.55991476e-02 -3.47234921e-12 -2.07095019e-13  3.39343286e-11 -1.26280804e-10 -1.45761604e-15  2.18994091e-16  8.57479476e-06 -2.14292083e-06 -3.38389377e-09  8.87352293e-10]:11.719375856969485
2390:[2.50815063e+11 5.26744218e+11]:[ 6.28616974e-02 -3.09312684e-12 -1.58153195e-13  3.81090322e-11 -1.43896044e-10 -1.48883579e-15  1.86296701e-16  8.93810845e-06 -2.14839266e-06 -3.58898257e-09  8.93496964e-10]:11.721599776738667
2366:[5.21404888e+11 5.28024564e+11]:[ 6.32623756e-02 -2.25666928e-12 -8.58807648e-14  1.90998359e-11 -2.27433826e-10 -1.86356937e-15  1.83839521e-16  9.16943853e-06 -1.98951599e-06 -4.03941491e-09  8.19159038e-10]:11.722654126257497
2436:[2.79738025e+11 5.28040229e+11]:[ 7.00777649e-02 -3.56583026e-12 -2.09085983e-13  3.14582149e-11 -1.53161555e-10 -1.45787519e-15  2.72699644e-16  8.42963150e-06 -2.14325151e-06 -3.41130976e-09  8.87292163e-10]:11.722667011005223
2425:[3.49526326e+11 5.28581791e+11]:[ 6.16500794e-02 -2.17663559e-12 -8.54579285e-14  2.14191707e-11 -1.68367840e-10 -1.50132949e-15  2.68146364e-16  8.78189796e-06 -2.14251121e-06 -3.45563878e-09  8.80459445e-10]:11.723112197843724
2419:[2.42586409e+11 5.34289290e+11]:[ 7.00777649e-02 -2.78498095e-12 -2.05433246e-13  3.36486473e-11 -1.53161555e-10 -1.50118262e-15  2.21817807e-16  8.35543672e-06 -2.14325151e-06 -3.41130976e-09  8.92470865e-10]:11.727776468706509
2410:[2.40525520e+11 5.35623051e+11]:[ 7.00777649e-02 -2.94226118e-12 -2.05433246e-13  3.36486473e-11 -1.53161555e-10 -1.50118262e-15  2.26412806e-16  8.42963150e-06 -2.14325151e-06 -3.41130976e-09  8.92470865e-10]:11.728859258845127
2418:[3.34848051e+11 5.39911755e+11]:[ 7.00777649e-02 -2.95453763e-12 -2.05433246e-13  3.36486473e-11 -1.53161555e-10 -1.50118262e-15  2.20926042e-16  8.42963150e-06 -2.14325151e-06 -3.41130976e-09  8.83388045e-10]:11.732322783420718
2439:[2.46316270e+11 6.96070428e+11]:[ 5.58647534e-02 -2.73040150e-12 -2.00405454e-13  2.76094892e-11 -1.70001569e-10 -1.57914234e-15  2.01864303e-16  8.38419513e-06 -2.12700976e-06 -2.70714861e-09  8.84654515e-10]:11.842653183541728
2442:[2.54332815e+11 7.70528122e+11]:[ 6.47676189e-02 -2.89151974e-12 -1.97683343e-13  2.67057997e-11 -1.70214221e-10 -1.58391514e-15  2.02275086e-16  8.50736553e-06 -2.12877602e-06 -2.83988461e-09  8.89652260e-10]:11.88678849364059
2446:[2.59564670e+11 1.09432769e+12]:[ 6.99017676e-02 -2.25387697e-12 -2.02500666e-13  3.46358040e-11 -1.93315091e-10 -1.63266646e-15  2.31138103e-16  8.30026327e-06 -2.05493181e-06 -3.41900188e-09  8.82275374e-10]:12.03914738872561
2441:[1.61015871e+12 1.80072152e+12]:[ 6.43787970e-02 -2.76840798e-12 -1.85485997e-13  2.02404852e-11 -1.79321312e-10 -2.20477125e-15  2.13914373e-16  8.62258403e-06 -2.13824417e-06 -3.32309980e-09  8.55465897e-10]:12.255446555584204
2443:[2.20398109e+12 2.89771674e+12]:[ 6.52553784e-02 -2.63263986e-12 -1.03791304e-13  3.50695706e-11 -1.80446322e-10 -1.72273280e-15  2.15775493e-16  8.67094192e-06 -2.09823880e-06 -3.33128234e-09  8.15454285e-10]:12.462055929691173
2445:[3.17887723e+12 6.58739359e+12]:[ 6.67319470e-02 -3.40070741e-12 -1.60628333e-13  3.16157975e-11 -1.48744272e-10 -5.57733128e-16  3.11703238e-16  8.83938930e-06 -2.14352425e-06 -3.52481324e-09  9.51906170e-10]:12.818713612779913
2440:[4.80751521e+12 7.41977542e+12]:[ 6.21940226e-02 -3.18154293e-12 -2.01231248e-13  3.69478983e-11 -1.53991208e-10 -1.39848521e-15  1.84548002e-16  8.50095175e-06 -2.14829752e-06 -3.11335460e-09  7.92091209e-10]:12.870390760260811
2447:[5.86574106e+13 1.06619098e+14]:[ 7.06514190e-02 -2.95477998e-12 -1.67409300e-13  3.00245260e-11 -1.64149023e-10 -1.56696107e-15  1.90010611e-16  8.41303369e-06 -2.95638019e-06 -3.41153884e-09  8.90790221e-10]:14.027835005566335
*******************************
***iteration: 9 Population is***
*******************************
Population scores:
2428:[2.77349288e+11 4.14216591e+11]:[ 6.59080832e-02 -2.57552577e-12 -1.84958983e-13  2.70877625e-11 -1.76605408e-10 -1.94108072e-15  2.06887751e-16  7.54496132e-06 -2.04937711e-06 -3.40119080e-09  8.58533730e-10]:11.617227490556244
2427:[2.05090394e+11 4.95297408e+11]:[ 6.40854270e-02 -3.12221777e-12 -1.58611258e-13  1.82793810e-11 -1.77508715e-10 -1.74261150e-15  1.86579718e-16  8.57026925e-06 -2.12741983e-06 -3.33252491e-09  8.89829280e-10]:11.694866055106214
2444:[2.67213822e+11 5.24053779e+11]:[ 6.55991476e-02 -3.47234921e-12 -2.07095019e-13  3.39343286e-11 -1.26280804e-10 -1.45761604e-15  2.18994091e-16  8.57479476e-06 -2.14292083e-06 -3.38389377e-09  8.87352293e-10]:11.719375856969485
2390:[2.50815063e+11 5.26744218e+11]:[ 6.28616974e-02 -3.09312684e-12 -1.58153195e-13  3.81090322e-11 -1.43896044e-10 -1.48883579e-15  1.86296701e-16  8.93810845e-06 -2.14839266e-06 -3.58898257e-09  8.93496964e-10]:11.721599776738667
2366:[5.21404888e+11 5.28024564e+11]:[ 6.32623756e-02 -2.25666928e-12 -8.58807648e-14  1.90998359e-11 -2.27433826e-10 -1.86356937e-15  1.83839521e-16  9.16943853e-06 -1.98951599e-06 -4.03941491e-09  8.19159038e-10]:11.722654126257497
2436:[2.79738025e+11 5.28040229e+11]:[ 7.00777649e-02 -3.56583026e-12 -2.09085983e-13  3.14582149e-11 -1.53161555e-10 -1.45787519e-15  2.72699644e-16  8.42963150e-06 -2.14325151e-06 -3.41130976e-09  8.87292163e-10]:11.722667011005223
2425:[3.49526326e+11 5.28581791e+11]:[ 6.16500794e-02 -2.17663559e-12 -8.54579285e-14  2.14191707e-11 -1.68367840e-10 -1.50132949e-15  2.68146364e-16  8.78189796e-06 -2.14251121e-06 -3.45563878e-09  8.80459445e-10]:11.723112197843724
2419:[2.42586409e+11 5.34289290e+11]:[ 7.00777649e-02 -2.78498095e-12 -2.05433246e-13  3.36486473e-11 -1.53161555e-10 -1.50118262e-15  2.21817807e-16  8.35543672e-06 -2.14325151e-06 -3.41130976e-09  8.92470865e-10]:11.727776468706509
2410:[2.40525520e+11 5.35623051e+11]:[ 7.00777649e-02 -2.94226118e-12 -2.05433246e-13  3.36486473e-11 -1.53161555e-10 -1.50118262e-15  2.26412806e-16  8.42963150e-06 -2.14325151e-06 -3.41130976e-09  8.92470865e-10]:11.728859258845127
Selected: [5 6]
***************
***CROSSOVER***
***************
parents:
2436[ 7.00777649e-02 -3.56583026e-12 -2.09085983e-13  3.14582149e-11 -1.53161555e-10 -1.45787519e-15  2.72699644e-16  8.42963150e-06 -2.14325151e-06 -3.41130976e-09  8.87292163e-10]
2425[ 6.16500794e-02 -2.17663559e-12 -8.54579285e-14  2.14191707e-11 -1.68367840e-10 -1.50132949e-15  2.68146364e-16  8.78189796e-06 -2.14251121e-06 -3.45563878e-09  8.80459445e-10]
children:
[ 6.28525151e-02 -3.92412292e-12 -1.34154972e-13  2.32297273e-11 -1.61741500e-10 -1.43387274e-15  2.64170610e-16  8.77290387e-06 -2.13435188e-06 -2.82471670e-09  8.81754487e-10]
[ 7.04589521e-02 -3.19970551e-12 -1.34458424e-13  2.91232125e-11 -1.66429165e-10 -1.47136956e-15  3.45804203e-16  8.44134619e-06 -2.09492815e-06 -3.42064593e-09  8.87235301e-10]
[ 7.09000992e-02 -3.63981610e-12 -1.08659853e-13  2.66468906e-11 -1.65711006e-10 -1.26143354e-15  2.77346774e-16  8.68054171e-06 -2.14321493e-06 -3.44535662e-09  9.46458855e-10]
Selected: [0 7]
***************
***CROSSOVER***
***************
parents:
2428[ 6.59080832e-02 -2.57552577e-12 -1.84958983e-13  2.70877625e-11 -1.76605408e-10 -1.94108072e-15  2.06887751e-16  7.54496132e-06 -2.04937711e-06 -3.40119080e-09  8.58533730e-10]
2419[ 7.00777649e-02 -2.78498095e-12 -2.05433246e-13  3.36486473e-11 -1.53161555e-10 -1.50118262e-15  2.21817807e-16  8.35543672e-06 -2.14325151e-06 -3.41130976e-09  8.92470865e-10]
children:
[ 6.60778111e-02 -2.77764896e-12 -2.02176189e-13  3.36714365e-11 -2.12295498e-10 -1.93278405e-15  2.19816950e-16  8.16118242e-06 -2.32230692e-06 -3.40573759e-09  8.82167971e-10]
[ 6.72159574e-02 -2.60146901e-12 -2.07427541e-13  3.12173548e-11 -1.60495897e-10 -1.76462736e-15  2.22690924e-16  8.24002332e-06 -2.14070407e-06 -3.40030988e-09  8.83108035e-10]
[ 5.76965082e-02 -2.78079591e-12 -1.85299900e-13  2.84723282e-11 -6.85512801e-11 -1.49812508e-15  2.12292194e-16  7.70354533e-06 -2.16633813e-06 -3.40341353e-09  8.63459420e-10]
Selected: [8 3]
***************
***CROSSOVER***
***************
parents:
2410[ 7.00777649e-02 -2.94226118e-12 -2.05433246e-13  3.36486473e-11 -1.53161555e-10 -1.50118262e-15  2.26412806e-16  8.42963150e-06 -2.14325151e-06 -3.41130976e-09  8.92470865e-10]
2390[ 6.28616974e-02 -3.09312684e-12 -1.58153195e-13  3.81090322e-11 -1.43896044e-10 -1.48883579e-15  1.86296701e-16  8.93810845e-06 -2.14839266e-06 -3.58898257e-09  8.93496964e-10]
children:
[ 6.26272699e-02 -3.05651641e-12 -1.95311921e-13  3.43373005e-11 -1.50615369e-10 -1.02412960e-15  1.89141812e-16  8.51645281e-06 -2.37331222e-06 -3.57642768e-09  8.93452279e-10]
[ 6.50886929e-02 -2.93509968e-12 -1.62318451e-13  3.38701027e-11 -1.50057176e-10 -1.49294545e-15  1.56427691e-16  8.90629629e-06 -1.76002767e-06 -3.22418115e-09  8.93283053e-10]
[ 6.09086427e-02 -3.05359889e-12 -1.86998762e-13  3.77487737e-11 -1.47123861e-10 -1.49630763e-15  2.21099355e-16  8.74218989e-06 -2.14723675e-06 -3.45390187e-09  8.02446066e-10]
@@@@@@@@@@@@@@@@@@@@@@@@@
@@@merging population@@@@
@@@@@@@@@@@@@@@@@@@@@@@@@
Population scores:
2428:[2.77349288e+11 4.14216591e+11]:[ 6.59080832e-02 -2.57552577e-12 -1.84958983e-13  2.70877625e-11 -1.76605408e-10 -1.94108072e-15  2.06887751e-16  7.54496132e-06 -2.04937711e-06 -3.40119080e-09  8.58533730e-10]:11.617227490556244
2427:[2.05090394e+11 4.95297408e+11]:[ 6.40854270e-02 -3.12221777e-12 -1.58611258e-13  1.82793810e-11 -1.77508715e-10 -1.74261150e-15  1.86579718e-16  8.57026925e-06 -2.12741983e-06 -3.33252491e-09  8.89829280e-10]:11.694866055106214
2444:[2.67213822e+11 5.24053779e+11]:[ 6.55991476e-02 -3.47234921e-12 -2.07095019e-13  3.39343286e-11 -1.26280804e-10 -1.45761604e-15  2.18994091e-16  8.57479476e-06 -2.14292083e-06 -3.38389377e-09  8.87352293e-10]:11.719375856969485
2390:[2.50815063e+11 5.26744218e+11]:[ 6.28616974e-02 -3.09312684e-12 -1.58153195e-13  3.81090322e-11 -1.43896044e-10 -1.48883579e-15  1.86296701e-16  8.93810845e-06 -2.14839266e-06 -3.58898257e-09  8.93496964e-10]:11.721599776738667
2366:[5.21404888e+11 5.28024564e+11]:[ 6.32623756e-02 -2.25666928e-12 -8.58807648e-14  1.90998359e-11 -2.27433826e-10 -1.86356937e-15  1.83839521e-16  9.16943853e-06 -1.98951599e-06 -4.03941491e-09  8.19159038e-10]:11.722654126257497
2436:[2.79738025e+11 5.28040229e+11]:[ 7.00777649e-02 -3.56583026e-12 -2.09085983e-13  3.14582149e-11 -1.53161555e-10 -1.45787519e-15  2.72699644e-16  8.42963150e-06 -2.14325151e-06 -3.41130976e-09  8.87292163e-10]:11.722667011005223
2425:[3.49526326e+11 5.28581791e+11]:[ 6.16500794e-02 -2.17663559e-12 -8.54579285e-14  2.14191707e-11 -1.68367840e-10 -1.50132949e-15  2.68146364e-16  8.78189796e-06 -2.14251121e-06 -3.45563878e-09  8.80459445e-10]:11.723112197843724
2419:[2.42586409e+11 5.34289290e+11]:[ 7.00777649e-02 -2.78498095e-12 -2.05433246e-13  3.36486473e-11 -1.53161555e-10 -1.50118262e-15  2.21817807e-16  8.35543672e-06 -2.14325151e-06 -3.41130976e-09  8.92470865e-10]:11.727776468706509
2410:[2.40525520e+11 5.35623051e+11]:[ 7.00777649e-02 -2.94226118e-12 -2.05433246e-13  3.36486473e-11 -1.53161555e-10 -1.50118262e-15  2.26412806e-16  8.42963150e-06 -2.14325151e-06 -3.41130976e-09  8.92470865e-10]:11.728859258845127
2454:[4.27516508e+11 5.74039259e+11]:[ 6.72159574e-02 -2.60146901e-12 -2.07427541e-13  3.12173548e-11 -1.60495897e-10 -1.76462736e-15  2.22690924e-16  8.24002332e-06 -2.14070407e-06 -3.40030988e-09  8.83108035e-10]:11.758941595049853
2451:[2.73159677e+11 6.56914575e+11]:[ 6.28525151e-02 -3.92412292e-12 -1.34154972e-13  2.32297273e-11 -1.61741500e-10 -1.43387274e-15  2.64170610e-16  8.77290387e-06 -2.13435188e-06 -2.82471670e-09  8.81754487e-10]:11.817508897592544
2455:[2.29124577e+11 8.21626336e+11]:[ 7.04589521e-02 -3.19970551e-12 -1.34458424e-13  2.91232125e-11 -1.66429165e-10 -1.47136956e-15  3.45804203e-16  8.44134619e-06 -2.09492815e-06 -3.42064593e-09  8.87235301e-10]:11.914674351249591
2448:[1.42784679e+12 2.02251077e+12]:[ 5.76965082e-02 -2.78079591e-12 -1.85299900e-13  2.84723282e-11 -6.85512801e-11 -1.49812508e-15  2.12292194e-16  7.70354533e-06 -2.16633813e-06 -3.40341353e-09  8.63459420e-10]:12.30589084198766
2456:[1.62309912e+12 4.10636092e+12]:[ 7.09000992e-02 -3.63981610e-12 -1.08659853e-13  2.66468906e-11 -1.65711006e-10 -1.26143354e-15  2.77346774e-16  8.68054171e-06 -2.14321493e-06 -3.44535662e-09  9.46458855e-10]:12.613457117661959
2449:[4.47176051e+12 6.78563304e+12]:[ 6.09086427e-02 -3.05359889e-12 -1.86998762e-13  3.77487737e-11 -1.47123861e-10 -1.49630763e-15  2.21099355e-16  8.74218989e-06 -2.14723675e-06 -3.45390187e-09  8.02446066e-10]:12.831590369601434
2450:[4.51790549e+12 7.57933523e+12]:[ 6.26272699e-02 -3.05651641e-12 -1.95311921e-13  3.43373005e-11 -1.50615369e-10 -1.02412960e-15  1.89141812e-16  8.51645281e-06 -2.37331222e-06 -3.57642768e-09  8.93452279e-10]:12.87963111591222
2453:[5.43733075e+12 8.19013357e+12]:[ 6.60778111e-02 -2.77764896e-12 -2.02176189e-13  3.36714365e-11 -2.12295498e-10 -1.93278405e-15  2.19816950e-16  8.16118242e-06 -2.32230692e-06 -3.40573759e-09  8.82167971e-10]:12.913290984403808
2452:[1.23995051e+13 2.74976712e+13]:[ 6.50886929e-02 -2.93509968e-12 -1.62318451e-13  3.38701027e-11 -1.50057176e-10 -1.49294545e-15  1.56427691e-16  8.90629629e-06 -1.76002767e-06 -3.22418115e-09  8.93283053e-10]:13.439295915340557
Population scores:
2428:[2.77349288e+11 4.14216591e+11]:[ 6.59080832e-02 -2.57552577e-12 -1.84958983e-13  2.70877625e-11 -1.76605408e-10 -1.94108072e-15  2.06887751e-16  7.54496132e-06 -2.04937711e-06 -3.40119080e-09  8.58533730e-10]:11.617227490556244
2427:[2.05090394e+11 4.95297408e+11]:[ 6.40854270e-02 -3.12221777e-12 -1.58611258e-13  1.82793810e-11 -1.77508715e-10 -1.74261150e-15  1.86579718e-16  8.57026925e-06 -2.12741983e-06 -3.33252491e-09  8.89829280e-10]:11.694866055106214
2444:[2.67213822e+11 5.24053779e+11]:[ 6.55991476e-02 -3.47234921e-12 -2.07095019e-13  3.39343286e-11 -1.26280804e-10 -1.45761604e-15  2.18994091e-16  8.57479476e-06 -2.14292083e-06 -3.38389377e-09  8.87352293e-10]:11.719375856969485
2390:[2.50815063e+11 5.26744218e+11]:[ 6.28616974e-02 -3.09312684e-12 -1.58153195e-13  3.81090322e-11 -1.43896044e-10 -1.48883579e-15  1.86296701e-16  8.93810845e-06 -2.14839266e-06 -3.58898257e-09  8.93496964e-10]:11.721599776738667
2366:[5.21404888e+11 5.28024564e+11]:[ 6.32623756e-02 -2.25666928e-12 -8.58807648e-14  1.90998359e-11 -2.27433826e-10 -1.86356937e-15  1.83839521e-16  9.16943853e-06 -1.98951599e-06 -4.03941491e-09  8.19159038e-10]:11.722654126257497
2436:[2.79738025e+11 5.28040229e+11]:[ 7.00777649e-02 -3.56583026e-12 -2.09085983e-13  3.14582149e-11 -1.53161555e-10 -1.45787519e-15  2.72699644e-16  8.42963150e-06 -2.14325151e-06 -3.41130976e-09  8.87292163e-10]:11.722667011005223
2425:[3.49526326e+11 5.28581791e+11]:[ 6.16500794e-02 -2.17663559e-12 -8.54579285e-14  2.14191707e-11 -1.68367840e-10 -1.50132949e-15  2.68146364e-16  8.78189796e-06 -2.14251121e-06 -3.45563878e-09  8.80459445e-10]:11.723112197843724
2419:[2.42586409e+11 5.34289290e+11]:[ 7.00777649e-02 -2.78498095e-12 -2.05433246e-13  3.36486473e-11 -1.53161555e-10 -1.50118262e-15  2.21817807e-16  8.35543672e-06 -2.14325151e-06 -3.41130976e-09  8.92470865e-10]:11.727776468706509
2410:[2.40525520e+11 5.35623051e+11]:[ 7.00777649e-02 -2.94226118e-12 -2.05433246e-13  3.36486473e-11 -1.53161555e-10 -1.50118262e-15  2.26412806e-16  8.42963150e-06 -2.14325151e-06 -3.41130976e-09  8.92470865e-10]:11.728859258845127
%%%%%%%%%%%%%%%%%%%%%%%%%
%%%final - population%%%%
%%%%%%%%%%%%%%%%%%%%%%%%%
2428:[2.77349288e+11 4.14216591e+11]:[ 6.59080832e-02 -2.57552577e-12 -1.84958983e-13  2.70877625e-11 -1.76605408e-10 -1.94108072e-15  2.06887751e-16  7.54496132e-06 -2.04937711e-06 -3.40119080e-09  8.58533730e-10]
2427:[2.05090394e+11 4.95297408e+11]:[ 6.40854270e-02 -3.12221777e-12 -1.58611258e-13  1.82793810e-11 -1.77508715e-10 -1.74261150e-15  1.86579718e-16  8.57026925e-06 -2.12741983e-06 -3.33252491e-09  8.89829280e-10]
2444:[2.67213822e+11 5.24053779e+11]:[ 6.55991476e-02 -3.47234921e-12 -2.07095019e-13  3.39343286e-11 -1.26280804e-10 -1.45761604e-15  2.18994091e-16  8.57479476e-06 -2.14292083e-06 -3.38389377e-09  8.87352293e-10]
2390:[2.50815063e+11 5.26744218e+11]:[ 6.28616974e-02 -3.09312684e-12 -1.58153195e-13  3.81090322e-11 -1.43896044e-10 -1.48883579e-15  1.86296701e-16  8.93810845e-06 -2.14839266e-06 -3.58898257e-09  8.93496964e-10]
2366:[5.21404888e+11 5.28024564e+11]:[ 6.32623756e-02 -2.25666928e-12 -8.58807648e-14  1.90998359e-11 -2.27433826e-10 -1.86356937e-15  1.83839521e-16  9.16943853e-06 -1.98951599e-06 -4.03941491e-09  8.19159038e-10]
2436:[2.79738025e+11 5.28040229e+11]:[ 7.00777649e-02 -3.56583026e-12 -2.09085983e-13  3.14582149e-11 -1.53161555e-10 -1.45787519e-15  2.72699644e-16  8.42963150e-06 -2.14325151e-06 -3.41130976e-09  8.87292163e-10]
2425:[3.49526326e+11 5.28581791e+11]:[ 6.16500794e-02 -2.17663559e-12 -8.54579285e-14  2.14191707e-11 -1.68367840e-10 -1.50132949e-15  2.68146364e-16  8.78189796e-06 -2.14251121e-06 -3.45563878e-09  8.80459445e-10]
2419:[2.42586409e+11 5.34289290e+11]:[ 7.00777649e-02 -2.78498095e-12 -2.05433246e-13  3.36486473e-11 -1.53161555e-10 -1.50118262e-15  2.21817807e-16  8.35543672e-06 -2.14325151e-06 -3.41130976e-09  8.92470865e-10]
2410:[2.40525520e+11 5.35623051e+11]:[ 7.00777649e-02 -2.94226118e-12 -2.05433246e-13  3.36486473e-11 -1.53161555e-10 -1.50118262e-15  2.26412806e-16  8.42963150e-06 -2.14325151e-06 -3.41130976e-09  8.92470865e-10]
