*******************************
***iteration: 0 Population is***
*******************************
Population scores:
[3.57659099e+11 2.64346692e+10]:[-1.01139754e-01 -3.00672458e-12 -2.83705439e-13  3.24339216e-11 -3.01052564e-10 -6.82536599e-16  8.75838287e-16  2.97631307e-05 -1.54337308e-06 -2.40992712e-08  8.53068093e-10]:11.289344428573365
[3.51845660e+11 3.88567581e+10]:[-9.38961159e-02 -3.07648343e-12 -2.76666962e-13  3.18483155e-11 -3.02717663e-10 -6.91016100e-16  8.85028470e-16  3.02898721e-05 -1.52775363e-06 -2.43908862e-08  8.51245817e-10]:11.299369742722318
[3.55350535e+11 1.71323474e+11]:[-1.09138478e-01 -3.03095757e-12 -2.82356266e-13  3.19670857e-11 -3.06166636e-10 -6.75828529e-16  8.75200782e-16  2.97833926e-05 -1.52118844e-06 -2.40269834e-08  8.54282210e-10]:11.447885410295061
[5.37053550e+11 2.42431003e+11]:[-9.30435928e-02 -2.96336044e-12 -2.82705842e-13  3.24715119e-11 -2.94094782e-10 -6.90469517e-16  8.69484554e-16  2.88093198e-05 -1.45413912e-06 -2.45891457e-08  8.48887269e-10]:11.616985001138955
[6.65966447e+11 1.96391760e+11]:[-1.10420507e-01 -2.92821017e-12 -2.87869215e-13  3.21969579e-11 -2.92990469e-10 -6.86796866e-16  8.84677661e-16  2.89745973e-05 -1.53645164e-06 -2.49647365e-08  8.60768571e-10]:11.654001517558818
[9.37776997e+11 6.76150171e+11]:[-9.14195530e-02 -2.95183581e-12 -2.81225889e-13  3.24660728e-11 -3.02734658e-10 -6.78122000e-16  8.73866267e-16  2.88924985e-05 -1.57119414e-06 -2.45953094e-08  8.55231620e-10]:11.941798846736521
[1.43268941e+12 9.34324023e+11]:[-6.07988007e-02 -2.83036451e-12 -2.36753986e-13  2.62144885e-11 -3.99403328e-10 -7.66156782e-16  9.39597136e-16  3.63842279e-05 -1.51441079e-06 -3.09723919e-08  8.92602519e-10]:12.1061701913678
[4.87674670e+12 9.70881657e+12]:[-2.21628353e-02 -2.83898023e-12 -3.00613798e-13  3.32804243e-11 -3.82410854e-10 -6.14882539e-16  8.33882705e-16  3.22853284e-05 -1.34446910e-06 -2.60330608e-08  8.89225981e-10]:12.917172613234381
[5.39419814e+12 1.04901150e+13]:[-8.40854640e-02 -2.97539422e-12 -3.64542280e-13  2.39432715e-11 -2.57235664e-10 -6.76294035e-16  8.44916641e-16  2.35325980e-05 -1.23549787e-06 -2.11052683e-08  8.23913274e-10]:12.953816116839471
[5.73181029e+13 1.05616017e+14]:[-8.12565395e-02 -3.55956427e-12 -3.04715500e-13  2.56610284e-11 -3.05724522e-10 -6.05158908e-16  8.55623154e-16  3.42105294e-05 -2.47545560e-06 -2.18869455e-08  8.17035338e-10]:13.96392310495768
Selected: [0 2]
&&&&&&&&&&&&&&&&&&&&&&&&
&&TOURNAMENT SELECTION&&
&&&&&&&&&&&&&&&&&&&&&&&&
parents:
[-1.01139754e-01 -3.00672458e-12 -2.83705439e-13  3.24339216e-11 -3.01052564e-10 -6.82536599e-16  8.75838287e-16  2.97631307e-05 -1.54337308e-06 -2.40992712e-08  8.53068093e-10]
[-1.09138478e-01 -3.03095757e-12 -2.82356266e-13  3.19670857e-11 -3.06166636e-10 -6.75828529e-16  8.75200782e-16  2.97833926e-05 -1.52118844e-06 -2.40269834e-08  8.54282210e-10]
children:
[-1.01139754e-01 -3.22163346e-12 -2.83705439e-13  3.24339216e-11 -3.05899218e-10 -6.81293688e-16  8.75200782e-16  2.97631307e-05 -1.52118844e-06 -2.40992712e-08  8.54282210e-10]
[-1.09138478e-01 -3.00672458e-12 -2.82356266e-13  3.19670857e-11 -3.06166636e-10 -6.75828529e-16  9.54289851e-16  2.91314981e-05 -1.54337308e-06 -2.40269834e-08  8.53068093e-10]
Population scores:
[3.57659099e+11 2.64346692e+10]:[-1.01139754e-01 -3.00672458e-12 -2.83705439e-13  3.24339216e-11 -3.01052564e-10 -6.82536599e-16  8.75838287e-16  2.97631307e-05 -1.54337308e-06 -2.40992712e-08  8.53068093e-10]:11.289344428573365
[4.14222091e+11 3.83902097e+10]:[-1.09138478e-01 -3.00672458e-12 -2.82356266e-13  3.19670857e-11 -3.06166636e-10 -6.75828529e-16  9.54289851e-16  2.91314981e-05 -1.54337308e-06 -2.40269834e-08  8.53068093e-10]:11.362001867495065
[3.55911433e+11 1.34314024e+11]:[-1.01139754e-01 -3.22163346e-12 -2.83705439e-13  3.24339216e-11 -3.05899218e-10 -6.81293688e-16  8.75200782e-16  2.97631307e-05 -1.52118844e-06 -2.40992712e-08  8.54282210e-10]:11.412534683736755
[3.55350535e+11 1.71323474e+11]:[-1.09138478e-01 -3.03095757e-12 -2.82356266e-13  3.19670857e-11 -3.06166636e-10 -6.75828529e-16  8.75200782e-16  2.97833926e-05 -1.52118844e-06 -2.40269834e-08  8.54282210e-10]:11.447885410295061
Selected for new population:
[-1.01139754e-01 -3.00672458e-12 -2.83705439e-13  3.24339216e-11 -3.01052564e-10 -6.82536599e-16  8.75838287e-16  2.97631307e-05 -1.54337308e-06 -2.40992712e-08  8.53068093e-10]
[-1.09138478e-01 -3.00672458e-12 -2.82356266e-13  3.19670857e-11 -3.06166636e-10 -6.75828529e-16  9.54289851e-16  2.91314981e-05 -1.54337308e-06 -2.40269834e-08  8.53068093e-10]
Selected: [1 0]
&&&&&&&&&&&&&&&&&&&&&&&&
&&TOURNAMENT SELECTION&&
&&&&&&&&&&&&&&&&&&&&&&&&
parents:
[-9.38961159e-02 -3.07648343e-12 -2.76666962e-13  3.18483155e-11 -3.02717663e-10 -6.91016100e-16  8.85028470e-16  3.02898721e-05 -1.52775363e-06 -2.43908862e-08  8.51245817e-10]
[-1.01139754e-01 -3.00672458e-12 -2.83705439e-13  3.24339216e-11 -3.01052564e-10 -6.82536599e-16  8.75838287e-16  2.97631307e-05 -1.54337308e-06 -2.40992712e-08  8.53068093e-10]
children:
[-1.01139754e-01 -3.00672458e-12 -2.83705439e-13  3.24339216e-11 -3.07473986e-10 -6.82536599e-16  8.79910327e-16  2.96849598e-05 -1.48468221e-06 -2.40992712e-08  8.51245817e-10]
[-9.55778095e-02 -3.07648343e-12 -2.65211993e-13  3.16542903e-11 -3.02717663e-10 -6.91016100e-16  9.69054562e-16  3.07408099e-05 -1.52775363e-06 -2.43908862e-08  8.53068093e-10]
Population scores:
[3.57659099e+11 2.64346692e+10]:[-1.01139754e-01 -3.00672458e-12 -2.83705439e-13  3.24339216e-11 -3.01052564e-10 -6.82536599e-16  8.75838287e-16  2.97631307e-05 -1.54337308e-06 -2.40992712e-08  8.53068093e-10]:11.289344428573365
[3.51845660e+11 3.88567581e+10]:[-9.38961159e-02 -3.07648343e-12 -2.76666962e-13  3.18483155e-11 -3.02717663e-10 -6.91016100e-16  8.85028470e-16  3.02898721e-05 -1.52775363e-06 -2.43908862e-08  8.51245817e-10]:11.299369742722318
[3.24180419e+11 1.07564841e+11]:[-9.55778095e-02 -3.07648343e-12 -2.65211993e-13  3.16542903e-11 -3.02717663e-10 -6.91016100e-16  9.69054562e-16  3.07408099e-05 -1.52775363e-06 -2.43908862e-08  8.53068093e-10]:11.35531570079616
[4.87509279e+11 4.89143936e+11]:[-1.01139754e-01 -3.00672458e-12 -2.83705439e-13  3.24339216e-11 -3.07473986e-10 -6.82536599e-16  8.79910327e-16  2.96849598e-05 -1.48468221e-06 -2.40992712e-08  8.51245817e-10]:11.730169149567182
Selected for new population:
[-1.01139754e-01 -3.00672458e-12 -2.83705439e-13  3.24339216e-11 -3.01052564e-10 -6.82536599e-16  8.75838287e-16  2.97631307e-05 -1.54337308e-06 -2.40992712e-08  8.53068093e-10]
[-9.38961159e-02 -3.07648343e-12 -2.76666962e-13  3.18483155e-11 -3.02717663e-10 -6.91016100e-16  8.85028470e-16  3.02898721e-05 -1.52775363e-06 -2.43908862e-08  8.51245817e-10]
Selected: [1 0]
&&&&&&&&&&&&&&&&&&&&&&&&
&&TOURNAMENT SELECTION&&
&&&&&&&&&&&&&&&&&&&&&&&&
parents:
[-9.38961159e-02 -3.07648343e-12 -2.76666962e-13  3.18483155e-11 -3.02717663e-10 -6.91016100e-16  8.85028470e-16  3.02898721e-05 -1.52775363e-06 -2.43908862e-08  8.51245817e-10]
[-1.01139754e-01 -3.00672458e-12 -2.83705439e-13  3.24339216e-11 -3.01052564e-10 -6.82536599e-16  8.75838287e-16  2.97631307e-05 -1.54337308e-06 -2.40992712e-08  8.53068093e-10]
children:
[-1.03323099e-01 -2.87261168e-12 -2.83705439e-13  3.24339216e-11 -3.04028642e-10 -6.91016100e-16  8.75838287e-16  2.97631307e-05 -1.52775363e-06 -2.40992712e-08  8.53068093e-10]
[-9.38961159e-02 -3.07648343e-12 -2.76666962e-13  3.70072646e-11 -3.02717663e-10 -6.82536599e-16  8.85028470e-16  2.94736949e-05 -1.54337308e-06 -2.43908862e-08  8.51245817e-10]
Population scores:
[3.57659099e+11 2.64346692e+10]:[-1.01139754e-01 -3.00672458e-12 -2.83705439e-13  3.24339216e-11 -3.01052564e-10 -6.82536599e-16  8.75838287e-16  2.97631307e-05 -1.54337308e-06 -2.40992712e-08  8.53068093e-10]:11.289344428573365
[3.51845660e+11 3.88567581e+10]:[-9.38961159e-02 -3.07648343e-12 -2.76666962e-13  3.18483155e-11 -3.02717663e-10 -6.91016100e-16  8.85028470e-16  3.02898721e-05 -1.52775363e-06 -2.43908862e-08  8.51245817e-10]:11.299369742722318
[3.46197752e+11 6.83706553e+10]:[-1.03323099e-01 -2.87261168e-12 -2.83705439e-13  3.24339216e-11 -3.04028642e-10 -6.91016100e-16  8.75838287e-16  2.97631307e-05 -1.52775363e-06 -2.40992712e-08  8.53068093e-10]:11.330659809308788
[5.12075904e+11 1.13194739e+11]:[-9.38961159e-02 -3.07648343e-12 -2.76666962e-13  3.70072646e-11 -3.02717663e-10 -6.82536599e-16  8.85028470e-16  2.94736949e-05 -1.54337308e-06 -2.43908862e-08  8.51245817e-10]:11.51048441324589
Selected for new population:
[-1.01139754e-01 -3.00672458e-12 -2.83705439e-13  3.24339216e-11 -3.01052564e-10 -6.82536599e-16  8.75838287e-16  2.97631307e-05 -1.54337308e-06 -2.40992712e-08  8.53068093e-10]
[-9.38961159e-02 -3.07648343e-12 -2.76666962e-13  3.18483155e-11 -3.02717663e-10 -6.91016100e-16  8.85028470e-16  3.02898721e-05 -1.52775363e-06 -2.43908862e-08  8.51245817e-10]
Selected: [5 2]
&&&&&&&&&&&&&&&&&&&&&&&&
&&TOURNAMENT SELECTION&&
&&&&&&&&&&&&&&&&&&&&&&&&
parents:
[-9.14195530e-02 -2.95183581e-12 -2.81225889e-13  3.24660728e-11 -3.02734658e-10 -6.78122000e-16  8.73866267e-16  2.88924985e-05 -1.57119414e-06 -2.45953094e-08  8.55231620e-10]
[-1.09138478e-01 -3.03095757e-12 -2.82356266e-13  3.19670857e-11 -3.06166636e-10 -6.75828529e-16  8.75200782e-16  2.97833926e-05 -1.52118844e-06 -2.40269834e-08  8.54282210e-10]
children:
[-1.09138478e-01 -3.88723501e-12 -2.74699152e-13  3.24660728e-11 -3.14692366e-10 -6.75828529e-16  8.75200782e-16  2.97833926e-05 -1.57119414e-06 -2.45953094e-08  8.54282210e-10]
[-9.14195530e-02 -3.00323503e-12 -2.81225889e-13  3.19670857e-11 -3.02734658e-10 -6.78122000e-16  8.73866267e-16  2.88924985e-05 -1.52118844e-06 -2.40269834e-08  8.55231620e-10]
Population scores:
[3.90598889e+11 5.69839095e+10]:[-9.14195530e-02 -3.00323503e-12 -2.81225889e-13  3.19670857e-11 -3.02734658e-10 -6.78122000e-16  8.73866267e-16  2.88924985e-05 -1.52118844e-06 -2.40269834e-08  8.55231620e-10]:11.360763368662997
[3.55350535e+11 1.71323474e+11]:[-1.09138478e-01 -3.03095757e-12 -2.82356266e-13  3.19670857e-11 -3.06166636e-10 -6.75828529e-16  8.75200782e-16  2.97833926e-05 -1.52118844e-06 -2.40269834e-08  8.54282210e-10]:11.447885410295061
[7.00170608e+11 3.82667206e+11]:[-1.09138478e-01 -3.88723501e-12 -2.74699152e-13  3.24660728e-11 -3.14692366e-10 -6.75828529e-16  8.75200782e-16  2.97833926e-05 -1.57119414e-06 -2.45953094e-08  8.54282210e-10]:11.763192532767476
[9.37776997e+11 6.76150171e+11]:[-9.14195530e-02 -2.95183581e-12 -2.81225889e-13  3.24660728e-11 -3.02734658e-10 -6.78122000e-16  8.73866267e-16  2.88924985e-05 -1.57119414e-06 -2.45953094e-08  8.55231620e-10]:11.941798846736521
Selected for new population:
[-9.14195530e-02 -3.00323503e-12 -2.81225889e-13  3.19670857e-11 -3.02734658e-10 -6.78122000e-16  8.73866267e-16  2.88924985e-05 -1.52118844e-06 -2.40269834e-08  8.55231620e-10]
[-1.09138478e-01 -3.03095757e-12 -2.82356266e-13  3.19670857e-11 -3.06166636e-10 -6.75828529e-16  8.75200782e-16  2.97833926e-05 -1.52118844e-06 -2.40269834e-08  8.54282210e-10]
Selected: [1 2]
&&&&&&&&&&&&&&&&&&&&&&&&
&&TOURNAMENT SELECTION&&
&&&&&&&&&&&&&&&&&&&&&&&&
parents:
[-9.38961159e-02 -3.07648343e-12 -2.76666962e-13  3.18483155e-11 -3.02717663e-10 -6.91016100e-16  8.85028470e-16  3.02898721e-05 -1.52775363e-06 -2.43908862e-08  8.51245817e-10]
[-1.09138478e-01 -3.03095757e-12 -2.82356266e-13  3.19670857e-11 -3.06166636e-10 -6.75828529e-16  8.75200782e-16  2.97833926e-05 -1.52118844e-06 -2.40269834e-08  8.54282210e-10]
children:
[-1.09138478e-01 -3.03095757e-12 -2.76666962e-13  3.19670857e-11 -3.02717663e-10 -6.65961566e-16  8.85028470e-16  2.97833926e-05 -1.52775363e-06 -2.40269834e-08  8.54282210e-10]
[-9.38961159e-02 -3.07648343e-12 -2.82356266e-13  3.18483155e-11 -3.06166636e-10 -6.81331367e-16  8.75200782e-16  3.02898721e-05 -1.52118844e-06 -2.43908862e-08  8.51245817e-10]
Population scores:
[3.51845660e+11 3.88567581e+10]:[-9.38961159e-02 -3.07648343e-12 -2.76666962e-13  3.18483155e-11 -3.02717663e-10 -6.91016100e-16  8.85028470e-16  3.02898721e-05 -1.52775363e-06 -2.43908862e-08  8.51245817e-10]:11.299369742722318
[3.49269048e+11 6.64225486e+10]:[-9.38961159e-02 -3.07648343e-12 -2.82356266e-13  3.18483155e-11 -3.06166636e-10 -6.81331367e-16  8.75200782e-16  3.02898721e-05 -1.52118844e-06 -2.43908862e-08  8.51245817e-10]:11.33140310701877
[3.40857461e+11 1.18020891e+11]:[-1.09138478e-01 -3.03095757e-12 -2.76666962e-13  3.19670857e-11 -3.02717663e-10 -6.65961566e-16  8.85028470e-16  2.97833926e-05 -1.52775363e-06 -2.40269834e-08  8.54282210e-10]:11.382451597700294
[3.55350535e+11 1.71323474e+11]:[-1.09138478e-01 -3.03095757e-12 -2.82356266e-13  3.19670857e-11 -3.06166636e-10 -6.75828529e-16  8.75200782e-16  2.97833926e-05 -1.52118844e-06 -2.40269834e-08  8.54282210e-10]:11.447885410295061
Selected for new population:
[-9.38961159e-02 -3.07648343e-12 -2.76666962e-13  3.18483155e-11 -3.02717663e-10 -6.91016100e-16  8.85028470e-16  3.02898721e-05 -1.52775363e-06 -2.43908862e-08  8.51245817e-10]
[-9.38961159e-02 -3.07648343e-12 -2.82356266e-13  3.18483155e-11 -3.06166636e-10 -6.81331367e-16  8.75200782e-16  3.02898721e-05 -1.52118844e-06 -2.43908862e-08  8.51245817e-10]
Population scores:
[3.57659099e+11 2.64346692e+10]:[-1.01139754e-01 -3.00672458e-12 -2.83705439e-13  3.24339216e-11 -3.01052564e-10 -6.82536599e-16  8.75838287e-16  2.97631307e-05 -1.54337308e-06 -2.40992712e-08  8.53068093e-10]:11.289344428573365
[3.51845660e+11 3.88567581e+10]:[-9.38961159e-02 -3.07648343e-12 -2.76666962e-13  3.18483155e-11 -3.02717663e-10 -6.91016100e-16  8.85028470e-16  3.02898721e-05 -1.52775363e-06 -2.43908862e-08  8.51245817e-10]:11.299369742722318
[3.49269048e+11 6.64225486e+10]:[-9.38961159e-02 -3.07648343e-12 -2.82356266e-13  3.18483155e-11 -3.06166636e-10 -6.81331367e-16  8.75200782e-16  3.02898721e-05 -1.52118844e-06 -2.43908862e-08  8.51245817e-10]:11.33140310701877
[3.90598889e+11 5.69839095e+10]:[-9.14195530e-02 -3.00323503e-12 -2.81225889e-13  3.19670857e-11 -3.02734658e-10 -6.78122000e-16  8.73866267e-16  2.88924985e-05 -1.52118844e-06 -2.40269834e-08  8.55231620e-10]:11.360763368662997
[4.14222091e+11 3.83902097e+10]:[-1.09138478e-01 -3.00672458e-12 -2.82356266e-13  3.19670857e-11 -3.06166636e-10 -6.75828529e-16  9.54289851e-16  2.91314981e-05 -1.54337308e-06 -2.40269834e-08  8.53068093e-10]:11.362001867495065
[3.55350535e+11 1.71323474e+11]:[-1.09138478e-01 -3.03095757e-12 -2.82356266e-13  3.19670857e-11 -3.06166636e-10 -6.75828529e-16  8.75200782e-16  2.97833926e-05 -1.52118844e-06 -2.40269834e-08  8.54282210e-10]:11.447885410295061
[5.37053550e+11 2.42431003e+11]:[-9.30435928e-02 -2.96336044e-12 -2.82705842e-13  3.24715119e-11 -2.94094782e-10 -6.90469517e-16  8.69484554e-16  2.88093198e-05 -1.45413912e-06 -2.45891457e-08  8.48887269e-10]:11.616985001138955
[6.65966447e+11 1.96391760e+11]:[-1.10420507e-01 -2.92821017e-12 -2.87869215e-13  3.21969579e-11 -2.92990469e-10 -6.86796866e-16  8.84677661e-16  2.89745973e-05 -1.53645164e-06 -2.49647365e-08  8.60768571e-10]:11.654001517558818
[9.37776997e+11 6.76150171e+11]:[-9.14195530e-02 -2.95183581e-12 -2.81225889e-13  3.24660728e-11 -3.02734658e-10 -6.78122000e-16  8.73866267e-16  2.88924985e-05 -1.57119414e-06 -2.45953094e-08  8.55231620e-10]:11.941798846736521
[1.43268941e+12 9.34324023e+11]:[-6.07988007e-02 -2.83036451e-12 -2.36753986e-13  2.62144885e-11 -3.99403328e-10 -7.66156782e-16  9.39597136e-16  3.63842279e-05 -1.51441079e-06 -3.09723919e-08  8.92602519e-10]:12.1061701913678
[4.87674670e+12 9.70881657e+12]:[-2.21628353e-02 -2.83898023e-12 -3.00613798e-13  3.32804243e-11 -3.82410854e-10 -6.14882539e-16  8.33882705e-16  3.22853284e-05 -1.34446910e-06 -2.60330608e-08  8.89225981e-10]:12.917172613234381
[5.39419814e+12 1.04901150e+13]:[-8.40854640e-02 -2.97539422e-12 -3.64542280e-13  2.39432715e-11 -2.57235664e-10 -6.76294035e-16  8.44916641e-16  2.35325980e-05 -1.23549787e-06 -2.11052683e-08  8.23913274e-10]:12.953816116839471
[5.73181029e+13 1.05616017e+14]:[-8.12565395e-02 -3.55956427e-12 -3.04715500e-13  2.56610284e-11 -3.05724522e-10 -6.05158908e-16  8.55623154e-16  3.42105294e-05 -2.47545560e-06 -2.18869455e-08  8.17035338e-10]:13.96392310495768
*******************************
***iteration: 1 Population is***
*******************************
Population scores:
[3.57659099e+11 2.64346692e+10]:[-1.01139754e-01 -3.00672458e-12 -2.83705439e-13  3.24339216e-11 -3.01052564e-10 -6.82536599e-16  8.75838287e-16  2.97631307e-05 -1.54337308e-06 -2.40992712e-08  8.53068093e-10]:11.289344428573365
[3.51845660e+11 3.88567581e+10]:[-9.38961159e-02 -3.07648343e-12 -2.76666962e-13  3.18483155e-11 -3.02717663e-10 -6.91016100e-16  8.85028470e-16  3.02898721e-05 -1.52775363e-06 -2.43908862e-08  8.51245817e-10]:11.299369742722318
[3.49269048e+11 6.64225486e+10]:[-9.38961159e-02 -3.07648343e-12 -2.82356266e-13  3.18483155e-11 -3.06166636e-10 -6.81331367e-16  8.75200782e-16  3.02898721e-05 -1.52118844e-06 -2.43908862e-08  8.51245817e-10]:11.33140310701877
[3.90598889e+11 5.69839095e+10]:[-9.14195530e-02 -3.00323503e-12 -2.81225889e-13  3.19670857e-11 -3.02734658e-10 -6.78122000e-16  8.73866267e-16  2.88924985e-05 -1.52118844e-06 -2.40269834e-08  8.55231620e-10]:11.360763368662997
[4.14222091e+11 3.83902097e+10]:[-1.09138478e-01 -3.00672458e-12 -2.82356266e-13  3.19670857e-11 -3.06166636e-10 -6.75828529e-16  9.54289851e-16  2.91314981e-05 -1.54337308e-06 -2.40269834e-08  8.53068093e-10]:11.362001867495065
[3.55350535e+11 1.71323474e+11]:[-1.09138478e-01 -3.03095757e-12 -2.82356266e-13  3.19670857e-11 -3.06166636e-10 -6.75828529e-16  8.75200782e-16  2.97833926e-05 -1.52118844e-06 -2.40269834e-08  8.54282210e-10]:11.447885410295061
[5.37053550e+11 2.42431003e+11]:[-9.30435928e-02 -2.96336044e-12 -2.82705842e-13  3.24715119e-11 -2.94094782e-10 -6.90469517e-16  8.69484554e-16  2.88093198e-05 -1.45413912e-06 -2.45891457e-08  8.48887269e-10]:11.616985001138955
[6.65966447e+11 1.96391760e+11]:[-1.10420507e-01 -2.92821017e-12 -2.87869215e-13  3.21969579e-11 -2.92990469e-10 -6.86796866e-16  8.84677661e-16  2.89745973e-05 -1.53645164e-06 -2.49647365e-08  8.60768571e-10]:11.654001517558818
[9.37776997e+11 6.76150171e+11]:[-9.14195530e-02 -2.95183581e-12 -2.81225889e-13  3.24660728e-11 -3.02734658e-10 -6.78122000e-16  8.73866267e-16  2.88924985e-05 -1.57119414e-06 -2.45953094e-08  8.55231620e-10]:11.941798846736521
[1.43268941e+12 9.34324023e+11]:[-6.07988007e-02 -2.83036451e-12 -2.36753986e-13  2.62144885e-11 -3.99403328e-10 -7.66156782e-16  9.39597136e-16  3.63842279e-05 -1.51441079e-06 -3.09723919e-08  8.92602519e-10]:12.1061701913678
Selected: [5 0]
&&&&&&&&&&&&&&&&&&&&&&&&
&&TOURNAMENT SELECTION&&
&&&&&&&&&&&&&&&&&&&&&&&&
parents:
[-1.09138478e-01 -3.03095757e-12 -2.82356266e-13  3.19670857e-11 -3.06166636e-10 -6.75828529e-16  8.75200782e-16  2.97833926e-05 -1.52118844e-06 -2.40269834e-08  8.54282210e-10]
[-1.01139754e-01 -3.00672458e-12 -2.83705439e-13  3.24339216e-11 -3.01052564e-10 -6.82536599e-16  8.75838287e-16  2.97631307e-05 -1.54337308e-06 -2.40992712e-08  8.53068093e-10]
children:
[-1.01139754e-01 -3.03095757e-12 -2.83705439e-13  3.24339216e-11 -3.06166636e-10 -6.75828529e-16  8.75200782e-16  2.97631307e-05 -1.54337308e-06 -2.40992712e-08  8.54282210e-10]
[-1.09138478e-01 -3.00672458e-12 -2.82356266e-13  3.19670857e-11 -3.01052564e-10 -6.82536599e-16  8.75838287e-16  3.84222046e-05 -1.52118844e-06 -2.40269834e-08  8.53068093e-10]
Population scores:
[3.49341669e+11 2.89006419e+10]:[-1.01139754e-01 -3.03095757e-12 -2.83705439e-13  3.24339216e-11 -3.06166636e-10 -6.75828529e-16  8.75200782e-16  2.97631307e-05 -1.54337308e-06 -2.40992712e-08  8.54282210e-10]:11.283326606528833
[3.57659099e+11 2.64346692e+10]:[-1.01139754e-01 -3.00672458e-12 -2.83705439e-13  3.24339216e-11 -3.01052564e-10 -6.82536599e-16  8.75838287e-16  2.97631307e-05 -1.54337308e-06 -2.40992712e-08  8.53068093e-10]:11.289344428573365
[3.55350535e+11 1.71323474e+11]:[-1.09138478e-01 -3.03095757e-12 -2.82356266e-13  3.19670857e-11 -3.06166636e-10 -6.75828529e-16  8.75200782e-16  2.97833926e-05 -1.52118844e-06 -2.40269834e-08  8.54282210e-10]:11.447885410295061
[2.84578578e+12 6.90815185e+12]:[-1.09138478e-01 -3.00672458e-12 -2.82356266e-13  3.19670857e-11 -3.01052564e-10 -6.82536599e-16  8.75838287e-16  3.84222046e-05 -1.52118844e-06 -2.40269834e-08  8.53068093e-10]:12.74568237842354
Selected for new population:
[-1.01139754e-01 -3.03095757e-12 -2.83705439e-13  3.24339216e-11 -3.06166636e-10 -6.75828529e-16  8.75200782e-16  2.97631307e-05 -1.54337308e-06 -2.40992712e-08  8.54282210e-10]
[-1.01139754e-01 -3.00672458e-12 -2.83705439e-13  3.24339216e-11 -3.01052564e-10 -6.82536599e-16  8.75838287e-16  2.97631307e-05 -1.54337308e-06 -2.40992712e-08  8.53068093e-10]
Selected: [1 0]
&&&&&&&&&&&&&&&&&&&&&&&&
&&TOURNAMENT SELECTION&&
&&&&&&&&&&&&&&&&&&&&&&&&
parents:
[-9.38961159e-02 -3.07648343e-12 -2.76666962e-13  3.18483155e-11 -3.02717663e-10 -6.91016100e-16  8.85028470e-16  3.02898721e-05 -1.52775363e-06 -2.43908862e-08  8.51245817e-10]
[-1.01139754e-01 -3.00672458e-12 -2.83705439e-13  3.24339216e-11 -3.01052564e-10 -6.82536599e-16  8.75838287e-16  2.97631307e-05 -1.54337308e-06 -2.40992712e-08  8.53068093e-10]
children:
[-1.01139754e-01 -3.00672458e-12 -2.76666962e-13  3.18483155e-11 -3.01052564e-10 -6.82536599e-16  8.75838287e-16  2.95348665e-05 -1.52775363e-06 -1.50301970e-08  8.53068093e-10]
[-1.01729962e-01 -3.07648343e-12 -2.83705439e-13  3.24339216e-11 -3.08111440e-10 -6.91016100e-16  8.85028470e-16  3.02898721e-05 -1.44671023e-06 -2.43908862e-08  8.51245817e-10]
Population scores:
[3.57659099e+11 2.64346692e+10]:[-1.01139754e-01 -3.00672458e-12 -2.83705439e-13  3.24339216e-11 -3.01052564e-10 -6.82536599e-16  8.75838287e-16  2.97631307e-05 -1.54337308e-06 -2.40992712e-08  8.53068093e-10]:11.289344428573365
[3.51845660e+11 3.88567581e+10]:[-9.38961159e-02 -3.07648343e-12 -2.76666962e-13  3.18483155e-11 -3.02717663e-10 -6.91016100e-16  8.85028470e-16  3.02898721e-05 -1.52775363e-06 -2.43908862e-08  8.51245817e-10]:11.299369742722318
[8.28812123e+11 1.32304938e+12]:[-1.01729962e-01 -3.07648343e-12 -2.83705439e-13  3.24339216e-11 -3.08111440e-10 -6.91016100e-16  8.85028470e-16  3.02898721e-05 -1.44671023e-06 -2.43908862e-08  8.51245817e-10]:12.08215165977913
[1.49991248e+13 3.21126149e+13]:[-1.01139754e-01 -3.00672458e-12 -2.76666962e-13  3.18483155e-11 -3.01052564e-10 -6.82536599e-16  8.75838287e-16  2.95348665e-05 -1.52775363e-06 -1.50301970e-08  8.53068093e-10]:13.42760182989015
Selected for new population:
[-1.01139754e-01 -3.00672458e-12 -2.83705439e-13  3.24339216e-11 -3.01052564e-10 -6.82536599e-16  8.75838287e-16  2.97631307e-05 -1.54337308e-06 -2.40992712e-08  8.53068093e-10]
[-9.38961159e-02 -3.07648343e-12 -2.76666962e-13  3.18483155e-11 -3.02717663e-10 -6.91016100e-16  8.85028470e-16  3.02898721e-05 -1.52775363e-06 -2.43908862e-08  8.51245817e-10]
Selected: [2 3]
&&&&&&&&&&&&&&&&&&&&&&&&
&&TOURNAMENT SELECTION&&
&&&&&&&&&&&&&&&&&&&&&&&&
parents:
[-9.38961159e-02 -3.07648343e-12 -2.82356266e-13  3.18483155e-11 -3.06166636e-10 -6.81331367e-16  8.75200782e-16  3.02898721e-05 -1.52118844e-06 -2.43908862e-08  8.51245817e-10]
[-9.14195530e-02 -3.00323503e-12 -2.81225889e-13  3.19670857e-11 -3.02734658e-10 -6.78122000e-16  8.73866267e-16  2.88924985e-05 -1.52118844e-06 -2.40269834e-08  8.55231620e-10]
children:
[-9.14195530e-02 -3.00323503e-12 -2.82356266e-13  3.19670857e-11 -3.06166636e-10 -6.81331367e-16  8.73866267e-16  2.88924985e-05 -1.52118844e-06 -2.43908862e-08  8.51245817e-10]
[-9.29370140e-02 -3.07648343e-12 -2.78158646e-13  3.18483155e-11 -3.02734658e-10 -6.97855025e-16  8.75200782e-16  3.02898721e-05 -1.52118844e-06 -2.40269834e-08  8.55231620e-10]
Population scores:
[3.49269048e+11 6.64225486e+10]:[-9.38961159e-02 -3.07648343e-12 -2.82356266e-13  3.18483155e-11 -3.06166636e-10 -6.81331367e-16  8.75200782e-16  3.02898721e-05 -1.52118844e-06 -2.43908862e-08  8.51245817e-10]:11.33140310701877
[3.90598889e+11 5.69839095e+10]:[-9.14195530e-02 -3.00323503e-12 -2.81225889e-13  3.19670857e-11 -3.02734658e-10 -6.78122000e-16  8.73866267e-16  2.88924985e-05 -1.52118844e-06 -2.40269834e-08  8.55231620e-10]:11.360763368662997
[4.9953557e+11 5.4346330e+10]:[-9.14195530e-02 -3.00323503e-12 -2.82356266e-13  3.19670857e-11 -3.06166636e-10 -6.81331367e-16  8.73866267e-16  2.88924985e-05 -1.52118844e-06 -2.43908862e-08  8.51245817e-10]:11.4508271408454
[3.64748713e+11 3.07838307e+11]:[-9.29370140e-02 -3.07648343e-12 -2.78158646e-13  3.18483155e-11 -3.02734658e-10 -6.97855025e-16  8.75200782e-16  3.02898721e-05 -1.52118844e-06 -2.40269834e-08  8.55231620e-10]:11.564757577113879
Selected for new population:
[-9.38961159e-02 -3.07648343e-12 -2.82356266e-13  3.18483155e-11 -3.06166636e-10 -6.81331367e-16  8.75200782e-16  3.02898721e-05 -1.52118844e-06 -2.43908862e-08  8.51245817e-10]
[-9.14195530e-02 -3.00323503e-12 -2.81225889e-13  3.19670857e-11 -3.02734658e-10 -6.78122000e-16  8.73866267e-16  2.88924985e-05 -1.52118844e-06 -2.40269834e-08  8.55231620e-10]
Selected: [0 2]
&&&&&&&&&&&&&&&&&&&&&&&&
&&TOURNAMENT SELECTION&&
&&&&&&&&&&&&&&&&&&&&&&&&
parents:
[-1.01139754e-01 -3.00672458e-12 -2.83705439e-13  3.24339216e-11 -3.01052564e-10 -6.82536599e-16  8.75838287e-16  2.97631307e-05 -1.54337308e-06 -2.40992712e-08  8.53068093e-10]
[-9.38961159e-02 -3.07648343e-12 -2.82356266e-13  3.18483155e-11 -3.06166636e-10 -6.81331367e-16  8.75200782e-16  3.02898721e-05 -1.52118844e-06 -2.43908862e-08  8.51245817e-10]
children:
[-1.01139754e-01 -3.00672458e-12 -2.82356266e-13  3.24339216e-11 -3.06166636e-10 -6.81331367e-16  8.70610543e-16  3.02898721e-05 -1.52118844e-06 -2.43908862e-08  9.15135259e-10]
[-9.38961159e-02 -3.07648343e-12 -2.83705439e-13  3.23169382e-11 -3.01052564e-10 -6.82536599e-16  8.75180890e-16  2.92077473e-05 -1.54337308e-06 -2.40992712e-08  8.53054520e-10]
Population scores:
[3.57659099e+11 2.64346692e+10]:[-1.01139754e-01 -3.00672458e-12 -2.83705439e-13  3.24339216e-11 -3.01052564e-10 -6.82536599e-16  8.75838287e-16  2.97631307e-05 -1.54337308e-06 -2.40992712e-08  8.53068093e-10]:11.289344428573365
[3.49269048e+11 6.64225486e+10]:[-9.38961159e-02 -3.07648343e-12 -2.82356266e-13  3.18483155e-11 -3.06166636e-10 -6.81331367e-16  8.75200782e-16  3.02898721e-05 -1.52118844e-06 -2.43908862e-08  8.51245817e-10]:11.33140310701877
[4.27442248e+11 4.50215894e+10]:[-9.38961159e-02 -3.07648343e-12 -2.83705439e-13  3.23169382e-11 -3.01052564e-10 -6.82536599e-16  8.75180890e-16  2.92077473e-05 -1.54337308e-06 -2.40992712e-08  8.53054520e-10]:11.381537572166726
[2.15655557e+12 4.32492486e+12]:[-1.01139754e-01 -3.00672458e-12 -2.82356266e-13  3.24339216e-11 -3.06166636e-10 -6.81331367e-16  8.70610543e-16  3.02898721e-05 -1.52118844e-06 -2.43908862e-08  9.15135259e-10]:12.565048441894
Selected for new population:
[-1.01139754e-01 -3.00672458e-12 -2.83705439e-13  3.24339216e-11 -3.01052564e-10 -6.82536599e-16  8.75838287e-16  2.97631307e-05 -1.54337308e-06 -2.40992712e-08  8.53068093e-10]
[-9.38961159e-02 -3.07648343e-12 -2.82356266e-13  3.18483155e-11 -3.06166636e-10 -6.81331367e-16  8.75200782e-16  3.02898721e-05 -1.52118844e-06 -2.43908862e-08  8.51245817e-10]
Selected: [6 2]
&&&&&&&&&&&&&&&&&&&&&&&&
&&TOURNAMENT SELECTION&&
&&&&&&&&&&&&&&&&&&&&&&&&
parents:
[-9.30435928e-02 -2.96336044e-12 -2.82705842e-13  3.24715119e-11 -2.94094782e-10 -6.90469517e-16  8.69484554e-16  2.88093198e-05 -1.45413912e-06 -2.45891457e-08  8.48887269e-10]
[-9.38961159e-02 -3.07648343e-12 -2.82356266e-13  3.18483155e-11 -3.06166636e-10 -6.81331367e-16  8.75200782e-16  3.02898721e-05 -1.52118844e-06 -2.43908862e-08  8.51245817e-10]
children:
[-9.38961159e-02 -3.07648343e-12 -2.82356266e-13  3.24715119e-11 -3.06166636e-10 -6.81331367e-16  8.75200782e-16  3.02898721e-05 -1.95910483e-06 -2.35171541e-08  8.48887269e-10]
[-9.73345508e-02 -2.96336044e-12 -2.82705842e-13  2.40442822e-11 -2.94094782e-10 -6.90469517e-16  8.69484554e-16  2.88093198e-05 -1.48485888e-06 -2.45891457e-08  8.51245817e-10]
Population scores:
[3.49269048e+11 6.64225486e+10]:[-9.38961159e-02 -3.07648343e-12 -2.82356266e-13  3.18483155e-11 -3.06166636e-10 -6.81331367e-16  8.75200782e-16  3.02898721e-05 -1.52118844e-06 -2.43908862e-08  8.51245817e-10]:11.33140310701877
[4.82208388e+11 4.74539887e+10]:[-9.73345508e-02 -2.96336044e-12 -2.82705842e-13  2.40442822e-11 -2.94094782e-10 -6.90469517e-16  8.69484554e-16  2.88093198e-05 -1.48485888e-06 -2.45891457e-08  8.51245817e-10]:11.430682170874555
[5.37053550e+11 2.42431003e+11]:[-9.30435928e-02 -2.96336044e-12 -2.82705842e-13  3.24715119e-11 -2.94094782e-10 -6.90469517e-16  8.69484554e-16  2.88093198e-05 -1.45413912e-06 -2.45891457e-08  8.48887269e-10]:11.616985001138955
[1.34829603e+13 2.38155719e+13]:[-9.38961159e-02 -3.07648343e-12 -2.82356266e-13  3.24715119e-11 -3.06166636e-10 -6.81331367e-16  8.75200782e-16  3.02898721e-05 -1.95910483e-06 -2.35171541e-08  8.48887269e-10]:13.322856274149553
Selected for new population:
[-9.38961159e-02 -3.07648343e-12 -2.82356266e-13  3.18483155e-11 -3.06166636e-10 -6.81331367e-16  8.75200782e-16  3.02898721e-05 -1.52118844e-06 -2.43908862e-08  8.51245817e-10]
[-9.73345508e-02 -2.96336044e-12 -2.82705842e-13  2.40442822e-11 -2.94094782e-10 -6.90469517e-16  8.69484554e-16  2.88093198e-05 -1.48485888e-06 -2.45891457e-08  8.51245817e-10]
Population scores:
[3.49341669e+11 2.89006419e+10]:[-1.01139754e-01 -3.03095757e-12 -2.83705439e-13  3.24339216e-11 -3.06166636e-10 -6.75828529e-16  8.75200782e-16  2.97631307e-05 -1.54337308e-06 -2.40992712e-08  8.54282210e-10]:11.283326606528833
[3.57659099e+11 2.64346692e+10]:[-1.01139754e-01 -3.00672458e-12 -2.83705439e-13  3.24339216e-11 -3.01052564e-10 -6.82536599e-16  8.75838287e-16  2.97631307e-05 -1.54337308e-06 -2.40992712e-08  8.53068093e-10]:11.289344428573365
[3.51845660e+11 3.88567581e+10]:[-9.38961159e-02 -3.07648343e-12 -2.76666962e-13  3.18483155e-11 -3.02717663e-10 -6.91016100e-16  8.85028470e-16  3.02898721e-05 -1.52775363e-06 -2.43908862e-08  8.51245817e-10]:11.299369742722318
[3.49269048e+11 6.64225486e+10]:[-9.38961159e-02 -3.07648343e-12 -2.82356266e-13  3.18483155e-11 -3.06166636e-10 -6.81331367e-16  8.75200782e-16  3.02898721e-05 -1.52118844e-06 -2.43908862e-08  8.51245817e-10]:11.33140310701877
[3.90598889e+11 5.69839095e+10]:[-9.14195530e-02 -3.00323503e-12 -2.81225889e-13  3.19670857e-11 -3.02734658e-10 -6.78122000e-16  8.73866267e-16  2.88924985e-05 -1.52118844e-06 -2.40269834e-08  8.55231620e-10]:11.360763368662997
[4.14222091e+11 3.83902097e+10]:[-1.09138478e-01 -3.00672458e-12 -2.82356266e-13  3.19670857e-11 -3.06166636e-10 -6.75828529e-16  9.54289851e-16  2.91314981e-05 -1.54337308e-06 -2.40269834e-08  8.53068093e-10]:11.362001867495065
[4.82208388e+11 4.74539887e+10]:[-9.73345508e-02 -2.96336044e-12 -2.82705842e-13  2.40442822e-11 -2.94094782e-10 -6.90469517e-16  8.69484554e-16  2.88093198e-05 -1.48485888e-06 -2.45891457e-08  8.51245817e-10]:11.430682170874555
[3.55350535e+11 1.71323474e+11]:[-1.09138478e-01 -3.03095757e-12 -2.82356266e-13  3.19670857e-11 -3.06166636e-10 -6.75828529e-16  8.75200782e-16  2.97833926e-05 -1.52118844e-06 -2.40269834e-08  8.54282210e-10]:11.447885410295061
[5.37053550e+11 2.42431003e+11]:[-9.30435928e-02 -2.96336044e-12 -2.82705842e-13  3.24715119e-11 -2.94094782e-10 -6.90469517e-16  8.69484554e-16  2.88093198e-05 -1.45413912e-06 -2.45891457e-08  8.48887269e-10]:11.616985001138955
[6.65966447e+11 1.96391760e+11]:[-1.10420507e-01 -2.92821017e-12 -2.87869215e-13  3.21969579e-11 -2.92990469e-10 -6.86796866e-16  8.84677661e-16  2.89745973e-05 -1.53645164e-06 -2.49647365e-08  8.60768571e-10]:11.654001517558818
[9.37776997e+11 6.76150171e+11]:[-9.14195530e-02 -2.95183581e-12 -2.81225889e-13  3.24660728e-11 -3.02734658e-10 -6.78122000e-16  8.73866267e-16  2.88924985e-05 -1.57119414e-06 -2.45953094e-08  8.55231620e-10]:11.941798846736521
[1.43268941e+12 9.34324023e+11]:[-6.07988007e-02 -2.83036451e-12 -2.36753986e-13  2.62144885e-11 -3.99403328e-10 -7.66156782e-16  9.39597136e-16  3.63842279e-05 -1.51441079e-06 -3.09723919e-08  8.92602519e-10]:12.1061701913678
*******************************
***iteration: 2 Population is***
*******************************
Population scores:
[3.49341669e+11 2.89006419e+10]:[-1.01139754e-01 -3.03095757e-12 -2.83705439e-13  3.24339216e-11 -3.06166636e-10 -6.75828529e-16  8.75200782e-16  2.97631307e-05 -1.54337308e-06 -2.40992712e-08  8.54282210e-10]:11.283326606528833
[3.57659099e+11 2.64346692e+10]:[-1.01139754e-01 -3.00672458e-12 -2.83705439e-13  3.24339216e-11 -3.01052564e-10 -6.82536599e-16  8.75838287e-16  2.97631307e-05 -1.54337308e-06 -2.40992712e-08  8.53068093e-10]:11.289344428573365
[3.51845660e+11 3.88567581e+10]:[-9.38961159e-02 -3.07648343e-12 -2.76666962e-13  3.18483155e-11 -3.02717663e-10 -6.91016100e-16  8.85028470e-16  3.02898721e-05 -1.52775363e-06 -2.43908862e-08  8.51245817e-10]:11.299369742722318
[3.49269048e+11 6.64225486e+10]:[-9.38961159e-02 -3.07648343e-12 -2.82356266e-13  3.18483155e-11 -3.06166636e-10 -6.81331367e-16  8.75200782e-16  3.02898721e-05 -1.52118844e-06 -2.43908862e-08  8.51245817e-10]:11.33140310701877
[3.90598889e+11 5.69839095e+10]:[-9.14195530e-02 -3.00323503e-12 -2.81225889e-13  3.19670857e-11 -3.02734658e-10 -6.78122000e-16  8.73866267e-16  2.88924985e-05 -1.52118844e-06 -2.40269834e-08  8.55231620e-10]:11.360763368662997
[4.14222091e+11 3.83902097e+10]:[-1.09138478e-01 -3.00672458e-12 -2.82356266e-13  3.19670857e-11 -3.06166636e-10 -6.75828529e-16  9.54289851e-16  2.91314981e-05 -1.54337308e-06 -2.40269834e-08  8.53068093e-10]:11.362001867495065
[4.82208388e+11 4.74539887e+10]:[-9.73345508e-02 -2.96336044e-12 -2.82705842e-13  2.40442822e-11 -2.94094782e-10 -6.90469517e-16  8.69484554e-16  2.88093198e-05 -1.48485888e-06 -2.45891457e-08  8.51245817e-10]:11.430682170874555
[3.55350535e+11 1.71323474e+11]:[-1.09138478e-01 -3.03095757e-12 -2.82356266e-13  3.19670857e-11 -3.06166636e-10 -6.75828529e-16  8.75200782e-16  2.97833926e-05 -1.52118844e-06 -2.40269834e-08  8.54282210e-10]:11.447885410295061
[5.37053550e+11 2.42431003e+11]:[-9.30435928e-02 -2.96336044e-12 -2.82705842e-13  3.24715119e-11 -2.94094782e-10 -6.90469517e-16  8.69484554e-16  2.88093198e-05 -1.45413912e-06 -2.45891457e-08  8.48887269e-10]:11.616985001138955
[6.65966447e+11 1.96391760e+11]:[-1.10420507e-01 -2.92821017e-12 -2.87869215e-13  3.21969579e-11 -2.92990469e-10 -6.86796866e-16  8.84677661e-16  2.89745973e-05 -1.53645164e-06 -2.49647365e-08  8.60768571e-10]:11.654001517558818
Selected: [1 2]
&&&&&&&&&&&&&&&&&&&&&&&&
&&TOURNAMENT SELECTION&&
&&&&&&&&&&&&&&&&&&&&&&&&
parents:
[-1.01139754e-01 -3.00672458e-12 -2.83705439e-13  3.24339216e-11 -3.01052564e-10 -6.82536599e-16  8.75838287e-16  2.97631307e-05 -1.54337308e-06 -2.40992712e-08  8.53068093e-10]
[-9.38961159e-02 -3.07648343e-12 -2.76666962e-13  3.18483155e-11 -3.02717663e-10 -6.91016100e-16  8.85028470e-16  3.02898721e-05 -1.52775363e-06 -2.43908862e-08  8.51245817e-10]
children:
[-1.01139754e-01 -3.28737346e-12 -2.75863899e-13  3.18483155e-11 -3.01052564e-10 -6.91016100e-16  8.85028470e-16  3.02898721e-05 -1.54337308e-06 -2.40992712e-08  8.51245817e-10]
[-9.41427672e-02 -3.00672458e-12 -2.76666962e-13  3.30100126e-11 -3.02717663e-10 -6.82536599e-16  8.97550317e-16  2.97631307e-05 -1.52775363e-06 -2.43908862e-08  8.53068093e-10]
Population scores:
[3.19027874e+11 3.47213762e+10]:[-1.01139754e-01 -3.28737346e-12 -2.75863899e-13  3.18483155e-11 -3.01052564e-10 -6.91016100e-16  8.85028470e-16  3.02898721e-05 -1.54337308e-06 -2.40992712e-08  8.51245817e-10]:11.256108351166409
[3.57659099e+11 2.64346692e+10]:[-1.01139754e-01 -3.00672458e-12 -2.83705439e-13  3.24339216e-11 -3.01052564e-10 -6.82536599e-16  8.75838287e-16  2.97631307e-05 -1.54337308e-06 -2.40992712e-08  8.53068093e-10]:11.289344428573365
[3.51845660e+11 3.88567581e+10]:[-9.38961159e-02 -3.07648343e-12 -2.76666962e-13  3.18483155e-11 -3.02717663e-10 -6.91016100e-16  8.85028470e-16  3.02898721e-05 -1.52775363e-06 -2.43908862e-08  8.51245817e-10]:11.299369742722318
[3.90344610e+11 2.70672442e+10]:[-9.41427672e-02 -3.00672458e-12 -2.76666962e-13  3.30100126e-11 -3.02717663e-10 -6.82536599e-16  8.97550317e-16  2.97631307e-05 -1.52775363e-06 -2.43908862e-08  8.53068093e-10]:11.325130973048832
Selected for new population:
[-1.01139754e-01 -3.28737346e-12 -2.75863899e-13  3.18483155e-11 -3.01052564e-10 -6.91016100e-16  8.85028470e-16  3.02898721e-05 -1.54337308e-06 -2.40992712e-08  8.51245817e-10]
[-1.01139754e-01 -3.00672458e-12 -2.83705439e-13  3.24339216e-11 -3.01052564e-10 -6.82536599e-16  8.75838287e-16  2.97631307e-05 -1.54337308e-06 -2.40992712e-08  8.53068093e-10]
Selected: [3 9]
&&&&&&&&&&&&&&&&&&&&&&&&
&&TOURNAMENT SELECTION&&
&&&&&&&&&&&&&&&&&&&&&&&&
parents:
[-9.38961159e-02 -3.07648343e-12 -2.82356266e-13  3.18483155e-11 -3.06166636e-10 -6.81331367e-16  8.75200782e-16  3.02898721e-05 -1.52118844e-06 -2.43908862e-08  8.51245817e-10]
[-1.10420507e-01 -2.92821017e-12 -2.87869215e-13  3.21969579e-11 -2.92990469e-10 -6.86796866e-16  8.84677661e-16  2.89745973e-05 -1.53645164e-06 -2.49647365e-08  8.60768571e-10]
children:
[-1.10420507e-01 -2.92821017e-12 -2.87869215e-13  3.18483155e-11 -2.92990469e-10 -6.81331367e-16  8.84677661e-16  2.89745973e-05 -1.53645164e-06 -2.43908862e-08  8.60768571e-10]
[-9.45998469e-02 -3.07648343e-12 -2.82356266e-13  3.21969579e-11 -3.06166636e-10 -6.86796866e-16  8.75200782e-16  3.02898721e-05 -1.52118844e-06 -2.49647365e-08  8.51245817e-10]
Population scores:
[3.49269048e+11 6.64225486e+10]:[-9.38961159e-02 -3.07648343e-12 -2.82356266e-13  3.18483155e-11 -3.06166636e-10 -6.81331367e-16  8.75200782e-16  3.02898721e-05 -1.52118844e-06 -2.43908862e-08  8.51245817e-10]:11.33140310701877
[4.47304796e+11 3.11970507e+10]:[-1.10420507e-01 -2.92821017e-12 -2.87869215e-13  3.18483155e-11 -2.92990469e-10 -6.81331367e-16  8.84677661e-16  2.89745973e-05 -1.53645164e-06 -2.43908862e-08  8.60768571e-10]:11.384479989028758
[4.74894606e+11 4.84580453e+10]:[-9.45998469e-02 -3.07648343e-12 -2.82356266e-13  3.21969579e-11 -3.06166636e-10 -6.86796866e-16  8.75200782e-16  3.02898721e-05 -1.52118844e-06 -2.49647365e-08  8.51245817e-10]:11.425733276066754
[6.65966447e+11 1.96391760e+11]:[-1.10420507e-01 -2.92821017e-12 -2.87869215e-13  3.21969579e-11 -2.92990469e-10 -6.86796866e-16  8.84677661e-16  2.89745973e-05 -1.53645164e-06 -2.49647365e-08  8.60768571e-10]:11.654001517558818
Selected for new population:
[-9.38961159e-02 -3.07648343e-12 -2.82356266e-13  3.18483155e-11 -3.06166636e-10 -6.81331367e-16  8.75200782e-16  3.02898721e-05 -1.52118844e-06 -2.43908862e-08  8.51245817e-10]
[-1.10420507e-01 -2.92821017e-12 -2.87869215e-13  3.18483155e-11 -2.92990469e-10 -6.81331367e-16  8.84677661e-16  2.89745973e-05 -1.53645164e-06 -2.43908862e-08  8.60768571e-10]
Selected: [1 3]
&&&&&&&&&&&&&&&&&&&&&&&&
&&TOURNAMENT SELECTION&&
&&&&&&&&&&&&&&&&&&&&&&&&
parents:
[-1.01139754e-01 -3.00672458e-12 -2.83705439e-13  3.24339216e-11 -3.01052564e-10 -6.82536599e-16  8.75838287e-16  2.97631307e-05 -1.54337308e-06 -2.40992712e-08  8.53068093e-10]
[-9.38961159e-02 -3.07648343e-12 -2.82356266e-13  3.18483155e-11 -3.06166636e-10 -6.81331367e-16  8.75200782e-16  3.02898721e-05 -1.52118844e-06 -2.43908862e-08  8.51245817e-10]
children:
[-9.38961159e-02 -3.07648343e-12 -2.82356266e-13  3.18483155e-11 -3.31041931e-10 -6.81463684e-16  9.28647706e-16  3.02898721e-05 -1.52118844e-06 -2.43908862e-08  8.51245817e-10]
[-1.07373893e-01 -3.56806139e-12 -2.83705439e-13  3.24050516e-11 -3.06166636e-10 -6.81331367e-16  8.75838287e-16  2.97631307e-05 -1.54337308e-06 -2.40992712e-08  8.53068093e-10]
Population scores:
[3.57394629e+11 2.64328957e+10]:[-1.07373893e-01 -3.56806139e-12 -2.83705439e-13  3.24050516e-11 -3.06166636e-10 -6.81331367e-16  8.75838287e-16  2.97631307e-05 -1.54337308e-06 -2.40992712e-08  8.53068093e-10]:11.289046976787802
[3.57659099e+11 2.64346692e+10]:[-1.01139754e-01 -3.00672458e-12 -2.83705439e-13  3.24339216e-11 -3.01052564e-10 -6.82536599e-16  8.75838287e-16  2.97631307e-05 -1.54337308e-06 -2.40992712e-08  8.53068093e-10]:11.289344428573365
[3.49280015e+11 6.63972182e+10]:[-9.38961159e-02 -3.07648343e-12 -2.82356266e-13  3.18483155e-11 -3.31041931e-10 -6.81463684e-16  9.28647706e-16  3.02898721e-05 -1.52118844e-06 -2.43908862e-08  8.51245817e-10]:11.331383436238562
[3.49269048e+11 6.64225486e+10]:[-9.38961159e-02 -3.07648343e-12 -2.82356266e-13  3.18483155e-11 -3.06166636e-10 -6.81331367e-16  8.75200782e-16  3.02898721e-05 -1.52118844e-06 -2.43908862e-08  8.51245817e-10]:11.33140310701877
Selected for new population:
[-1.07373893e-01 -3.56806139e-12 -2.83705439e-13  3.24050516e-11 -3.06166636e-10 -6.81331367e-16  8.75838287e-16  2.97631307e-05 -1.54337308e-06 -2.40992712e-08  8.53068093e-10]
[-1.01139754e-01 -3.00672458e-12 -2.83705439e-13  3.24339216e-11 -3.01052564e-10 -6.82536599e-16  8.75838287e-16  2.97631307e-05 -1.54337308e-06 -2.40992712e-08  8.53068093e-10]
Selected: [7 1]
&&&&&&&&&&&&&&&&&&&&&&&&
&&TOURNAMENT SELECTION&&
&&&&&&&&&&&&&&&&&&&&&&&&
parents:
[-1.09138478e-01 -3.03095757e-12 -2.82356266e-13  3.19670857e-11 -3.06166636e-10 -6.75828529e-16  8.75200782e-16  2.97833926e-05 -1.52118844e-06 -2.40269834e-08  8.54282210e-10]
[-1.01139754e-01 -3.00672458e-12 -2.83705439e-13  3.24339216e-11 -3.01052564e-10 -6.82536599e-16  8.75838287e-16  2.97631307e-05 -1.54337308e-06 -2.40992712e-08  8.53068093e-10]
children:
[-1.04167928e-01 -3.00672458e-12 -2.22845409e-13  3.19670857e-11 -3.01052564e-10 -6.75828529e-16  8.75838287e-16  2.97631307e-05 -1.57028668e-06 -2.40992712e-08  8.53068093e-10]
[-1.09138478e-01 -3.03095757e-12 -2.82356266e-13  3.24339216e-11 -3.06166636e-10 -6.82536599e-16  8.75200782e-16  2.97833926e-05 -1.52118844e-06 -2.48433274e-08  7.80558595e-10]
Population scores:
[3.57659099e+11 2.64346692e+10]:[-1.01139754e-01 -3.00672458e-12 -2.83705439e-13  3.24339216e-11 -3.01052564e-10 -6.82536599e-16  8.75838287e-16  2.97631307e-05 -1.54337308e-06 -2.40992712e-08  8.53068093e-10]:11.289344428573365
[3.55350535e+11 1.71323474e+11]:[-1.09138478e-01 -3.03095757e-12 -2.82356266e-13  3.19670857e-11 -3.06166636e-10 -6.75828529e-16  8.75200782e-16  2.97833926e-05 -1.52118844e-06 -2.40269834e-08  8.54282210e-10]:11.447885410295061
[4.69781446e+11 1.32039500e+11]:[-1.04167928e-01 -3.00672458e-12 -2.22845409e-13  3.19670857e-11 -3.01052564e-10 -6.75828529e-16  8.75838287e-16  2.97631307e-05 -1.57028668e-06 -2.40992712e-08  8.53068093e-10]:11.49708787842255
[3.69711254e+12 5.21732646e+12]:[-1.09138478e-01 -3.03095757e-12 -2.82356266e-13  3.24339216e-11 -3.06166636e-10 -6.82536599e-16  8.75200782e-16  2.97833926e-05 -1.52118844e-06 -2.48433274e-08  7.80558595e-10]:12.69713795192922
Selected for new population:
[-1.01139754e-01 -3.00672458e-12 -2.83705439e-13  3.24339216e-11 -3.01052564e-10 -6.82536599e-16  8.75838287e-16  2.97631307e-05 -1.54337308e-06 -2.40992712e-08  8.53068093e-10]
[-1.09138478e-01 -3.03095757e-12 -2.82356266e-13  3.19670857e-11 -3.06166636e-10 -6.75828529e-16  8.75200782e-16  2.97833926e-05 -1.52118844e-06 -2.40269834e-08  8.54282210e-10]
Selected: [5 2]
&&&&&&&&&&&&&&&&&&&&&&&&
&&TOURNAMENT SELECTION&&
&&&&&&&&&&&&&&&&&&&&&&&&
parents:
[-1.09138478e-01 -3.00672458e-12 -2.82356266e-13  3.19670857e-11 -3.06166636e-10 -6.75828529e-16  9.54289851e-16  2.91314981e-05 -1.54337308e-06 -2.40269834e-08  8.53068093e-10]
[-9.38961159e-02 -3.07648343e-12 -2.76666962e-13  3.18483155e-11 -3.02717663e-10 -6.91016100e-16  8.85028470e-16  3.02898721e-05 -1.52775363e-06 -2.43908862e-08  8.51245817e-10]
children:
[-9.38961159e-02 -3.07648343e-12 -2.82356266e-13  3.18483155e-11 -3.02717663e-10 -6.75828529e-16  8.85028470e-16  3.02898721e-05 -1.60725606e-06 -2.43908862e-08  8.53068093e-10]
[-1.09138478e-01 -3.00672458e-12 -1.92083408e-13  3.19670857e-11 -3.06166636e-10 -6.97968066e-16  9.54289851e-16  2.96315571e-05 -1.52775363e-06 -2.40269834e-08  8.51245817e-10]
Population scores:
[3.51845660e+11 3.88567581e+10]:[-9.38961159e-02 -3.07648343e-12 -2.76666962e-13  3.18483155e-11 -3.02717663e-10 -6.91016100e-16  8.85028470e-16  3.02898721e-05 -1.52775363e-06 -2.43908862e-08  8.51245817e-10]:11.299369742722318
[3.49027219e+11 5.12145652e+10]:[-1.09138478e-01 -3.00672458e-12 -1.92083408e-13  3.19670857e-11 -3.06166636e-10 -6.97968066e-16  9.54289851e-16  2.96315571e-05 -1.52775363e-06 -2.40269834e-08  8.51245817e-10]:11.312266975270237
[4.14222091e+11 3.83902097e+10]:[-1.09138478e-01 -3.00672458e-12 -2.82356266e-13  3.19670857e-11 -3.06166636e-10 -6.75828529e-16  9.54289851e-16  2.91314981e-05 -1.54337308e-06 -2.40269834e-08  8.53068093e-10]:11.362001867495065
[8.63994639e+11 7.16622896e+11]:[-9.38961159e-02 -3.07648343e-12 -2.82356266e-13  3.18483155e-11 -3.02717663e-10 -6.75828529e-16  8.85028470e-16  3.02898721e-05 -1.60725606e-06 -2.43908862e-08  8.53068093e-10]:11.935492683551194
Selected for new population:
[-9.38961159e-02 -3.07648343e-12 -2.76666962e-13  3.18483155e-11 -3.02717663e-10 -6.91016100e-16  8.85028470e-16  3.02898721e-05 -1.52775363e-06 -2.43908862e-08  8.51245817e-10]
[-1.09138478e-01 -3.00672458e-12 -1.92083408e-13  3.19670857e-11 -3.06166636e-10 -6.97968066e-16  9.54289851e-16  2.96315571e-05 -1.52775363e-06 -2.40269834e-08  8.51245817e-10]
Population scores:
[3.19027874e+11 3.47213762e+10]:[-1.01139754e-01 -3.28737346e-12 -2.75863899e-13  3.18483155e-11 -3.01052564e-10 -6.91016100e-16  8.85028470e-16  3.02898721e-05 -1.54337308e-06 -2.40992712e-08  8.51245817e-10]:11.256108351166409
[3.49341669e+11 2.89006419e+10]:[-1.01139754e-01 -3.03095757e-12 -2.83705439e-13  3.24339216e-11 -3.06166636e-10 -6.75828529e-16  8.75200782e-16  2.97631307e-05 -1.54337308e-06 -2.40992712e-08  8.54282210e-10]:11.283326606528833
[3.57394629e+11 2.64328957e+10]:[-1.07373893e-01 -3.56806139e-12 -2.83705439e-13  3.24050516e-11 -3.06166636e-10 -6.81331367e-16  8.75838287e-16  2.97631307e-05 -1.54337308e-06 -2.40992712e-08  8.53068093e-10]:11.289046976787802
[3.57659099e+11 2.64346692e+10]:[-1.01139754e-01 -3.00672458e-12 -2.83705439e-13  3.24339216e-11 -3.01052564e-10 -6.82536599e-16  8.75838287e-16  2.97631307e-05 -1.54337308e-06 -2.40992712e-08  8.53068093e-10]:11.289344428573365
[3.51845660e+11 3.88567581e+10]:[-9.38961159e-02 -3.07648343e-12 -2.76666962e-13  3.18483155e-11 -3.02717663e-10 -6.91016100e-16  8.85028470e-16  3.02898721e-05 -1.52775363e-06 -2.43908862e-08  8.51245817e-10]:11.299369742722318
[3.49027219e+11 5.12145652e+10]:[-1.09138478e-01 -3.00672458e-12 -1.92083408e-13  3.19670857e-11 -3.06166636e-10 -6.97968066e-16  9.54289851e-16  2.96315571e-05 -1.52775363e-06 -2.40269834e-08  8.51245817e-10]:11.312266975270237
[3.49269048e+11 6.64225486e+10]:[-9.38961159e-02 -3.07648343e-12 -2.82356266e-13  3.18483155e-11 -3.06166636e-10 -6.81331367e-16  8.75200782e-16  3.02898721e-05 -1.52118844e-06 -2.43908862e-08  8.51245817e-10]:11.33140310701877
[3.90598889e+11 5.69839095e+10]:[-9.14195530e-02 -3.00323503e-12 -2.81225889e-13  3.19670857e-11 -3.02734658e-10 -6.78122000e-16  8.73866267e-16  2.88924985e-05 -1.52118844e-06 -2.40269834e-08  8.55231620e-10]:11.360763368662997
[4.14222091e+11 3.83902097e+10]:[-1.09138478e-01 -3.00672458e-12 -2.82356266e-13  3.19670857e-11 -3.06166636e-10 -6.75828529e-16  9.54289851e-16  2.91314981e-05 -1.54337308e-06 -2.40269834e-08  8.53068093e-10]:11.362001867495065
[4.47304796e+11 3.11970507e+10]:[-1.10420507e-01 -2.92821017e-12 -2.87869215e-13  3.18483155e-11 -2.92990469e-10 -6.81331367e-16  8.84677661e-16  2.89745973e-05 -1.53645164e-06 -2.43908862e-08  8.60768571e-10]:11.384479989028758
[4.82208388e+11 4.74539887e+10]:[-9.73345508e-02 -2.96336044e-12 -2.82705842e-13  2.40442822e-11 -2.94094782e-10 -6.90469517e-16  8.69484554e-16  2.88093198e-05 -1.48485888e-06 -2.45891457e-08  8.51245817e-10]:11.430682170874555
[3.55350535e+11 1.71323474e+11]:[-1.09138478e-01 -3.03095757e-12 -2.82356266e-13  3.19670857e-11 -3.06166636e-10 -6.75828529e-16  8.75200782e-16  2.97833926e-05 -1.52118844e-06 -2.40269834e-08  8.54282210e-10]:11.447885410295061
[5.37053550e+11 2.42431003e+11]:[-9.30435928e-02 -2.96336044e-12 -2.82705842e-13  3.24715119e-11 -2.94094782e-10 -6.90469517e-16  8.69484554e-16  2.88093198e-05 -1.45413912e-06 -2.45891457e-08  8.48887269e-10]:11.616985001138955
[6.65966447e+11 1.96391760e+11]:[-1.10420507e-01 -2.92821017e-12 -2.87869215e-13  3.21969579e-11 -2.92990469e-10 -6.86796866e-16  8.84677661e-16  2.89745973e-05 -1.53645164e-06 -2.49647365e-08  8.60768571e-10]:11.654001517558818
*******************************
***iteration: 3 Population is***
*******************************
Population scores:
[3.19027874e+11 3.47213762e+10]:[-1.01139754e-01 -3.28737346e-12 -2.75863899e-13  3.18483155e-11 -3.01052564e-10 -6.91016100e-16  8.85028470e-16  3.02898721e-05 -1.54337308e-06 -2.40992712e-08  8.51245817e-10]:11.256108351166409
[3.49341669e+11 2.89006419e+10]:[-1.01139754e-01 -3.03095757e-12 -2.83705439e-13  3.24339216e-11 -3.06166636e-10 -6.75828529e-16  8.75200782e-16  2.97631307e-05 -1.54337308e-06 -2.40992712e-08  8.54282210e-10]:11.283326606528833
[3.57394629e+11 2.64328957e+10]:[-1.07373893e-01 -3.56806139e-12 -2.83705439e-13  3.24050516e-11 -3.06166636e-10 -6.81331367e-16  8.75838287e-16  2.97631307e-05 -1.54337308e-06 -2.40992712e-08  8.53068093e-10]:11.289046976787802
[3.57659099e+11 2.64346692e+10]:[-1.01139754e-01 -3.00672458e-12 -2.83705439e-13  3.24339216e-11 -3.01052564e-10 -6.82536599e-16  8.75838287e-16  2.97631307e-05 -1.54337308e-06 -2.40992712e-08  8.53068093e-10]:11.289344428573365
[3.51845660e+11 3.88567581e+10]:[-9.38961159e-02 -3.07648343e-12 -2.76666962e-13  3.18483155e-11 -3.02717663e-10 -6.91016100e-16  8.85028470e-16  3.02898721e-05 -1.52775363e-06 -2.43908862e-08  8.51245817e-10]:11.299369742722318
[3.49027219e+11 5.12145652e+10]:[-1.09138478e-01 -3.00672458e-12 -1.92083408e-13  3.19670857e-11 -3.06166636e-10 -6.97968066e-16  9.54289851e-16  2.96315571e-05 -1.52775363e-06 -2.40269834e-08  8.51245817e-10]:11.312266975270237
[3.49269048e+11 6.64225486e+10]:[-9.38961159e-02 -3.07648343e-12 -2.82356266e-13  3.18483155e-11 -3.06166636e-10 -6.81331367e-16  8.75200782e-16  3.02898721e-05 -1.52118844e-06 -2.43908862e-08  8.51245817e-10]:11.33140310701877
[3.90598889e+11 5.69839095e+10]:[-9.14195530e-02 -3.00323503e-12 -2.81225889e-13  3.19670857e-11 -3.02734658e-10 -6.78122000e-16  8.73866267e-16  2.88924985e-05 -1.52118844e-06 -2.40269834e-08  8.55231620e-10]:11.360763368662997
[4.14222091e+11 3.83902097e+10]:[-1.09138478e-01 -3.00672458e-12 -2.82356266e-13  3.19670857e-11 -3.06166636e-10 -6.75828529e-16  9.54289851e-16  2.91314981e-05 -1.54337308e-06 -2.40269834e-08  8.53068093e-10]:11.362001867495065
[4.47304796e+11 3.11970507e+10]:[-1.10420507e-01 -2.92821017e-12 -2.87869215e-13  3.18483155e-11 -2.92990469e-10 -6.81331367e-16  8.84677661e-16  2.89745973e-05 -1.53645164e-06 -2.43908862e-08  8.60768571e-10]:11.384479989028758
Selected: [4 5]
&&&&&&&&&&&&&&&&&&&&&&&&
&&TOURNAMENT SELECTION&&
&&&&&&&&&&&&&&&&&&&&&&&&
parents:
[-9.38961159e-02 -3.07648343e-12 -2.76666962e-13  3.18483155e-11 -3.02717663e-10 -6.91016100e-16  8.85028470e-16  3.02898721e-05 -1.52775363e-06 -2.43908862e-08  8.51245817e-10]
[-1.09138478e-01 -3.00672458e-12 -1.92083408e-13  3.19670857e-11 -3.06166636e-10 -6.97968066e-16  9.54289851e-16  2.96315571e-05 -1.52775363e-06 -2.40269834e-08  8.51245817e-10]
children:
[-1.09138478e-01 -3.00672458e-12 -2.76666962e-13  3.19670857e-11 -2.90161863e-10 -6.90486427e-16  9.54289851e-16  2.96315571e-05 -1.52775363e-06 -2.40269834e-08  8.87916090e-10]
[-9.38961159e-02 -3.07648343e-12 -1.92083408e-13  3.18483155e-11 -3.02717663e-10 -6.91420500e-16  8.85028470e-16  3.03240537e-05 -1.52775363e-06 -2.43908862e-08  9.13385523e-10]
Population scores:
[3.51845660e+11 3.88567581e+10]:[-9.38961159e-02 -3.07648343e-12 -2.76666962e-13  3.18483155e-11 -3.02717663e-10 -6.91016100e-16  8.85028470e-16  3.02898721e-05 -1.52775363e-06 -2.43908862e-08  8.51245817e-10]:11.299369742722318
[3.49027219e+11 5.12145652e+10]:[-1.09138478e-01 -3.00672458e-12 -1.92083408e-13  3.19670857e-11 -3.06166636e-10 -6.97968066e-16  9.54289851e-16  2.96315571e-05 -1.52775363e-06 -2.40269834e-08  8.51245817e-10]:11.312266975270237
[8.90110782e+11 1.55484088e+12]:[-1.09138478e-01 -3.00672458e-12 -2.76666962e-13  3.19670857e-11 -2.90161863e-10 -6.90486427e-16  9.54289851e-16  2.96315571e-05 -1.52775363e-06 -2.40269834e-08  8.87916090e-10]:12.139236585519017
[1.90195455e+12 3.80032124e+12]:[-9.38961159e-02 -3.07648343e-12 -1.92083408e-13  3.18483155e-11 -3.02717663e-10 -6.91420500e-16  8.85028470e-16  3.03240537e-05 -1.52775363e-06 -2.43908862e-08  9.13385523e-10]:12.509359810961344
Selected for new population:
[-9.38961159e-02 -3.07648343e-12 -2.76666962e-13  3.18483155e-11 -3.02717663e-10 -6.91016100e-16  8.85028470e-16  3.02898721e-05 -1.52775363e-06 -2.43908862e-08  8.51245817e-10]
[-1.09138478e-01 -3.00672458e-12 -1.92083408e-13  3.19670857e-11 -3.06166636e-10 -6.97968066e-16  9.54289851e-16  2.96315571e-05 -1.52775363e-06 -2.40269834e-08  8.51245817e-10]
Selected: [3 1]
&&&&&&&&&&&&&&&&&&&&&&&&
&&TOURNAMENT SELECTION&&
&&&&&&&&&&&&&&&&&&&&&&&&
parents:
[-1.01139754e-01 -3.00672458e-12 -2.83705439e-13  3.24339216e-11 -3.01052564e-10 -6.82536599e-16  8.75838287e-16  2.97631307e-05 -1.54337308e-06 -2.40992712e-08  8.53068093e-10]
[-1.01139754e-01 -3.03095757e-12 -2.83705439e-13  3.24339216e-11 -3.06166636e-10 -6.75828529e-16  8.75200782e-16  2.97631307e-05 -1.54337308e-06 -2.40992712e-08  8.54282210e-10]
children:
[-1.01139754e-01 -3.03840753e-12 -2.83705439e-13  3.24339216e-11 -3.06166636e-10 -6.82536599e-16  8.75200782e-16  2.97631307e-05 -1.54337308e-06 -2.40992712e-08  8.54282210e-10]
[-1.04864162e-01 -3.00672458e-12 -2.83705439e-13  3.24339216e-11 -3.01052564e-10 -6.75828529e-16  8.75838287e-16  2.97631307e-05 -1.54337308e-06 -2.40992712e-08  8.53068093e-10]
Population scores:
[3.49341669e+11 2.89006419e+10]:[-1.01139754e-01 -3.03095757e-12 -2.83705439e-13  3.24339216e-11 -3.06166636e-10 -6.75828529e-16  8.75200782e-16  2.97631307e-05 -1.54337308e-06 -2.40992712e-08  8.54282210e-10]:11.283326606528833
[3.50608573e+11 2.86354154e+10]:[-1.01139754e-01 -3.03840753e-12 -2.83705439e-13  3.24339216e-11 -3.06166636e-10 -6.82536599e-16  8.75200782e-16  2.97631307e-05 -1.54337308e-06 -2.40992712e-08  8.54282210e-10]:11.284398099602184
[3.56200658e+11 2.64385729e+10]:[-1.04864162e-01 -3.00672458e-12 -2.83705439e-13  3.24339216e-11 -3.01052564e-10 -6.75828529e-16  8.75838287e-16  2.97631307e-05 -1.54337308e-06 -2.40992712e-08  8.53068093e-10]:11.287719950811594
[3.57659099e+11 2.64346692e+10]:[-1.01139754e-01 -3.00672458e-12 -2.83705439e-13  3.24339216e-11 -3.01052564e-10 -6.82536599e-16  8.75838287e-16  2.97631307e-05 -1.54337308e-06 -2.40992712e-08  8.53068093e-10]:11.289344428573365
Selected for new population:
[-1.01139754e-01 -3.03095757e-12 -2.83705439e-13  3.24339216e-11 -3.06166636e-10 -6.75828529e-16  8.75200782e-16  2.97631307e-05 -1.54337308e-06 -2.40992712e-08  8.54282210e-10]
[-1.01139754e-01 -3.03840753e-12 -2.83705439e-13  3.24339216e-11 -3.06166636e-10 -6.82536599e-16  8.75200782e-16  2.97631307e-05 -1.54337308e-06 -2.40992712e-08  8.54282210e-10]
Selected: [1 8]
&&&&&&&&&&&&&&&&&&&&&&&&
&&TOURNAMENT SELECTION&&
&&&&&&&&&&&&&&&&&&&&&&&&
parents:
[-1.01139754e-01 -3.03095757e-12 -2.83705439e-13  3.24339216e-11 -3.06166636e-10 -6.75828529e-16  8.75200782e-16  2.97631307e-05 -1.54337308e-06 -2.40992712e-08  8.54282210e-10]
[-1.09138478e-01 -3.00672458e-12 -2.82356266e-13  3.19670857e-11 -3.06166636e-10 -6.75828529e-16  9.54289851e-16  2.91314981e-05 -1.54337308e-06 -2.40269834e-08  8.53068093e-10]
children:
[-1.01139754e-01 -3.00672458e-12 -2.82356266e-13  3.19670857e-11 -3.06166636e-10 -6.75828529e-16  8.75200782e-16  2.97631307e-05 -1.54337308e-06 -2.40269834e-08  8.53068093e-10]
[-1.09138478e-01 -3.03095757e-12 -2.83705439e-13  3.24339216e-11 -3.06166636e-10 -6.75828529e-16  9.58034784e-16  2.32968535e-05 -1.54337308e-06 -2.40992712e-08  8.54282210e-10]
Population scores:
[3.41674561e+11 2.97910614e+10]:[-1.01139754e-01 -3.00672458e-12 -2.82356266e-13  3.19670857e-11 -3.06166636e-10 -6.75828529e-16  8.75200782e-16  2.97631307e-05 -1.54337308e-06 -2.40269834e-08  8.53068093e-10]:11.27579932674394
[3.49341669e+11 2.89006419e+10]:[-1.01139754e-01 -3.03095757e-12 -2.83705439e-13  3.24339216e-11 -3.06166636e-10 -6.75828529e-16  8.75200782e-16  2.97631307e-05 -1.54337308e-06 -2.40992712e-08  8.54282210e-10]:11.283326606528833
[4.14222091e+11 3.83902097e+10]:[-1.09138478e-01 -3.00672458e-12 -2.82356266e-13  3.19670857e-11 -3.06166636e-10 -6.75828529e-16  9.54289851e-16  2.91314981e-05 -1.54337308e-06 -2.40269834e-08  8.53068093e-10]:11.362001867495065
[2.45694718e+12 2.78112860e+12]:[-1.09138478e-01 -3.03095757e-12 -2.83705439e-13  3.24339216e-11 -3.06166636e-10 -6.75828529e-16  9.58034784e-16  2.32968535e-05 -1.54337308e-06 -2.40992712e-08  8.54282210e-10]:12.46197109331588
Selected for new population:
[-1.01139754e-01 -3.00672458e-12 -2.82356266e-13  3.19670857e-11 -3.06166636e-10 -6.75828529e-16  8.75200782e-16  2.97631307e-05 -1.54337308e-06 -2.40269834e-08  8.53068093e-10]
[-1.01139754e-01 -3.03095757e-12 -2.83705439e-13  3.24339216e-11 -3.06166636e-10 -6.75828529e-16  8.75200782e-16  2.97631307e-05 -1.54337308e-06 -2.40992712e-08  8.54282210e-10]
Selected: [8 3]
&&&&&&&&&&&&&&&&&&&&&&&&
&&TOURNAMENT SELECTION&&
&&&&&&&&&&&&&&&&&&&&&&&&
parents:
[-1.09138478e-01 -3.00672458e-12 -2.82356266e-13  3.19670857e-11 -3.06166636e-10 -6.75828529e-16  9.54289851e-16  2.91314981e-05 -1.54337308e-06 -2.40269834e-08  8.53068093e-10]
[-1.01139754e-01 -3.00672458e-12 -2.83705439e-13  3.24339216e-11 -3.01052564e-10 -6.82536599e-16  8.75838287e-16  2.97631307e-05 -1.54337308e-06 -2.40992712e-08  8.53068093e-10]
children:
[-1.01139754e-01 -2.93095239e-12 -2.83705439e-13  3.24339216e-11 -3.01052564e-10 -6.82536599e-16  8.78279529e-16  2.97631307e-05 -1.54337308e-06 -2.40269834e-08  8.53068093e-10]
[-1.09138478e-01 -3.00672458e-12 -2.82356266e-13  3.19670857e-11 -3.06166636e-10 -6.75828529e-16  9.54289851e-16  2.91314981e-05 -1.10860085e-06 -2.40992712e-08  8.53068093e-10]
Population scores:
[3.42901670e+11 2.94689739e+10]:[-1.01139754e-01 -2.93095239e-12 -2.83705439e-13  3.24339216e-11 -3.01052564e-10 -6.82536599e-16  8.78279529e-16  2.97631307e-05 -1.54337308e-06 -2.40269834e-08  8.53068093e-10]:11.276765518379701
[3.57659099e+11 2.64346692e+10]:[-1.01139754e-01 -3.00672458e-12 -2.83705439e-13  3.24339216e-11 -3.01052564e-10 -6.82536599e-16  8.75838287e-16  2.97631307e-05 -1.54337308e-06 -2.40992712e-08  8.53068093e-10]:11.289344428573365
[4.14222091e+11 3.83902097e+10]:[-1.09138478e-01 -3.00672458e-12 -2.82356266e-13  3.19670857e-11 -3.06166636e-10 -6.75828529e-16  9.54289851e-16  2.91314981e-05 -1.54337308e-06 -2.40269834e-08  8.53068093e-10]:11.362001867495065
[1.42822120e+13 2.86460549e+13]:[-1.09138478e-01 -3.00672458e-12 -2.82356266e-13  3.19670857e-11 -3.06166636e-10 -6.75828529e-16  9.54289851e-16  2.91314981e-05 -1.10860085e-06 -2.40992712e-08  8.53068093e-10]:13.386119597772339
Selected for new population:
[-1.01139754e-01 -2.93095239e-12 -2.83705439e-13  3.24339216e-11 -3.01052564e-10 -6.82536599e-16  8.78279529e-16  2.97631307e-05 -1.54337308e-06 -2.40269834e-08  8.53068093e-10]
[-1.01139754e-01 -3.00672458e-12 -2.83705439e-13  3.24339216e-11 -3.01052564e-10 -6.82536599e-16  8.75838287e-16  2.97631307e-05 -1.54337308e-06 -2.40992712e-08  8.53068093e-10]
Selected: [7 9]
&&&&&&&&&&&&&&&&&&&&&&&&
&&TOURNAMENT SELECTION&&
&&&&&&&&&&&&&&&&&&&&&&&&
parents:
[-9.14195530e-02 -3.00323503e-12 -2.81225889e-13  3.19670857e-11 -3.02734658e-10 -6.78122000e-16  8.73866267e-16  2.88924985e-05 -1.52118844e-06 -2.40269834e-08  8.55231620e-10]
[-1.10420507e-01 -2.92821017e-12 -2.87869215e-13  3.18483155e-11 -2.92990469e-10 -6.81331367e-16  8.84677661e-16  2.89745973e-05 -1.53645164e-06 -2.43908862e-08  8.60768571e-10]
children:
[-1.10420507e-01 -2.92821017e-12 -2.87869215e-13  3.19670857e-11 -2.75887633e-10 -6.86415248e-16  8.48322500e-16  2.89745973e-05 -1.53645164e-06 -2.43908862e-08  8.68073222e-10]
[-9.14195530e-02 -3.00323503e-12 -2.81225889e-13  2.50333208e-11 -3.02734658e-10 -6.78122000e-16  8.84677661e-16  2.88924985e-05 -1.59156311e-06 -1.82143568e-08  8.55231620e-10]
Population scores:
[3.90598889e+11 5.69839095e+10]:[-9.14195530e-02 -3.00323503e-12 -2.81225889e-13  3.19670857e-11 -3.02734658e-10 -6.78122000e-16  8.73866267e-16  2.88924985e-05 -1.52118844e-06 -2.40269834e-08  8.55231620e-10]:11.360763368662997
[4.12624890e+11 5.16412729e+10]:[-1.10420507e-01 -2.92821017e-12 -2.87869215e-13  3.19670857e-11 -2.75887633e-10 -6.86415248e-16  8.48322500e-16  2.89745973e-05 -1.53645164e-06 -2.43908862e-08  8.68073222e-10]:11.375292629878178
[4.47304796e+11 3.11970507e+10]:[-1.10420507e-01 -2.92821017e-12 -2.87869215e-13  3.18483155e-11 -2.92990469e-10 -6.81331367e-16  8.84677661e-16  2.89745973e-05 -1.53645164e-06 -2.43908862e-08  8.60768571e-10]:11.384479989028758
[3.43630297e+12 7.97261639e+12]:[-9.14195530e-02 -3.00323503e-12 -2.81225889e-13  2.50333208e-11 -3.02734658e-10 -6.78122000e-16  8.84677661e-16  2.88924985e-05 -1.59156311e-06 -1.82143568e-08  8.55231620e-10]:12.813028350312274
Selected for new population:
[-9.14195530e-02 -3.00323503e-12 -2.81225889e-13  3.19670857e-11 -3.02734658e-10 -6.78122000e-16  8.73866267e-16  2.88924985e-05 -1.52118844e-06 -2.40269834e-08  8.55231620e-10]
[-1.10420507e-01 -2.92821017e-12 -2.87869215e-13  3.19670857e-11 -2.75887633e-10 -6.86415248e-16  8.48322500e-16  2.89745973e-05 -1.53645164e-06 -2.43908862e-08  8.68073222e-10]
Population scores:
[3.19027874e+11 3.47213762e+10]:[-1.01139754e-01 -3.28737346e-12 -2.75863899e-13  3.18483155e-11 -3.01052564e-10 -6.91016100e-16  8.85028470e-16  3.02898721e-05 -1.54337308e-06 -2.40992712e-08  8.51245817e-10]:11.256108351166409
[3.41674561e+11 2.97910614e+10]:[-1.01139754e-01 -3.00672458e-12 -2.82356266e-13  3.19670857e-11 -3.06166636e-10 -6.75828529e-16  8.75200782e-16  2.97631307e-05 -1.54337308e-06 -2.40269834e-08  8.53068093e-10]:11.27579932674394
[3.42901670e+11 2.94689739e+10]:[-1.01139754e-01 -2.93095239e-12 -2.83705439e-13  3.24339216e-11 -3.01052564e-10 -6.82536599e-16  8.78279529e-16  2.97631307e-05 -1.54337308e-06 -2.40269834e-08  8.53068093e-10]:11.276765518379701
[3.49341669e+11 2.89006419e+10]:[-1.01139754e-01 -3.03095757e-12 -2.83705439e-13  3.24339216e-11 -3.06166636e-10 -6.75828529e-16  8.75200782e-16  2.97631307e-05 -1.54337308e-06 -2.40992712e-08  8.54282210e-10]:11.283326606528833
[3.50608573e+11 2.86354154e+10]:[-1.01139754e-01 -3.03840753e-12 -2.83705439e-13  3.24339216e-11 -3.06166636e-10 -6.82536599e-16  8.75200782e-16  2.97631307e-05 -1.54337308e-06 -2.40992712e-08  8.54282210e-10]:11.284398099602184
[3.57394629e+11 2.64328957e+10]:[-1.07373893e-01 -3.56806139e-12 -2.83705439e-13  3.24050516e-11 -3.06166636e-10 -6.81331367e-16  8.75838287e-16  2.97631307e-05 -1.54337308e-06 -2.40992712e-08  8.53068093e-10]:11.289046976787802
[3.57659099e+11 2.64346692e+10]:[-1.01139754e-01 -3.00672458e-12 -2.83705439e-13  3.24339216e-11 -3.01052564e-10 -6.82536599e-16  8.75838287e-16  2.97631307e-05 -1.54337308e-06 -2.40992712e-08  8.53068093e-10]:11.289344428573365
[3.51845660e+11 3.88567581e+10]:[-9.38961159e-02 -3.07648343e-12 -2.76666962e-13  3.18483155e-11 -3.02717663e-10 -6.91016100e-16  8.85028470e-16  3.02898721e-05 -1.52775363e-06 -2.43908862e-08  8.51245817e-10]:11.299369742722318
[3.49027219e+11 5.12145652e+10]:[-1.09138478e-01 -3.00672458e-12 -1.92083408e-13  3.19670857e-11 -3.06166636e-10 -6.97968066e-16  9.54289851e-16  2.96315571e-05 -1.52775363e-06 -2.40269834e-08  8.51245817e-10]:11.312266975270237
[3.49269048e+11 6.64225486e+10]:[-9.38961159e-02 -3.07648343e-12 -2.82356266e-13  3.18483155e-11 -3.06166636e-10 -6.81331367e-16  8.75200782e-16  3.02898721e-05 -1.52118844e-06 -2.43908862e-08  8.51245817e-10]:11.33140310701877
[3.90598889e+11 5.69839095e+10]:[-9.14195530e-02 -3.00323503e-12 -2.81225889e-13  3.19670857e-11 -3.02734658e-10 -6.78122000e-16  8.73866267e-16  2.88924985e-05 -1.52118844e-06 -2.40269834e-08  8.55231620e-10]:11.360763368662997
[4.14222091e+11 3.83902097e+10]:[-1.09138478e-01 -3.00672458e-12 -2.82356266e-13  3.19670857e-11 -3.06166636e-10 -6.75828529e-16  9.54289851e-16  2.91314981e-05 -1.54337308e-06 -2.40269834e-08  8.53068093e-10]:11.362001867495065
[4.12624890e+11 5.16412729e+10]:[-1.10420507e-01 -2.92821017e-12 -2.87869215e-13  3.19670857e-11 -2.75887633e-10 -6.86415248e-16  8.48322500e-16  2.89745973e-05 -1.53645164e-06 -2.43908862e-08  8.68073222e-10]:11.375292629878178
[4.47304796e+11 3.11970507e+10]:[-1.10420507e-01 -2.92821017e-12 -2.87869215e-13  3.18483155e-11 -2.92990469e-10 -6.81331367e-16  8.84677661e-16  2.89745973e-05 -1.53645164e-06 -2.43908862e-08  8.60768571e-10]:11.384479989028758
*******************************
***iteration: 4 Population is***
*******************************
Population scores:
[3.19027874e+11 3.47213762e+10]:[-1.01139754e-01 -3.28737346e-12 -2.75863899e-13  3.18483155e-11 -3.01052564e-10 -6.91016100e-16  8.85028470e-16  3.02898721e-05 -1.54337308e-06 -2.40992712e-08  8.51245817e-10]:11.256108351166409
[3.41674561e+11 2.97910614e+10]:[-1.01139754e-01 -3.00672458e-12 -2.82356266e-13  3.19670857e-11 -3.06166636e-10 -6.75828529e-16  8.75200782e-16  2.97631307e-05 -1.54337308e-06 -2.40269834e-08  8.53068093e-10]:11.27579932674394
[3.42901670e+11 2.94689739e+10]:[-1.01139754e-01 -2.93095239e-12 -2.83705439e-13  3.24339216e-11 -3.01052564e-10 -6.82536599e-16  8.78279529e-16  2.97631307e-05 -1.54337308e-06 -2.40269834e-08  8.53068093e-10]:11.276765518379701
[3.49341669e+11 2.89006419e+10]:[-1.01139754e-01 -3.03095757e-12 -2.83705439e-13  3.24339216e-11 -3.06166636e-10 -6.75828529e-16  8.75200782e-16  2.97631307e-05 -1.54337308e-06 -2.40992712e-08  8.54282210e-10]:11.283326606528833
[3.50608573e+11 2.86354154e+10]:[-1.01139754e-01 -3.03840753e-12 -2.83705439e-13  3.24339216e-11 -3.06166636e-10 -6.82536599e-16  8.75200782e-16  2.97631307e-05 -1.54337308e-06 -2.40992712e-08  8.54282210e-10]:11.284398099602184
[3.57394629e+11 2.64328957e+10]:[-1.07373893e-01 -3.56806139e-12 -2.83705439e-13  3.24050516e-11 -3.06166636e-10 -6.81331367e-16  8.75838287e-16  2.97631307e-05 -1.54337308e-06 -2.40992712e-08  8.53068093e-10]:11.289046976787802
[3.57659099e+11 2.64346692e+10]:[-1.01139754e-01 -3.00672458e-12 -2.83705439e-13  3.24339216e-11 -3.01052564e-10 -6.82536599e-16  8.75838287e-16  2.97631307e-05 -1.54337308e-06 -2.40992712e-08  8.53068093e-10]:11.289344428573365
[3.51845660e+11 3.88567581e+10]:[-9.38961159e-02 -3.07648343e-12 -2.76666962e-13  3.18483155e-11 -3.02717663e-10 -6.91016100e-16  8.85028470e-16  3.02898721e-05 -1.52775363e-06 -2.43908862e-08  8.51245817e-10]:11.299369742722318
[3.49027219e+11 5.12145652e+10]:[-1.09138478e-01 -3.00672458e-12 -1.92083408e-13  3.19670857e-11 -3.06166636e-10 -6.97968066e-16  9.54289851e-16  2.96315571e-05 -1.52775363e-06 -2.40269834e-08  8.51245817e-10]:11.312266975270237
[3.49269048e+11 6.64225486e+10]:[-9.38961159e-02 -3.07648343e-12 -2.82356266e-13  3.18483155e-11 -3.06166636e-10 -6.81331367e-16  8.75200782e-16  3.02898721e-05 -1.52118844e-06 -2.43908862e-08  8.51245817e-10]:11.33140310701877
Selected: [1 8]
&&&&&&&&&&&&&&&&&&&&&&&&
&&TOURNAMENT SELECTION&&
&&&&&&&&&&&&&&&&&&&&&&&&
parents:
[-1.01139754e-01 -3.00672458e-12 -2.82356266e-13  3.19670857e-11 -3.06166636e-10 -6.75828529e-16  8.75200782e-16  2.97631307e-05 -1.54337308e-06 -2.40269834e-08  8.53068093e-10]
[-1.09138478e-01 -3.00672458e-12 -1.92083408e-13  3.19670857e-11 -3.06166636e-10 -6.97968066e-16  9.54289851e-16  2.96315571e-05 -1.52775363e-06 -2.40269834e-08  8.51245817e-10]
children:
[-1.14641807e-01 -3.00672458e-12 -2.82356266e-13  3.19670857e-11 -3.06166636e-10 -6.65698258e-16  9.54289851e-16  2.96315571e-05 -1.54337308e-06 -2.40269834e-08  8.53068093e-10]
[-1.87379404e-01 -3.00672458e-12 -1.92083408e-13  3.19670857e-11 -3.06166636e-10 -6.75828529e-16  8.37365477e-16  2.97631307e-05 -1.52775363e-06 -2.49895919e-08  8.51245817e-10]
Population scores:
[3.41674561e+11 2.97910614e+10]:[-1.01139754e-01 -3.00672458e-12 -2.82356266e-13  3.19670857e-11 -3.06166636e-10 -6.75828529e-16  8.75200782e-16  2.97631307e-05 -1.54337308e-06 -2.40269834e-08  8.53068093e-10]:11.27579932674394
[3.52382855e+11 2.71708889e+10]:[-1.14641807e-01 -3.00672458e-12 -2.82356266e-13  3.19670857e-11 -3.06166636e-10 -6.65698258e-16  9.54289851e-16  2.96315571e-05 -1.54337308e-06 -2.40269834e-08  8.53068093e-10]:11.284417108424675
[3.49027219e+11 5.12145652e+10]:[-1.09138478e-01 -3.00672458e-12 -1.92083408e-13  3.19670857e-11 -3.06166636e-10 -6.97968066e-16  9.54289851e-16  2.96315571e-05 -1.52775363e-06 -2.40269834e-08  8.51245817e-10]:11.312266975270237
[6.13374621e+11 1.71073566e+11]:[-1.87379404e-01 -3.00672458e-12 -1.92083408e-13  3.19670857e-11 -3.06166636e-10 -6.75828529e-16  8.37365477e-16  2.97631307e-05 -1.52775363e-06 -2.49895919e-08  8.51245817e-10]:11.612075113978015
Selected for new population:
[-1.01139754e-01 -3.00672458e-12 -2.82356266e-13  3.19670857e-11 -3.06166636e-10 -6.75828529e-16  8.75200782e-16  2.97631307e-05 -1.54337308e-06 -2.40269834e-08  8.53068093e-10]
[-1.14641807e-01 -3.00672458e-12 -2.82356266e-13  3.19670857e-11 -3.06166636e-10 -6.65698258e-16  9.54289851e-16  2.96315571e-05 -1.54337308e-06 -2.40269834e-08  8.53068093e-10]
Selected: [4 6]
&&&&&&&&&&&&&&&&&&&&&&&&
&&TOURNAMENT SELECTION&&
&&&&&&&&&&&&&&&&&&&&&&&&
parents:
[-1.01139754e-01 -3.03840753e-12 -2.83705439e-13  3.24339216e-11 -3.06166636e-10 -6.82536599e-16  8.75200782e-16  2.97631307e-05 -1.54337308e-06 -2.40992712e-08  8.54282210e-10]
[-1.01139754e-01 -3.00672458e-12 -2.83705439e-13  3.24339216e-11 -3.01052564e-10 -6.82536599e-16  8.75838287e-16  2.97631307e-05 -1.54337308e-06 -2.40992712e-08  8.53068093e-10]
children:
[-1.01139754e-01 -3.00672458e-12 -2.83705439e-13  3.24339216e-11 -2.94270372e-10 -6.82536599e-16  8.75200782e-16  2.97631307e-05 -1.54337308e-06 -2.40992712e-08  8.15810342e-10]
[-2.85572540e-02 -3.03840753e-12 -2.83705439e-13  3.24339216e-11 -3.85181510e-10 -6.82536599e-16  8.75838287e-16  3.05857351e-05 -1.54337308e-06 -2.24182024e-08  9.38664696e-10]
Population scores:
[3.50608573e+11 2.86354154e+10]:[-1.01139754e-01 -3.03840753e-12 -2.83705439e-13  3.24339216e-11 -3.06166636e-10 -6.82536599e-16  8.75200782e-16  2.97631307e-05 -1.54337308e-06 -2.40992712e-08  8.54282210e-10]:11.284398099602184
[3.57659099e+11 2.64346692e+10]:[-1.01139754e-01 -3.00672458e-12 -2.83705439e-13  3.24339216e-11 -3.01052564e-10 -6.82536599e-16  8.75838287e-16  2.97631307e-05 -1.54337308e-06 -2.40992712e-08  8.53068093e-10]:11.289344428573365
[1.22454229e+12 1.18960804e+12]:[-1.01139754e-01 -3.00672458e-12 -2.83705439e-13  3.24339216e-11 -2.94270372e-10 -6.82536599e-16  8.75200782e-16  2.97631307e-05 -1.54337308e-06 -2.40992712e-08  8.15810342e-10]:12.122555304403331
[6.67099385e+12 1.41555337e+13]:[-2.85572540e-02 -3.03840753e-12 -2.83705439e-13  3.24339216e-11 -3.85181510e-10 -6.82536599e-16  8.75838287e-16  3.05857351e-05 -1.54337308e-06 -2.24182024e-08  9.38664696e-10]:13.07294131754046
Selected for new population:
[-1.01139754e-01 -3.03840753e-12 -2.83705439e-13  3.24339216e-11 -3.06166636e-10 -6.82536599e-16  8.75200782e-16  2.97631307e-05 -1.54337308e-06 -2.40992712e-08  8.54282210e-10]
[-1.01139754e-01 -3.00672458e-12 -2.83705439e-13  3.24339216e-11 -3.01052564e-10 -6.82536599e-16  8.75838287e-16  2.97631307e-05 -1.54337308e-06 -2.40992712e-08  8.53068093e-10]
Selected: [9 6]
&&&&&&&&&&&&&&&&&&&&&&&&
&&TOURNAMENT SELECTION&&
&&&&&&&&&&&&&&&&&&&&&&&&
parents:
[-9.38961159e-02 -3.07648343e-12 -2.82356266e-13  3.18483155e-11 -3.06166636e-10 -6.81331367e-16  8.75200782e-16  3.02898721e-05 -1.52118844e-06 -2.43908862e-08  8.51245817e-10]
[-1.01139754e-01 -3.00672458e-12 -2.83705439e-13  3.24339216e-11 -3.01052564e-10 -6.82536599e-16  8.75838287e-16  2.97631307e-05 -1.54337308e-06 -2.40992712e-08  8.53068093e-10]
children:
[-1.01139754e-01 -2.46704449e-12 -2.83705439e-13  3.25268775e-11 -3.01052564e-10 -6.82536599e-16  8.75838287e-16  3.37912929e-05 -1.54337308e-06 -2.43908862e-08  8.53068093e-10]
[-9.38961159e-02 -3.07648343e-12 -2.10697287e-13  3.18483155e-11 -3.06166636e-10 -6.81331367e-16  8.68509565e-16  2.97794321e-05 -1.54485145e-06 -2.40992712e-08  8.51245817e-10]
Population scores:
[3.57659099e+11 2.64346692e+10]:[-1.01139754e-01 -3.00672458e-12 -2.83705439e-13  3.24339216e-11 -3.01052564e-10 -6.82536599e-16  8.75838287e-16  2.97631307e-05 -1.54337308e-06 -2.40992712e-08  8.53068093e-10]:11.289344428573365
[3.72672588e+11 2.91880050e+10]:[-9.38961159e-02 -3.07648343e-12 -2.10697287e-13  3.18483155e-11 -3.06166636e-10 -6.81331367e-16  8.68509565e-16  2.97794321e-05 -1.54485145e-06 -2.40992712e-08  8.51245817e-10]:11.30930879198503
[3.49269048e+11 6.64225486e+10]:[-9.38961159e-02 -3.07648343e-12 -2.82356266e-13  3.18483155e-11 -3.06166636e-10 -6.81331367e-16  8.75200782e-16  3.02898721e-05 -1.52118844e-06 -2.43908862e-08  8.51245817e-10]:11.33140310701877
[3.98464667e+11 8.32863272e+11]:[-1.01139754e-01 -2.46704449e-12 -2.83705439e-13  3.25268775e-11 -3.01052564e-10 -6.82536599e-16  8.75838287e-16  3.37912929e-05 -1.54337308e-06 -2.43908862e-08  8.53068093e-10]:11.844446293376093
Selected for new population:
[-1.01139754e-01 -3.00672458e-12 -2.83705439e-13  3.24339216e-11 -3.01052564e-10 -6.82536599e-16  8.75838287e-16  2.97631307e-05 -1.54337308e-06 -2.40992712e-08  8.53068093e-10]
[-9.38961159e-02 -3.07648343e-12 -2.10697287e-13  3.18483155e-11 -3.06166636e-10 -6.81331367e-16  8.68509565e-16  2.97794321e-05 -1.54485145e-06 -2.40992712e-08  8.51245817e-10]
Selected: [6 9]
&&&&&&&&&&&&&&&&&&&&&&&&
&&TOURNAMENT SELECTION&&
&&&&&&&&&&&&&&&&&&&&&&&&
parents:
[-1.01139754e-01 -3.00672458e-12 -2.83705439e-13  3.24339216e-11 -3.01052564e-10 -6.82536599e-16  8.75838287e-16  2.97631307e-05 -1.54337308e-06 -2.40992712e-08  8.53068093e-10]
[-9.38961159e-02 -3.07648343e-12 -2.82356266e-13  3.18483155e-11 -3.06166636e-10 -6.81331367e-16  8.75200782e-16  3.02898721e-05 -1.52118844e-06 -2.43908862e-08  8.51245817e-10]
children:
[-9.38961159e-02 -3.07648343e-12 -2.91510139e-13  3.18483155e-11 -3.06166636e-10 -6.81331367e-16  9.57101680e-16  3.02898721e-05 -1.52118844e-06 -2.43908862e-08  8.51245817e-10]
[-1.01139754e-01 -3.00672458e-12 -2.82356266e-13  3.24339216e-11 -3.01052564e-10 -6.49532805e-16  8.82174437e-16  2.97631307e-05 -1.54337308e-06 -2.40992712e-08  8.53068093e-10]
Population scores:
[3.50801728e+11 2.67776534e+10]:[-1.01139754e-01 -3.00672458e-12 -2.82356266e-13  3.24339216e-11 -3.01052564e-10 -6.49532805e-16  8.82174437e-16  2.97631307e-05 -1.54337308e-06 -2.40992712e-08  8.53068093e-10]:11.282094966746849
[3.57659099e+11 2.64346692e+10]:[-1.01139754e-01 -3.00672458e-12 -2.83705439e-13  3.24339216e-11 -3.01052564e-10 -6.82536599e-16  8.75838287e-16  2.97631307e-05 -1.54337308e-06 -2.40992712e-08  8.53068093e-10]:11.289344428573365
[3.49269048e+11 6.64225486e+10]:[-9.38961159e-02 -3.07648343e-12 -2.82356266e-13  3.18483155e-11 -3.06166636e-10 -6.81331367e-16  8.75200782e-16  3.02898721e-05 -1.52118844e-06 -2.43908862e-08  8.51245817e-10]:11.33140310701877
[3.49269048e+11 6.64225486e+10]:[-9.38961159e-02 -3.07648343e-12 -2.91510139e-13  3.18483155e-11 -3.06166636e-10 -6.81331367e-16  9.57101680e-16  3.02898721e-05 -1.52118844e-06 -2.43908862e-08  8.51245817e-10]:11.33140310701877
Selected for new population:
[-1.01139754e-01 -3.00672458e-12 -2.82356266e-13  3.24339216e-11 -3.01052564e-10 -6.49532805e-16  8.82174437e-16  2.97631307e-05 -1.54337308e-06 -2.40992712e-08  8.53068093e-10]
[-1.01139754e-01 -3.00672458e-12 -2.83705439e-13  3.24339216e-11 -3.01052564e-10 -6.82536599e-16  8.75838287e-16  2.97631307e-05 -1.54337308e-06 -2.40992712e-08  8.53068093e-10]
Selected: [7 1]
&&&&&&&&&&&&&&&&&&&&&&&&
&&TOURNAMENT SELECTION&&
&&&&&&&&&&&&&&&&&&&&&&&&
parents:
[-9.38961159e-02 -3.07648343e-12 -2.76666962e-13  3.18483155e-11 -3.02717663e-10 -6.91016100e-16  8.85028470e-16  3.02898721e-05 -1.52775363e-06 -2.43908862e-08  8.51245817e-10]
[-1.01139754e-01 -3.00672458e-12 -2.82356266e-13  3.19670857e-11 -3.06166636e-10 -6.75828529e-16  8.75200782e-16  2.97631307e-05 -1.54337308e-06 -2.40269834e-08  8.53068093e-10]
children:
[-9.38961159e-02 -3.00672458e-12 -2.87668932e-13  3.19670857e-11 -3.06166636e-10 -6.90042090e-16  8.75200782e-16  2.88273470e-05 -1.52775363e-06 -2.40269834e-08  8.53068093e-10]
[-9.46440167e-02 -3.07648343e-12 -2.76666962e-13  3.18483155e-11 -2.73838850e-10 -6.75828529e-16  8.85028470e-16  3.02898721e-05 -2.08765627e-06 -2.43908862e-08  9.30549840e-10]
Population scores:
[3.41674561e+11 2.97910614e+10]:[-1.01139754e-01 -3.00672458e-12 -2.82356266e-13  3.19670857e-11 -3.06166636e-10 -6.75828529e-16  8.75200782e-16  2.97631307e-05 -1.54337308e-06 -2.40269834e-08  8.53068093e-10]:11.27579932674394
[3.51845660e+11 3.88567581e+10]:[-9.38961159e-02 -3.07648343e-12 -2.76666962e-13  3.18483155e-11 -3.02717663e-10 -6.91016100e-16  8.85028470e-16  3.02898721e-05 -1.52775363e-06 -2.43908862e-08  8.51245817e-10]:11.299369742722318
[4.12462656e+11 2.72281129e+10]:[-9.38961159e-02 -3.00672458e-12 -2.87668932e-13  3.19670857e-11 -3.06166636e-10 -6.90042090e-16  8.75200782e-16  2.88273470e-05 -1.52775363e-06 -2.40269834e-08  8.53068093e-10]:11.3474631055535
[1.20870982e+13 2.16392027e+13]:[-9.46440167e-02 -3.07648343e-12 -2.76666962e-13  3.18483155e-11 -2.73838850e-10 -6.75828529e-16  8.85028470e-16  3.02898721e-05 -2.08765627e-06 -2.43908862e-08  9.30549840e-10]:13.279371931823615
Selected for new population:
[-1.01139754e-01 -3.00672458e-12 -2.82356266e-13  3.19670857e-11 -3.06166636e-10 -6.75828529e-16  8.75200782e-16  2.97631307e-05 -1.54337308e-06 -2.40269834e-08  8.53068093e-10]
[-9.38961159e-02 -3.07648343e-12 -2.76666962e-13  3.18483155e-11 -3.02717663e-10 -6.91016100e-16  8.85028470e-16  3.02898721e-05 -1.52775363e-06 -2.43908862e-08  8.51245817e-10]
Population scores:
[3.19027874e+11 3.47213762e+10]:[-1.01139754e-01 -3.28737346e-12 -2.75863899e-13  3.18483155e-11 -3.01052564e-10 -6.91016100e-16  8.85028470e-16  3.02898721e-05 -1.54337308e-06 -2.40992712e-08  8.51245817e-10]:11.256108351166409
[3.41674561e+11 2.97910614e+10]:[-1.01139754e-01 -3.00672458e-12 -2.82356266e-13  3.19670857e-11 -3.06166636e-10 -6.75828529e-16  8.75200782e-16  2.97631307e-05 -1.54337308e-06 -2.40269834e-08  8.53068093e-10]:11.27579932674394
[3.42901670e+11 2.94689739e+10]:[-1.01139754e-01 -2.93095239e-12 -2.83705439e-13  3.24339216e-11 -3.01052564e-10 -6.82536599e-16  8.78279529e-16  2.97631307e-05 -1.54337308e-06 -2.40269834e-08  8.53068093e-10]:11.276765518379701
[3.50801728e+11 2.67776534e+10]:[-1.01139754e-01 -3.00672458e-12 -2.82356266e-13  3.24339216e-11 -3.01052564e-10 -6.49532805e-16  8.82174437e-16  2.97631307e-05 -1.54337308e-06 -2.40992712e-08  8.53068093e-10]:11.282094966746849
[3.49341669e+11 2.89006419e+10]:[-1.01139754e-01 -3.03095757e-12 -2.83705439e-13  3.24339216e-11 -3.06166636e-10 -6.75828529e-16  8.75200782e-16  2.97631307e-05 -1.54337308e-06 -2.40992712e-08  8.54282210e-10]:11.283326606528833
[3.50608573e+11 2.86354154e+10]:[-1.01139754e-01 -3.03840753e-12 -2.83705439e-13  3.24339216e-11 -3.06166636e-10 -6.82536599e-16  8.75200782e-16  2.97631307e-05 -1.54337308e-06 -2.40992712e-08  8.54282210e-10]:11.284398099602184
[3.52382855e+11 2.71708889e+10]:[-1.14641807e-01 -3.00672458e-12 -2.82356266e-13  3.19670857e-11 -3.06166636e-10 -6.65698258e-16  9.54289851e-16  2.96315571e-05 -1.54337308e-06 -2.40269834e-08  8.53068093e-10]:11.284417108424675
[3.57394629e+11 2.64328957e+10]:[-1.07373893e-01 -3.56806139e-12 -2.83705439e-13  3.24050516e-11 -3.06166636e-10 -6.81331367e-16  8.75838287e-16  2.97631307e-05 -1.54337308e-06 -2.40992712e-08  8.53068093e-10]:11.289046976787802
[3.57659099e+11 2.64346692e+10]:[-1.01139754e-01 -3.00672458e-12 -2.83705439e-13  3.24339216e-11 -3.01052564e-10 -6.82536599e-16  8.75838287e-16  2.97631307e-05 -1.54337308e-06 -2.40992712e-08  8.53068093e-10]:11.289344428573365
[3.51845660e+11 3.88567581e+10]:[-9.38961159e-02 -3.07648343e-12 -2.76666962e-13  3.18483155e-11 -3.02717663e-10 -6.91016100e-16  8.85028470e-16  3.02898721e-05 -1.52775363e-06 -2.43908862e-08  8.51245817e-10]:11.299369742722318
[3.72672588e+11 2.91880050e+10]:[-9.38961159e-02 -3.07648343e-12 -2.10697287e-13  3.18483155e-11 -3.06166636e-10 -6.81331367e-16  8.68509565e-16  2.97794321e-05 -1.54485145e-06 -2.40992712e-08  8.51245817e-10]:11.30930879198503
[3.49027219e+11 5.12145652e+10]:[-1.09138478e-01 -3.00672458e-12 -1.92083408e-13  3.19670857e-11 -3.06166636e-10 -6.97968066e-16  9.54289851e-16  2.96315571e-05 -1.52775363e-06 -2.40269834e-08  8.51245817e-10]:11.312266975270237
[3.49269048e+11 6.64225486e+10]:[-9.38961159e-02 -3.07648343e-12 -2.82356266e-13  3.18483155e-11 -3.06166636e-10 -6.81331367e-16  8.75200782e-16  3.02898721e-05 -1.52118844e-06 -2.43908862e-08  8.51245817e-10]:11.33140310701877
%%%%%%%%%%%%%%%%%%%%%%%%%
%%%final - population%%%%
%%%%%%%%%%%%%%%%%%%%%%%%%
[-1.01139754e-01 -3.28737346e-12 -2.75863899e-13  3.18483155e-11 -3.01052564e-10 -6.91016100e-16  8.85028470e-16  3.02898721e-05 -1.54337308e-06 -2.40992712e-08  8.51245817e-10]:[3.19027874e+11 3.47213762e+10]
[-1.01139754e-01 -3.00672458e-12 -2.82356266e-13  3.19670857e-11 -3.06166636e-10 -6.75828529e-16  8.75200782e-16  2.97631307e-05 -1.54337308e-06 -2.40269834e-08  8.53068093e-10]:[3.41674561e+11 2.97910614e+10]
[-1.01139754e-01 -2.93095239e-12 -2.83705439e-13  3.24339216e-11 -3.01052564e-10 -6.82536599e-16  8.78279529e-16  2.97631307e-05 -1.54337308e-06 -2.40269834e-08  8.53068093e-10]:[3.42901670e+11 2.94689739e+10]
[-1.01139754e-01 -3.00672458e-12 -2.82356266e-13  3.24339216e-11 -3.01052564e-10 -6.49532805e-16  8.82174437e-16  2.97631307e-05 -1.54337308e-06 -2.40992712e-08  8.53068093e-10]:[3.50801728e+11 2.67776534e+10]
[-1.01139754e-01 -3.03095757e-12 -2.83705439e-13  3.24339216e-11 -3.06166636e-10 -6.75828529e-16  8.75200782e-16  2.97631307e-05 -1.54337308e-06 -2.40992712e-08  8.54282210e-10]:[3.49341669e+11 2.89006419e+10]
[-1.01139754e-01 -3.03840753e-12 -2.83705439e-13  3.24339216e-11 -3.06166636e-10 -6.82536599e-16  8.75200782e-16  2.97631307e-05 -1.54337308e-06 -2.40992712e-08  8.54282210e-10]:[3.50608573e+11 2.86354154e+10]
[-1.14641807e-01 -3.00672458e-12 -2.82356266e-13  3.19670857e-11 -3.06166636e-10 -6.65698258e-16  9.54289851e-16  2.96315571e-05 -1.54337308e-06 -2.40269834e-08  8.53068093e-10]:[3.52382855e+11 2.71708889e+10]
[-1.07373893e-01 -3.56806139e-12 -2.83705439e-13  3.24050516e-11 -3.06166636e-10 -6.81331367e-16  8.75838287e-16  2.97631307e-05 -1.54337308e-06 -2.40992712e-08  8.53068093e-10]:[3.57394629e+11 2.64328957e+10]
[-1.01139754e-01 -3.00672458e-12 -2.83705439e-13  3.24339216e-11 -3.01052564e-10 -6.82536599e-16  8.75838287e-16  2.97631307e-05 -1.54337308e-06 -2.40992712e-08  8.53068093e-10]:[3.57659099e+11 2.64346692e+10]
[-9.38961159e-02 -3.07648343e-12 -2.76666962e-13  3.18483155e-11 -3.02717663e-10 -6.91016100e-16  8.85028470e-16  3.02898721e-05 -1.52775363e-06 -2.43908862e-08  8.51245817e-10]:[3.51845660e+11 3.88567581e+10]
