*******************************
***iteration: 0 Population is***
*******************************
Population scores:
[2.51445807e+11 8.83213452e+10]:[-9.49846500e-02 -3.05899714e-12 -2.85186658e-13  3.20244369e-11 -2.96697541e-10 -6.78280938e-16  8.76552418e-16  2.96767234e-05 -1.55568979e-06 -2.31220535e-08  8.46865060e-10]:11.252162732459313
[3.57659099e+11 2.64346692e+10]:[-1.01139754e-01 -3.00672458e-12 -2.83705439e-13  3.24339216e-11 -3.01052564e-10 -6.82536599e-16  8.75838287e-16  2.97631307e-05 -1.54337308e-06 -2.40992712e-08  8.53068093e-10]:11.289344428573365
[3.83896501e+11 1.44926585e+11]:[-1.06038379e-01 -2.90830362e-12 -2.93250827e-13  3.18318723e-11 -3.09130806e-10 -6.85299061e-16  8.79256229e-16  2.99788923e-05 -1.61999982e-06 -2.33069127e-08  8.55760962e-10]:11.445455055982853
[5.70841386e+11 1.09298798e+11]:[-9.72029979e-02 -3.04162476e-12 -2.89997610e-13  3.31153998e-11 -3.00181353e-10 -6.85939321e-16  8.79700760e-16  2.95542508e-05 -1.53124088e-06 -2.49988419e-08  8.58194682e-10]:11.545307081342045
[4.00413051e+11 3.37194208e+11]:[-1.08501145e-01 -3.01526982e-12 -2.78520139e-13  3.18485280e-11 -2.92014200e-10 -6.86899268e-16  8.77434464e-16  3.04832903e-05 -1.51278450e-06 -2.43734811e-08  8.57786749e-10]:11.60479075527756
[5.22588587e+11 6.84277085e+11]:[-1.07174949e-01 -2.93590907e-12 -2.79236626e-13  3.30518993e-11 -2.93969812e-10 -6.86405878e-16  8.80818229e-16  2.91044343e-05 -1.50747154e-06 -2.35226116e-08  8.58855341e-10]:11.827279137503673
[5.25819920e+11 8.77609792e+11]:[-1.10833483e-01 -3.09178069e-12 -2.89350411e-13  3.17611611e-11 -2.92895526e-10 -6.75616996e-16  8.75285072e-16  3.06286926e-05 -1.49747597e-06 -2.36151845e-08  8.46370215e-10]:11.897338841410754
[6.04593227e+11 9.63289439e+11]:[-1.05582430e-01 -3.00209409e-12 -2.78261178e-13  3.32424055e-11 -2.98138524e-10 -6.89606669e-16  8.84661542e-16  3.02694758e-05 -1.50707037e-06 -2.39438747e-08  8.62380004e-10]:11.944616037675775
[6.34093202e+11 9.52785096e+11]:[-9.60416299e-02 -3.03670618e-12 -2.89444555e-13  3.15704075e-11 -3.06934200e-10 -6.76466229e-16  8.84122432e-16  2.92158117e-05 -1.48245409e-06 -2.35033624e-08  8.51653534e-10]:11.948763809421589
[8.72240430e+11 1.74522499e+12]:[-9.16781826e-02 -2.94383190e-12 -2.76975175e-13  3.17848414e-11 -3.00360304e-10 -6.89676090e-16  8.75003174e-16  3.01872281e-05 -1.50905540e-06 -2.32869020e-08  8.62050105e-10]:12.171215882594622
[2.34153462e+12 3.08288816e+12]:[-1.07198096e-01 -3.00068575e-12 -2.76740934e-13  3.31992196e-11 -3.06099476e-10 -6.88647583e-16  8.80040061e-16  2.94643437e-05 -1.63848234e-06 -2.49197201e-08  8.53888935e-10]:12.480078869227517
Selected: [0 4]
&&&&&&&&&&&&&&&&&&&&&&&&
&&TOURNAMENT SELECTION&&
&&&&&&&&&&&&&&&&&&&&&&&&
parents:
[-9.49846500e-02 -3.05899714e-12 -2.85186658e-13  3.20244369e-11 -2.96697541e-10 -6.78280938e-16  8.76552418e-16  2.96767234e-05 -1.55568979e-06 -2.31220535e-08  8.46865060e-10]
[-1.08501145e-01 -3.01526982e-12 -2.78520139e-13  3.18485280e-11 -2.92014200e-10 -6.86899268e-16  8.77434464e-16  3.04832903e-05 -1.51278450e-06 -2.43734811e-08  8.57786749e-10]
children:
[-1.08501145e-01 -3.01526982e-12 -2.24104419e-13  3.24354638e-11 -2.92014200e-10 -6.86899268e-16  8.77434464e-16  2.96767234e-05 -1.51278450e-06 -2.31220535e-08  8.57786749e-10]
[-9.69548313e-02 -3.05899714e-12 -3.62369908e-13  3.16585566e-11 -2.96697541e-10 -6.78280938e-16  8.76552418e-16  3.04832903e-05 -1.55568979e-06 -2.43734811e-08  8.46865060e-10]
Population scores:
[2.51445807e+11 8.83213452e+10]:[-9.49846500e-02 -3.05899714e-12 -2.85186658e-13  3.20244369e-11 -2.96697541e-10 -6.78280938e-16  8.76552418e-16  2.96767234e-05 -1.55568979e-06 -2.31220535e-08  8.46865060e-10]:11.252162732459313
[4.5807256e+11 1.1551381e+11]:[-9.69548313e-02 -3.05899714e-12 -3.62369908e-13  3.16585566e-11 -2.96697541e-10 -6.78280938e-16  8.76552418e-16  3.04832903e-05 -1.55568979e-06 -2.43734811e-08  8.46865060e-10]:11.47471813197021
[4.00413051e+11 3.37194208e+11]:[-1.08501145e-01 -3.01526982e-12 -2.78520139e-13  3.18485280e-11 -2.92014200e-10 -6.86899268e-16  8.77434464e-16  3.04832903e-05 -1.51278450e-06 -2.43734811e-08  8.57786749e-10]:11.60479075527756
[6.75568158e+11 1.25051247e+12]:[-1.08501145e-01 -3.01526982e-12 -2.24104419e-13  3.24354638e-11 -2.92014200e-10 -6.86899268e-16  8.77434464e-16  2.96767234e-05 -1.51278450e-06 -2.31220535e-08  8.57786749e-10]:12.036665441562606
Selected for new population:
[-9.49846500e-02 -3.05899714e-12 -2.85186658e-13  3.20244369e-11 -2.96697541e-10 -6.78280938e-16  8.76552418e-16  2.96767234e-05 -1.55568979e-06 -2.31220535e-08  8.46865060e-10]
[-9.69548313e-02 -3.05899714e-12 -3.62369908e-13  3.16585566e-11 -2.96697541e-10 -6.78280938e-16  8.76552418e-16  3.04832903e-05 -1.55568979e-06 -2.43734811e-08  8.46865060e-10]
Selected: [0 1]
&&&&&&&&&&&&&&&&&&&&&&&&
&&TOURNAMENT SELECTION&&
&&&&&&&&&&&&&&&&&&&&&&&&
parents:
[-9.49846500e-02 -3.05899714e-12 -2.85186658e-13  3.20244369e-11 -2.96697541e-10 -6.78280938e-16  8.76552418e-16  2.96767234e-05 -1.55568979e-06 -2.31220535e-08  8.46865060e-10]
[-1.01139754e-01 -3.00672458e-12 -2.83705439e-13  3.24339216e-11 -3.01052564e-10 -6.82536599e-16  8.75838287e-16  2.97631307e-05 -1.54337308e-06 -2.40992712e-08  8.53068093e-10]
children:
[-1.01139754e-01 -3.00672458e-12 -2.83705439e-13  3.32816634e-11 -3.01052564e-10 -6.82536599e-16  8.76552418e-16  2.97631307e-05 -1.55568979e-06 -2.31220535e-08  8.53068093e-10]
[-9.49846500e-02 -3.05899714e-12 -2.83263426e-13  3.20244369e-11 -2.96697541e-10 -6.78280938e-16  8.75838287e-16  2.96767234e-05 -1.54337308e-06 -2.40992712e-08  8.35147974e-10]
Population scores:
[2.51445807e+11 8.83213452e+10]:[-9.49846500e-02 -3.05899714e-12 -2.85186658e-13  3.20244369e-11 -2.96697541e-10 -6.78280938e-16  8.76552418e-16  2.96767234e-05 -1.55568979e-06 -2.31220535e-08  8.46865060e-10]:11.252162732459313
[3.57659099e+11 2.64346692e+10]:[-1.01139754e-01 -3.00672458e-12 -2.83705439e-13  3.24339216e-11 -3.01052564e-10 -6.82536599e-16  8.75838287e-16  2.97631307e-05 -1.54337308e-06 -2.40992712e-08  8.53068093e-10]:11.289344428573365
[2.73517680e+11 2.30010251e+11]:[-1.01139754e-01 -3.00672458e-12 -2.83705439e-13  3.32816634e-11 -3.01052564e-10 -6.82536599e-16  8.76552418e-16  2.97631307e-05 -1.55568979e-06 -2.31220535e-08  8.53068093e-10]:11.438961395964713
[6.35912066e+11 3.09662031e+11]:[-9.49846500e-02 -3.05899714e-12 -2.83263426e-13  3.20244369e-11 -2.96697541e-10 -6.78280938e-16  8.75838287e-16  2.96767234e-05 -1.54337308e-06 -2.40992712e-08  8.35147974e-10]:11.702217862508446
Selected for new population:
[-9.49846500e-02 -3.05899714e-12 -2.85186658e-13  3.20244369e-11 -2.96697541e-10 -6.78280938e-16  8.76552418e-16  2.96767234e-05 -1.55568979e-06 -2.31220535e-08  8.46865060e-10]
[-1.01139754e-01 -3.00672458e-12 -2.83705439e-13  3.24339216e-11 -3.01052564e-10 -6.82536599e-16  8.75838287e-16  2.97631307e-05 -1.54337308e-06 -2.40992712e-08  8.53068093e-10]
Selected: [3 1]
&&&&&&&&&&&&&&&&&&&&&&&&
&&TOURNAMENT SELECTION&&
&&&&&&&&&&&&&&&&&&&&&&&&
parents:
[-9.72029979e-02 -3.04162476e-12 -2.89997610e-13  3.31153998e-11 -3.00181353e-10 -6.85939321e-16  8.79700760e-16  2.95542508e-05 -1.53124088e-06 -2.49988419e-08  8.58194682e-10]
[-1.01139754e-01 -3.00672458e-12 -2.83705439e-13  3.24339216e-11 -3.01052564e-10 -6.82536599e-16  8.75838287e-16  2.97631307e-05 -1.54337308e-06 -2.40992712e-08  8.53068093e-10]
children:
[-9.72029979e-02 -3.04162476e-12 -2.83705439e-13  3.24339216e-11 -3.01052564e-10 -6.85939321e-16  8.75838287e-16  2.44934267e-05 -6.93689424e-07 -2.36263079e-08  8.58194682e-10]
[-1.01139754e-01 -3.00672458e-12 -2.89997610e-13  3.32872693e-11 -3.00181353e-10 -6.03658970e-16  8.79700760e-16  2.95542508e-05 -1.53124088e-06 -2.45852953e-08  8.53068093e-10]
Population scores:
[3.57659099e+11 2.64346692e+10]:[-1.01139754e-01 -3.00672458e-12 -2.83705439e-13  3.24339216e-11 -3.01052564e-10 -6.82536599e-16  8.75838287e-16  2.97631307e-05 -1.54337308e-06 -2.40992712e-08  8.53068093e-10]:11.289344428573365
[4.55506009e+11 4.56546542e+10]:[-1.01139754e-01 -3.00672458e-12 -2.89997610e-13  3.32872693e-11 -3.00181353e-10 -6.03658970e-16  8.79700760e-16  2.95542508e-05 -1.53124088e-06 -2.45852953e-08  8.53068093e-10]:11.406788418840522
[5.70841386e+11 1.09298798e+11]:[-9.72029979e-02 -3.04162476e-12 -2.89997610e-13  3.31153998e-11 -3.00181353e-10 -6.85939321e-16  8.79700760e-16  2.95542508e-05 -1.53124088e-06 -2.49988419e-08  8.58194682e-10]:11.545307081342045
[4.92843475e+13 9.62156815e+13]:[-9.72029979e-02 -3.04162476e-12 -2.83705439e-13  3.24339216e-11 -3.01052564e-10 -6.85939321e-16  8.75838287e-16  2.44934267e-05 -6.93689424e-07 -2.36263079e-08  8.58194682e-10]:13.915777410396842
Selected for new population:
[-1.01139754e-01 -3.00672458e-12 -2.83705439e-13  3.24339216e-11 -3.01052564e-10 -6.82536599e-16  8.75838287e-16  2.97631307e-05 -1.54337308e-06 -2.40992712e-08  8.53068093e-10]
[-1.01139754e-01 -3.00672458e-12 -2.89997610e-13  3.32872693e-11 -3.00181353e-10 -6.03658970e-16  8.79700760e-16  2.95542508e-05 -1.53124088e-06 -2.45852953e-08  8.53068093e-10]
Selected: [8 0]
&&&&&&&&&&&&&&&&&&&&&&&&
&&TOURNAMENT SELECTION&&
&&&&&&&&&&&&&&&&&&&&&&&&
parents:
[-9.60416299e-02 -3.03670618e-12 -2.89444555e-13  3.15704075e-11 -3.06934200e-10 -6.76466229e-16  8.84122432e-16  2.92158117e-05 -1.48245409e-06 -2.35033624e-08  8.51653534e-10]
[-9.49846500e-02 -3.05899714e-12 -2.85186658e-13  3.20244369e-11 -2.96697541e-10 -6.78280938e-16  8.76552418e-16  2.96767234e-05 -1.55568979e-06 -2.31220535e-08  8.46865060e-10]
children:
[-9.60416299e-02 -3.03670618e-12 -2.85186658e-13  3.20244369e-11 -2.96697541e-10 -6.78280938e-16  8.84122432e-16  2.86026729e-05 -1.55568979e-06 -2.31220535e-08  9.30217462e-10]
[-9.49846500e-02 -3.05899714e-12 -2.89444555e-13  3.15704075e-11 -3.06934200e-10 -6.76466229e-16  8.76552418e-16  2.96767234e-05 -1.48245409e-06 -2.35033624e-08  8.46865060e-10]
Population scores:
[2.51445807e+11 8.83213452e+10]:[-9.49846500e-02 -3.05899714e-12 -2.85186658e-13  3.20244369e-11 -2.96697541e-10 -6.78280938e-16  8.76552418e-16  2.96767234e-05 -1.55568979e-06 -2.31220535e-08  8.46865060e-10]:11.252162732459313
[5.91986429e+11 9.16923886e+11]:[-9.49846500e-02 -3.05899714e-12 -2.89444555e-13  3.15704075e-11 -3.06934200e-10 -6.76466229e-16  8.76552418e-16  2.96767234e-05 -1.48245409e-06 -2.35033624e-08  8.46865060e-10]:11.927446099105357
[6.34093202e+11 9.52785096e+11]:[-9.60416299e-02 -3.03670618e-12 -2.89444555e-13  3.15704075e-11 -3.06934200e-10 -6.76466229e-16  8.84122432e-16  2.92158117e-05 -1.48245409e-06 -2.35033624e-08  8.51653534e-10]:11.948763809421589
[2.84716748e+12 5.83687025e+12]:[-9.60416299e-02 -3.03670618e-12 -2.85186658e-13  3.20244369e-11 -2.96697541e-10 -6.78280938e-16  8.84122432e-16  2.86026729e-05 -1.55568979e-06 -2.31220535e-08  9.30217462e-10]:12.692468476420718
Selected for new population:
[-9.49846500e-02 -3.05899714e-12 -2.85186658e-13  3.20244369e-11 -2.96697541e-10 -6.78280938e-16  8.76552418e-16  2.96767234e-05 -1.55568979e-06 -2.31220535e-08  8.46865060e-10]
[-9.49846500e-02 -3.05899714e-12 -2.89444555e-13  3.15704075e-11 -3.06934200e-10 -6.76466229e-16  8.76552418e-16  2.96767234e-05 -1.48245409e-06 -2.35033624e-08  8.46865060e-10]
Selected: [1 0]
&&&&&&&&&&&&&&&&&&&&&&&&
&&TOURNAMENT SELECTION&&
&&&&&&&&&&&&&&&&&&&&&&&&
parents:
[-1.01139754e-01 -3.00672458e-12 -2.83705439e-13  3.24339216e-11 -3.01052564e-10 -6.82536599e-16  8.75838287e-16  2.97631307e-05 -1.54337308e-06 -2.40992712e-08  8.53068093e-10]
[-9.49846500e-02 -3.05899714e-12 -2.85186658e-13  3.20244369e-11 -2.96697541e-10 -6.78280938e-16  8.76552418e-16  2.96767234e-05 -1.55568979e-06 -2.31220535e-08  8.46865060e-10]
children:
[-1.01139754e-01 -3.05899714e-12 -2.85186658e-13  3.20244369e-11 -2.96697541e-10 -6.78280938e-16  8.76552418e-16  2.96767234e-05 -1.55568979e-06 -2.40992712e-08  8.46865060e-10]
[-9.49846500e-02 -3.00672458e-12 -2.83705439e-13  3.24339216e-11 -3.01052564e-10 -6.82536599e-16  8.75838287e-16  2.97631307e-05 -1.54337308e-06 -2.44756123e-08  8.50262719e-10]
Population scores:
[2.51445807e+11 8.83213452e+10]:[-9.49846500e-02 -3.05899714e-12 -2.85186658e-13  3.20244369e-11 -2.96697541e-10 -6.78280938e-16  8.76552418e-16  2.96767234e-05 -1.55568979e-06 -2.31220535e-08  8.46865060e-10]:11.252162732459313
[3.57659099e+11 2.64346692e+10]:[-1.01139754e-01 -3.00672458e-12 -2.83705439e-13  3.24339216e-11 -3.01052564e-10 -6.82536599e-16  8.75838287e-16  2.97631307e-05 -1.54337308e-06 -2.40992712e-08  8.53068093e-10]:11.289344428573365
[5.07855464e+11 1.15260711e+11]:[-9.49846500e-02 -3.00672458e-12 -2.83705439e-13  3.24339216e-11 -3.01052564e-10 -6.82536599e-16  8.75838287e-16  2.97631307e-05 -1.54337308e-06 -2.44756123e-08  8.50262719e-10]:11.509315664460535
[4.96837352e+11 1.45586759e+11]:[-1.01139754e-01 -3.05899714e-12 -2.85186658e-13  3.20244369e-11 -2.96697541e-10 -6.78280938e-16  8.76552418e-16  2.96767234e-05 -1.55568979e-06 -2.40992712e-08  8.46865060e-10]:11.526042836831426
Selected for new population:
[-9.49846500e-02 -3.05899714e-12 -2.85186658e-13  3.20244369e-11 -2.96697541e-10 -6.78280938e-16  8.76552418e-16  2.96767234e-05 -1.55568979e-06 -2.31220535e-08  8.46865060e-10]
[-1.01139754e-01 -3.00672458e-12 -2.83705439e-13  3.24339216e-11 -3.01052564e-10 -6.82536599e-16  8.75838287e-16  2.97631307e-05 -1.54337308e-06 -2.40992712e-08  8.53068093e-10]
Population scores:
[2.51445807e+11 8.83213452e+10]:[-9.49846500e-02 -3.05899714e-12 -2.85186658e-13  3.20244369e-11 -2.96697541e-10 -6.78280938e-16  8.76552418e-16  2.96767234e-05 -1.55568979e-06 -2.31220535e-08  8.46865060e-10]:11.252162732459313
[3.57659099e+11 2.64346692e+10]:[-1.01139754e-01 -3.00672458e-12 -2.83705439e-13  3.24339216e-11 -3.01052564e-10 -6.82536599e-16  8.75838287e-16  2.97631307e-05 -1.54337308e-06 -2.40992712e-08  8.53068093e-10]:11.289344428573365
[4.55506009e+11 4.56546542e+10]:[-1.01139754e-01 -3.00672458e-12 -2.89997610e-13  3.32872693e-11 -3.00181353e-10 -6.03658970e-16  8.79700760e-16  2.95542508e-05 -1.53124088e-06 -2.45852953e-08  8.53068093e-10]:11.406788418840522
[3.83896501e+11 1.44926585e+11]:[-1.06038379e-01 -2.90830362e-12 -2.93250827e-13  3.18318723e-11 -3.09130806e-10 -6.85299061e-16  8.79256229e-16  2.99788923e-05 -1.61999982e-06 -2.33069127e-08  8.55760962e-10]:11.445455055982853
[4.5807256e+11 1.1551381e+11]:[-9.69548313e-02 -3.05899714e-12 -3.62369908e-13  3.16585566e-11 -2.96697541e-10 -6.78280938e-16  8.76552418e-16  3.04832903e-05 -1.55568979e-06 -2.43734811e-08  8.46865060e-10]:11.47471813197021
[5.70841386e+11 1.09298798e+11]:[-9.72029979e-02 -3.04162476e-12 -2.89997610e-13  3.31153998e-11 -3.00181353e-10 -6.85939321e-16  8.79700760e-16  2.95542508e-05 -1.53124088e-06 -2.49988419e-08  8.58194682e-10]:11.545307081342045
[4.00413051e+11 3.37194208e+11]:[-1.08501145e-01 -3.01526982e-12 -2.78520139e-13  3.18485280e-11 -2.92014200e-10 -6.86899268e-16  8.77434464e-16  3.04832903e-05 -1.51278450e-06 -2.43734811e-08  8.57786749e-10]:11.60479075527756
[5.22588587e+11 6.84277085e+11]:[-1.07174949e-01 -2.93590907e-12 -2.79236626e-13  3.30518993e-11 -2.93969812e-10 -6.86405878e-16  8.80818229e-16  2.91044343e-05 -1.50747154e-06 -2.35226116e-08  8.58855341e-10]:11.827279137503673
[5.25819920e+11 8.77609792e+11]:[-1.10833483e-01 -3.09178069e-12 -2.89350411e-13  3.17611611e-11 -2.92895526e-10 -6.75616996e-16  8.75285072e-16  3.06286926e-05 -1.49747597e-06 -2.36151845e-08  8.46370215e-10]:11.897338841410754
[5.91986429e+11 9.16923886e+11]:[-9.49846500e-02 -3.05899714e-12 -2.89444555e-13  3.15704075e-11 -3.06934200e-10 -6.76466229e-16  8.76552418e-16  2.96767234e-05 -1.48245409e-06 -2.35033624e-08  8.46865060e-10]:11.927446099105357
[6.04593227e+11 9.63289439e+11]:[-1.05582430e-01 -3.00209409e-12 -2.78261178e-13  3.32424055e-11 -2.98138524e-10 -6.89606669e-16  8.84661542e-16  3.02694758e-05 -1.50707037e-06 -2.39438747e-08  8.62380004e-10]:11.944616037675775
[6.34093202e+11 9.52785096e+11]:[-9.60416299e-02 -3.03670618e-12 -2.89444555e-13  3.15704075e-11 -3.06934200e-10 -6.76466229e-16  8.84122432e-16  2.92158117e-05 -1.48245409e-06 -2.35033624e-08  8.51653534e-10]:11.948763809421589
[8.72240430e+11 1.74522499e+12]:[-9.16781826e-02 -2.94383190e-12 -2.76975175e-13  3.17848414e-11 -3.00360304e-10 -6.89676090e-16  8.75003174e-16  3.01872281e-05 -1.50905540e-06 -2.32869020e-08  8.62050105e-10]:12.171215882594622
[2.34153462e+12 3.08288816e+12]:[-1.07198096e-01 -3.00068575e-12 -2.76740934e-13  3.31992196e-11 -3.06099476e-10 -6.88647583e-16  8.80040061e-16  2.94643437e-05 -1.63848234e-06 -2.49197201e-08  8.53888935e-10]:12.480078869227517
*******************************
***iteration: 1 Population is***
*******************************
Population scores:
[2.51445807e+11 8.83213452e+10]:[-9.49846500e-02 -3.05899714e-12 -2.85186658e-13  3.20244369e-11 -2.96697541e-10 -6.78280938e-16  8.76552418e-16  2.96767234e-05 -1.55568979e-06 -2.31220535e-08  8.46865060e-10]:11.252162732459313
[3.57659099e+11 2.64346692e+10]:[-1.01139754e-01 -3.00672458e-12 -2.83705439e-13  3.24339216e-11 -3.01052564e-10 -6.82536599e-16  8.75838287e-16  2.97631307e-05 -1.54337308e-06 -2.40992712e-08  8.53068093e-10]:11.289344428573365
[4.55506009e+11 4.56546542e+10]:[-1.01139754e-01 -3.00672458e-12 -2.89997610e-13  3.32872693e-11 -3.00181353e-10 -6.03658970e-16  8.79700760e-16  2.95542508e-05 -1.53124088e-06 -2.45852953e-08  8.53068093e-10]:11.406788418840522
[3.83896501e+11 1.44926585e+11]:[-1.06038379e-01 -2.90830362e-12 -2.93250827e-13  3.18318723e-11 -3.09130806e-10 -6.85299061e-16  8.79256229e-16  2.99788923e-05 -1.61999982e-06 -2.33069127e-08  8.55760962e-10]:11.445455055982853
[4.5807256e+11 1.1551381e+11]:[-9.69548313e-02 -3.05899714e-12 -3.62369908e-13  3.16585566e-11 -2.96697541e-10 -6.78280938e-16  8.76552418e-16  3.04832903e-05 -1.55568979e-06 -2.43734811e-08  8.46865060e-10]:11.47471813197021
[5.70841386e+11 1.09298798e+11]:[-9.72029979e-02 -3.04162476e-12 -2.89997610e-13  3.31153998e-11 -3.00181353e-10 -6.85939321e-16  8.79700760e-16  2.95542508e-05 -1.53124088e-06 -2.49988419e-08  8.58194682e-10]:11.545307081342045
[4.00413051e+11 3.37194208e+11]:[-1.08501145e-01 -3.01526982e-12 -2.78520139e-13  3.18485280e-11 -2.92014200e-10 -6.86899268e-16  8.77434464e-16  3.04832903e-05 -1.51278450e-06 -2.43734811e-08  8.57786749e-10]:11.60479075527756
[5.22588587e+11 6.84277085e+11]:[-1.07174949e-01 -2.93590907e-12 -2.79236626e-13  3.30518993e-11 -2.93969812e-10 -6.86405878e-16  8.80818229e-16  2.91044343e-05 -1.50747154e-06 -2.35226116e-08  8.58855341e-10]:11.827279137503673
[5.25819920e+11 8.77609792e+11]:[-1.10833483e-01 -3.09178069e-12 -2.89350411e-13  3.17611611e-11 -2.92895526e-10 -6.75616996e-16  8.75285072e-16  3.06286926e-05 -1.49747597e-06 -2.36151845e-08  8.46370215e-10]:11.897338841410754
[5.91986429e+11 9.16923886e+11]:[-9.49846500e-02 -3.05899714e-12 -2.89444555e-13  3.15704075e-11 -3.06934200e-10 -6.76466229e-16  8.76552418e-16  2.96767234e-05 -1.48245409e-06 -2.35033624e-08  8.46865060e-10]:11.927446099105357
Selected: [6 2]
&&&&&&&&&&&&&&&&&&&&&&&&
&&TOURNAMENT SELECTION&&
&&&&&&&&&&&&&&&&&&&&&&&&
parents:
[-1.08501145e-01 -3.01526982e-12 -2.78520139e-13  3.18485280e-11 -2.92014200e-10 -6.86899268e-16  8.77434464e-16  3.04832903e-05 -1.51278450e-06 -2.43734811e-08  8.57786749e-10]
[-1.01139754e-01 -3.00672458e-12 -2.89997610e-13  3.32872693e-11 -3.00181353e-10 -6.03658970e-16  8.79700760e-16  2.95542508e-05 -1.53124088e-06 -2.45852953e-08  8.53068093e-10]
children:
[-1.08501145e-01 -3.01526982e-12 -3.79483393e-13  3.32872693e-11 -3.00181353e-10 -6.86899268e-16  8.80861936e-16  2.95542508e-05 -5.61488723e-07 -2.43734811e-08  8.57786749e-10]
[-1.01139754e-01 -2.95142311e-12 -2.78520139e-13  3.18485280e-11 -2.19205970e-10 -6.03658970e-16  8.90220406e-16  3.07399328e-05 -1.51278450e-06 -2.45852953e-08  8.53068093e-10]
Population scores:
[4.55506009e+11 4.56546542e+10]:[-1.01139754e-01 -3.00672458e-12 -2.89997610e-13  3.32872693e-11 -3.00181353e-10 -6.03658970e-16  8.79700760e-16  2.95542508e-05 -1.53124088e-06 -2.45852953e-08  8.53068093e-10]:11.406788418840522
[3.63489854e+11 1.86784250e+11]:[-1.01139754e-01 -2.95142311e-12 -2.78520139e-13  3.18485280e-11 -2.19205970e-10 -6.03658970e-16  8.90220406e-16  3.07399328e-05 -1.51278450e-06 -2.45852953e-08  8.53068093e-10]:11.468074669072506
[4.00413051e+11 3.37194208e+11]:[-1.08501145e-01 -3.01526982e-12 -2.78520139e-13  3.18485280e-11 -2.92014200e-10 -6.86899268e-16  8.77434464e-16  3.04832903e-05 -1.51278450e-06 -2.43734811e-08  8.57786749e-10]:11.60479075527756
[7.69979080e+13 1.52534479e+14]:[-1.08501145e-01 -3.01526982e-12 -3.79483393e-13  3.32872693e-11 -3.00181353e-10 -6.86899268e-16  8.80861936e-16  2.95542508e-05 -5.61488723e-07 -2.43734811e-08  8.57786749e-10]:14.114008964409203
Selected for new population:
[-1.01139754e-01 -3.00672458e-12 -2.89997610e-13  3.32872693e-11 -3.00181353e-10 -6.03658970e-16  8.79700760e-16  2.95542508e-05 -1.53124088e-06 -2.45852953e-08  8.53068093e-10]
[-1.01139754e-01 -2.95142311e-12 -2.78520139e-13  3.18485280e-11 -2.19205970e-10 -6.03658970e-16  8.90220406e-16  3.07399328e-05 -1.51278450e-06 -2.45852953e-08  8.53068093e-10]
Selected: [4 1]
&&&&&&&&&&&&&&&&&&&&&&&&
&&TOURNAMENT SELECTION&&
&&&&&&&&&&&&&&&&&&&&&&&&
parents:
[-9.69548313e-02 -3.05899714e-12 -3.62369908e-13  3.16585566e-11 -2.96697541e-10 -6.78280938e-16  8.76552418e-16  3.04832903e-05 -1.55568979e-06 -2.43734811e-08  8.46865060e-10]
[-1.01139754e-01 -3.00672458e-12 -2.83705439e-13  3.24339216e-11 -3.01052564e-10 -6.82536599e-16  8.75838287e-16  2.97631307e-05 -1.54337308e-06 -2.40992712e-08  8.53068093e-10]
children:
[-1.01139754e-01 -3.05899714e-12 -3.62369908e-13  3.24339216e-11 -3.01052564e-10 -6.82536599e-16  8.75838287e-16  2.97631307e-05 -1.54337308e-06 -2.40992712e-08  8.46865060e-10]
[-1.05061480e-01 -3.00672458e-12 -2.83705439e-13  3.16585566e-11 -2.96697541e-10 -6.78280938e-16  9.36108020e-16  3.04832903e-05 -1.55568979e-06 -2.43734811e-08  8.53068093e-10]
Population scores:
[3.57659099e+11 2.64346692e+10]:[-1.01139754e-01 -3.00672458e-12 -2.83705439e-13  3.24339216e-11 -3.01052564e-10 -6.82536599e-16  8.75838287e-16  2.97631307e-05 -1.54337308e-06 -2.40992712e-08  8.53068093e-10]:11.289344428573365
[3.75638950e+11 3.97128735e+10]:[-1.05061480e-01 -3.00672458e-12 -2.83705439e-13  3.16585566e-11 -2.96697541e-10 -6.78280938e-16  9.36108020e-16  3.04832903e-05 -1.55568979e-06 -2.43734811e-08  8.53068093e-10]:11.325612525193623
[4.14561527e+11 5.46944115e+10]:[-1.01139754e-01 -3.05899714e-12 -3.62369908e-13  3.24339216e-11 -3.01052564e-10 -6.82536599e-16  8.75838287e-16  2.97631307e-05 -1.54337308e-06 -2.40992712e-08  8.46865060e-10]:11.380387475548403
[4.5807256e+11 1.1551381e+11]:[-9.69548313e-02 -3.05899714e-12 -3.62369908e-13  3.16585566e-11 -2.96697541e-10 -6.78280938e-16  8.76552418e-16  3.04832903e-05 -1.55568979e-06 -2.43734811e-08  8.46865060e-10]:11.47471813197021
Selected for new population:
[-1.01139754e-01 -3.00672458e-12 -2.83705439e-13  3.24339216e-11 -3.01052564e-10 -6.82536599e-16  8.75838287e-16  2.97631307e-05 -1.54337308e-06 -2.40992712e-08  8.53068093e-10]
[-1.05061480e-01 -3.00672458e-12 -2.83705439e-13  3.16585566e-11 -2.96697541e-10 -6.78280938e-16  9.36108020e-16  3.04832903e-05 -1.55568979e-06 -2.43734811e-08  8.53068093e-10]
Selected: [4 1]
&&&&&&&&&&&&&&&&&&&&&&&&
&&TOURNAMENT SELECTION&&
&&&&&&&&&&&&&&&&&&&&&&&&
parents:
[-9.69548313e-02 -3.05899714e-12 -3.62369908e-13  3.16585566e-11 -2.96697541e-10 -6.78280938e-16  8.76552418e-16  3.04832903e-05 -1.55568979e-06 -2.43734811e-08  8.46865060e-10]
[-1.01139754e-01 -3.00672458e-12 -2.83705439e-13  3.24339216e-11 -3.01052564e-10 -6.82536599e-16  8.75838287e-16  2.97631307e-05 -1.54337308e-06 -2.40992712e-08  8.53068093e-10]
children:
[-1.00516314e-01 -3.08414444e-12 -2.83705439e-13  3.16585566e-11 -3.01052564e-10 -7.68663031e-16  8.76552418e-16  2.52134038e-05 -1.55568979e-06 -2.40992712e-08  8.53068093e-10]
[-9.69548313e-02 -3.05899714e-12 -3.62369908e-13  3.24339216e-11 -2.96697541e-10 -6.82536599e-16  8.75838287e-16  2.97631307e-05 -1.54337308e-06 -2.43734811e-08  8.46865060e-10]
Population scores:
[3.57659099e+11 2.64346692e+10]:[-1.01139754e-01 -3.00672458e-12 -2.83705439e-13  3.24339216e-11 -3.01052564e-10 -6.82536599e-16  8.75838287e-16  2.97631307e-05 -1.54337308e-06 -2.40992712e-08  8.53068093e-10]:11.289344428573365
[4.5807256e+11 1.1551381e+11]:[-9.69548313e-02 -3.05899714e-12 -3.62369908e-13  3.16585566e-11 -2.96697541e-10 -6.78280938e-16  8.76552418e-16  3.04832903e-05 -1.55568979e-06 -2.43734811e-08  8.46865060e-10]:11.47471813197021
[5.20112732e+11 1.38891195e+11]:[-9.69548313e-02 -3.05899714e-12 -3.62369908e-13  3.24339216e-11 -2.96697541e-10 -6.82536599e-16  8.75838287e-16  2.97631307e-05 -1.54337308e-06 -2.43734811e-08  8.46865060e-10]:11.535789013552316
[1.90714235e+12 1.96694905e+12]:[-1.00516314e-01 -3.08414444e-12 -2.83705439e-13  3.16585566e-11 -3.01052564e-10 -7.68663031e-16  8.76552418e-16  2.52134038e-05 -1.55568979e-06 -2.40992712e-08  8.53068093e-10]:12.3291416226499
Selected for new population:
[-1.01139754e-01 -3.00672458e-12 -2.83705439e-13  3.24339216e-11 -3.01052564e-10 -6.82536599e-16  8.75838287e-16  2.97631307e-05 -1.54337308e-06 -2.40992712e-08  8.53068093e-10]
[-9.69548313e-02 -3.05899714e-12 -3.62369908e-13  3.16585566e-11 -2.96697541e-10 -6.78280938e-16  8.76552418e-16  3.04832903e-05 -1.55568979e-06 -2.43734811e-08  8.46865060e-10]
Selected: [4 0]
&&&&&&&&&&&&&&&&&&&&&&&&
&&TOURNAMENT SELECTION&&
&&&&&&&&&&&&&&&&&&&&&&&&
parents:
[-9.69548313e-02 -3.05899714e-12 -3.62369908e-13  3.16585566e-11 -2.96697541e-10 -6.78280938e-16  8.76552418e-16  3.04832903e-05 -1.55568979e-06 -2.43734811e-08  8.46865060e-10]
[-9.49846500e-02 -3.05899714e-12 -2.85186658e-13  3.20244369e-11 -2.96697541e-10 -6.78280938e-16  8.76552418e-16  2.96767234e-05 -1.55568979e-06 -2.31220535e-08  8.46865060e-10]
children:
[-9.69548313e-02 -3.05899714e-12 -3.62369908e-13  3.20244369e-11 -2.96697541e-10 -6.78280938e-16  8.76552418e-16  2.10885228e-05 -1.04548030e-06 -2.31220535e-08  8.46865060e-10]
[-8.71000847e-02 -3.05899714e-12 -2.85186658e-13  2.39786186e-11 -2.96697541e-10 -6.78280938e-16  8.76552418e-16  2.96767234e-05 -1.55568979e-06 -2.43734811e-08  8.46865060e-10]
Population scores:
[2.51445807e+11 8.83213452e+10]:[-9.49846500e-02 -3.05899714e-12 -2.85186658e-13  3.20244369e-11 -2.96697541e-10 -6.78280938e-16  8.76552418e-16  2.96767234e-05 -1.55568979e-06 -2.31220535e-08  8.46865060e-10]:11.252162732459313
[4.5807256e+11 1.1551381e+11]:[-9.69548313e-02 -3.05899714e-12 -3.62369908e-13  3.16585566e-11 -2.96697541e-10 -6.78280938e-16  8.76552418e-16  3.04832903e-05 -1.55568979e-06 -2.43734811e-08  8.46865060e-10]:11.47471813197021
[6.31877809e+11 2.88533696e+11]:[-8.71000847e-02 -3.05899714e-12 -2.85186658e-13  2.39786186e-11 -2.96697541e-10 -6.78280938e-16  8.76552418e-16  2.96767234e-05 -1.55568979e-06 -2.43734811e-08  8.46865060e-10]:11.689361363775314
[1.08471652e+13 1.97265745e+13]:[-9.69548313e-02 -3.05899714e-12 -3.62369908e-13  3.20244369e-11 -2.96697541e-10 -6.78280938e-16  8.76552418e-16  2.10885228e-05 -1.04548030e-06 -2.31220535e-08  8.46865060e-10]:13.237028897017955
Selected for new population:
[-9.49846500e-02 -3.05899714e-12 -2.85186658e-13  3.20244369e-11 -2.96697541e-10 -6.78280938e-16  8.76552418e-16  2.96767234e-05 -1.55568979e-06 -2.31220535e-08  8.46865060e-10]
[-9.69548313e-02 -3.05899714e-12 -3.62369908e-13  3.16585566e-11 -2.96697541e-10 -6.78280938e-16  8.76552418e-16  3.04832903e-05 -1.55568979e-06 -2.43734811e-08  8.46865060e-10]
Selected: [2 0]
&&&&&&&&&&&&&&&&&&&&&&&&
&&TOURNAMENT SELECTION&&
&&&&&&&&&&&&&&&&&&&&&&&&
parents:
[-1.01139754e-01 -3.00672458e-12 -2.89997610e-13  3.32872693e-11 -3.00181353e-10 -6.03658970e-16  8.79700760e-16  2.95542508e-05 -1.53124088e-06 -2.45852953e-08  8.53068093e-10]
[-9.49846500e-02 -3.05899714e-12 -2.85186658e-13  3.20244369e-11 -2.96697541e-10 -6.78280938e-16  8.76552418e-16  2.96767234e-05 -1.55568979e-06 -2.31220535e-08  8.46865060e-10]
children:
[-9.49846500e-02 -3.68796445e-12 -2.85186658e-13  3.20244369e-11 -3.00181353e-10 -6.03658970e-16  9.70156811e-16  2.96767234e-05 -1.53124088e-06 -2.31220535e-08  8.53068093e-10]
[-1.01139754e-01 -3.05899714e-12 -2.89997610e-13  3.32872693e-11 -2.96697541e-10 -6.78280938e-16  8.76552418e-16  2.95542508e-05 -1.55568979e-06 -2.45852953e-08  8.46865060e-10]
Population scores:
[2.51445807e+11 8.83213452e+10]:[-9.49846500e-02 -3.05899714e-12 -2.85186658e-13  3.20244369e-11 -2.96697541e-10 -6.78280938e-16  8.76552418e-16  2.96767234e-05 -1.55568979e-06 -2.31220535e-08  8.46865060e-10]:11.252162732459313
[4.55506009e+11 4.56546542e+10]:[-1.01139754e-01 -3.00672458e-12 -2.89997610e-13  3.32872693e-11 -3.00181353e-10 -6.03658970e-16  8.79700760e-16  2.95542508e-05 -1.53124088e-06 -2.45852953e-08  8.53068093e-10]:11.406788418840522
[4.29238617e+11 6.33581105e+11]:[-9.49846500e-02 -3.68796445e-12 -2.85186658e-13  3.20244369e-11 -3.00181353e-10 -6.03658970e-16  9.70156811e-16  2.96767234e-05 -1.53124088e-06 -2.31220535e-08  8.53068093e-10]:11.77434757352684
[7.90787704e+11 4.79543196e+11]:[-1.01139754e-01 -3.05899714e-12 -2.89997610e-13  3.32872693e-11 -2.96697541e-10 -6.78280938e-16  8.76552418e-16  2.95542508e-05 -1.55568979e-06 -2.45852953e-08  8.46865060e-10]:11.834496854146161
Selected for new population:
[-9.49846500e-02 -3.05899714e-12 -2.85186658e-13  3.20244369e-11 -2.96697541e-10 -6.78280938e-16  8.76552418e-16  2.96767234e-05 -1.55568979e-06 -2.31220535e-08  8.46865060e-10]
[-1.01139754e-01 -3.00672458e-12 -2.89997610e-13  3.32872693e-11 -3.00181353e-10 -6.03658970e-16  8.79700760e-16  2.95542508e-05 -1.53124088e-06 -2.45852953e-08  8.53068093e-10]
Population scores:
[2.51445807e+11 8.83213452e+10]:[-9.49846500e-02 -3.05899714e-12 -2.85186658e-13  3.20244369e-11 -2.96697541e-10 -6.78280938e-16  8.76552418e-16  2.96767234e-05 -1.55568979e-06 -2.31220535e-08  8.46865060e-10]:11.252162732459313
[3.57659099e+11 2.64346692e+10]:[-1.01139754e-01 -3.00672458e-12 -2.83705439e-13  3.24339216e-11 -3.01052564e-10 -6.82536599e-16  8.75838287e-16  2.97631307e-05 -1.54337308e-06 -2.40992712e-08  8.53068093e-10]:11.289344428573365
[3.75638950e+11 3.97128735e+10]:[-1.05061480e-01 -3.00672458e-12 -2.83705439e-13  3.16585566e-11 -2.96697541e-10 -6.78280938e-16  9.36108020e-16  3.04832903e-05 -1.55568979e-06 -2.43734811e-08  8.53068093e-10]:11.325612525193623
[4.55506009e+11 4.56546542e+10]:[-1.01139754e-01 -3.00672458e-12 -2.89997610e-13  3.32872693e-11 -3.00181353e-10 -6.03658970e-16  8.79700760e-16  2.95542508e-05 -1.53124088e-06 -2.45852953e-08  8.53068093e-10]:11.406788418840522
[3.83896501e+11 1.44926585e+11]:[-1.06038379e-01 -2.90830362e-12 -2.93250827e-13  3.18318723e-11 -3.09130806e-10 -6.85299061e-16  8.79256229e-16  2.99788923e-05 -1.61999982e-06 -2.33069127e-08  8.55760962e-10]:11.445455055982853
[3.63489854e+11 1.86784250e+11]:[-1.01139754e-01 -2.95142311e-12 -2.78520139e-13  3.18485280e-11 -2.19205970e-10 -6.03658970e-16  8.90220406e-16  3.07399328e-05 -1.51278450e-06 -2.45852953e-08  8.53068093e-10]:11.468074669072506
[4.5807256e+11 1.1551381e+11]:[-9.69548313e-02 -3.05899714e-12 -3.62369908e-13  3.16585566e-11 -2.96697541e-10 -6.78280938e-16  8.76552418e-16  3.04832903e-05 -1.55568979e-06 -2.43734811e-08  8.46865060e-10]:11.47471813197021
[5.70841386e+11 1.09298798e+11]:[-9.72029979e-02 -3.04162476e-12 -2.89997610e-13  3.31153998e-11 -3.00181353e-10 -6.85939321e-16  8.79700760e-16  2.95542508e-05 -1.53124088e-06 -2.49988419e-08  8.58194682e-10]:11.545307081342045
[4.00413051e+11 3.37194208e+11]:[-1.08501145e-01 -3.01526982e-12 -2.78520139e-13  3.18485280e-11 -2.92014200e-10 -6.86899268e-16  8.77434464e-16  3.04832903e-05 -1.51278450e-06 -2.43734811e-08  8.57786749e-10]:11.60479075527756
[5.22588587e+11 6.84277085e+11]:[-1.07174949e-01 -2.93590907e-12 -2.79236626e-13  3.30518993e-11 -2.93969812e-10 -6.86405878e-16  8.80818229e-16  2.91044343e-05 -1.50747154e-06 -2.35226116e-08  8.58855341e-10]:11.827279137503673
[5.25819920e+11 8.77609792e+11]:[-1.10833483e-01 -3.09178069e-12 -2.89350411e-13  3.17611611e-11 -2.92895526e-10 -6.75616996e-16  8.75285072e-16  3.06286926e-05 -1.49747597e-06 -2.36151845e-08  8.46370215e-10]:11.897338841410754
[5.91986429e+11 9.16923886e+11]:[-9.49846500e-02 -3.05899714e-12 -2.89444555e-13  3.15704075e-11 -3.06934200e-10 -6.76466229e-16  8.76552418e-16  2.96767234e-05 -1.48245409e-06 -2.35033624e-08  8.46865060e-10]:11.927446099105357
*******************************
***iteration: 2 Population is***
*******************************
Population scores:
[2.51445807e+11 8.83213452e+10]:[-9.49846500e-02 -3.05899714e-12 -2.85186658e-13  3.20244369e-11 -2.96697541e-10 -6.78280938e-16  8.76552418e-16  2.96767234e-05 -1.55568979e-06 -2.31220535e-08  8.46865060e-10]:11.252162732459313
[3.57659099e+11 2.64346692e+10]:[-1.01139754e-01 -3.00672458e-12 -2.83705439e-13  3.24339216e-11 -3.01052564e-10 -6.82536599e-16  8.75838287e-16  2.97631307e-05 -1.54337308e-06 -2.40992712e-08  8.53068093e-10]:11.289344428573365
[3.75638950e+11 3.97128735e+10]:[-1.05061480e-01 -3.00672458e-12 -2.83705439e-13  3.16585566e-11 -2.96697541e-10 -6.78280938e-16  9.36108020e-16  3.04832903e-05 -1.55568979e-06 -2.43734811e-08  8.53068093e-10]:11.325612525193623
[4.55506009e+11 4.56546542e+10]:[-1.01139754e-01 -3.00672458e-12 -2.89997610e-13  3.32872693e-11 -3.00181353e-10 -6.03658970e-16  8.79700760e-16  2.95542508e-05 -1.53124088e-06 -2.45852953e-08  8.53068093e-10]:11.406788418840522
[3.83896501e+11 1.44926585e+11]:[-1.06038379e-01 -2.90830362e-12 -2.93250827e-13  3.18318723e-11 -3.09130806e-10 -6.85299061e-16  8.79256229e-16  2.99788923e-05 -1.61999982e-06 -2.33069127e-08  8.55760962e-10]:11.445455055982853
[3.63489854e+11 1.86784250e+11]:[-1.01139754e-01 -2.95142311e-12 -2.78520139e-13  3.18485280e-11 -2.19205970e-10 -6.03658970e-16  8.90220406e-16  3.07399328e-05 -1.51278450e-06 -2.45852953e-08  8.53068093e-10]:11.468074669072506
[4.5807256e+11 1.1551381e+11]:[-9.69548313e-02 -3.05899714e-12 -3.62369908e-13  3.16585566e-11 -2.96697541e-10 -6.78280938e-16  8.76552418e-16  3.04832903e-05 -1.55568979e-06 -2.43734811e-08  8.46865060e-10]:11.47471813197021
[5.70841386e+11 1.09298798e+11]:[-9.72029979e-02 -3.04162476e-12 -2.89997610e-13  3.31153998e-11 -3.00181353e-10 -6.85939321e-16  8.79700760e-16  2.95542508e-05 -1.53124088e-06 -2.49988419e-08  8.58194682e-10]:11.545307081342045
[4.00413051e+11 3.37194208e+11]:[-1.08501145e-01 -3.01526982e-12 -2.78520139e-13  3.18485280e-11 -2.92014200e-10 -6.86899268e-16  8.77434464e-16  3.04832903e-05 -1.51278450e-06 -2.43734811e-08  8.57786749e-10]:11.60479075527756
[5.22588587e+11 6.84277085e+11]:[-1.07174949e-01 -2.93590907e-12 -2.79236626e-13  3.30518993e-11 -2.93969812e-10 -6.86405878e-16  8.80818229e-16  2.91044343e-05 -1.50747154e-06 -2.35226116e-08  8.58855341e-10]:11.827279137503673
Selected: [3 0]
&&&&&&&&&&&&&&&&&&&&&&&&
&&TOURNAMENT SELECTION&&
&&&&&&&&&&&&&&&&&&&&&&&&
parents:
[-1.01139754e-01 -3.00672458e-12 -2.89997610e-13  3.32872693e-11 -3.00181353e-10 -6.03658970e-16  8.79700760e-16  2.95542508e-05 -1.53124088e-06 -2.45852953e-08  8.53068093e-10]
[-9.49846500e-02 -3.05899714e-12 -2.85186658e-13  3.20244369e-11 -2.96697541e-10 -6.78280938e-16  8.76552418e-16  2.96767234e-05 -1.55568979e-06 -2.31220535e-08  8.46865060e-10]
children:
[-1.01139754e-01 -3.10231290e-12 -2.85186658e-13  3.20244369e-11 -2.96697541e-10 -6.78280938e-16  8.76552418e-16  2.96767234e-05 -1.55568979e-06 -2.45852953e-08  8.46865060e-10]
[-9.49846500e-02 -3.07996681e-12 -1.93698455e-13  3.32872693e-11 -3.00181353e-10 -6.03658970e-16  8.79700760e-16  2.95542508e-05 -1.53124088e-06 -2.26850320e-08  8.96974416e-10]
Population scores:
[2.51445807e+11 8.83213452e+10]:[-9.49846500e-02 -3.05899714e-12 -2.85186658e-13  3.20244369e-11 -2.96697541e-10 -6.78280938e-16  8.76552418e-16  2.96767234e-05 -1.55568979e-06 -2.31220535e-08  8.46865060e-10]:11.252162732459313
[4.55506009e+11 4.56546542e+10]:[-1.01139754e-01 -3.00672458e-12 -2.89997610e-13  3.32872693e-11 -3.00181353e-10 -6.03658970e-16  8.79700760e-16  2.95542508e-05 -1.53124088e-06 -2.45852953e-08  8.53068093e-10]:11.406788418840522
[7.56045220e+11 4.37017178e+11]:[-1.01139754e-01 -3.10231290e-12 -2.85186658e-13  3.20244369e-11 -2.96697541e-10 -6.78280938e-16  8.76552418e-16  2.96767234e-05 -1.55568979e-06 -2.45852953e-08  8.46865060e-10]:11.806337999099066
[2.51798617e+12 5.31695819e+12]:[-9.49846500e-02 -3.07996681e-12 -1.93698455e-13  3.32872693e-11 -3.00181353e-10 -6.03658970e-16  8.79700760e-16  2.95542508e-05 -1.53124088e-06 -2.26850320e-08  8.96974416e-10]:12.648278805290014
Selected for new population:
[-9.49846500e-02 -3.05899714e-12 -2.85186658e-13  3.20244369e-11 -2.96697541e-10 -6.78280938e-16  8.76552418e-16  2.96767234e-05 -1.55568979e-06 -2.31220535e-08  8.46865060e-10]
[-1.01139754e-01 -3.00672458e-12 -2.89997610e-13  3.32872693e-11 -3.00181353e-10 -6.03658970e-16  8.79700760e-16  2.95542508e-05 -1.53124088e-06 -2.45852953e-08  8.53068093e-10]
Selected: [1 3]
&&&&&&&&&&&&&&&&&&&&&&&&
&&TOURNAMENT SELECTION&&
&&&&&&&&&&&&&&&&&&&&&&&&
parents:
[-1.01139754e-01 -3.00672458e-12 -2.83705439e-13  3.24339216e-11 -3.01052564e-10 -6.82536599e-16  8.75838287e-16  2.97631307e-05 -1.54337308e-06 -2.40992712e-08  8.53068093e-10]
[-1.01139754e-01 -3.00672458e-12 -2.89997610e-13  3.32872693e-11 -3.00181353e-10 -6.03658970e-16  8.79700760e-16  2.95542508e-05 -1.53124088e-06 -2.45852953e-08  8.53068093e-10]
children:
[-1.01139754e-01 -3.00672458e-12 -2.89997610e-13  3.32872693e-11 -3.01052564e-10 -6.82536599e-16  9.39196804e-16  2.95542508e-05 -1.53124088e-06 -2.46827322e-08  8.53068093e-10]
[-2.78634684e-02 -3.00672458e-12 -2.83705439e-13  3.24339216e-11 -3.00181353e-10 -6.48761846e-16  8.75838287e-16  2.97631307e-05 -1.57122721e-06 -2.40992712e-08  8.54360813e-10]
Population scores:
[3.57659099e+11 2.64346692e+10]:[-1.01139754e-01 -3.00672458e-12 -2.83705439e-13  3.24339216e-11 -3.01052564e-10 -6.82536599e-16  8.75838287e-16  2.97631307e-05 -1.54337308e-06 -2.40992712e-08  8.53068093e-10]:11.289344428573365
[4.55506009e+11 4.56546542e+10]:[-1.01139754e-01 -3.00672458e-12 -2.89997610e-13  3.32872693e-11 -3.00181353e-10 -6.03658970e-16  8.79700760e-16  2.95542508e-05 -1.53124088e-06 -2.45852953e-08  8.53068093e-10]:11.406788418840522
[4.42744754e+11 1.07367538e+11]:[-2.78634684e-02 -3.00672458e-12 -2.83705439e-13  3.24339216e-11 -3.00181353e-10 -6.48761846e-16  8.75838287e-16  2.97631307e-05 -1.57122721e-06 -2.40992712e-08  8.54360813e-10]:11.456051434674947
[5.18393371e+11 8.57054767e+10]:[-1.01139754e-01 -3.00672458e-12 -2.89997610e-13  3.32872693e-11 -3.01052564e-10 -6.82536599e-16  9.39196804e-16  2.95542508e-05 -1.53124088e-06 -2.46827322e-08  8.53068093e-10]:11.492229375704461
Selected for new population:
[-1.01139754e-01 -3.00672458e-12 -2.83705439e-13  3.24339216e-11 -3.01052564e-10 -6.82536599e-16  8.75838287e-16  2.97631307e-05 -1.54337308e-06 -2.40992712e-08  8.53068093e-10]
[-1.01139754e-01 -3.00672458e-12 -2.89997610e-13  3.32872693e-11 -3.00181353e-10 -6.03658970e-16  8.79700760e-16  2.95542508e-05 -1.53124088e-06 -2.45852953e-08  8.53068093e-10]
Selected: [2 1]
&&&&&&&&&&&&&&&&&&&&&&&&
&&TOURNAMENT SELECTION&&
&&&&&&&&&&&&&&&&&&&&&&&&
parents:
[-1.05061480e-01 -3.00672458e-12 -2.83705439e-13  3.16585566e-11 -2.96697541e-10 -6.78280938e-16  9.36108020e-16  3.04832903e-05 -1.55568979e-06 -2.43734811e-08  8.53068093e-10]
[-1.01139754e-01 -3.00672458e-12 -2.83705439e-13  3.24339216e-11 -3.01052564e-10 -6.82536599e-16  8.75838287e-16  2.97631307e-05 -1.54337308e-06 -2.40992712e-08  8.53068093e-10]
children:
[-1.01139754e-01 -3.00672458e-12 -2.83705439e-13  3.24339216e-11 -3.01052564e-10 -6.82536599e-16  9.36108020e-16  3.04832903e-05 -1.55568979e-06 -2.40992712e-08  8.53068093e-10]
[-2.43157206e-02 -3.00672458e-12 -2.83705439e-13  3.16585566e-11 -2.17736772e-10 -6.78280938e-16  8.38426168e-16  2.97631307e-05 -1.54337308e-06 -2.43734811e-08  8.53068093e-10]
Population scores:
[3.09207798e+11 2.80250628e+10]:[-1.01139754e-01 -3.00672458e-12 -2.83705439e-13  3.24339216e-11 -3.01052564e-10 -6.82536599e-16  9.36108020e-16  3.04832903e-05 -1.55568979e-06 -2.40992712e-08  8.53068093e-10]:11.23405879676477
[3.57659099e+11 2.64346692e+10]:[-1.01139754e-01 -3.00672458e-12 -2.83705439e-13  3.24339216e-11 -3.01052564e-10 -6.82536599e-16  8.75838287e-16  2.97631307e-05 -1.54337308e-06 -2.40992712e-08  8.53068093e-10]:11.289344428573365
[3.75638950e+11 3.97128735e+10]:[-1.05061480e-01 -3.00672458e-12 -2.83705439e-13  3.16585566e-11 -2.96697541e-10 -6.78280938e-16  9.36108020e-16  3.04832903e-05 -1.55568979e-06 -2.43734811e-08  8.53068093e-10]:11.325612525193623
[4.30477696e+11 4.92877361e+10]:[-2.43157206e-02 -3.00672458e-12 -2.83705439e-13  3.16585566e-11 -2.17736772e-10 -6.78280938e-16  8.38426168e-16  2.97631307e-05 -1.54337308e-06 -2.43734811e-08  8.53068093e-10]:11.388831796214648
Selected for new population:
[-1.01139754e-01 -3.00672458e-12 -2.83705439e-13  3.24339216e-11 -3.01052564e-10 -6.82536599e-16  9.36108020e-16  3.04832903e-05 -1.55568979e-06 -2.40992712e-08  8.53068093e-10]
[-1.01139754e-01 -3.00672458e-12 -2.83705439e-13  3.24339216e-11 -3.01052564e-10 -6.82536599e-16  8.75838287e-16  2.97631307e-05 -1.54337308e-06 -2.40992712e-08  8.53068093e-10]
Selected: [9 6]
&&&&&&&&&&&&&&&&&&&&&&&&
&&TOURNAMENT SELECTION&&
&&&&&&&&&&&&&&&&&&&&&&&&
parents:
[-1.07174949e-01 -2.93590907e-12 -2.79236626e-13  3.30518993e-11 -2.93969812e-10 -6.86405878e-16  8.80818229e-16  2.91044343e-05 -1.50747154e-06 -2.35226116e-08  8.58855341e-10]
[-9.69548313e-02 -3.05899714e-12 -3.62369908e-13  3.16585566e-11 -2.96697541e-10 -6.78280938e-16  8.76552418e-16  3.04832903e-05 -1.55568979e-06 -2.43734811e-08  8.46865060e-10]
children:
[-9.69548313e-02 -2.93590907e-12 -3.62369908e-13  3.98777692e-11 -2.93969812e-10 -6.78280938e-16  8.80818229e-16  3.02019720e-05 -1.55568979e-06 -2.43734811e-08  8.46865060e-10]
[-1.07174949e-01 -2.97388999e-12 -3.30456330e-13  2.89331054e-11 -2.96104212e-10 -6.89658459e-16  8.76552418e-16  3.05542670e-05 -1.50747154e-06 -2.35226116e-08  8.58855341e-10]
Population scores:
[4.5807256e+11 1.1551381e+11]:[-9.69548313e-02 -3.05899714e-12 -3.62369908e-13  3.16585566e-11 -2.96697541e-10 -6.78280938e-16  8.76552418e-16  3.04832903e-05 -1.55568979e-06 -2.43734811e-08  8.46865060e-10]:11.47471813197021
[5.13412022e+11 1.65539728e+11]:[-9.69548313e-02 -2.93590907e-12 -3.62369908e-13  3.98777692e-11 -2.93969812e-10 -6.78280938e-16  8.80818229e-16  3.02019720e-05 -1.55568979e-06 -2.43734811e-08  8.46865060e-10]:11.55148640866626
[5.22588587e+11 6.84277085e+11]:[-1.07174949e-01 -2.93590907e-12 -2.79236626e-13  3.30518993e-11 -2.93969812e-10 -6.86405878e-16  8.80818229e-16  2.91044343e-05 -1.50747154e-06 -2.35226116e-08  8.58855341e-10]:11.827279137503673
[7.45780916e+11 1.44451842e+12]:[-1.07174949e-01 -2.97388999e-12 -3.30456330e-13  2.89331054e-11 -2.96104212e-10 -6.89658459e-16  8.76552418e-16  3.05542670e-05 -1.50747154e-06 -2.35226116e-08  8.58855341e-10]:12.093282097174269
Selected for new population:
[-9.69548313e-02 -3.05899714e-12 -3.62369908e-13  3.16585566e-11 -2.96697541e-10 -6.78280938e-16  8.76552418e-16  3.04832903e-05 -1.55568979e-06 -2.43734811e-08  8.46865060e-10]
[-9.69548313e-02 -2.93590907e-12 -3.62369908e-13  3.98777692e-11 -2.93969812e-10 -6.78280938e-16  8.80818229e-16  3.02019720e-05 -1.55568979e-06 -2.43734811e-08  8.46865060e-10]
Selected: [0 7]
&&&&&&&&&&&&&&&&&&&&&&&&
&&TOURNAMENT SELECTION&&
&&&&&&&&&&&&&&&&&&&&&&&&
parents:
[-9.49846500e-02 -3.05899714e-12 -2.85186658e-13  3.20244369e-11 -2.96697541e-10 -6.78280938e-16  8.76552418e-16  2.96767234e-05 -1.55568979e-06 -2.31220535e-08  8.46865060e-10]
[-9.72029979e-02 -3.04162476e-12 -2.89997610e-13  3.31153998e-11 -3.00181353e-10 -6.85939321e-16  8.79700760e-16  2.95542508e-05 -1.53124088e-06 -2.49988419e-08  8.58194682e-10]
children:
[-9.72029979e-02 -3.04162476e-12 -2.89997610e-13  3.31153998e-11 -3.00181353e-10 -6.77911304e-16  8.79700760e-16  2.96767234e-05 -1.55568979e-06 -2.31220535e-08  8.58194682e-10]
[-9.49846500e-02 -3.02783357e-12 -2.85186658e-13  3.20244369e-11 -2.96697541e-10 -6.85939321e-16  8.76552418e-16  2.96386920e-05 -1.53124088e-06 -2.49988419e-08  8.46865060e-10]
Population scores:
[2.51445807e+11 8.83213452e+10]:[-9.49846500e-02 -3.05899714e-12 -2.85186658e-13  3.20244369e-11 -2.96697541e-10 -6.78280938e-16  8.76552418e-16  2.96767234e-05 -1.55568979e-06 -2.31220535e-08  8.46865060e-10]:11.252162732459313
[5.70841386e+11 1.09298798e+11]:[-9.72029979e-02 -3.04162476e-12 -2.89997610e-13  3.31153998e-11 -3.00181353e-10 -6.85939321e-16  8.79700760e-16  2.95542508e-05 -1.53124088e-06 -2.49988419e-08  8.58194682e-10]:11.545307081342045
[3.17082784e+11 3.64406924e+11]:[-9.72029979e-02 -3.04162476e-12 -2.89997610e-13  3.31153998e-11 -3.00181353e-10 -6.77911304e-16  8.79700760e-16  2.96767234e-05 -1.55568979e-06 -2.31220535e-08  8.58194682e-10]:11.576555042129288
[7.78603871e+11 3.82880304e+11]:[-9.49846500e-02 -3.02783357e-12 -2.85186658e-13  3.20244369e-11 -2.96697541e-10 -6.85939321e-16  8.76552418e-16  2.96386920e-05 -1.53124088e-06 -2.49988419e-08  8.46865060e-10]:11.79171177932312
Selected for new population:
[-9.49846500e-02 -3.05899714e-12 -2.85186658e-13  3.20244369e-11 -2.96697541e-10 -6.78280938e-16  8.76552418e-16  2.96767234e-05 -1.55568979e-06 -2.31220535e-08  8.46865060e-10]
[-9.72029979e-02 -3.04162476e-12 -2.89997610e-13  3.31153998e-11 -3.00181353e-10 -6.85939321e-16  8.79700760e-16  2.95542508e-05 -1.53124088e-06 -2.49988419e-08  8.58194682e-10]
Population scores:
[3.09207798e+11 2.80250628e+10]:[-1.01139754e-01 -3.00672458e-12 -2.83705439e-13  3.24339216e-11 -3.01052564e-10 -6.82536599e-16  9.36108020e-16  3.04832903e-05 -1.55568979e-06 -2.40992712e-08  8.53068093e-10]:11.23405879676477
[2.51445807e+11 8.83213452e+10]:[-9.49846500e-02 -3.05899714e-12 -2.85186658e-13  3.20244369e-11 -2.96697541e-10 -6.78280938e-16  8.76552418e-16  2.96767234e-05 -1.55568979e-06 -2.31220535e-08  8.46865060e-10]:11.252162732459313
[3.57659099e+11 2.64346692e+10]:[-1.01139754e-01 -3.00672458e-12 -2.83705439e-13  3.24339216e-11 -3.01052564e-10 -6.82536599e-16  8.75838287e-16  2.97631307e-05 -1.54337308e-06 -2.40992712e-08  8.53068093e-10]:11.289344428573365
[3.75638950e+11 3.97128735e+10]:[-1.05061480e-01 -3.00672458e-12 -2.83705439e-13  3.16585566e-11 -2.96697541e-10 -6.78280938e-16  9.36108020e-16  3.04832903e-05 -1.55568979e-06 -2.43734811e-08  8.53068093e-10]:11.325612525193623
[4.55506009e+11 4.56546542e+10]:[-1.01139754e-01 -3.00672458e-12 -2.89997610e-13  3.32872693e-11 -3.00181353e-10 -6.03658970e-16  8.79700760e-16  2.95542508e-05 -1.53124088e-06 -2.45852953e-08  8.53068093e-10]:11.406788418840522
[3.83896501e+11 1.44926585e+11]:[-1.06038379e-01 -2.90830362e-12 -2.93250827e-13  3.18318723e-11 -3.09130806e-10 -6.85299061e-16  8.79256229e-16  2.99788923e-05 -1.61999982e-06 -2.33069127e-08  8.55760962e-10]:11.445455055982853
[3.63489854e+11 1.86784250e+11]:[-1.01139754e-01 -2.95142311e-12 -2.78520139e-13  3.18485280e-11 -2.19205970e-10 -6.03658970e-16  8.90220406e-16  3.07399328e-05 -1.51278450e-06 -2.45852953e-08  8.53068093e-10]:11.468074669072506
[4.5807256e+11 1.1551381e+11]:[-9.69548313e-02 -3.05899714e-12 -3.62369908e-13  3.16585566e-11 -2.96697541e-10 -6.78280938e-16  8.76552418e-16  3.04832903e-05 -1.55568979e-06 -2.43734811e-08  8.46865060e-10]:11.47471813197021
[5.70841386e+11 1.09298798e+11]:[-9.72029979e-02 -3.04162476e-12 -2.89997610e-13  3.31153998e-11 -3.00181353e-10 -6.85939321e-16  8.79700760e-16  2.95542508e-05 -1.53124088e-06 -2.49988419e-08  8.58194682e-10]:11.545307081342045
[5.13412022e+11 1.65539728e+11]:[-9.69548313e-02 -2.93590907e-12 -3.62369908e-13  3.98777692e-11 -2.93969812e-10 -6.78280938e-16  8.80818229e-16  3.02019720e-05 -1.55568979e-06 -2.43734811e-08  8.46865060e-10]:11.55148640866626
[4.00413051e+11 3.37194208e+11]:[-1.08501145e-01 -3.01526982e-12 -2.78520139e-13  3.18485280e-11 -2.92014200e-10 -6.86899268e-16  8.77434464e-16  3.04832903e-05 -1.51278450e-06 -2.43734811e-08  8.57786749e-10]:11.60479075527756
[5.22588587e+11 6.84277085e+11]:[-1.07174949e-01 -2.93590907e-12 -2.79236626e-13  3.30518993e-11 -2.93969812e-10 -6.86405878e-16  8.80818229e-16  2.91044343e-05 -1.50747154e-06 -2.35226116e-08  8.58855341e-10]:11.827279137503673
*******************************
***iteration: 3 Population is***
*******************************
Population scores:
[3.09207798e+11 2.80250628e+10]:[-1.01139754e-01 -3.00672458e-12 -2.83705439e-13  3.24339216e-11 -3.01052564e-10 -6.82536599e-16  9.36108020e-16  3.04832903e-05 -1.55568979e-06 -2.40992712e-08  8.53068093e-10]:11.23405879676477
[2.51445807e+11 8.83213452e+10]:[-9.49846500e-02 -3.05899714e-12 -2.85186658e-13  3.20244369e-11 -2.96697541e-10 -6.78280938e-16  8.76552418e-16  2.96767234e-05 -1.55568979e-06 -2.31220535e-08  8.46865060e-10]:11.252162732459313
[3.57659099e+11 2.64346692e+10]:[-1.01139754e-01 -3.00672458e-12 -2.83705439e-13  3.24339216e-11 -3.01052564e-10 -6.82536599e-16  8.75838287e-16  2.97631307e-05 -1.54337308e-06 -2.40992712e-08  8.53068093e-10]:11.289344428573365
[3.75638950e+11 3.97128735e+10]:[-1.05061480e-01 -3.00672458e-12 -2.83705439e-13  3.16585566e-11 -2.96697541e-10 -6.78280938e-16  9.36108020e-16  3.04832903e-05 -1.55568979e-06 -2.43734811e-08  8.53068093e-10]:11.325612525193623
[4.55506009e+11 4.56546542e+10]:[-1.01139754e-01 -3.00672458e-12 -2.89997610e-13  3.32872693e-11 -3.00181353e-10 -6.03658970e-16  8.79700760e-16  2.95542508e-05 -1.53124088e-06 -2.45852953e-08  8.53068093e-10]:11.406788418840522
[3.83896501e+11 1.44926585e+11]:[-1.06038379e-01 -2.90830362e-12 -2.93250827e-13  3.18318723e-11 -3.09130806e-10 -6.85299061e-16  8.79256229e-16  2.99788923e-05 -1.61999982e-06 -2.33069127e-08  8.55760962e-10]:11.445455055982853
[3.63489854e+11 1.86784250e+11]:[-1.01139754e-01 -2.95142311e-12 -2.78520139e-13  3.18485280e-11 -2.19205970e-10 -6.03658970e-16  8.90220406e-16  3.07399328e-05 -1.51278450e-06 -2.45852953e-08  8.53068093e-10]:11.468074669072506
[4.5807256e+11 1.1551381e+11]:[-9.69548313e-02 -3.05899714e-12 -3.62369908e-13  3.16585566e-11 -2.96697541e-10 -6.78280938e-16  8.76552418e-16  3.04832903e-05 -1.55568979e-06 -2.43734811e-08  8.46865060e-10]:11.47471813197021
[5.70841386e+11 1.09298798e+11]:[-9.72029979e-02 -3.04162476e-12 -2.89997610e-13  3.31153998e-11 -3.00181353e-10 -6.85939321e-16  8.79700760e-16  2.95542508e-05 -1.53124088e-06 -2.49988419e-08  8.58194682e-10]:11.545307081342045
[5.13412022e+11 1.65539728e+11]:[-9.69548313e-02 -2.93590907e-12 -3.62369908e-13  3.98777692e-11 -2.93969812e-10 -6.78280938e-16  8.80818229e-16  3.02019720e-05 -1.55568979e-06 -2.43734811e-08  8.46865060e-10]:11.55148640866626
Selected: [9 3]
&&&&&&&&&&&&&&&&&&&&&&&&
&&TOURNAMENT SELECTION&&
&&&&&&&&&&&&&&&&&&&&&&&&
parents:
[-9.69548313e-02 -2.93590907e-12 -3.62369908e-13  3.98777692e-11 -2.93969812e-10 -6.78280938e-16  8.80818229e-16  3.02019720e-05 -1.55568979e-06 -2.43734811e-08  8.46865060e-10]
[-1.05061480e-01 -3.00672458e-12 -2.83705439e-13  3.16585566e-11 -2.96697541e-10 -6.78280938e-16  9.36108020e-16  3.04832903e-05 -1.55568979e-06 -2.43734811e-08  8.53068093e-10]
children:
[-9.56185781e-02 -3.00672458e-12 -2.83705439e-13  3.98777692e-11 -2.96697541e-10 -6.73431070e-16  9.36108020e-16  3.02019720e-05 -1.47975992e-06 -2.53603157e-08  8.53068093e-10]
[-1.05061480e-01 -2.93590907e-12 -3.62369908e-13  3.16585566e-11 -2.93969812e-10 -6.78280938e-16  8.80818229e-16  3.11124892e-05 -1.55568979e-06 -2.43734811e-08  8.46865060e-10]
Population scores:
[3.54775739e+11 4.36407175e+10]:[-1.05061480e-01 -2.93590907e-12 -3.62369908e-13  3.16585566e-11 -2.93969812e-10 -6.78280938e-16  8.80818229e-16  3.11124892e-05 -1.55568979e-06 -2.43734811e-08  8.46865060e-10]:11.308718683365809
[3.75638950e+11 3.97128735e+10]:[-1.05061480e-01 -3.00672458e-12 -2.83705439e-13  3.16585566e-11 -2.96697541e-10 -6.78280938e-16  9.36108020e-16  3.04832903e-05 -1.55568979e-06 -2.43734811e-08  8.53068093e-10]:11.325612525193623
[4.80753399e+11 5.49383151e+10]:[-9.56185781e-02 -3.00672458e-12 -2.83705439e-13  3.98777692e-11 -2.96697541e-10 -6.73431070e-16  9.36108020e-16  3.02019720e-05 -1.47975992e-06 -2.53603157e-08  8.53068093e-10]:11.436702695476388
[5.13412022e+11 1.65539728e+11]:[-9.69548313e-02 -2.93590907e-12 -3.62369908e-13  3.98777692e-11 -2.93969812e-10 -6.78280938e-16  8.80818229e-16  3.02019720e-05 -1.55568979e-06 -2.43734811e-08  8.46865060e-10]:11.55148640866626
Selected for new population:
[-1.05061480e-01 -2.93590907e-12 -3.62369908e-13  3.16585566e-11 -2.93969812e-10 -6.78280938e-16  8.80818229e-16  3.11124892e-05 -1.55568979e-06 -2.43734811e-08  8.46865060e-10]
[-1.05061480e-01 -3.00672458e-12 -2.83705439e-13  3.16585566e-11 -2.96697541e-10 -6.78280938e-16  9.36108020e-16  3.04832903e-05 -1.55568979e-06 -2.43734811e-08  8.53068093e-10]
Selected: [6 2]
&&&&&&&&&&&&&&&&&&&&&&&&
&&TOURNAMENT SELECTION&&
&&&&&&&&&&&&&&&&&&&&&&&&
parents:
[-1.01139754e-01 -2.95142311e-12 -2.78520139e-13  3.18485280e-11 -2.19205970e-10 -6.03658970e-16  8.90220406e-16  3.07399328e-05 -1.51278450e-06 -2.45852953e-08  8.53068093e-10]
[-1.01139754e-01 -3.00672458e-12 -2.83705439e-13  3.24339216e-11 -3.01052564e-10 -6.82536599e-16  8.75838287e-16  2.97631307e-05 -1.54337308e-06 -2.40992712e-08  8.53068093e-10]
children:
[-1.01139754e-01 -3.00672458e-12 -2.83705439e-13  3.16746630e-11 -2.84667854e-10 -6.79987293e-16  8.90220406e-16  2.97631307e-05 -1.51278450e-06 -2.45852953e-08  8.53068093e-10]
[-1.01139754e-01 -2.95142311e-12 -2.78520139e-13  3.18485280e-11 -2.01484039e-10 -6.03658970e-16  8.75838287e-16  3.07399328e-05 -1.63316339e-06 -2.40992712e-08  8.53068093e-10]
Population scores:
[3.57659099e+11 2.64346692e+10]:[-1.01139754e-01 -3.00672458e-12 -2.83705439e-13  3.24339216e-11 -3.01052564e-10 -6.82536599e-16  8.75838287e-16  2.97631307e-05 -1.54337308e-06 -2.40992712e-08  8.53068093e-10]:11.289344428573365
[4.07960683e+11 3.68396688e+10]:[-1.01139754e-01 -3.00672458e-12 -2.83705439e-13  3.16746630e-11 -2.84667854e-10 -6.79987293e-16  8.90220406e-16  2.97631307e-05 -1.51278450e-06 -2.45852953e-08  8.53068093e-10]:11.354270102810107
[3.63489854e+11 1.86784250e+11]:[-1.01139754e-01 -2.95142311e-12 -2.78520139e-13  3.18485280e-11 -2.19205970e-10 -6.03658970e-16  8.90220406e-16  3.07399328e-05 -1.51278450e-06 -2.45852953e-08  8.53068093e-10]:11.468074669072506
[7.85256313e+11 7.05069335e+11]:[-1.01139754e-01 -2.95142311e-12 -2.78520139e-13  3.18485280e-11 -2.01484039e-10 -6.03658970e-16  8.75838287e-16  3.07399328e-05 -1.63316339e-06 -2.40992712e-08  8.53068093e-10]:11.911514360286656
Selected for new population:
[-1.01139754e-01 -3.00672458e-12 -2.83705439e-13  3.24339216e-11 -3.01052564e-10 -6.82536599e-16  8.75838287e-16  2.97631307e-05 -1.54337308e-06 -2.40992712e-08  8.53068093e-10]
[-1.01139754e-01 -3.00672458e-12 -2.83705439e-13  3.16746630e-11 -2.84667854e-10 -6.79987293e-16  8.90220406e-16  2.97631307e-05 -1.51278450e-06 -2.45852953e-08  8.53068093e-10]
Selected: [6 9]
&&&&&&&&&&&&&&&&&&&&&&&&
&&TOURNAMENT SELECTION&&
&&&&&&&&&&&&&&&&&&&&&&&&
parents:
[-1.01139754e-01 -2.95142311e-12 -2.78520139e-13  3.18485280e-11 -2.19205970e-10 -6.03658970e-16  8.90220406e-16  3.07399328e-05 -1.51278450e-06 -2.45852953e-08  8.53068093e-10]
[-9.69548313e-02 -2.93590907e-12 -3.62369908e-13  3.98777692e-11 -2.93969812e-10 -6.78280938e-16  8.80818229e-16  3.02019720e-05 -1.55568979e-06 -2.43734811e-08  8.46865060e-10]
children:
[-1.01139754e-01 -2.88941663e-12 -2.78520139e-13  3.98777692e-11 -2.93969812e-10 -6.17558935e-16  8.62555649e-16  3.02019720e-05 -1.55568979e-06 -2.43734811e-08  8.53068093e-10]
[-9.69548313e-02 -2.95142311e-12 -3.62369908e-13  3.18485280e-11 -2.19205970e-10 -6.78280938e-16  8.90220406e-16  3.07399328e-05 -1.93918316e-06 -2.45852953e-08  8.86511545e-10]
Population scores:
[3.95716917e+11 5.07122635e+10]:[-1.01139754e-01 -2.88941663e-12 -2.78520139e-13  3.98777692e-11 -2.93969812e-10 -6.17558935e-16  8.62555649e-16  3.02019720e-05 -1.55568979e-06 -2.43734811e-08  8.53068093e-10]:11.358478929369966
[3.63489854e+11 1.86784250e+11]:[-1.01139754e-01 -2.95142311e-12 -2.78520139e-13  3.18485280e-11 -2.19205970e-10 -6.03658970e-16  8.90220406e-16  3.07399328e-05 -1.51278450e-06 -2.45852953e-08  8.53068093e-10]:11.468074669072506
[5.13412022e+11 1.65539728e+11]:[-9.69548313e-02 -2.93590907e-12 -3.62369908e-13  3.98777692e-11 -2.93969812e-10 -6.78280938e-16  8.80818229e-16  3.02019720e-05 -1.55568979e-06 -2.43734811e-08  8.46865060e-10]:11.55148640866626
[9.47271111e+12 1.64693985e+13]:[-9.69548313e-02 -2.95142311e-12 -3.62369908e-13  3.18485280e-11 -2.19205970e-10 -6.78280938e-16  8.90220406e-16  3.07399328e-05 -1.93918316e-06 -2.45852953e-08  8.86511545e-10]:13.164887798650962
Selected for new population:
[-1.01139754e-01 -2.88941663e-12 -2.78520139e-13  3.98777692e-11 -2.93969812e-10 -6.17558935e-16  8.62555649e-16  3.02019720e-05 -1.55568979e-06 -2.43734811e-08  8.53068093e-10]
[-1.01139754e-01 -2.95142311e-12 -2.78520139e-13  3.18485280e-11 -2.19205970e-10 -6.03658970e-16  8.90220406e-16  3.07399328e-05 -1.51278450e-06 -2.45852953e-08  8.53068093e-10]
Selected: [9 0]
&&&&&&&&&&&&&&&&&&&&&&&&
&&TOURNAMENT SELECTION&&
&&&&&&&&&&&&&&&&&&&&&&&&
parents:
[-9.69548313e-02 -2.93590907e-12 -3.62369908e-13  3.98777692e-11 -2.93969812e-10 -6.78280938e-16  8.80818229e-16  3.02019720e-05 -1.55568979e-06 -2.43734811e-08  8.46865060e-10]
[-1.01139754e-01 -3.00672458e-12 -2.83705439e-13  3.24339216e-11 -3.01052564e-10 -6.82536599e-16  9.36108020e-16  3.04832903e-05 -1.55568979e-06 -2.40992712e-08  8.53068093e-10]
children:
[-9.69548313e-02 -2.89752243e-12 -3.36292803e-13  3.24339216e-11 -2.93969812e-10 -6.72780085e-16  9.36108020e-16  3.04832903e-05 -1.55568979e-06 -2.40992712e-08  8.53068093e-10]
[-1.01139754e-01 -2.93590907e-12 -3.62369908e-13  3.98777692e-11 -3.06869405e-10 -6.78280938e-16  9.64516313e-16  3.02019720e-05 -1.36632982e-06 -2.43734811e-08  8.46865060e-10]
Population scores:
[3.07314114e+11 2.83579649e+10]:[-9.69548313e-02 -2.89752243e-12 -3.36292803e-13  3.24339216e-11 -2.93969812e-10 -6.72780085e-16  9.36108020e-16  3.04832903e-05 -1.55568979e-06 -2.40992712e-08  8.53068093e-10]:11.232161859858717
[3.09207798e+11 2.80250628e+10]:[-1.01139754e-01 -3.00672458e-12 -2.83705439e-13  3.24339216e-11 -3.01052564e-10 -6.82536599e-16  9.36108020e-16  3.04832903e-05 -1.55568979e-06 -2.40992712e-08  8.53068093e-10]:11.23405879676477
[5.13412022e+11 1.65539728e+11]:[-9.69548313e-02 -2.93590907e-12 -3.62369908e-13  3.98777692e-11 -2.93969812e-10 -6.78280938e-16  8.80818229e-16  3.02019720e-05 -1.55568979e-06 -2.43734811e-08  8.46865060e-10]:11.55148640866626
[2.12253620e+12 4.11444407e+12]:[-1.01139754e-01 -2.93590907e-12 -3.62369908e-13  3.98777692e-11 -3.06869405e-10 -6.78280938e-16  9.64516313e-16  3.02019720e-05 -1.36632982e-06 -2.43734811e-08  8.46865060e-10]:12.547766651570832
Selected for new population:
[-9.69548313e-02 -2.89752243e-12 -3.36292803e-13  3.24339216e-11 -2.93969812e-10 -6.72780085e-16  9.36108020e-16  3.04832903e-05 -1.55568979e-06 -2.40992712e-08  8.53068093e-10]
[-1.01139754e-01 -3.00672458e-12 -2.83705439e-13  3.24339216e-11 -3.01052564e-10 -6.82536599e-16  9.36108020e-16  3.04832903e-05 -1.55568979e-06 -2.40992712e-08  8.53068093e-10]
Selected: [7 0]
&&&&&&&&&&&&&&&&&&&&&&&&
&&TOURNAMENT SELECTION&&
&&&&&&&&&&&&&&&&&&&&&&&&
parents:
[-9.69548313e-02 -3.05899714e-12 -3.62369908e-13  3.16585566e-11 -2.96697541e-10 -6.78280938e-16  8.76552418e-16  3.04832903e-05 -1.55568979e-06 -2.43734811e-08  8.46865060e-10]
[-1.01139754e-01 -3.00672458e-12 -2.83705439e-13  3.24339216e-11 -3.01052564e-10 -6.82536599e-16  9.36108020e-16  3.04832903e-05 -1.55568979e-06 -2.40992712e-08  8.53068093e-10]
children:
[-1.01139754e-01 -3.00672458e-12 -3.68320154e-13  3.24339216e-11 -3.01052564e-10 -6.82536599e-16  9.36108020e-16  3.07085798e-05 -1.55568979e-06 -2.40992712e-08  8.53068093e-10]
[-9.69548313e-02 -2.85745700e-12 -2.83705439e-13  3.04910636e-11 -3.03392218e-10 -6.78280938e-16  8.76552418e-16  3.04832903e-05 -1.54611876e-06 -2.43734811e-08  8.46865060e-10]
Population scores:
[2.89797085e+11 3.69394787e+10]:[-1.01139754e-01 -3.00672458e-12 -3.68320154e-13  3.24339216e-11 -3.01052564e-10 -6.82536599e-16  9.36108020e-16  3.07085798e-05 -1.55568979e-06 -2.40992712e-08  8.53068093e-10]:11.22287827410099
[3.09207798e+11 2.80250628e+10]:[-1.01139754e-01 -3.00672458e-12 -2.83705439e-13  3.24339216e-11 -3.01052564e-10 -6.82536599e-16  9.36108020e-16  3.04832903e-05 -1.55568979e-06 -2.40992712e-08  8.53068093e-10]:11.23405879676477
[4.06082193e+11 5.75978565e+10]:[-9.69548313e-02 -2.85745700e-12 -2.83705439e-13  3.04910636e-11 -3.03392218e-10 -6.78280938e-16  8.76552418e-16  3.04832903e-05 -1.54611876e-06 -2.43734811e-08  8.46865060e-10]:11.375846089846702
[4.5807256e+11 1.1551381e+11]:[-9.69548313e-02 -3.05899714e-12 -3.62369908e-13  3.16585566e-11 -2.96697541e-10 -6.78280938e-16  8.76552418e-16  3.04832903e-05 -1.55568979e-06 -2.43734811e-08  8.46865060e-10]:11.47471813197021
Selected for new population:
[-1.01139754e-01 -3.00672458e-12 -3.68320154e-13  3.24339216e-11 -3.01052564e-10 -6.82536599e-16  9.36108020e-16  3.07085798e-05 -1.55568979e-06 -2.40992712e-08  8.53068093e-10]
[-1.01139754e-01 -3.00672458e-12 -2.83705439e-13  3.24339216e-11 -3.01052564e-10 -6.82536599e-16  9.36108020e-16  3.04832903e-05 -1.55568979e-06 -2.40992712e-08  8.53068093e-10]
Population scores:
[2.89797085e+11 3.69394787e+10]:[-1.01139754e-01 -3.00672458e-12 -3.68320154e-13  3.24339216e-11 -3.01052564e-10 -6.82536599e-16  9.36108020e-16  3.07085798e-05 -1.55568979e-06 -2.40992712e-08  8.53068093e-10]:11.22287827410099
[3.07314114e+11 2.83579649e+10]:[-9.69548313e-02 -2.89752243e-12 -3.36292803e-13  3.24339216e-11 -2.93969812e-10 -6.72780085e-16  9.36108020e-16  3.04832903e-05 -1.55568979e-06 -2.40992712e-08  8.53068093e-10]:11.232161859858717
[3.09207798e+11 2.80250628e+10]:[-1.01139754e-01 -3.00672458e-12 -2.83705439e-13  3.24339216e-11 -3.01052564e-10 -6.82536599e-16  9.36108020e-16  3.04832903e-05 -1.55568979e-06 -2.40992712e-08  8.53068093e-10]:11.23405879676477
[2.51445807e+11 8.83213452e+10]:[-9.49846500e-02 -3.05899714e-12 -2.85186658e-13  3.20244369e-11 -2.96697541e-10 -6.78280938e-16  8.76552418e-16  2.96767234e-05 -1.55568979e-06 -2.31220535e-08  8.46865060e-10]:11.252162732459313
[3.57659099e+11 2.64346692e+10]:[-1.01139754e-01 -3.00672458e-12 -2.83705439e-13  3.24339216e-11 -3.01052564e-10 -6.82536599e-16  8.75838287e-16  2.97631307e-05 -1.54337308e-06 -2.40992712e-08  8.53068093e-10]:11.289344428573365
[3.54775739e+11 4.36407175e+10]:[-1.05061480e-01 -2.93590907e-12 -3.62369908e-13  3.16585566e-11 -2.93969812e-10 -6.78280938e-16  8.80818229e-16  3.11124892e-05 -1.55568979e-06 -2.43734811e-08  8.46865060e-10]:11.308718683365809
[3.75638950e+11 3.97128735e+10]:[-1.05061480e-01 -3.00672458e-12 -2.83705439e-13  3.16585566e-11 -2.96697541e-10 -6.78280938e-16  9.36108020e-16  3.04832903e-05 -1.55568979e-06 -2.43734811e-08  8.53068093e-10]:11.325612525193623
[4.07960683e+11 3.68396688e+10]:[-1.01139754e-01 -3.00672458e-12 -2.83705439e-13  3.16746630e-11 -2.84667854e-10 -6.79987293e-16  8.90220406e-16  2.97631307e-05 -1.51278450e-06 -2.45852953e-08  8.53068093e-10]:11.354270102810107
[3.95716917e+11 5.07122635e+10]:[-1.01139754e-01 -2.88941663e-12 -2.78520139e-13  3.98777692e-11 -2.93969812e-10 -6.17558935e-16  8.62555649e-16  3.02019720e-05 -1.55568979e-06 -2.43734811e-08  8.53068093e-10]:11.358478929369966
[4.55506009e+11 4.56546542e+10]:[-1.01139754e-01 -3.00672458e-12 -2.89997610e-13  3.32872693e-11 -3.00181353e-10 -6.03658970e-16  8.79700760e-16  2.95542508e-05 -1.53124088e-06 -2.45852953e-08  8.53068093e-10]:11.406788418840522
[3.83896501e+11 1.44926585e+11]:[-1.06038379e-01 -2.90830362e-12 -2.93250827e-13  3.18318723e-11 -3.09130806e-10 -6.85299061e-16  8.79256229e-16  2.99788923e-05 -1.61999982e-06 -2.33069127e-08  8.55760962e-10]:11.445455055982853
[3.63489854e+11 1.86784250e+11]:[-1.01139754e-01 -2.95142311e-12 -2.78520139e-13  3.18485280e-11 -2.19205970e-10 -6.03658970e-16  8.90220406e-16  3.07399328e-05 -1.51278450e-06 -2.45852953e-08  8.53068093e-10]:11.468074669072506
[4.5807256e+11 1.1551381e+11]:[-9.69548313e-02 -3.05899714e-12 -3.62369908e-13  3.16585566e-11 -2.96697541e-10 -6.78280938e-16  8.76552418e-16  3.04832903e-05 -1.55568979e-06 -2.43734811e-08  8.46865060e-10]:11.47471813197021
[5.70841386e+11 1.09298798e+11]:[-9.72029979e-02 -3.04162476e-12 -2.89997610e-13  3.31153998e-11 -3.00181353e-10 -6.85939321e-16  8.79700760e-16  2.95542508e-05 -1.53124088e-06 -2.49988419e-08  8.58194682e-10]:11.545307081342045
[5.13412022e+11 1.65539728e+11]:[-9.69548313e-02 -2.93590907e-12 -3.62369908e-13  3.98777692e-11 -2.93969812e-10 -6.78280938e-16  8.80818229e-16  3.02019720e-05 -1.55568979e-06 -2.43734811e-08  8.46865060e-10]:11.55148640866626
*******************************
***iteration: 4 Population is***
*******************************
Population scores:
[2.89797085e+11 3.69394787e+10]:[-1.01139754e-01 -3.00672458e-12 -3.68320154e-13  3.24339216e-11 -3.01052564e-10 -6.82536599e-16  9.36108020e-16  3.07085798e-05 -1.55568979e-06 -2.40992712e-08  8.53068093e-10]:11.22287827410099
[3.07314114e+11 2.83579649e+10]:[-9.69548313e-02 -2.89752243e-12 -3.36292803e-13  3.24339216e-11 -2.93969812e-10 -6.72780085e-16  9.36108020e-16  3.04832903e-05 -1.55568979e-06 -2.40992712e-08  8.53068093e-10]:11.232161859858717
[3.09207798e+11 2.80250628e+10]:[-1.01139754e-01 -3.00672458e-12 -2.83705439e-13  3.24339216e-11 -3.01052564e-10 -6.82536599e-16  9.36108020e-16  3.04832903e-05 -1.55568979e-06 -2.40992712e-08  8.53068093e-10]:11.23405879676477
[2.51445807e+11 8.83213452e+10]:[-9.49846500e-02 -3.05899714e-12 -2.85186658e-13  3.20244369e-11 -2.96697541e-10 -6.78280938e-16  8.76552418e-16  2.96767234e-05 -1.55568979e-06 -2.31220535e-08  8.46865060e-10]:11.252162732459313
[3.57659099e+11 2.64346692e+10]:[-1.01139754e-01 -3.00672458e-12 -2.83705439e-13  3.24339216e-11 -3.01052564e-10 -6.82536599e-16  8.75838287e-16  2.97631307e-05 -1.54337308e-06 -2.40992712e-08  8.53068093e-10]:11.289344428573365
[3.54775739e+11 4.36407175e+10]:[-1.05061480e-01 -2.93590907e-12 -3.62369908e-13  3.16585566e-11 -2.93969812e-10 -6.78280938e-16  8.80818229e-16  3.11124892e-05 -1.55568979e-06 -2.43734811e-08  8.46865060e-10]:11.308718683365809
[3.75638950e+11 3.97128735e+10]:[-1.05061480e-01 -3.00672458e-12 -2.83705439e-13  3.16585566e-11 -2.96697541e-10 -6.78280938e-16  9.36108020e-16  3.04832903e-05 -1.55568979e-06 -2.43734811e-08  8.53068093e-10]:11.325612525193623
[4.07960683e+11 3.68396688e+10]:[-1.01139754e-01 -3.00672458e-12 -2.83705439e-13  3.16746630e-11 -2.84667854e-10 -6.79987293e-16  8.90220406e-16  2.97631307e-05 -1.51278450e-06 -2.45852953e-08  8.53068093e-10]:11.354270102810107
[3.95716917e+11 5.07122635e+10]:[-1.01139754e-01 -2.88941663e-12 -2.78520139e-13  3.98777692e-11 -2.93969812e-10 -6.17558935e-16  8.62555649e-16  3.02019720e-05 -1.55568979e-06 -2.43734811e-08  8.53068093e-10]:11.358478929369966
[4.55506009e+11 4.56546542e+10]:[-1.01139754e-01 -3.00672458e-12 -2.89997610e-13  3.32872693e-11 -3.00181353e-10 -6.03658970e-16  8.79700760e-16  2.95542508e-05 -1.53124088e-06 -2.45852953e-08  8.53068093e-10]:11.406788418840522
Selected: [5 6]
&&&&&&&&&&&&&&&&&&&&&&&&
&&TOURNAMENT SELECTION&&
&&&&&&&&&&&&&&&&&&&&&&&&
parents:
[-1.05061480e-01 -2.93590907e-12 -3.62369908e-13  3.16585566e-11 -2.93969812e-10 -6.78280938e-16  8.80818229e-16  3.11124892e-05 -1.55568979e-06 -2.43734811e-08  8.46865060e-10]
[-1.05061480e-01 -3.00672458e-12 -2.83705439e-13  3.16585566e-11 -2.96697541e-10 -6.78280938e-16  9.36108020e-16  3.04832903e-05 -1.55568979e-06 -2.43734811e-08  8.53068093e-10]
children:
[-1.05061480e-01 -2.93590907e-12 -2.83705439e-13  3.16585566e-11 -2.93969812e-10 -6.78280938e-16  9.58286325e-16  3.04832903e-05 -1.55568979e-06 -2.43734811e-08  8.46865060e-10]
[-1.05061480e-01 -3.00672458e-12 -3.62369908e-13  3.16585566e-11 -2.96697541e-10 -6.78280938e-16  8.60651097e-16  3.11124892e-05 -1.55568979e-06 -2.37884788e-08  8.53068093e-10]
Population scores:
[3.54775739e+11 4.36407175e+10]:[-1.05061480e-01 -2.93590907e-12 -3.62369908e-13  3.16585566e-11 -2.93969812e-10 -6.78280938e-16  8.80818229e-16  3.11124892e-05 -1.55568979e-06 -2.43734811e-08  8.46865060e-10]:11.308718683365809
[3.75638950e+11 3.97128735e+10]:[-1.05061480e-01 -3.00672458e-12 -2.83705439e-13  3.16585566e-11 -2.96697541e-10 -6.78280938e-16  9.36108020e-16  3.04832903e-05 -1.55568979e-06 -2.43734811e-08  8.53068093e-10]:11.325612525193623
[2.54894040e+11 1.88291932e+11]:[-1.05061480e-01 -3.00672458e-12 -3.62369908e-13  3.16585566e-11 -2.96697541e-10 -6.78280938e-16  8.60651097e-16  3.11124892e-05 -1.55568979e-06 -2.37884788e-08  8.53068093e-10]:11.38097452890027
[4.58072558e+11 1.15513812e+11]:[-1.05061480e-01 -2.93590907e-12 -2.83705439e-13  3.16585566e-11 -2.93969812e-10 -6.78280938e-16  9.58286325e-16  3.04832903e-05 -1.55568979e-06 -2.43734811e-08  8.46865060e-10]:11.474718131859476
Selected for new population:
[-1.05061480e-01 -2.93590907e-12 -3.62369908e-13  3.16585566e-11 -2.93969812e-10 -6.78280938e-16  8.80818229e-16  3.11124892e-05 -1.55568979e-06 -2.43734811e-08  8.46865060e-10]
[-1.05061480e-01 -3.00672458e-12 -2.83705439e-13  3.16585566e-11 -2.96697541e-10 -6.78280938e-16  9.36108020e-16  3.04832903e-05 -1.55568979e-06 -2.43734811e-08  8.53068093e-10]
Selected: [2 4]
&&&&&&&&&&&&&&&&&&&&&&&&
&&TOURNAMENT SELECTION&&
&&&&&&&&&&&&&&&&&&&&&&&&
parents:
[-1.01139754e-01 -3.00672458e-12 -2.83705439e-13  3.24339216e-11 -3.01052564e-10 -6.82536599e-16  9.36108020e-16  3.04832903e-05 -1.55568979e-06 -2.40992712e-08  8.53068093e-10]
[-1.01139754e-01 -3.00672458e-12 -2.83705439e-13  3.24339216e-11 -3.01052564e-10 -6.82536599e-16  8.75838287e-16  2.97631307e-05 -1.54337308e-06 -2.40992712e-08  8.53068093e-10]
children:
[-1.01139754e-01 -3.00672458e-12 -2.83705439e-13  3.24339216e-11 -3.01052564e-10 -6.82536599e-16  8.75838287e-16  3.04832903e-05 -1.54337308e-06 -2.40992712e-08  8.53068093e-10]
[-1.01139754e-01 -3.00672458e-12 -2.83705439e-13  3.28340774e-11 -3.01052564e-10 -6.82536599e-16  9.36108020e-16  2.97631307e-05 -1.55568979e-06 -2.40992712e-08  8.53068093e-10]
Population scores:
[3.09207798e+11 2.80250628e+10]:[-1.01139754e-01 -3.00672458e-12 -2.83705439e-13  3.24339216e-11 -3.01052564e-10 -6.82536599e-16  9.36108020e-16  3.04832903e-05 -1.55568979e-06 -2.40992712e-08  8.53068093e-10]:11.23405879676477
[3.00191242e+11 6.66315913e+10]:[-1.01139754e-01 -3.00672458e-12 -2.83705439e-13  3.24339216e-11 -3.01052564e-10 -6.82536599e-16  8.75838287e-16  3.04832903e-05 -1.54337308e-06 -2.40992712e-08  8.53068093e-10]:11.27892402992441
[3.57659099e+11 2.64346692e+10]:[-1.01139754e-01 -3.00672458e-12 -2.83705439e-13  3.24339216e-11 -3.01052564e-10 -6.82536599e-16  8.75838287e-16  2.97631307e-05 -1.54337308e-06 -2.40992712e-08  8.53068093e-10]:11.289344428573365
[3.95591148e+11 4.70865653e+10]:[-1.01139754e-01 -3.00672458e-12 -2.83705439e-13  3.28340774e-11 -3.01052564e-10 -6.82536599e-16  9.36108020e-16  2.97631307e-05 -1.55568979e-06 -2.40992712e-08  8.53068093e-10]:11.354199733831218
Selected for new population:
[-1.01139754e-01 -3.00672458e-12 -2.83705439e-13  3.24339216e-11 -3.01052564e-10 -6.82536599e-16  9.36108020e-16  3.04832903e-05 -1.55568979e-06 -2.40992712e-08  8.53068093e-10]
[-1.01139754e-01 -3.00672458e-12 -2.83705439e-13  3.24339216e-11 -3.01052564e-10 -6.82536599e-16  8.75838287e-16  3.04832903e-05 -1.54337308e-06 -2.40992712e-08  8.53068093e-10]
Selected: [4 1]
&&&&&&&&&&&&&&&&&&&&&&&&
&&TOURNAMENT SELECTION&&
&&&&&&&&&&&&&&&&&&&&&&&&
parents:
[-1.01139754e-01 -3.00672458e-12 -2.83705439e-13  3.24339216e-11 -3.01052564e-10 -6.82536599e-16  8.75838287e-16  2.97631307e-05 -1.54337308e-06 -2.40992712e-08  8.53068093e-10]
[-9.69548313e-02 -2.89752243e-12 -3.36292803e-13  3.24339216e-11 -2.93969812e-10 -6.72780085e-16  9.36108020e-16  3.04832903e-05 -1.55568979e-06 -2.40992712e-08  8.53068093e-10]
children:
[-1.64870517e-01 -3.00672458e-12 -3.36292803e-13  3.24339216e-11 -2.93969812e-10 -6.65246673e-16  9.36108020e-16  3.04832903e-05 -1.55568979e-06 -2.40992712e-08  8.53068093e-10]
[-9.69548313e-02 -2.89752243e-12 -2.83705439e-13  3.24339216e-11 -3.01052564e-10 -6.82536599e-16  8.75838287e-16  3.01293120e-05 -1.54337308e-06 -2.80904020e-08  8.53068093e-10]
Population scores:
[3.05899646e+11 2.86635955e+10]:[-1.64870517e-01 -3.00672458e-12 -3.36292803e-13  3.24339216e-11 -2.93969812e-10 -6.65246673e-16  9.36108020e-16  3.04832903e-05 -1.55568979e-06 -2.40992712e-08  8.53068093e-10]:11.2308267979005
[3.07314114e+11 2.83579649e+10]:[-9.69548313e-02 -2.89752243e-12 -3.36292803e-13  3.24339216e-11 -2.93969812e-10 -6.72780085e-16  9.36108020e-16  3.04832903e-05 -1.55568979e-06 -2.40992712e-08  8.53068093e-10]:11.232161859858717
[3.57659099e+11 2.64346692e+10]:[-1.01139754e-01 -3.00672458e-12 -2.83705439e-13  3.24339216e-11 -3.01052564e-10 -6.82536599e-16  8.75838287e-16  2.97631307e-05 -1.54337308e-06 -2.40992712e-08  8.53068093e-10]:11.289344428573365
[4.02505457e+12 5.39864908e+12]:[-9.69548313e-02 -2.89752243e-12 -2.83705439e-13  3.24339216e-11 -3.01052564e-10 -6.82536599e-16  8.75838287e-16  3.01293120e-05 -1.54337308e-06 -2.80904020e-08  8.53068093e-10]:12.720301293315133
Selected for new population:
[-1.64870517e-01 -3.00672458e-12 -3.36292803e-13  3.24339216e-11 -2.93969812e-10 -6.65246673e-16  9.36108020e-16  3.04832903e-05 -1.55568979e-06 -2.40992712e-08  8.53068093e-10]
[-9.69548313e-02 -2.89752243e-12 -3.36292803e-13  3.24339216e-11 -2.93969812e-10 -6.72780085e-16  9.36108020e-16  3.04832903e-05 -1.55568979e-06 -2.40992712e-08  8.53068093e-10]
Selected: [0 2]
&&&&&&&&&&&&&&&&&&&&&&&&
&&TOURNAMENT SELECTION&&
&&&&&&&&&&&&&&&&&&&&&&&&
parents:
[-1.01139754e-01 -3.00672458e-12 -3.68320154e-13  3.24339216e-11 -3.01052564e-10 -6.82536599e-16  9.36108020e-16  3.07085798e-05 -1.55568979e-06 -2.40992712e-08  8.53068093e-10]
[-1.01139754e-01 -3.00672458e-12 -2.83705439e-13  3.24339216e-11 -3.01052564e-10 -6.82536599e-16  9.36108020e-16  3.04832903e-05 -1.55568979e-06 -2.40992712e-08  8.53068093e-10]
children:
[-1.01139754e-01 -3.00672458e-12 -3.68320154e-13  3.24339216e-11 -3.01052564e-10 -6.82536599e-16  9.36108020e-16  3.04832903e-05 -1.55568979e-06 -2.40992712e-08  8.57755580e-10]
[-1.01139754e-01 -3.00672458e-12 -2.83705439e-13  3.24339216e-11 -3.31041006e-10 -6.82536599e-16  9.41421928e-16  3.07085798e-05 -1.55568979e-06 -2.40992712e-08  7.89935951e-10]
Population scores:
[2.89797085e+11 3.69394787e+10]:[-1.01139754e-01 -3.00672458e-12 -3.68320154e-13  3.24339216e-11 -3.01052564e-10 -6.82536599e-16  9.36108020e-16  3.07085798e-05 -1.55568979e-06 -2.40992712e-08  8.53068093e-10]:11.22287827410099
[3.09207798e+11 2.80250628e+10]:[-1.01139754e-01 -3.00672458e-12 -2.83705439e-13  3.24339216e-11 -3.01052564e-10 -6.82536599e-16  9.36108020e-16  3.04832903e-05 -1.55568979e-06 -2.40992712e-08  8.53068093e-10]:11.23405879676477
[2.93226176e+11 5.97115428e+10]:[-1.01139754e-01 -3.00672458e-12 -3.68320154e-13  3.24339216e-11 -3.01052564e-10 -6.82536599e-16  9.36108020e-16  3.04832903e-05 -1.55568979e-06 -2.40992712e-08  8.57755580e-10]:11.261120096278056
[2.33814883e+12 3.06770715e+12]:[-1.01139754e-01 -3.00672458e-12 -2.83705439e-13  3.24339216e-11 -3.31041006e-10 -6.82536599e-16  9.41421928e-16  3.07085798e-05 -1.55568979e-06 -2.40992712e-08  7.89935951e-10]:12.478523021368689
Selected for new population:
[-1.01139754e-01 -3.00672458e-12 -3.68320154e-13  3.24339216e-11 -3.01052564e-10 -6.82536599e-16  9.36108020e-16  3.07085798e-05 -1.55568979e-06 -2.40992712e-08  8.53068093e-10]
[-1.01139754e-01 -3.00672458e-12 -2.83705439e-13  3.24339216e-11 -3.01052564e-10 -6.82536599e-16  9.36108020e-16  3.04832903e-05 -1.55568979e-06 -2.40992712e-08  8.53068093e-10]
Selected: [5 3]
&&&&&&&&&&&&&&&&&&&&&&&&
&&TOURNAMENT SELECTION&&
&&&&&&&&&&&&&&&&&&&&&&&&
parents:
[-1.05061480e-01 -2.93590907e-12 -3.62369908e-13  3.16585566e-11 -2.93969812e-10 -6.78280938e-16  8.80818229e-16  3.11124892e-05 -1.55568979e-06 -2.43734811e-08  8.46865060e-10]
[-9.49846500e-02 -3.05899714e-12 -2.85186658e-13  3.20244369e-11 -2.96697541e-10 -6.78280938e-16  8.76552418e-16  2.96767234e-05 -1.55568979e-06 -2.31220535e-08  8.46865060e-10]
children:
[-9.49846500e-02 -2.93590907e-12 -2.85186658e-13  3.16585566e-11 -2.96697541e-10 -6.78280938e-16  8.80818229e-16  3.11124892e-05 -1.55568979e-06 -2.84392966e-08  7.71033959e-10]
[-1.08732329e-01 -2.96981300e-12 -3.62369908e-13  3.20244369e-11 -2.93969812e-10 -6.78280938e-16  8.76552418e-16  2.27630361e-05 -1.55568979e-06 -2.31220535e-08  8.46865060e-10]
Population scores:
[2.51445807e+11 8.83213452e+10]:[-9.49846500e-02 -3.05899714e-12 -2.85186658e-13  3.20244369e-11 -2.96697541e-10 -6.78280938e-16  8.76552418e-16  2.96767234e-05 -1.55568979e-06 -2.31220535e-08  8.46865060e-10]:11.252162732459313
[3.54775739e+11 4.36407175e+10]:[-1.05061480e-01 -2.93590907e-12 -3.62369908e-13  3.16585566e-11 -2.93969812e-10 -6.78280938e-16  8.80818229e-16  3.11124892e-05 -1.55568979e-06 -2.43734811e-08  8.46865060e-10]:11.308718683365809
[2.22000632e+12 2.52914176e+12]:[-1.08732329e-01 -2.96981300e-12 -3.62369908e-13  3.20244369e-11 -2.93969812e-10 -6.78280938e-16  8.76552418e-16  2.27630361e-05 -1.55568979e-06 -2.31220535e-08  8.46865060e-10]:12.419540777599043
[1.39218825e+13 2.33327998e+13]:[-9.49846500e-02 -2.93590907e-12 -2.85186658e-13  3.16585566e-11 -2.96697541e-10 -6.78280938e-16  8.80818229e-16  3.11124892e-05 -1.55568979e-06 -2.84392966e-08  7.71033959e-10]:13.32140414768098
Selected for new population:
[-9.49846500e-02 -3.05899714e-12 -2.85186658e-13  3.20244369e-11 -2.96697541e-10 -6.78280938e-16  8.76552418e-16  2.96767234e-05 -1.55568979e-06 -2.31220535e-08  8.46865060e-10]
[-1.05061480e-01 -2.93590907e-12 -3.62369908e-13  3.16585566e-11 -2.93969812e-10 -6.78280938e-16  8.80818229e-16  3.11124892e-05 -1.55568979e-06 -2.43734811e-08  8.46865060e-10]
Population scores:
[2.89797085e+11 3.69394787e+10]:[-1.01139754e-01 -3.00672458e-12 -3.68320154e-13  3.24339216e-11 -3.01052564e-10 -6.82536599e-16  9.36108020e-16  3.07085798e-05 -1.55568979e-06 -2.40992712e-08  8.53068093e-10]:11.22287827410099
[3.05899646e+11 2.86635955e+10]:[-1.64870517e-01 -3.00672458e-12 -3.36292803e-13  3.24339216e-11 -2.93969812e-10 -6.65246673e-16  9.36108020e-16  3.04832903e-05 -1.55568979e-06 -2.40992712e-08  8.53068093e-10]:11.2308267979005
[3.07314114e+11 2.83579649e+10]:[-9.69548313e-02 -2.89752243e-12 -3.36292803e-13  3.24339216e-11 -2.93969812e-10 -6.72780085e-16  9.36108020e-16  3.04832903e-05 -1.55568979e-06 -2.40992712e-08  8.53068093e-10]:11.232161859858717
[3.09207798e+11 2.80250628e+10]:[-1.01139754e-01 -3.00672458e-12 -2.83705439e-13  3.24339216e-11 -3.01052564e-10 -6.82536599e-16  9.36108020e-16  3.04832903e-05 -1.55568979e-06 -2.40992712e-08  8.53068093e-10]:11.23405879676477
[2.51445807e+11 8.83213452e+10]:[-9.49846500e-02 -3.05899714e-12 -2.85186658e-13  3.20244369e-11 -2.96697541e-10 -6.78280938e-16  8.76552418e-16  2.96767234e-05 -1.55568979e-06 -2.31220535e-08  8.46865060e-10]:11.252162732459313
[3.00191242e+11 6.66315913e+10]:[-1.01139754e-01 -3.00672458e-12 -2.83705439e-13  3.24339216e-11 -3.01052564e-10 -6.82536599e-16  8.75838287e-16  3.04832903e-05 -1.54337308e-06 -2.40992712e-08  8.53068093e-10]:11.27892402992441
[3.57659099e+11 2.64346692e+10]:[-1.01139754e-01 -3.00672458e-12 -2.83705439e-13  3.24339216e-11 -3.01052564e-10 -6.82536599e-16  8.75838287e-16  2.97631307e-05 -1.54337308e-06 -2.40992712e-08  8.53068093e-10]:11.289344428573365
[3.54775739e+11 4.36407175e+10]:[-1.05061480e-01 -2.93590907e-12 -3.62369908e-13  3.16585566e-11 -2.93969812e-10 -6.78280938e-16  8.80818229e-16  3.11124892e-05 -1.55568979e-06 -2.43734811e-08  8.46865060e-10]:11.308718683365809
[3.75638950e+11 3.97128735e+10]:[-1.05061480e-01 -3.00672458e-12 -2.83705439e-13  3.16585566e-11 -2.96697541e-10 -6.78280938e-16  9.36108020e-16  3.04832903e-05 -1.55568979e-06 -2.43734811e-08  8.53068093e-10]:11.325612525193623
[4.07960683e+11 3.68396688e+10]:[-1.01139754e-01 -3.00672458e-12 -2.83705439e-13  3.16746630e-11 -2.84667854e-10 -6.79987293e-16  8.90220406e-16  2.97631307e-05 -1.51278450e-06 -2.45852953e-08  8.53068093e-10]:11.354270102810107
[3.95716917e+11 5.07122635e+10]:[-1.01139754e-01 -2.88941663e-12 -2.78520139e-13  3.98777692e-11 -2.93969812e-10 -6.17558935e-16  8.62555649e-16  3.02019720e-05 -1.55568979e-06 -2.43734811e-08  8.53068093e-10]:11.358478929369966
[4.55506009e+11 4.56546542e+10]:[-1.01139754e-01 -3.00672458e-12 -2.89997610e-13  3.32872693e-11 -3.00181353e-10 -6.03658970e-16  8.79700760e-16  2.95542508e-05 -1.53124088e-06 -2.45852953e-08  8.53068093e-10]:11.406788418840522
%%%%%%%%%%%%%%%%%%%%%%%%%
%%%final - population%%%%
%%%%%%%%%%%%%%%%%%%%%%%%%
[-1.01139754e-01 -3.00672458e-12 -3.68320154e-13  3.24339216e-11 -3.01052564e-10 -6.82536599e-16  9.36108020e-16  3.07085798e-05 -1.55568979e-06 -2.40992712e-08  8.53068093e-10]:[2.89797085e+11 3.69394787e+10]
[-1.64870517e-01 -3.00672458e-12 -3.36292803e-13  3.24339216e-11 -2.93969812e-10 -6.65246673e-16  9.36108020e-16  3.04832903e-05 -1.55568979e-06 -2.40992712e-08  8.53068093e-10]:[3.05899646e+11 2.86635955e+10]
[-9.69548313e-02 -2.89752243e-12 -3.36292803e-13  3.24339216e-11 -2.93969812e-10 -6.72780085e-16  9.36108020e-16  3.04832903e-05 -1.55568979e-06 -2.40992712e-08  8.53068093e-10]:[3.07314114e+11 2.83579649e+10]
[-1.01139754e-01 -3.00672458e-12 -2.83705439e-13  3.24339216e-11 -3.01052564e-10 -6.82536599e-16  9.36108020e-16  3.04832903e-05 -1.55568979e-06 -2.40992712e-08  8.53068093e-10]:[3.09207798e+11 2.80250628e+10]
[-9.49846500e-02 -3.05899714e-12 -2.85186658e-13  3.20244369e-11 -2.96697541e-10 -6.78280938e-16  8.76552418e-16  2.96767234e-05 -1.55568979e-06 -2.31220535e-08  8.46865060e-10]:[2.51445807e+11 8.83213452e+10]
[-1.01139754e-01 -3.00672458e-12 -2.83705439e-13  3.24339216e-11 -3.01052564e-10 -6.82536599e-16  8.75838287e-16  3.04832903e-05 -1.54337308e-06 -2.40992712e-08  8.53068093e-10]:[3.00191242e+11 6.66315913e+10]
[-1.01139754e-01 -3.00672458e-12 -2.83705439e-13  3.24339216e-11 -3.01052564e-10 -6.82536599e-16  8.75838287e-16  2.97631307e-05 -1.54337308e-06 -2.40992712e-08  8.53068093e-10]:[3.57659099e+11 2.64346692e+10]
[-1.05061480e-01 -2.93590907e-12 -3.62369908e-13  3.16585566e-11 -2.93969812e-10 -6.78280938e-16  8.80818229e-16  3.11124892e-05 -1.55568979e-06 -2.43734811e-08  8.46865060e-10]:[3.54775739e+11 4.36407175e+10]
[-1.05061480e-01 -3.00672458e-12 -2.83705439e-13  3.16585566e-11 -2.96697541e-10 -6.78280938e-16  9.36108020e-16  3.04832903e-05 -1.55568979e-06 -2.43734811e-08  8.53068093e-10]:[3.75638950e+11 3.97128735e+10]
[-1.01139754e-01 -3.00672458e-12 -2.83705439e-13  3.16746630e-11 -2.84667854e-10 -6.79987293e-16  8.90220406e-16  2.97631307e-05 -1.51278450e-06 -2.45852953e-08  8.53068093e-10]:[4.07960683e+11 3.68396688e+10]
