1936
[  0. -25. -25. -25. -25. -25. -25. -25. -25. -25. -25. -25. -25. -25.
 -25. -25. -25. -25. -25. -25. -25. -25. -25. -25. -25.   0.   0.   0.
   0.   0.   0.   0.   0.   0.   0.   0.   0.   0.   0.   0.   0.   0.
   0.   0.   0.   0.   0.   0.   0.   0.   0. -25. -25. -25. -25. -25.
 -25. -25. -25. -25. -25. -25. -25. -25. -25. -25. -25. -25. -25. -25.
 -25. -25. -25. -25. -25. -25. -25. -25. -25.   0.   0.   0.   0.   0.
   0.   0.   0.   0.   0.   0.   0.   0.   0.   0.   0.   0.   0.   0.
   0.   0.   0.   0.   0.   0.   0.   0.   0.   0.   0. -25. -25. -25.
 -25. -25. -25. -25. -25. -25. -25. -25. -25. -25. -25. -25. -25. -25.
 -25. -25. -25. -25. -25. -25. -25. -25. -25. -25. -25.   0.   0.   0.
   0.   0.   0.   0.   0.   0.   0.   0.   0.   0.   0.   0.   0.   0.
   0.   0.   0.   0.   0.   0.   0.   0.   0.   0.   0.   0.   0. -25.
 -25. -25. -25. -25. -25. -25. -25. -25. -25. -25. -25. -25. -25. -25.
 -25. -25. -25. -25. -25. -25. -25. -25. -25. -25. -25. -25. -25.   0.
   0.   0.   0.   0.   0.   0.   0.   0.   0.   0.   0.   0.   0.   0.
   0.   0.   0.   0.   0.   0.   0.   0.   0.   0.   0.   0.   0.   0.
   0. -25. -25. -25. -25. -25. -25. -25. -25. -25. -25. -25. -25. -25.
 -25. -25. -25. -25. -25. -25. -25. -25. -25. -25. -25.   0.   0.   0.
   0.   0.   0.   0.   0.   0.   0.   0.   0.   0.   0.   0.   0.   0.
   0.   0.   0.   0.   0.   0.   0.   0.   0. -25. -25. -25. -25. -25.
 -25. -25. -25. -25. -25. -25. -25. -25. -25. -25. -25. -25. -25. -25.
 -25. -25. -25. -25. -25. -25. -25. -25. -25.   0.   0.   0.   0.   0.
   0.   0.   0.   0.   0.   0.   0.   0.   0.   0.   0.   0.   0.   0.
   0.   0.   0.   0.   0.   0.   0.   0.   0.   0.   0. -25. -25. -25.
 -25. -25. -25. -25. -25. -25. -25. -25. -25. -25. -25. -25. -25. -25.
 -25. -25. -25. -25. -25. -25. -25. -25. -25. -25. -25.   0.   0.   0.
   0.   0.   0.   0.   0.   0.   0.   0.   0.   0.   0.   0.   0.   0.
   0.   0.   0.   0.   0.   0.   0.   0.   0.   0.   0.   0.   0. -25.
 -25. -25. -25. -25. -25. -25. -25. -25. -25. -25. -25. -25. -25. -25.
 -25. -25. -25. -25. -25. -25. -25. -25. -25. -25. -25. -25. -25.   0.
   0.   0.   0.   0.   0.   0.   0.   0.   0.   0.   0.   0.   0.   0.
   0.   0.   0.   0.   0.   0.   0.   0.   0.   0.   0.   0.   0.   0.
   0. -25. -25. -25. -25. -25. -25. -25. -25. -25. -25. -25. -25. -25.
 -25. -25. -25. -25. -25. -25. -25. -25. -25. -25. -25.   0.   0.   0.
   0.   0.   0.   0.   0.   0.   0.   0.   0.   0.   0.   0.   0.   0.
   0.   0.   0.   0.   0.   0.   0.   0.   0. -25. -25. -25. -25. -25.
 -25. -25. -25. -25. -25. -25. -25. -25. -25. -25. -25. -25. -25. -25.
 -25. -25. -25. -25. -25. -25. -25. -25. -25.   0.   0.   0.   0.   0.
   0.   0.   0.   0.   0.   0.   0.   0.   0.   0.   0.   0.   0.   0.
   0.   0.   0.   0.   0.   0.   0.   0.   0.   0.   0. -25. -25. -25.
 -25. -25. -25. -25. -25. -25. -25. -25. -25. -25. -25. -25. -25. -25.
 -25. -25. -25. -25. -25. -25. -25. -25. -25. -25. -25.   0.   0.   0.
   0.   0.   0.   0.   0.   0.   0.   0.   0.   0.   0.   0.   0.   0.
   0.   0.   0.   0.   0.   0.   0.   0.   0.   0.   0.   0.   0. -25.
 -25. -25. -25. -25. -25. -25. -25. -25. -25. -25. -25. -25. -25. -25.
 -25. -25. -25. -25. -25. -25. -25. -25. -25. -25. -25. -25. -25.   0.
   0.   0.   0.   0.   0.   0.   0.   0.   0.   0.   0.   0.   0.   0.
   0.   0.   0.   0.   0.   0.   0.   0.   0.   0.   0.   0.   0.   0.
   0.  -5.  -5.  -5.  -5.  -5.  -5.  -5.  -5.   0.   0.   0.   0.   0.
   0.   0.   0.   0.   0.  -5.  -5.  -5.  -5.  -5.  -5.  -5.  -5.   0.
   0.   0.   0.   0.   0.   0.   0.   0.   0.  -5.  -5.  -5.  -5.  -5.
  -5.  -5.  -5.   0.   0.   0.   0.   0.   0.   0.   0.   0.   0.  -5.
  -5.  -5.  -5.  -5.  -5.  -5.  -5.   0.   0.   0.   0.   0.   0.   0.
   0.   0.   0.  -5.  -5.  -5.  -5.  -5.  -5.  -5.  -5.  -5.  -5.  -5.
  -5.   0.   0.   0.   0.   0.   0.   0.   0.   0.   0.   0.   0.   0.
   0.  -5.  -5.  -5.  -5.  -5.  -5.  -5.  -5.  -5.  -5.  -5.  -5.   0.
   0.   0.   0.   0.   0.   0.   0.   0.   0.   0.   0.   0.   0.  -5.
  -5.  -5.  -5.  -5.  -5.  -5.  -5.  -5.  -5.  -5.  -5.   0.   0.   0.
   0.   0.   0.   0.   0.   0.   0.   0.   0.   0.   0.  -5.  -5.  -5.
  -5.  -5.  -5.  -5.  -5.  -5.  -5.  -5.  -5.   0.   0.   0.   0.   0.
   0.   0.   0.   0.   0.   0.   0.   0.   0.  -5.  -5.  -5.  -5.  -5.
  -5.  -5.  -5.  -5.  -5.  -5.  -5.   0.   0.   0.   0.   0.   0.   0.
   0.   0.   0.   0.   0.   0.   0.  -5.  -5.  -5.  -5.  -5.  -5.  -5.
  -5.  -5.  -5.  -5.  -5.   0.   0.   0.   0.   0.   0.   0.   0.   0.
   0.   0.   0.   0.   0.  -5.  -5.  -5.  -5.  -5.  -5.  -5.  -5.  -5.
  -5.  -5.  -5.   0.   0.   0.   0.   0.   0.   0.   0.   0.   0.   0.
   0.   0.   0.  -5.  -5.  -5.  -5.  -5.  -5.  -5.  -5.  -5.  -5.  -5.
  -5.   0.   0.   0.   0.   0.   0.   0.   0.   0.   0.   0.   0.   0.
   0.  -5.  -5.  -5.  -5.  -5.  -5.  -5.  -5.  -5.  -5.  -5.  -5.   0.
   0.   0.   0.   0.   0.   0.   0.   0.   0.   0.   0.   0.   0.  -5.
  -5.  -5.  -5.  -5.  -5.  -5.  -5.  -5.  -5.  -5.  -5.   0.   0.   0.
   0.   0.   0.   0.   0.   0.   0.   0.   0.   0.   0.  -5.  -5.  -5.
  -5.  -5.  -5.  -5.  -5.  -5.  -5.  -5.  -5.   0.   0.   0.   0.   0.
   0.   0.   0.   0.   0.   0.   0.   0.   0.  -5.  -5.  -5.  -5.  -5.
  -5.  -5.  -5.  -5.  -5.  -5.  -5.   0.   0.   0.   0.   0.   0.   0.
   0.   0.   0.   0.   0.   0.   0.  -5.  -5.  -5.  -5.  -5.  -5.  -5.
  -5.  -5.  -5.  -5.  -5.   0.   0.   0.   0.   0.   0.   0.   0.   0.
   0.   0.   0.   0.   0.  -5.  -5.  -5.  -5.  -5.  -5.  -5.  -5.  -5.
  -5.  -5.  -5.   0.   0.   0.   0.   0.   0.   0.   0.   0.   0.   0.
   0.   0.   0.  -5.  -5.  -5.  -5.  -5.  -5.  -5.  -5.  -5.  -5.  -5.
  -5.   0.   0.   0.   0.   0.   0.   0.   0.   0.   0.   0.   0.   0.
   0.  -5.  -5.  -5.  -5.  -5.  -5.  -5.  -5.  -5.  -5.  -5.  -5.   0.
   0.   0.   0.   0.   0.   0.   0.   0.   0.   0.   0.   0.   0.  -5.
  -5.  -5.  -5.  -5.  -5.  -5.  -5.  -5.  -5.  -5.  -5.   0.   0.   0.
   0.   0.   0.   0.   0.   0.   0.   0.   0.   0.   0.  -5.  -5.  -5.
  -5.  -5.  -5.  -5.  -5.  -5.  -5.  -5.  -5.   0.   0.   0.   0.   0.
   0.   0.   0.   0.   0.   0.   0.   0.   0.  -5.  -5.  -5.  -5.  -5.
  -5.  -5.  -5.  -5.  -5.  -5.  -5.   0.   0.   0.   0.   0.   0.   0.
   0.   0.   0.   0.   0.   0.   0.  -5.  -5.  -5.  -5.  -5.  -5.  -5.
  -5.  -5.  -5.  -5.  -5.   0.   0.   0.   0.   0.   0.   0.   0.   0.
   0.   0.   0.   0.   0.  -5.  -5.  -5.  -5.  -5.  -5.  -5.  -5.   0.
   0.   0.   0.   0.   0.   0.   0.   0.   0.  -5.  -5.  -5.  -5.  -5.
  -5.  -5.  -5.  -5.  -5.  -5.  -5.   0.   0.   0.   0.   0.   0.   0.
   0.   0.   0.   0.   0.   0.   0.  -5.  -5.  -5.  -5.  -5.  -5.  -5.
  -5.  -5.  -5.  -5.  -5.   0.   0.   0.   0.   0.   0.   0.   0.   0.
   0.   0.   0.   0.   0.  -5.  -5.  -5.  -5.  -5.  -5.  -5.  -5.  -5.
  -5.  -5.  -5.   0.   0.   0.   0.   0.   0.   0.   0.   0.   0.   0.
   0.   0.   0.  -5.  -5.  -5.  -5.  -5.  -5.  -5.  -5.   0.   0.   0.
   0.   0.   0.   0.   0.   0.   0.  -5.  -5.  -5.  -5.  -5.  -5.  -5.
  -5.  -5.  -5.  -5.  -5.   0.   0.   0.   0.   0.   0.   0.   0.   0.
   0.   0.   0.   0.   0.  -5.  -5.  -5.  -5.  -5.  -5.  -5.  -5.  -5.
  -5.  -5.  -5.   0.   0.   0.   0.   0.   0.   0.   0.   0.   0.   0.
   0.   0.   0.  -5.  -5.  -5.  -5.  -5.  -5.  -5.  -5.  -5.  -5.  -5.
  -5.   0.   0.   0.   0.   0.   0.   0.   0.   0.   0.   0.   0.   0.
   0.  -5.  -5.  -5.  -5.  -5.  -5.  -5.  -5.   0.   0.   0.   0.   0.
   0.   0.   0.   0.   0.  -5.  -5.  -5.  -5.  -5.  -5.  -5.  -5.  -5.
  -5.  -5.  -5.   0.   0.   0.   0.   0.   0.   0.   0.   0.   0.   0.
   0.   0.   0.  -5.  -5.  -5.  -5.  -5.  -5.  -5.  -5.  -5.  -5.  -5.
  -5.   0.   0.   0.   0.   0.   0.   0.   0.   0.   0.   0.   0.   0.
   0.  -5.  -5.  -5.  -5.  -5.  -5.  -5.  -5.  -5.  -5.  -5.  -5.   0.
   0.   0.   0.   0.   0.   0.   0.   0.   0.   0.   0.   0.   0. -25.
 -25. -25. -25. -25. -25. -25. -25. -25. -25. -25. -25.   0.   0.   0.
   0.   0.   0.   0.   0.   0.   0.   0.   0.   0.   0. -25. -25. -25.
 -25. -25. -25. -25. -25. -25. -25. -25. -25. -25. -25. -25. -25.   0.
   0.   0.   0.   0.   0.   0.   0.   0.   0.   0.   0.   0.   0.   0.
   0.   0.   0. -25. -25. -25. -25. -25. -25. -25. -25. -25. -25. -25.
 -25. -25. -25. -25. -25.   0.   0.   0.   0.   0.   0.   0.   0.   0.
   0.   0.   0.   0.   0.   0.   0.   0.   0. -25. -25. -25. -25. -25.
 -25. -25. -25. -25. -25. -25. -25. -25. -25. -25. -25.   0.   0.   0.
   0.   0.   0.   0.   0.   0.   0.   0.   0.   0.   0.   0.   0.   0.
   0. -25. -25. -25. -25. -25. -25. -25. -25. -25. -25. -25. -25.   0.
   0.   0.   0.   0.   0.   0.   0.   0.   0.   0.   0.   0.   0. -25.
 -25. -25. -25. -25. -25. -25. -25. -25. -25. -25. -25. -25. -25. -25.
 -25.   0.   0.   0.   0.   0.   0.   0.   0.   0.   0.   0.   0.   0.
   0.   0.   0.   0.   0. -25. -25. -25. -25. -25. -25. -25. -25. -25.
 -25. -25. -25. -25. -25. -25. -25.   0.   0.   0.   0.   0.   0.   0.
   0.   0.   0.   0.   0.   0.   0.   0.   0.   0.   0. -25. -25. -25.
 -25. -25. -25. -25. -25. -25. -25. -25. -25. -25. -25. -25. -25.   0.
   0.   0.   0.   0.   0.   0.   0.   0.   0.   0.   0.   0.   0.   0.
   0.   0.   0. -25. -25. -25. -25. -25. -25. -25. -25. -25. -25. -25.
 -25.   0.   0.   0.   0.   0.   0.   0.   0.   0.   0.   0.   0.   0.
   0. -25. -25. -25. -25. -25. -25. -25. -25. -25. -25. -25. -25. -25.
 -25. -25. -25.   0.   0.   0.   0.   0.   0.   0.   0.   0.   0.   0.
   0.   0.   0.   0.   0.   0.   0. -25. -25. -25. -25. -25. -25. -25.
 -25. -25. -25. -25. -25. -25. -25. -25. -25.   0.   0.   0.   0.   0.
   0.   0.   0.   0.   0.   0.   0.   0.   0.   0.   0.   0.   0. -25.
 -25. -25. -25. -25. -25. -25. -25. -25. -25. -25. -25. -25. -25. -25.
 -25.   0.   0.   0.   0.   0.   0.   0.   0.   0.   0.   0.   0.   0.
   0.   0.   0.   0.]
===============================================================================
                                     CVXPY                                     
                                    v1.1.11                                    
===============================================================================
(CVXPY) Apr 07 01:19:47 PM: Your problem has 1936 variables, 2 constraints, and 0 parameters.
(CVXPY) Apr 07 01:19:47 PM: It is compliant with the following grammars: DCP, DQCP
(CVXPY) Apr 07 01:19:47 PM: (If you need to solve this problem multiple times, but with different data, consider using parameters.)
(CVXPY) Apr 07 01:19:47 PM: CVXPY will first compile your problem; then, it will invoke a numerical solver to obtain a solution.
-------------------------------------------------------------------------------
                                  Compilation                                  
-------------------------------------------------------------------------------
(CVXPY) Apr 07 01:19:47 PM: Compiling problem (target solver=ECOS).
(CVXPY) Apr 07 01:19:47 PM: Reduction chain: FlipObjective -> Dcp2Cone -> CvxAttr2Constr -> ConeMatrixStuffing -> ECOS
(CVXPY) Apr 07 01:19:47 PM: Applying reduction FlipObjective
(CVXPY) Apr 07 01:19:47 PM: Applying reduction Dcp2Cone
(CVXPY) Apr 07 01:19:47 PM: Applying reduction CvxAttr2Constr
(CVXPY) Apr 07 01:19:47 PM: Applying reduction ConeMatrixStuffing
(CVXPY) Apr 07 01:19:47 PM: Applying reduction ECOS
(CVXPY) Apr 07 01:19:47 PM: Finished problem compilation (took 3.501e-02 seconds).
(CVXPY) Apr 07 01:19:47 PM: (Subsequent compilations of this problem, using the same arguments, should take less time.)
-------------------------------------------------------------------------------
                                Numerical solver                               
-------------------------------------------------------------------------------
(CVXPY) Apr 07 01:19:47 PM: Invoking solver ECOS to obtain a solution.

ECOS 2.0.7 - (C) embotech GmbH, Zurich Switzerland, 2012-15. Web: www.embotech.com/ECOS

It     pcost       dcost      gap   pres   dres    k/t    mu     step   sigma     IR    |   BT
 0  -1.090e+01  -1.090e+01  +2e+04  1e+00  2e-01  1e+00  1e+01    ---    ---    1  1  - |  -  - 
 1  -3.167e+00  -1.595e+00  +8e+03  4e-01  5e-02  2e+00  4e+00  0.7479  2e-01   0  0  1 |  0  0
 2  +1.386e+01  +1.459e+01  +3e+03  3e-01  2e-02  8e-01  2e+00  0.6109  6e-02   0  0  0 |  0  0
 3  +3.861e+01  +3.923e+01  +2e+03  3e-01  1e-02  7e-01  1e+00  0.4705  4e-01   0  1  1 |  0  0
 4  +7.788e+01  +7.824e+01  +1e+03  2e-01  5e-03  4e-01  5e-01  0.6738  1e-01   0  1  1 |  0  0
 5  +8.695e+01  +8.725e+01  +8e+02  2e-01  4e-03  3e-01  4e-01  0.2702  4e-01   0  1  1 |  0  0
 6  +1.107e+02  +1.109e+02  +4e+02  1e-01  2e-03  2e-01  2e-01  0.6337  2e-01   0  1  1 |  0  0
 7  +1.207e+02  +1.207e+02  +2e+02  5e-02  9e-04  8e-02  1e-01  0.6041  2e-01   0  1  1 |  0  0
 8  +1.259e+02  +1.259e+02  +1e+02  2e-02  4e-04  3e-02  6e-02  0.7021  3e-01   0  1  1 |  0  0
 9  +1.281e+02  +1.281e+02  +7e+01  1e-02  3e-04  2e-02  4e-02  0.5058  3e-01   1  0  1 |  0  0
10  +1.303e+02  +1.303e+02  +4e+01  6e-03  1e-04  1e-02  2e-02  0.6184  2e-01   1  1  1 |  0  0
11  +1.311e+02  +1.311e+02  +2e+01  3e-03  6e-05  5e-03  1e-02  0.7705  4e-01   1  1  1 |  0  0
12  +1.318e+02  +1.318e+02  +7e+00  1e-03  2e-05  2e-03  4e-03  0.7230  1e-01   1  1  0 |  0  0
13  +1.321e+02  +1.321e+02  +3e+00  4e-04  9e-06  7e-04  2e-03  0.8301  3e-01   1  1  1 |  0  0
14  +1.322e+02  +1.322e+02  +2e+00  2e-04  5e-06  4e-04  9e-04  0.5033  2e-01   1  1  1 |  0  0
15  +1.322e+02  +1.322e+02  +2e+00  2e-04  5e-06  4e-04  8e-04  0.4462  8e-01   1  1  0 |  0  0
16  +1.322e+02  +1.322e+02  +5e-01  6e-05  1e-06  1e-04  2e-04  0.7494  4e-02   1  1  1 |  0  0
17  +1.323e+02  +1.323e+02  +2e-01  3e-05  7e-07  5e-05  1e-04  0.6613  2e-01   1  1  1 |  0  0
18  +1.323e+02  +1.323e+02  +2e-01  3e-05  6e-07  4e-05  1e-04  0.3311  5e-01   1  1  1 |  0  0
19  +1.323e+02  +1.323e+02  +1e-01  2e-05  4e-07  3e-05  6e-05  0.6653  4e-01   1  1  1 |  0  0
20  +1.323e+02  +1.323e+02  +3e-02  4e-06  9e-08  7e-06  2e-05  0.8182  8e-02   1  1  1 |  0  0
21  +1.323e+02  +1.323e+02  +9e-03  1e-06  3e-08  2e-06  4e-06  0.7939  9e-02   1  1  1 |  0  0
22  +1.323e+02  +1.323e+02  +6e-03  8e-07  2e-08  1e-06  3e-06  0.5509  5e-01   1  1  0 |  0  0
23  +1.323e+02  +1.323e+02  +2e-03  2e-07  5e-09  3e-07  8e-07  0.9890  2e-01   1  0  1 |  0  0
24  +1.323e+02  +1.323e+02  +3e-04  5e-08  1e-09  7e-08  2e-07  0.8547  7e-02   1  1  0 |  0  0
25  +1.323e+02  +1.323e+02  +7e-05  2e-08  2e-10  2e-08  4e-08  0.9890  2e-01   1  1  1 |  0  0
26  +1.323e+02  +1.323e+02  +6e-06  2e-08  2e-11  1e-09  3e-09  0.9361  2e-02   1  0  0 |  0  0
27  +1.323e+02  +1.323e+02  +1e-06  2e-08  4e-12  3e-10  8e-10  0.7584  2e-02   1  0  0 |  0  0
28  +1.323e+02  +1.323e+02  +2e-06  1e-08  4e-12  3e-10  8e-10  0.0230  9e-01   1  0  1 |  0  0
29  +1.323e+02  +1.323e+02  +2e-07  8e-09  5e-13  4e-11  9e-11  0.9297  5e-02   1  0  0 |  0  0

OPTIMAL (within feastol=8.1e-09, reltol=1.4e-09, abstol=1.8e-07).
Runtime: 0.119902 seconds.

-------------------------------------------------------------------------------
                                    Summary                                    
-------------------------------------------------------------------------------
(CVXPY) Apr 07 01:19:47 PM: Problem status: optimal
(CVXPY) Apr 07 01:19:47 PM: Optimal value: -1.323e+02
(CVXPY) Apr 07 01:19:47 PM: Compilation took 3.501e-02 seconds
(CVXPY) Apr 07 01:19:47 PM: Solver (including time spent in interface) took 1.201e-01 seconds
-132.26822281302242
[ 4.38343880e-11  1.90264696e-11  4.23716696e-11  2.63184467e-11
  5.21820391e-11  2.76205938e-11  2.24930965e-11  1.76042704e-11
  3.75164486e-11  2.20878293e-11  6.82279241e-11  2.50860386e-11
  1.90879907e-11  1.55438158e-11  3.81919530e-11  1.77438282e-11
  4.37612648e-11  2.40805997e-11  2.01508749e-11  2.66941111e-11
  4.49478159e-11  3.31845969e-11  5.69121728e-11  2.76995732e-11
  2.48678285e-11  1.23284762e-13 -6.77647408e-12  3.30968150e-11
  7.63807604e-12  9.00625341e-11  8.04872709e-12  1.26537853e-11
 -1.57367487e-11  1.74494261e-04 -1.29021169e-11  3.46548103e-11
  6.39458069e-13  1.39540807e-11 -2.53740691e-11  2.45530552e-11
 -1.96269231e-11  1.52266233e-03  4.36119933e-13  1.24646491e-11
 -3.18297166e-11  5.18848538e-02 -2.37098611e-11 -1.37749420e-11
 -9.54615297e-13  7.72425959e-12  5.81093166e-12  3.07914278e-10
  3.11153271e-10  7.70631791e-10  1.80368440e-05  1.85458511e-10
  3.28842184e-10  1.76630095e-10  5.36881909e-11  6.49462743e-11
  5.55269188e-11  1.23663151e-05  4.11724994e-11  4.56293133e-11
  3.67803134e-11  3.33836999e-11  4.46756468e-11  4.34587305e-11
  1.77712573e-05  2.84813427e-11  2.75686722e-11  1.06855619e-11
  1.90126683e-11  2.28593723e-11  1.11351118e-11  3.54420519e-11
  2.37928462e-11  2.49301560e-11  2.25217573e-11  1.24703902e-11
 -4.64738939e-11  7.21563136e-05 -5.12083365e-11 -3.06593564e-10
 -4.59637692e-11 -9.49231394e-12 -4.86033270e-11 -1.27861172e-11
  4.94662895e-05 -2.95380302e-12 -1.49024311e-10 -3.50113055e-12
  1.18795966e-10  1.86434455e-12 -1.81497563e-11  7.10856143e-05
 -4.25227921e-13 -1.27093757e-10 -6.40993548e-13  1.37635883e-13
 -4.29292005e-12  9.37401000e-12  5.04934273e-11 -3.51688841e-12
  1.80089140e-11  1.00088659e-11  5.24247142e-11  1.90542917e-11
  2.63249050e-11  1.27337001e-04  2.80786066e-11  4.32928122e-11
  3.14237946e-10  2.31889058e-11 -3.72100160e-11  2.11380809e-11
  1.86000963e-11  1.12305177e-11  2.52660906e-11  1.00589531e-03
  1.21382843e-11 -8.08864624e-11  8.91178706e-12  1.91797203e-11
  9.92874462e-12  1.21876173e-11  2.98426501e-03  8.64508203e-12
 -1.60683565e-11  5.81719329e-12  4.05751429e-11  6.88117972e-12
  4.54222915e-11  2.40857423e-02  6.01054930e-12 -1.27174167e-11
  5.23402921e-12  8.99250093e-11 -3.82426840e-11  5.09349241e-04
  2.65074532e-12 -9.43535869e-12  1.95562338e-12  2.06013012e-11
  1.50280863e-12 -6.19183277e-12  4.02358082e-03  6.24505860e-12
  3.64000349e-12  6.09752283e-12 -3.02087022e-11  4.99194829e-12
 -1.48529700e-11  1.19370597e-02  5.28198015e-12  3.88708398e-12
  5.07404944e-12 -3.22455423e-12  6.53376988e-12 -4.83046901e-12
  9.63429692e-02  5.04980192e-12  4.93621356e-12  4.96863894e-12
 -2.37865649e-11  8.67015596e-12  8.14745464e-13  2.03611129e-04
  2.46299580e-11  2.52697470e-11  1.41954207e-10  2.15432695e-11
  1.94511821e-11  1.96725086e-11  1.68796605e-09  1.89817978e-11
  2.95805659e-11  2.02706037e-03  1.68020243e-11  1.01923154e-11
  1.34902802e-11  9.54739406e-11  1.16693593e-11  2.68744149e-11
  1.33591559e-02  1.04038390e-11  8.10617072e-12  7.69589095e-12
  8.05302001e-09  7.42180291e-12  4.07723905e-11  6.33227633e-02
  6.29431059e-12  5.32848139e-12  5.04506943e-12  2.69126209e-13
 -1.22398533e-11  8.14444992e-04  3.17740356e-12 -5.37233320e-13
  2.56827440e-12  2.22958728e-10  2.47884748e-12 -9.15922682e-12
  8.10824816e-03  5.49909187e-12 -4.58679933e-12  5.12075596e-12
  2.82026106e-12  4.26871146e-12 -1.03705565e-11  5.34366240e-02
  6.18435695e-12  5.75962208e-12  5.96186028e-12  5.94740556e-12
  4.67508329e-12 -1.35858288e-11  2.53291085e-01  5.10496243e-12
  5.00028840e-12  4.98400083e-12  7.24481790e-12  7.89579246e-12
  1.45372935e-11  8.81794498e-12  2.66627444e-11  5.77135523e-11
  9.91573686e-12  1.68849081e-11  1.35174663e-11  1.11408461e-11
  3.00186284e-11  2.66914345e-11  1.90614242e-11  1.90100368e-11
  1.48845233e-11  9.70768318e-12  3.03044997e-11  5.36120112e-11
  2.84898874e-11  1.94789887e-11  1.62951387e-11  2.34265687e-11
  4.31050289e-11  1.01017130e-10  3.94598395e-11  2.66129036e-11
  2.40835353e-11  4.62514182e-12  4.74937951e-12  2.54653938e-11
  1.45789436e-10  3.10719225e-12  7.91267647e-12  7.17688766e-12
 -5.28460308e-12  2.76248271e-11  1.83616366e-04  1.01684183e-11
  3.89527449e-12  2.46586071e-11 -1.40654103e-11  9.55381052e-12
  2.63864287e-04  1.01305013e-11  3.13471440e-12  1.21250352e-11
 -3.02392829e-11  1.08254215e-02  1.39585882e-10 -1.98781440e-11
 -5.61271662e-13  1.09512217e-11  1.07092310e-11  2.33796654e-11
  1.55250018e-11  2.76622426e-05 -5.18492494e-10  1.40376630e-11
  6.69867658e-11  1.22955653e-11  6.21642848e-12  1.66750855e-11
  3.98711985e-05 -3.84064850e-11  1.16014405e-11  4.66889787e-13
  7.86608503e-12  6.18809621e-12  1.16451714e-11  1.17988843e-04
 -6.80762096e-12  9.43644663e-12 -2.79517504e-12  6.92117313e-12
  1.06403136e-11  1.62827821e-11  4.05143259e-11  1.32473727e-11
  1.90427328e-11  1.85598641e-11  1.99291483e-11  2.27747913e-11
  3.34448419e-12  1.10645682e-04  4.35330663e-12 -3.19326840e-10
  3.57642440e-12  3.54556901e-12  3.18896137e-12  5.32961291e-12
  7.04784957e-12  1.59484351e-04 -3.93553219e-11  5.24928015e-12
 -4.10899196e-12  6.54637330e-12  5.10975318e-12  4.71954936e-04
  8.50410999e-11 -2.92500734e-11  4.94540560e-12 -1.34295048e-12
  9.32685794e-12 -6.03879215e-13  1.96438532e-11  4.65063726e-11
 -6.28392865e-12  6.97434009e-12  3.44331682e-11  2.19248032e-11
  3.08658175e-11  2.18232248e-04  8.56369797e-12  2.59811615e-11
  1.75861166e-10  1.03741479e-11  1.84853998e-11  8.78325190e-12
  1.96346409e-11  1.47588599e-11  2.92369923e-05  6.90140407e-11
  1.24143480e-11  6.74142704e-12  9.12854412e-12  4.98878330e-12
  1.32482644e-11  2.88018264e-04  5.44712558e-12  1.04462179e-11
  6.20411594e-12  8.12392330e-12  2.57855781e-11  7.20569056e-12
  1.79625003e-03  9.30927132e-11  6.16932856e-12 -1.73246690e-12
  5.02447716e-12  1.14002957e-10  6.56746765e-14  8.72929569e-04
  4.44279889e-12 -3.22534146e-11  4.63951100e-12  5.45141879e-11
  4.33397314e-12  5.12822806e-12  1.16948115e-04  5.67589192e-12
  5.18333376e-12  5.17559658e-12  3.16674125e-12  4.11312172e-12
  5.49801420e-12  6.72721932e-12  1.15207280e-03  5.08508201e-12
  5.24834562e-12  9.76748240e-12  6.58279564e-12  5.17926008e-12
  7.18500024e-03  5.00981410e-12  4.97124845e-12  4.97170607e-12
 -1.10638094e-11  9.12112774e-12  5.05172343e-13  1.21337892e-04
  1.14319871e-11  1.23615469e-11  9.42823011e-11  1.24277503e-11
  1.08983777e-11  1.08444648e-11  4.58619323e-04  1.32436696e-11
  2.89518848e-11  4.20814049e-10  1.17446812e-11  6.55867028e-12
  8.58387106e-12  8.92475460e-11  1.17436494e-11  4.36429287e-11
  4.64215909e-03  1.04478944e-11  5.62201452e-12  8.19623061e-12
  1.48064251e-02  7.69909723e-12  4.20181303e-11  4.20828666e-10
  6.44028324e-12  5.15295632e-12  5.29579347e-12  3.80095793e-13
  7.46676131e-13  4.85351576e-04  4.43802954e-12 -7.93027444e-12
  4.23843613e-12  2.84235150e-10  4.28597960e-12 -2.32576823e-12
  1.83447886e-03  5.64285047e-12 -7.88015444e-12  5.52065735e-12
  4.02497992e-12  4.83591919e-12 -5.87757210e-12  1.85686366e-02
  6.08018839e-12  5.81336648e-12  5.95438251e-12  4.16389988e-12
  4.83599663e-12 -8.82746346e-12  5.92257018e-02  5.06298111e-12
  4.99041360e-12  4.96299854e-12  2.10177623e-11  8.27893019e-12
  3.52559781e-08  5.39843305e-12  1.35913818e-11  1.34415608e-03
 -6.72541395e-14  9.35537448e-12 -1.75482354e-09  5.16849838e-12
  1.47905324e-11  6.39944179e-03 -3.08068366e-12  1.00013231e-11
 -1.75511222e-09  5.04322675e-12  1.25775846e-11  5.01121160e-02
  4.83366969e-12  9.13484610e-12  6.99137793e-12  6.35613953e-12
  7.03046242e-12  1.01240969e-01 -5.56658671e-12  5.72903708e-12
  5.02068833e-12 -6.93080195e-10  6.44200288e-12  1.12903910e-11
  5.37633684e-03 -5.74569403e-12  5.78487616e-12 -6.41674703e-10
  6.26090648e-12  7.04833734e-12  2.62708483e-02 -1.09525388e-11
  5.59191153e-12 -6.38089450e-10  6.13294304e-12  8.47836073e-12
  6.40382915e-02  6.44940628e-12  5.45433561e-12  7.91596039e-12
  4.97289108e-12  1.66136054e-11  6.61851715e-01 -2.44820205e-11
  5.41078639e-12  3.31287433e-11 -1.19032659e-10  8.26925329e-09
  9.05443136e-09  1.69481858e-06  8.39977637e-09  5.21152313e-09
  2.84052425e-07  4.99020584e-09  1.12889366e-11  1.98604724e-11
  3.43166092e-05 -4.06303059e-11  1.32046542e-11  1.10245264e-11
  1.59351802e-11  5.31096047e-12  1.28793110e-11  1.44031062e-02
 -1.38055053e-11  9.80156339e-12  6.19995954e-12 -4.44764772e-10
  1.17329148e-11  7.18035293e-12  1.24397029e-02  3.23342659e-12
  5.83804368e-12  5.00807094e-12  4.81225363e-12 -1.15373419e-10
 -1.54755387e-09  8.10686897e-06 -2.23844313e-08 -1.31925627e-09
 -1.53018632e-09 -3.22179343e-09 -1.60741035e-09  6.61261281e-12
  8.29178802e-12  1.59307475e-10 -3.60512489e-11  5.18309262e-12
  1.37268161e-04  2.13605952e-11  5.70858602e-12  5.21221746e-12
  5.76124237e-02 -9.60310409e-12  5.23412970e-12  2.82987614e-11
 -1.74133511e-10  2.91133807e-12 -7.26729377e-12  5.15323302e-13
 -2.84589113e-11  2.90944191e-12  4.78928558e-02  1.39702206e-11
 -3.26555968e-13 -1.02339181e-10  5.06450728e-10  4.22565688e-10
  3.94398766e-10  2.96903141e-10 -1.72455697e-09  2.83038308e-10
  1.89691202e-11  1.50597640e-11  5.40226416e-05  4.43631389e-11
  1.23561722e-11 -2.25322157e-09  9.46416747e-12  1.08939396e-11
  1.49196482e-11  8.49134024e-05  7.01477830e-12  1.11422192e-11
  6.89815434e-12 -1.60765765e-11  6.76794393e-11  7.00363761e-12
  3.25678257e-02  6.99916747e-11  5.87791019e-12  4.97831003e-12
  4.88972373e-12 -7.50046101e-12 -7.45375624e-10  5.11832623e-10
  2.90509167e-10  2.58142166e-10  6.63129036e-11 -3.20974964e-10
  4.43848182e-11  1.58048743e-12  2.16082453e-04 -2.01608026e-12
  4.84412753e-12  5.06504173e-12 -9.04313579e-10  5.74497270e-12
  6.50841923e-12  6.96939047e-12  3.62732414e-11  5.86010805e-12
  5.47984905e-12  3.39653374e-04 -3.95421584e-11  5.11506796e-12
  1.30271303e-01 -8.02951161e-12  4.95941556e-12  4.97760141e-12
  1.75619756e-11  1.01596947e-11  3.62930809e-12 -7.33808839e-11
  6.92905637e-11  5.73028264e-11  4.91870552e-11  5.17093389e-11
 -4.50174883e-11  5.02207075e-11  9.64670774e-05  1.67473674e-10
  2.60167872e-10  2.06872028e-10  1.00171288e-10  3.64213786e-11
  9.31738640e-11  1.51034929e-10  1.15968161e-11  1.77919069e-10
  1.02058966e-03  1.00934378e-11  4.96144811e-12  4.31320317e-12
  1.00168064e+00  7.94181113e-12  5.73479599e-11  3.00721571e-11
  6.33746934e-12  4.64752685e-12 -2.46326670e-12  4.42498803e-13
 -1.60392719e-10  1.05057734e-10  9.23273231e-11  8.00919046e-11
  3.05464219e-11 -6.38716701e-11  3.21189531e-11 -1.46649615e-10
  3.85871982e-04 -1.55969433e-11 -1.67022452e-11 -2.05076722e-11
 -2.24432457e-10 -2.24843063e-11 -6.69577084e-12  4.08235964e-03
 -6.47394403e-12  5.87041119e-12  5.84833513e-12  3.54291876e-12
 -7.92869291e-12 -7.98170539e-12  6.72255171e-03 -1.15517993e-11
  5.00683970e-12  4.98426114e-12  4.46604758e-11  6.64612805e-12
  1.50222254e-13  1.31718173e-11  2.01644772e-11  2.54980405e-11
  2.72604679e-11  3.43002384e-11  2.60590137e-11  3.68534046e-11
  3.58951236e-11  1.50222254e-13  1.13886839e-11  2.01750907e-11
  2.26433801e-11  2.83024518e-11  3.29144714e-11  2.47823717e-11
  3.77337624e-11  2.87770727e-11  1.50222254e-13  1.80984125e-11
  4.05185421e-10 -5.68591811e-12  3.52864492e-05 -1.60187743e-12
  5.07080428e-05  2.75891617e-11  6.34215533e-11  1.50222254e-13
  8.22346094e-11  1.97466414e-10  7.27441325e-05  5.49391986e-11
  1.04536323e-04  4.81697472e-11  9.54024206e-11  3.43010524e-11
  1.50222254e-13  4.65637817e-13  7.49042683e-04  7.34644467e-12
  3.17563785e-03  5.18588826e-12  9.87748302e-03  4.96495326e-12
  7.45457197e-02  1.50222254e-13  7.49042670e-04  2.68659165e-10
  5.91702977e-03  1.45063581e-10  1.75544994e-02  4.96759128e-11
  1.40218485e-01  4.09129452e-11  1.50222254e-13  1.39402811e-12
  1.19771340e-03  5.58419106e-12  9.19748526e-03  6.81513129e-12
  4.79729737e-02  4.97961496e-12  2.10234626e-01  1.50222254e-13
  1.19771344e-03  1.83682344e-10  1.19238942e-02  1.67989924e-10
  7.85832379e-02  7.39779996e-11  3.68642293e-01  4.16968507e-11
  1.50222254e-13  2.41013547e-11  9.50860478e-12  2.31791277e-11
  9.40761475e-12  1.03598087e-11  3.12148233e-05  6.92901567e-12
  8.53661971e-12  4.48570074e-05  3.19698036e-11  2.07195549e-11
  7.34580573e-11  1.50222254e-13  1.48632786e-11  8.82869945e-12
  8.37914506e-11  4.52944378e-12  1.60847835e-11  1.24859162e-04
  4.08545359e-12  9.49048170e-12  1.79427773e-04  3.10032893e-11
  2.37340753e-11  1.13941247e-10  1.50222254e-13  5.38547408e-12
  2.86864453e-11  1.72279762e-03  1.34753977e-11  5.79253841e-12
  3.62692707e-03  1.07951197e-11  8.81801839e-12  1.24507889e-02
 -2.42876125e-11  7.12717461e-12  8.38914677e-02  1.50222254e-13
  4.04116519e-11  5.73023155e-03  4.19293172e-10  6.41997221e-12
  7.96508849e-12  9.05057190e-03  4.95496688e-12  1.89674569e-11
  2.54644551e-02 -2.75966723e-11  1.37955960e-11  2.18909218e-01
  1.50222254e-13  7.52732257e-12  1.60556613e-10  5.15970517e-04
  7.78367025e-12  1.54062285e-11  5.85136927e-03  1.34340481e-11
  6.82368799e-12  1.68952135e-02  5.57396194e-12  1.81033110e-11
  6.08091521e-02  1.50222254e-13  1.28371967e-03  3.77681395e-10
  1.74377913e-11  3.05039846e-11  1.95722868e-02  2.00486434e-10
  6.10636762e-12  1.16671895e-11  3.82579654e-02  1.87051092e-10
  9.28924942e-11  1.54558171e-01  1.50222254e-13  4.61653188e-12
  3.84711620e-04  8.49781487e-10  7.16911871e-12  1.08586512e-10
  1.08998685e-03  7.47195669e-12  4.80272066e-11  1.16347402e-02
  5.00183567e-12  8.56298114e-11  3.34098218e-02  1.50222254e-13
  7.13752649e-04  1.60664817e-10  1.25737249e-11  2.69776285e-03
  1.59701854e-10  8.99035803e-12  2.73068180e-02  1.34403076e-10
  1.14547663e-11  7.39151468e-02  4.92582158e-11  1.24387460e-11
  1.50222254e-13  1.51795960e-11  5.76159796e-12  1.48524360e-03
  1.50550898e-11  5.45257773e-12  7.18580700e-03  1.41847453e-11
  5.24118937e-12  3.21841589e-02  7.66876451e-12  8.98009894e-12
  1.55542204e-01  1.50222254e-13  8.16480074e-12  6.32318865e-12
  3.65590906e-03  7.32316211e-12  7.77143523e-12  1.78641769e-02
  7.47081430e-12  6.43744014e-12  4.35460383e-02  4.97737424e-12
  1.65667289e-11  4.50059166e-01  1.50222254e-13  1.72608432e-08
  2.31472965e-07  5.45954779e-07  1.82583550e-11  6.15066329e-12
  1.45845997e-05  1.36154176e-11  6.06095325e-12  1.59154322e-02
  5.52812538e-12  5.84503555e-12  5.28687380e-03  1.50222254e-13
  2.61316886e-08  5.29571280e-09  2.76740388e-08  1.26450256e-11
  8.75325233e-12  1.22256397e-10  6.23397131e-12  1.09174816e-11
  3.91764482e-02  2.15609066e-11  1.62875009e-11  3.28880079e-11
  1.50222254e-13 -1.91001487e-10  5.73109484e-11  2.09262124e-10
  1.22456542e-11  5.04556719e-11  2.29596212e-05  1.38127609e-11
  3.57114661e-12  3.60882456e-05  5.36030771e-12  5.61320848e-11
  1.38413260e-02  1.50222254e-13 -1.89068647e-10  5.92776965e-11
  2.03188486e-10  1.52945803e-11  3.18693049e-11  1.62756294e-11
  1.69449103e-11  1.40541133e-11  4.46337694e-11  3.25568346e-11
  3.46167630e-11  2.96353035e-11  1.50222254e-13 -4.38291732e-11
  1.60389876e-11  4.97246042e-11 -8.58017355e-12  8.86615887e-11
  6.01774425e-11  2.18929503e-11  8.48423701e-11  5.67699325e-11
  2.63855441e-11  5.22619672e-11  3.10658898e-11  1.50222254e-13
 -5.24770668e-11  3.04690038e-11  6.27011442e-11  1.99496026e-12
  3.62072768e-11  2.33853037e-11  3.12654575e-11  4.92331482e-11
  2.00362327e-11  3.21566146e-11  3.19866627e-11  2.47581960e-11
  1.50222254e-13  1.12226136e-11  1.04794271e-11  4.22076222e-11
  2.39565884e-11  1.24370371e-11  4.62348488e-11 -2.65730856e-12
  8.03516244e-12  3.73120975e-04  3.38461041e-11  2.40361689e-11
  2.74878627e-11  1.50222254e-13  7.07569632e-12  1.78364954e-11
  7.83763380e-11  1.96057458e-11  2.71149059e-11  4.35907378e-11
  2.66232405e-13  1.83905433e-11  1.35256322e-03  3.41789378e-11
  2.82360892e-11  1.08333297e-11  1.50222254e-13  5.84000841e-10
  3.97936662e-10  8.75919763e-06  9.84355701e-11 -1.73352722e-11
  6.06038996e-06  6.60914741e-11 -2.23105667e-11  8.70943213e-06
  2.05931588e-11  1.26745843e-11  2.61986277e-11  1.50222254e-13
  1.09430079e-06  1.11481647e-09 -7.83155765e-11  2.05827040e-10
  8.31407740e-11  9.46304514e-07  1.89972583e-10  1.88374250e-10
  1.36027679e-06  1.56377736e-11  2.52461859e-11  2.20844348e-11
  1.50222254e-13  2.13948445e-11  7.43186329e-11  8.94927536e-11
  1.12527851e-11  2.23520064e-11  5.28702476e-04  9.12883905e-12
  1.06799300e-11  1.46255880e-03  5.32108586e-12  3.23731748e-11
  1.16987892e-02  1.50222254e-13  2.16222142e-11  6.60643677e-11
 -9.67550575e-12  4.25970248e-11  2.06524363e-04  1.86752003e-11
  2.19356211e-11  1.84692732e-10  2.28524799e-04  1.46234871e-03
  6.71619891e-11  1.73820474e-11  1.50222254e-13  1.42560179e-11
  2.85453090e-11  4.82366443e-11  2.54475369e-11  2.75094960e-11
  1.06543072e-03  8.62612350e-12  1.88316922e-11  7.02160275e-03
  5.49935373e-12  2.89873667e-11  3.07567708e-02  1.50222254e-13
  9.03796094e-12  3.02941564e-11  3.70956201e-12  3.93073434e-11
  4.16183815e-04  1.21661996e-11  3.24675248e-08  2.74271227e-03
  1.71901094e-11  3.84459641e-03  7.38858905e-11  1.71098753e-11
  1.50222254e-13  1.32704857e-11  9.09802065e-12  3.73876465e-11
  2.22132663e-11  1.11704345e-11  4.89179009e-11 -1.92716343e-12
  7.96841068e-12  4.63880171e-04  3.41582140e-11  2.25332206e-11
  3.45496245e-11  1.50222254e-13  4.64031547e-11  1.56522846e-11
  3.56098627e-11  1.82023324e-11  2.47867536e-11  7.60834295e-11
 -5.23984977e-13  1.43145240e-11  1.26180424e-03  3.67629522e-11
  3.43004676e-11  2.11510960e-11  1.50222254e-13  1.38862310e-09
  8.07930584e-10  3.75007283e-06  1.13719140e-10  5.36508700e-11
  2.75929408e-06  5.81378176e-11  2.29461323e-11  4.29568471e-06
  2.51149794e-11  1.45863630e-11  2.95056437e-11  1.50222254e-13
  3.75398810e-06  1.01041377e-09 -1.10948137e-09  3.18514605e-06
  1.84998927e-11  2.36885885e-10  4.75159237e-11  6.10463532e-11
  5.77389027e-06  2.70210209e-11  3.05521675e-11  2.55637273e-11
  1.50222254e-13  6.01578402e-11  4.99536629e-11 -2.37146666e-12
  7.83398310e-12  2.06833810e-11  3.75455412e-04  8.22215402e-12
  1.28866853e-11  6.65986670e-04  5.34823786e-12  2.58319269e-11
  5.01376694e-03  1.50222254e-13  5.60622505e-11  1.42030571e-10
 -1.26408708e-10  9.46734416e-11  7.66235311e-04  2.20960743e-11
  7.68822776e-04  4.90657410e-11  5.38925158e-11  5.01376688e-03
  7.41723020e-11  2.60707137e-11  1.50222254e-13  2.48099135e-11
  2.04522165e-11  3.33858698e-11  3.33230102e-11  2.89671396e-11
  7.56610373e-04  8.71804981e-12  1.76585175e-11  7.42629223e-03
  5.59038075e-12  2.26068021e-11  1.31814735e-02  1.50222254e-13
  1.94719967e-11  5.13220638e-11 -1.47479088e-11  6.68588085e-11
  1.54410243e-03  8.19908832e-12  3.00025803e-10  1.11293354e-02
  1.99245897e-11  1.31814733e-02  8.73121158e-11  2.83779077e-11
  1.50222254e-13  1.92057943e-11  9.33814893e-12  4.03273896e-11
  2.59210451e-11  1.19168751e-11  6.57881063e-11  5.43811955e-12
  1.25327859e-11  7.26451542e-04  4.11867236e-11  2.22647376e-11
  3.79025253e-11  1.50222254e-13  5.98277003e-11  1.35038122e-11
  1.91759421e-11  1.09803417e-10  1.93929008e-11  1.74899418e-11
  1.29426345e-03  1.10569419e-11  1.50941457e-11  6.91649331e-11
  3.89193762e-11  1.90290112e-11  1.50222254e-13 -2.24843837e-09
  5.24595219e-10  2.81978263e-06  1.23189487e-10  6.65633477e-11
  2.06903598e-06  5.04582832e-11  3.87515545e-11  4.95383182e-06
  4.04305699e-11  1.77343778e-11  3.89507200e-11  1.50222254e-13
  2.81317694e-06  3.30216718e-10  8.57769560e-12  2.06940726e-06
  6.01517580e-12 -1.80831176e-12  7.55218426e-06  2.25663521e-11
  8.47836138e-12  6.32039920e-11  3.09345136e-11  1.91542929e-11
  1.50222254e-13 -1.39477738e-10  9.48022752e-11  1.21861575e-10
  7.52223832e-12  2.65999475e-11  2.81591723e-04  6.33350540e-12
  1.83190809e-11  4.99490142e-04  5.13129824e-12  4.25485069e-11
  3.76032541e-03  1.50222254e-13 -5.98337002e-11  1.20644781e-10
  1.11853555e-11  2.81591625e-04  2.28733529e-10  1.50113117e-11
  4.99490163e-04  2.95792528e-11  1.50703331e-11  3.76032540e-03
  5.42961478e-11  1.51403010e-11  1.50222254e-13 -2.80496396e-11
  2.52621147e-11  5.76975090e-11 -3.10616690e-11  2.81051644e-11
  5.67458153e-04  8.05974914e-12  2.15898009e-11  6.43722061e-03
  5.18303115e-12  3.64763702e-11  9.88610530e-03  1.50222254e-13
  1.11116887e-11  6.98079571e-11  1.92399225e-11  5.67457839e-04
  4.18143075e-10  1.50781190e-11  6.00346983e-03  4.33142478e-10
  1.51442722e-11  9.88610531e-03  5.70097663e-11  1.51463759e-11
  3.18802012e-12  2.04131371e-11  5.12909975e-11  2.52996455e-11
  1.33874663e-10  3.56121411e-11  2.92065339e-11  3.96219719e-11
  3.73252372e-11  5.57548074e-12  8.15687449e-11  1.82070437e-11
  2.02692916e-10  1.42802449e-11  4.41132928e-11  1.99369568e-11
  5.75416585e-11  1.77289183e-11  1.24436037e-05 -8.09987162e-11
  7.46619268e-05  3.63646426e-11  1.12504308e-11  3.29852940e-11
  9.05429414e-11  2.22808849e-11  5.05057281e-10  6.91464585e-12
  1.42581883e-11  2.91779696e-11  2.16868634e-11  1.73111747e-05
  8.92643870e-05  1.46727920e-11  3.40834458e-11  1.93810740e-11
  1.88450543e-11  1.37976513e-10  6.83456258e-10  1.39322880e-11
 -9.92032055e-13  1.99853277e-11  2.02675120e-11  1.95499482e-11
  1.08168206e-05  4.98042309e-11  2.31456773e-11  8.65687048e-05
  2.39262926e-11  5.69889983e-10 -1.51464107e-11  3.07354973e-11
  3.05159385e-11  4.42872528e-10  2.69558829e-11  2.65920578e-09
  1.63323079e-11  1.08168197e-05  5.89852884e-11  2.23241305e-11
  3.24504584e-05  5.74742979e-10  1.53304174e-11 -1.22118762e-11
  7.79156940e-11  2.03036839e-11  4.02977046e-10  2.72444737e-09
  1.26777032e-11 -2.75844138e-11  1.50222254e-13  4.50523940e-11
  5.51142366e-11  8.65346346e-05  2.69675642e-11  7.86764791e-11
  6.72133435e-10  2.78152755e-11  1.03833824e-10  2.48729526e-12
  1.61950175e-11  1.01108600e-10  3.42886527e-09  1.50222254e-13
  1.77445844e-11  1.37305345e-11 -6.17498612e-12  2.74420844e-11
  1.65868153e-11  1.70325350e-11  7.03831010e-11  1.66580774e-11
  3.59687879e-12  5.63698610e-11  1.93319586e-11  3.13160536e-11
  1.64297763e-11  1.21578486e-11  1.28703092e-10  1.88749841e-11
  7.91987614e-11  2.88320855e-11  8.05085480e-11  3.89363999e-11
  3.99187216e-11  1.67776072e-11  1.27313880e-10  1.56226914e-11
  7.94404202e-11  1.55307158e-11  8.99163557e-11  1.51449150e-11
  5.90772243e-11  1.72543847e-11  1.92414980e-05  5.63006464e-12
  1.15448802e-04  1.38268876e-10  6.28667179e-12  1.96647848e-04
  3.79993956e-11  5.62050601e-12  5.89943518e-04  4.83311004e-11
  2.05594471e-11  5.12980606e-11  2.43421769e-11  2.57968565e-05
  1.35115001e-04  1.47804938e-11 -2.01467306e-12  1.96647893e-04
  1.49312510e-11 -8.19384451e-12  5.89943578e-04  1.50677181e-11
 -1.52800906e-11  6.12669175e-11  1.71355343e-11  1.29797805e-11
  6.44605783e-06  1.25298139e-11  2.30936389e-11  1.36451071e-04
  8.27357969e-12  1.46184988e-04  6.91699879e-12  6.95982832e-12
  3.11907031e-10  7.86591260e-04  5.07557585e-12  4.71954810e-03
  6.28856852e-11  6.44606044e-06  1.66515899e-11  2.23451248e-11
  4.37023814e-05  1.46184999e-04  1.48687082e-11  4.43065836e-12
  7.86591565e-04  1.53614615e-11  1.68090783e-11  4.71954818e-03
  1.51396062e-11 -2.08156065e-11  1.50222254e-13  1.80498977e-11
  4.44069432e-11  5.15685754e-05  1.27153092e-11  7.89352687e-11
  1.94913198e-04  2.22453902e-11  9.26779966e-11  1.72794524e-11
  6.10255939e-12  8.38823386e-11  6.29273069e-03  1.50222254e-13
  8.87843353e-12  1.79484281e-11  1.57009891e-11  2.25276664e-11
  1.82645176e-11  3.23159616e-11  5.81370645e-11  1.69040998e-11
  1.84261094e-11  3.92362003e-11  2.06897137e-11  4.68290699e-11
  1.63148148e-10  5.15626773e-12  4.05759109e-03  5.30284331e-12
  2.41459812e-02  5.02949111e-12  5.08861592e-02  6.79341247e-12
  4.48995523e-02  2.96258646e-10  6.65178816e-03  1.51402555e-11
  3.19285701e-02  1.51495138e-11  5.08861593e-02  1.51505470e-11
  4.48995523e-02  1.51504154e-11  8.96143494e-07 -2.65477152e-09
  5.38189334e-06  1.88936772e-09  4.10913926e-12  3.39615118e-11
  9.31249951e-03  5.90253532e-12  6.00660792e-11  4.78928556e-02
  4.97673146e-12  4.81831373e-11  5.98660695e-02  1.66439066e-06
  7.67952466e-06  7.71404020e-12  1.77139398e-09  1.61180253e-11
  1.97360820e-11  1.72946419e-02  7.18392834e-02  1.75909224e-11
  4.31475183e-11  5.98660695e-02  1.82783258e-11  6.70813232e-11
 -5.88098948e-11  9.61759709e-10  3.07663363e-11  5.12179773e-06
  1.64538798e-11  3.07491489e-05 -4.19144504e-10  6.38262146e-12
  2.73576983e-11  5.32142840e-02  5.16567631e-12  6.02757698e-11
  1.59642852e-01 -1.09388862e-10  9.81679053e-10  1.92817183e-11
  5.12113748e-06  3.07490919e-05  1.37474321e-11 -4.47491968e-10
  9.96313319e-12  2.10182845e-11  5.32142840e-02  1.59642852e-01
  1.76062673e-11  2.68384267e-11  1.50222254e-13  2.65367016e-10
  2.08328618e-11 -6.78229031e-10  2.95821376e-10  2.13509962e-10
  4.09977474e-05  2.30744271e-11  1.17365751e-10  2.84917139e-11
  6.25718558e-12  5.69672879e-11  4.25714271e-01  1.50222254e-13
  2.29675200e-10  2.43017136e-11 -6.78830771e-10  1.13565475e-10
 -2.95847455e-11 -2.03638190e-10  6.62177782e-11  1.64818383e-11
  2.08907563e-11  2.93853233e-11  2.12033067e-11  4.29830117e-11
  2.20371700e-01 -1.17184133e-11  5.11294125e-12  4.19817152e-01
 -7.98714577e-12  6.18794927e-12  5.87375972e-01  5.26817686e-12
  5.41282258e-12  2.68324523e-01  7.64240531e-11  9.85409302e-12
  4.48696940e-01  4.05950617e-01 -2.18274641e-11  5.35731160e-12
  7.74204646e-01  6.89982836e-12  6.81287994e-12  1.43971758e+00
  2.34277372e-12  5.64372092e-12  1.00173068e+00  3.66841304e-13
  5.21647389e-12  1.61775746e+00  5.38905204e-03 -1.32406791e-10
  1.33372969e-11  4.03660741e-02  9.70496842e-12 -2.11827197e-11
  6.73427340e-12  6.55297190e-02  2.42764754e-11 -1.27124703e-11
  5.05470382e-12  6.81107142e-03  1.78756725e-10  4.43421458e-11
  2.72047915e-11  5.04393222e-11  5.28113080e-11  4.93743563e-03
 -4.95445881e-11  5.58007289e-12  7.18375843e-02  4.97268111e-12
  9.60688102e-14  6.83846928e-12  1.56513551e-01  6.74502610e-11
  5.20892637e-12  7.05753325e-12  1.65785529e-02  4.55457208e-10
 -3.06004609e-13  5.42581021e-12  5.24845302e-11  1.58490814e-10
  2.96083733e-04  9.62135545e-12  1.38533726e-11  9.23265140e-03
  1.02527275e-11  1.18255603e-11  1.07301673e-11  4.87637604e-02
  5.33247324e-12  4.72713792e-12  5.17473075e-12  5.32449572e-02
  4.20759533e-11  1.42991972e-11  6.61278503e-12  4.74555995e-11
  1.49715717e-01  6.37279295e-04  8.31146211e-12  5.71507433e-12
  6.85754948e-03  5.01067573e-12  1.76756809e-11  8.62403938e-12
  9.89321161e-02  5.18660534e-12  1.37432512e-11  7.34803757e-12
  2.06316712e-01  4.87194833e-11  1.13858294e-11  6.31273790e-12
  5.94079436e-11  3.35319210e-01  8.53752253e-13  1.14184557e-11
  1.40865563e-11  3.03919796e-04  1.05187233e-11  8.62121334e-12
  1.11742570e-11  1.65586312e-02  5.81174502e-12  5.37368045e-12
  6.31547026e-12  1.77270141e-02  6.19106956e-12  1.76971907e-11
  6.45609790e-12  1.06080943e-10  1.37249381e-01  9.19346563e-13
  8.99143761e-12  5.69480684e-12  8.85110130e-04  5.84202688e-12
  1.72174405e-11  9.09907826e-12  8.65721932e-03  6.13345577e-12
  1.82678308e-11  9.44223102e-12  5.61063901e-02  5.01868017e-12
  1.20795885e-11  6.64364222e-12  2.63098892e-01  9.71578107e-11
  4.29363515e-02 -1.95313137e-12  5.11367983e-12  8.33252239e-02
 -4.95835763e-12  6.18782485e-12  1.08873124e-01  3.84940390e-11
  5.41433155e-12  5.04910353e-02  1.72102865e-10  9.85522591e-12
  7.90079062e-02  7.98068031e-02  1.38678858e-11  5.35717989e-12
  1.53399007e-01  1.42716776e-12  6.81184131e-12  2.71123114e-01
 -1.90246724e-12  5.64325110e-12  1.88332711e-01  7.21249262e-13
  5.21601599e-12  2.82747872e-01  1.32071650e-03  1.32757664e-11
  1.33412770e-11  8.36625763e-03  9.70489041e-12  2.46351179e-12
  6.73696216e-12  1.37288136e-02  2.42753600e-11  5.62275090e-12
  5.08202480e-12  1.52873656e-03  1.78757011e-10  3.58772006e-11
  2.37814814e-11  4.21221456e-11  3.65667104e-11  1.66735435e-03
  8.95836374e-12  5.57843556e-12  1.65045329e-02  4.96460182e-12
  4.71600121e-12  6.83707795e-12  3.30139529e-02  6.74439969e-11
  1.24234622e-11  7.05052907e-12  3.85172707e-03  4.55461624e-10
  5.54543244e-12  4.35507898e-12  3.84081668e-11  8.48551817e-11
  1.60897787e-04  1.74689349e-11  1.38842264e-11  2.00861759e-03
  1.02620790e-11  7.97905854e-12  1.07357384e-11  9.19470829e-03
  5.31204158e-12  6.68956145e-12  5.18184818e-12  1.11391101e-02
  4.20784283e-11  1.71723033e-11  6.62009219e-12  5.35327646e-11
  1.29284951e-02  3.62005179e-04  1.15014396e-11  5.71420016e-12
  2.31576991e-03  4.99219773e-12  1.54772784e-11  8.62188320e-12
  2.15870502e-02  5.15679952e-12  1.07193292e-11  7.34626995e-12
  4.34270395e-02  4.87092466e-11  1.12956492e-11  6.31323227e-12
  7.94470805e-11  3.04895131e-02  8.69008808e-13  1.63976537e-11
  1.43044581e-11  1.56436646e-04  1.07793680e-11  9.44022430e-12
  1.12021442e-11  3.12330178e-03  5.84493059e-12  5.37064640e-12
  6.32634005e-12  5.21497397e-03  6.16107673e-12  1.97229862e-11
  6.46436954e-12  1.06086365e-10  2.59475348e-02  9.21658786e-13
  1.07557296e-11  5.65260899e-12  5.02784969e-04  5.85367115e-12
  1.74792162e-11  9.10565015e-12  1.97660696e-03  6.15791261e-12
  1.82445684e-11  9.43939901e-12  1.94672477e-02  4.96553140e-12
  1.20140064e-11  6.64228692e-12  5.78321559e-02  9.71470072e-11
  7.95456235e-02  1.55637234e-11  5.10558395e-12  8.91410050e-02
  8.33335328e-12  6.13499476e-12  2.27512996e-01  6.98511473e-02
  5.10233410e-12  3.36714688e-11  1.74943546e-01  8.62765443e-12
  8.44317855e-11  1.53619964e-01  1.03959643e-10  5.34443371e-12
  2.02431655e-01  4.92569221e-12  6.74656560e-12  5.96019632e-01
  1.00549421e-11  5.53933417e-12  3.98983862e-01  6.90296026e-12
  5.18003167e-12  9.21843264e-01  2.69078428e-03 -4.50674572e-09
  1.32584239e-11  2.10560719e-02  9.64790925e-12  2.98232069e-12
  6.63665465e-12  3.82905292e-03  2.71601160e-11  1.11950125e-11
  5.06966968e-12  2.97775236e-03  1.12267078e-10  9.32977743e-04
  8.36537032e-12  4.31675874e-11  9.98033329e-11  1.95329899e-04
 -1.80543744e-09  5.56107850e-12  3.59274417e-02  4.89639397e-12
  3.02012972e-12  6.76872872e-12  7.66475303e-03  7.47631334e-11
  9.07562116e-12  6.99928441e-12  7.32281253e-03  2.89004115e-10
  2.41861685e-11  8.85444939e-12  2.92644715e-11  5.49749605e-11
  2.45762241e-11 -2.32328477e-10  1.37785501e-11  5.87100400e-03
  9.17339022e-12  7.38643087e-12  1.05636243e-11  2.61789112e-02
  4.32381202e-12  6.87438057e-12  5.20942252e-12  1.33632278e-03
  4.10388689e-11  2.29168660e-11  6.65755323e-12  5.02753515e-11
  1.25822635e-01  4.30210176e-11 -4.52952414e-10  5.83021170e-12
  2.71291509e-04  2.25393196e-12  1.53074964e-11  8.53305738e-12
  4.98595755e-02  2.13026945e-12  8.20782554e-12  7.26810312e-12
  5.10519250e-03  5.04476411e-11  1.10999405e-11  6.26605778e-12
  1.03371261e-10  2.92203976e-01  2.00279201e-12  7.68241485e-12
  2.81426946e-11  4.21258814e-11  2.72368871e-11 -6.81668366e-11
  1.10061140e-11  1.28959570e-02  5.64558004e-12  5.25007315e-12
  6.33132149e-12  1.07312039e-03  3.94655319e-12  4.66292731e-11
  6.49832683e-12  1.06694304e-10  1.27945236e-01  2.22258549e-12
 -5.98800734e-11  1.20480810e-11  8.29050015e-11  2.23947891e-11
 -1.36761779e-11  9.15566574e-12  3.76792599e-04  6.12034874e-12
  1.78980028e-11  9.33307713e-12  3.98630418e-03 -5.48751892e-12
  1.16952468e-11  6.60219175e-12  6.56437404e-03  1.01706212e-10]
